187 0.12039620535714286 0.11247533435650077 0.004464285714285714 0.013593510195132646
187 0.5002790178571429 0.1749616312212234 0.004464285714285714 0.013593510195132646
187 0.6862444196428571 0.8486077614558211 0.008649553571428572 0.00723525542644157
187 0.08970424107142858 0.8994737996053497 0.008649553571428572 0.00723525542644157
142 0.14606584821428573 0.2998245998684499 0.008649553571428572 0.01381276035957027
188 0.22865513392857142 0.36242052181539136 0.008649553571428572 0.01841701381276036
60 0.12960379464285715 0.2615654461740846 0.008649553571428572 0.020171015128261346
194 0.5272042410714286 0.1418548563911423 0.017857142857142856 0.028064021048015787
195 0.5880998883928571 0.1749616312212234 0.018275669642857144 0.02850252137689103
60 0.5415736607142857 0.11214645910984433 0.013671875 0.01381276035957027
142 0.7166573660714286 0.11247533435650077 0.008370535714285714 0.013593510195132646
186 0.28878348214285715 0.3259153694365271 0.009207589285714286 0.017320762990572242
193 0.26834542410714285 0.36242052181539136 0.017996651785714284 0.028064021048015787
14 0.30196707589285715 0.48739311554483666 0.014927455357142858 0.013593510195132646
102 0.2885044642857143 0.2085069063801798 0.008649553571428572 0.017978513483885114
102 0.22809709821428573 0.11258495943871957 0.013392857142857142 0.013374260030695024
183 0.14432198660714285 0.11839508879631659 0.006556919642857143 0.026748520061390047
63 0.48744419642857145 0.3425783819337864 0.008370535714285714 0.021267265950449463
25 0.4863978794642857 0.2781188335891252 0.0107421875 0.021267265950449463
185 0.4970703125 0.22769129576847183 0.006696428571428571 0.03354527515895637
63 0.5403180803571429 0.23755755316816488 0.010881696428571428 0.013374260030695024
194 0.5669642857142857 0.14152598114448586 0.017020089285714284 0.027844770883578163
182 0.43715122767857145 0.4876123657092743 0.009068080357142858 0.014032010524007894
184 0.6776646205357143 0.227581670686253 0.006277901785714286 0.03332602499451875
142 0.7133091517857143 0.7374479280859461 0.008928571428571428 0.01381276035957027
188 0.6751534598214286 0.6124753343565008 0.007393973214285714 0.022144266608199955
60 0.6862444196428571 0.45823284367463274 0.008649553571428572 0.02324051743038807
177 0.6864536830357143 0.3900460425345319 0.008510044642857142 0.0197325147993861
176 0.6066545758928571 0.5189651392238545 0.008510044642857142 0.02104801578601184
184 0.6005161830357143 0.4585617189212892 0.021065848214285716 0.010304757728568297
102 0.6463448660714286 0.7055470291602719 0.008649553571428572 0.01841701381276036
195 0.6465541294642857 0.7703354527515895 0.015485491071428572 0.02433676825257619
194 0.08970424107142858 0.8296426222319667 0.017857142857142856 0.028064021048015787
32 0.09040178571428571 0.7119052839289629 0.010044642857142858 0.02236351677263758
176 0.08956473214285714 0.6431703573777681 0.008649553571428572 0.02302126726595045
189 0.11153738839285714 0.6124753343565008 0.019949776785714284 0.012058759044069283
193 0.14934430803571427 0.6124753343565008 0.0185546875 0.029160271870203903
119 0.22314453125 0.6051304538478404 0.016880580357142856 0.028064021048015787
14 0.10867745535714286 0.4872834904626179 0.012834821428571428 0.01381276035957027
192 0.72607421875 0.8324928743696558 0.017996651785714284 0.028064021048015787
102 0.72607421875 0.7598114448585837 0.0087890625 0.018636263977197982
60 0.7260044642857143 0.6442666081999562 0.008649553571428572 0.024775268581451435
63 0.7260044642857143 0.5818899364174523 0.008649553571428572 0.02455601841701381
32 0.32896205357142855 0.8922385441789081 0.009765625 0.02170576627932471
186 0.18519810267857142 0.8624205218153914 0.011579241071428572 0.016005262003946502
192 0.10888671875 0.8624205218153914 0.017717633928571428 0.027406270554702915
182 0.33768136160714285 0.9250164437623328 0.0087890625 0.014032010524007894
193 0.42801339285714285 0.9250164437623328 0.018136160714285716 0.02850252137689103
182 0.5074637276785714 0.8620916465687349 0.0087890625 0.013593510195132646
189 0.5485491071428571 0.8624205218153914 0.020089285714285716 0.01775926331944749
176 0.6214425223214286 0.9251260688445516 0.014927455357142858 0.013374260030695024
175 0.1953125 0.5497697873273405 0.013392857142857142 0.013374260030695024
63 0.20877511160714285 0.531462398596799 0.008510044642857142 0.02104801578601184
102 0.19070870535714285 0.48783161587371193 0.012834821428571428 0.0131550098662574
178 0.6068638392857143 0.779434334575751 0.009207589285714286 0.02236351677263758
180 0.6676897321428571 0.7375575531681648 0.012276785714285714 0.013593510195132646
193 0.30643136160714285 0.9250164437623328 0.0185546875 0.029379522034641527
178 0.23179408482142858 0.3001534751151063 0.015485491071428572 0.013593510195132646
189 0.16922433035714285 0.3313966235474677 0.008091517857142858 0.031352773514580136
196 0.26925223214285715 0.29993422495066874 0.018973214285714284 0.029818022363516772
179 0.3125697544642857 0.3598991449243587 0.013253348214285714 0.019513264634948475
195 0.3491908482142857 0.36242052181539136 0.015904017857142856 0.02499451874588906
180 0.7089146205357143 0.23744792808594606 0.014927455357142858 0.0131550098662574
32 0.26332310267857145 0.5491120368340277 0.012137276785714286 0.016005262003946502
196 0.16929408482142858 0.45746546809910105 0.017717633928571428 0.027844770883578163
32 0.2660435267857143 0.4858583643937733 0.013950892857142858 0.016224512168384126
119 0.24434988839285715 0.38796316597237446 0.017717633928571428 0.02302126726595045
191 0.19621930803571427 0.36242052181539136 0.011858258928571428 0.01841701381276036
195 0.109375 0.29993422495066874 0.016183035714285716 0.025433019074764307
175 0.2885044642857143 0.8832492874369656 0.008649553571428572 0.02433676825257619
119 0.5625 0.6407586055689541 0.017578125 0.023459767594825695
14 0.5670340401785714 0.5794781846086384 0.009068080357142858 0.022802017101512827
189 0.646484375 0.5781626836220127 0.007254464285714286 0.031572023679017756
119 0.64208984375 0.4664547248410436 0.017717633928571428 0.023898267923700943
189 0.6465541294642857 0.3910326682745012 0.011300223214285714 0.031352773514580136
195 0.3680943080357143 0.45724621793466347 0.016322544642857144 0.02565226923920193
179 0.36648995535714285 0.39333479500109625 0.011997767857142858 0.022802017101512827
194 0.3886021205357143 0.36242052181539136 0.017717633928571428 0.02762552071914054
102 0.3681640625 0.34170138127603594 0.008928571428571428 0.021267265950449463
176 0.6861049107142857 0.13659285244463934 0.008649553571428572 0.02104801578601184
177 0.6630161830357143 0.17485200613900462 0.011579241071428572 0.013374260030695024
178 0.6465541294642857 0.1944748958561719 0.008510044642857142 0.024117518088138567
192 0.6067243303571429 0.2696777022582767 0.018136160714285716 0.02850252137689103
192 0.6067940848214286 0.33161587371190526 0.017717633928571428 0.027844770883578163
102 0.5889369419642857 0.2998245998684499 0.0126953125 0.01381276035957027
175 0.5066964285714286 0.36242052181539136 0.015345982142857142 0.0131550098662574
187 0.46756417410714285 0.36242052181539136 0.004603794642857143 0.013593510195132646
32 0.623046875 0.29839947379960535 0.015066964285714286 0.015347511510633634
176 0.6862444196428571 0.31911861433896077 0.008370535714285714 0.017320762990572242
185 0.5528738839285714 0.3720675290506468 0.006696428571428571 0.033764525323393996
189 0.32833426339285715 0.4560403420302565 0.007672991071428571 0.031572023679017756
192 0.32833426339285715 0.39136154352115765 0.018275669642857144 0.02850252137689103
63 0.30224609375 0.550098662573997 0.012137276785714286 0.013593510195132646
186 0.20884486607142858 0.39684279763209823 0.009765625 0.016224512168384126
187 0.26869419642857145 0.7375575531681648 0.004464285714285714 0.013593510195132646
188 0.5272042410714286 0.8396185047138786 0.017299107142857144 0.012058759044069283
184 0.5210658482142857 0.7011620258715194 0.021484375 0.010085507564130673