187 0.32833426339285715 0.811992983994738 0.008510044642857142 0.00723525542644157
187 0.12367466517857142 0.5498794124095593 0.004603794642857143 0.013593510195132646
187 0.18359375 0.1749616312212234 0.004464285714285714 0.013593510195132646
187 0.08970424107142858 0.9008989256741943 0.008649553571428572 0.007016005262003947
187 0.5669642857142857 0.827121245340934 0.008649553571428572 0.00723525542644157
187 0.6862444196428571 0.37743915807936856 0.008649553571428572 0.00723525542644157
187 0.3681640625 0.8467441350581013 0.008649553571428572 0.007016005262003947
187 0.6067243303571429 0.15555799166849374 0.008649553571428572 0.00723525542644157
187 0.5392717633928571 0.424906818680114 0.004603794642857143 0.013593510195132646
187 0.08970424107142858 0.644376233282175 0.008649553571428572 0.007016005262003947
187 0.7260044642857143 0.39245779434334577 0.008649553571428572 0.007016005262003947
187 0.3233119419642857 0.29993422495066874 0.004603794642857143 0.013593510195132646
187 0.20458984375 0.11247533435650077 0.004603794642857143 0.013593510195132646
191 0.40785435267857145 0.3240517430388073 0.0107421875 0.016663012497259374
195 0.3467494419642857 0.424906818680114 0.017159598214285716 0.026748520061390047
142 0.3134765625 0.42457794343345756 0.008370535714285714 0.013374260030695024
196 0.20905412946428573 0.6416356062267047 0.017996651785714284 0.028283271212453408
188 0.19886997767857142 0.6123657092742819 0.008231026785714286 0.01710151282613462
102 0.19189453125 0.7998245998684499 0.013532366071428572 0.014032010524007894
196 0.14850725446428573 0.7999342249506687 0.017717633928571428 0.027844770883578163
194 0.24874441964285715 0.7035737776803332 0.018415178571428572 0.02894102170576628
177 0.24867466517857142 0.6467879850909888 0.008510044642857142 0.019294014470510854
63 0.26953125 0.6122560841920631 0.012276785714285714 0.013374260030695024
195 0.2696010044642857 0.7999342249506687 0.015764508928571428 0.024775268581451435
196 0.16929408482142858 0.8334795001096251 0.017996651785714284 0.028283271212453408
192 0.18952287946428573 0.924906818680114 0.017717633928571428 0.027844770883578163
193 0.189453125 0.7375575531681648 0.018415178571428572 0.02894102170576628
175 0.16908482142857142 0.6453628590221443 0.008649553571428572 0.019513264634948475
189 0.16922433035714285 0.5789300591975444 0.007254464285714286 0.031352773514580136
195 0.208984375 0.8329313746985311 0.018415178571428572 0.02894102170576628
186 0.26729910714285715 0.9250164437623328 0.01171875 0.016663012497259374
177 0.2661830357142857 0.8625301468976102 0.013950892857142858 0.0131550098662574
187 0.30845424107142855 0.9250164437623328 0.004464285714285714 0.013593510195132646
181 0.4476841517857143 0.8224073668055251 0.008928571428571428 0.02104801578601184
192 0.42710658482142855 0.7999342249506687 0.017996651785714284 0.028283271212453408
181 0.4642857142857143 0.9250164437623328 0.012276785714285714 0.0131550098662574
102 0.4476841517857143 0.46557772418329313 0.008649553571428572 0.01775926331944749
25 0.44649832589285715 0.3889497917123438 0.0107421875 0.0197325147993861
176 0.4325474330357143 0.3627493970620478 0.0146484375 0.013374260030695024
182 0.44775390625 0.263100197325148 0.0087890625 0.014032010524007894
184 0.45396205357142855 0.5084411313308485 0.020926339285714284 0.010085507564130673
179 0.44921875 0.5739969304976978 0.011997767857142858 0.022802017101512827
190 0.43819754464285715 0.6124753343565008 0.006417410714285714 0.010743258057443543
182 0.20884486607142858 0.21037053277789958 0.008649553571428572 0.013374260030695024
192 0.208984375 0.33117737338303005 0.018694196428571428 0.029160271870203903
176 0.11558314732142858 0.7999342249506687 0.011858258928571428 0.013374260030695024
63 0.5671735491071429 0.7757070817803113 0.008510044642857142 0.02236351677263758
25 0.5659877232142857 0.7035737776803332 0.010323660714285714 0.02236351677263758
179 0.5545479910714286 0.6775926331944749 0.015625 0.018636263977197982
175 0.5668247767857143 0.6481034860776146 0.008370535714285714 0.021486516114887087
14 0.5823102678571429 0.6124753343565008 0.012834821428571428 0.013374260030695024
182 0.5670340401785714 0.5991010743258057 0.009068080357142858 0.01381276035957027
178 0.47474888392857145 0.42501644376233283 0.015345982142857142 0.01381276035957027
187 0.12946428571428573 0.5812321859241394 0.008649553571428572 0.007016005262003947
182 0.13992745535714285 0.7374479280859461 0.008649553571428572 0.01381276035957027
182 0.6573660714285714 0.4872834904626179 0.008091517857142858 0.01381276035957027
182 0.6864536830357143 0.4649199736899803 0.009068080357142858 0.014251260688445516
185 0.6526227678571429 0.7557553168164877 0.021484375 0.01052400789300592
195 0.646484375 0.8949791712343784 0.016183035714285716 0.025433019074764307
14 0.6236746651785714 0.924906818680114 0.012974330357142858 0.013374260030695024
142 0.5749162946428571 0.9250164437623328 0.008928571428571428 0.014032010524007894
186 0.3682338169642857 0.7715413286559965 0.010463169642857142 0.017978513483885114
63 0.36795479910714285 0.7074106555579917 0.0087890625 0.019513264634948475
25 0.3867885044642857 0.6730980048235036 0.014369419642857142 0.01710151282613462
193 0.42850167410714285 0.6749616312212234 0.017717633928571428 0.027844770883578163
192 0.5072544642857143 0.1749616312212234 0.018415178571428572 0.02894102170576628
185 0.47837611607142855 0.18449901337426003 0.006417410714285714 0.03354527515895637
182 0.6067243303571429 0.25433019074764307 0.008649553571428572 0.014032010524007894
190 0.5975864955357143 0.36242052181539136 0.0068359375 0.012716509537382154
192 0.6266043526785714 0.48739311554483666 0.017717633928571428 0.02762552071914054
142 0.16915457589285715 0.5343126507344881 0.0087890625 0.013593510195132646
176 0.16908482142857142 0.46206972155229115 0.008649553571428572 0.017320762990572242
32 0.4312220982142857 0.9235913176934882 0.015625 0.016005262003946502
142 0.7116350446428571 0.42457794343345756 0.009207589285714286 0.013374260030695024
184 0.63037109375 0.4347730760798071 0.006277901785714286 0.03332602499451875
193 0.5866350446428571 0.6749616312212234 0.017857142857142856 0.027406270554702915
181 0.44775390625 0.15117298837974127 0.008510044642857142 0.01907476430607323
175 0.4292689732142857 0.29993422495066874 0.010602678571428572 0.0131550098662574
189 0.3867885044642857 0.29993422495066874 0.019949776785714284 0.01447051085288314
182 0.3876255580357143 0.11203683402762551 0.008231026785714286 0.013593510195132646
195 0.3467494419642857 0.11236570927428195 0.015485491071428572 0.023898267923700943
176 0.2642299107142857 0.11247533435650077 0.014229910714285714 0.0131550098662574
195 0.22802734375 0.11247533435650077 0.017717633928571428 0.026748520061390047
180 0.22335379464285715 0.23755755316816488 0.012834821428571428 0.013374260030695024
187 0.26869419642857145 0.23744792808594606 0.004464285714285714 0.013593510195132646
189 0.3086635044642857 0.23744792808594606 0.019949776785714284 0.012716509537382154
60 0.3496791294642857 0.23744792808594606 0.016043526785714284 0.0131550098662574
194 0.18770926339285715 0.36242052181539136 0.017717633928571428 0.02762552071914054
176 0.16915457589285715 0.38412628809471605 0.0087890625 0.02324051743038807
185 0.32212611607142855 0.3890594167945626 0.021205357142857144 0.00986625739969305
195 0.30747767857142855 0.5498794124095593 0.015904017857142856 0.02499451874588906
180 0.23451450892857142 0.5497697873273405 0.013392857142857142 0.013374260030695024
142 0.646484375 0.4532997149747862 0.008649553571428572 0.01381276035957027
181 0.32833426339285715 0.7777899583424688 0.008510044642857142 0.02170576627932471
183 0.5631277901785714 0.34093400570050425 0.016880580357142856 0.010085507564130673
186 0.5669642857142857 0.26825257618943216 0.010323660714285714 0.016882262661696998
60 0.5452008928571429 0.23744792808594606 0.013671875 0.0131550098662574
188 0.32840401785714285 0.3282174961631221 0.015904017857142856 0.011401008550756413
25 0.3272181919642857 0.21026090769568076 0.0107421875 0.02367901775926332
195 0.22928292410714285 0.48739311554483666 0.017717633928571428 0.02762552071914054
179 0.2640904017857143 0.48476211357158516 0.014787946428571428 0.01841701381276036
190 0.47481863839285715 0.7374479280859461 0.007393973214285714 0.00986625739969305
187 0.38797433035714285 0.7375575531681648 0.004464285714285714 0.013593510195132646
32 0.3431919642857143 0.7361324270993204 0.014508928571428572 0.016882262661696998