187 0.11551339285714286 0.10488820692678649 0.00390625 0.012056115738711091
187 0.25990513392857145 0.8874397194213064 0.007533482142857143 0.006356861025865849
187 0.11321149553571429 0.8198158702323542 0.004045758928571429 0.01183691363437089
187 0.1162109375 0.5448268303375713 0.00390625 0.012056115738711091
187 0.6099330357142857 0.13393248575186323 0.007533482142857143 0.006137658921525646
187 0.44900948660714285 0.10488820692678649 0.004045758928571429 0.012056115738711091
187 0.11544363839285714 0.9297457255589654 0.004045758928571429 0.012056115738711091
187 0.6099330357142857 0.9017974572555897 0.007533482142857143 0.006137658921525646
187 0.10484095982142858 0.159798334064007 0.004045758928571429 0.01183691363437089
187 0.43491908482142855 0.2973476545374836 0.007672991071428571 0.006356861025865849
32 0.43533761160714285 0.34458570802279703 0.008510044642857142 0.02235861464270057
176 0.4564732142857143 0.37976764576939936 0.010044642857142858 0.012056115738711091
175 0.48179408482142855 0.37976764576939936 0.0107421875 0.012056115738711091
177 0.43484933035714285 0.5155633494081543 0.0078125 0.01841297676457694
63 0.43505859375 0.5791319596668129 0.007672991071428571 0.01972818939061815
102 0.43470982142857145 0.6274660236738273 0.007533482142857143 0.01994739149495835
25 0.5168805803571429 0.6535510740903112 0.010881696428571428 0.014686540990793511
175 0.5398297991071429 0.34929855326611137 0.007672991071428571 0.01819377466023674
25 0.5410853794642857 0.3964270056992547 0.009905133928571428 0.019508987286277948
188 0.5398995535714286 0.45013152126260414 0.011997767857142858 0.009425690486628672
195 0.5398995535714286 0.5747479175800088 0.015625 0.024550635686102586
182 0.5402483258928571 0.6379877246821569 0.007672991071428571 0.011617711530030689
102 0.5400390625 0.24353353792196406 0.007533482142857143 0.021481806225339763
195 0.5576869419642857 0.21481806225339764 0.015764508928571428 0.02498903989478299
185 0.5840541294642857 0.20615957913195967 0.005719866071428571 0.02915387987724682
195 0.6262555803571429 0.5997369574747917 0.015625 0.024112231477422183
60 0.6448800223214286 0.6204515563349409 0.007393973214285714 0.015124945199473916
180 0.5906110491071429 0.6551950898728628 0.012974330357142858 0.01183691363437089
142 0.6446010044642857 0.7992108724243753 0.007672991071428571 0.011398509425690487
191 0.11990792410714286 0.5095352915387987 0.011021205357142858 0.01731696624287593
182 0.11997767857142858 0.4479395002192021 0.0078125 0.012056115738711091
180 0.12004743303571429 0.35686102586584834 0.007393973214285714 0.020604997807978958
187 0.11990792410714286 0.6272468215694871 0.007672991071428571 0.006356861025865849
196 0.11990792410714286 0.7390398947829899 0.016043526785714284 0.025208241999123193
142 0.15464564732142858 0.7951556334940816 0.007672991071428571 0.012494519947391494
182 0.345703125 0.8747259973695748 0.006975446428571429 0.012056115738711091
190 0.43491908482142855 0.8467777290661991 0.009626116071428572 0.01052170100832968
196 0.43491908482142855 0.6807321350284963 0.015764508928571428 0.024769837790442787
192 0.11990792410714286 0.1313020604997808 0.015485491071428572 0.024550635686102586
195 0.17306082589285715 0.15990793511617712 0.013811383928571428 0.021701008329679965
178 0.22495814732142858 0.18884261288908374 0.007393973214285714 0.020385795703638757
63 0.22495814732142858 0.24517755370451555 0.007672991071428571 0.016001753616834723
187 0.22495814732142858 0.3523673827268742 0.007672991071428571 0.006356861025865849
182 0.2710658482142857 0.4345681718544498 0.006975446428571429 0.012494519947391494
142 0.31480189732142855 0.4344585708022797 0.007393973214285714 0.012713722051731697
14 0.3472377232142857 0.43478737395879 0.010881696428571428 0.012056115738711091
177 0.20556640625 0.8743971942130645 0.0107421875 0.01183691363437089
195 0.24183872767857142 0.8198158702323542 0.015485491071428572 0.024112231477422183
195 0.25990513392857145 0.7352038579570364 0.013671875 0.021481806225339763
102 0.25997488839285715 0.6258220078912757 0.007393973214285714 0.019289785181937746
63 0.25990513392857145 0.5645550197281894 0.007533482142857143 0.01994739149495835
176 0.17333984375 0.5447172292854011 0.013532366071428572 0.012275317843051293
193 0.13678850446428573 0.5448268303375713 0.016043526785714284 0.025208241999123193
181 0.60986328125 0.35982025427444103 0.007672991071428571 0.019508987286277948
25 0.6109095982142857 0.45155633494081543 0.009765625 0.01578255151249452
178 0.4222935267857143 0.37976764576939936 0.012834821428571428 0.012056115738711091
119 0.40401785714285715 0.46854449802718107 0.015904017857142856 0.018632178868917142
178 0.40004185267857145 0.6813897413415169 0.007393973214285714 0.015563349408154318
195 0.38148716517857145 0.709776413853573 0.015764508928571428 0.02498903989478299
188 0.20793805803571427 0.21492766330556773 0.0068359375 0.02389302937308198
196 0.17166573660714285 0.21481806225339764 0.016043526785714284 0.02498903989478299
195 0.13727678571428573 0.10488820692678649 0.015625 0.02389302937308198
176 0.24518694196428573 0.32507672073651905 0.013811383928571428 0.012275317843051293
119 0.31689453125 0.3183910565541429 0.015206473214285714 0.024331433581762384
178 0.34326171875 0.324967119684349 0.0107421875 0.011617711530030689
184 0.38232421875 0.3161990355107409 0.005719866071428571 0.02915387987724682
119 0.7190987723214286 0.18741779921087243 0.015485491071428572 0.018851380973257344
181 0.7003348214285714 0.21492766330556773 0.009486607142857142 0.011617711530030689
180 0.71484375 0.29603244191144235 0.007533482142857143 0.01731696624287593
192 0.7149832589285714 0.3539017974572556 0.015625 0.024331433581762384
180 0.6923130580357143 0.4346777729066199 0.0126953125 0.01183691363437089
195 0.6260463169642857 0.48980710214818063 0.016043526785714284 0.025208241999123193
191 0.6231863839285714 0.5447172292854011 0.009207589285714286 0.01446733888645331
182 0.5048130580357143 0.6739368697939501 0.007672991071428571 0.012056115738711091
192 0.5048828125 0.7384918895221394 0.017020089285714284 0.026742656729504603
119 0.5089983258928571 0.8498465585269619 0.015206473214285714 0.024550635686102586
63 0.5050223214285714 0.89138535729943 0.007533482142857143 0.017755370451556333
195 0.48653738839285715 0.9297457255589654 0.016322544642857144 0.025646646207803596
191 0.45152064732142855 0.9297457255589654 0.010463169642857142 0.016440157825515125
176 0.5048130580357143 0.5741999123191582 0.007672991071428571 0.017755370451556333
181 0.5920061383928571 0.5447172292854011 0.012137276785714286 0.012275317843051293
60 0.45054408482142855 0.3252959228408593 0.012416294642857142 0.01183691363437089
14 0.47000558035714285 0.2507672073651907 0.007533482142857143 0.02104340201665936
182 0.4697265625 0.39697501096010523 0.007533482142857143 0.012275317843051293
177 0.46986607142857145 0.4640508548882069 0.0078125 0.016659359929855327
195 0.5574079241071429 0.48980710214818063 0.013532366071428572 0.019508987286277948
60 0.5884486607142857 0.4896975010960105 0.010323660714285714 0.01183691363437089
14 0.18994140625 0.24473914949583517 0.007672991071428571 0.020385795703638757
102 0.18987165178571427 0.2877027619465147 0.0078125 0.01819377466023674
195 0.17201450892857142 0.2698377904427883 0.015904017857142856 0.02498903989478299
192 0.20877511160714285 0.43478737395879 0.015764508928571428 0.024769837790442787
191 0.16594587053571427 0.709776413853573 0.009626116071428572 0.014905743095133712
183 0.2782505580357143 0.704296361245068 0.005719866071428571 0.022797018851380975
142 0.16462053571428573 0.9296361245067952 0.008091517857142858 0.01183691363437089
180 0.29471261160714285 0.8951117930732135 0.007672991071428571 0.015124945199473916
175 0.6449497767857143 0.5089872862779483 0.0078125 0.01841297676457694
186 0.5751255580357143 0.6313020604997808 0.009068080357142858 0.01578255151249452
192 0.5749860491071429 0.6830337571240684 0.015206473214285714 0.024550635686102586
180 0.5236467633928571 0.7098860149057431 0.011300223214285714 0.012056115738711091
192 0.11997767857142858 0.8478737395879 0.016183035714285716 0.025427444103463395
177 0.34898158482142855 0.8199254712845243 0.011021205357142858 0.012056115738711091
14 0.3768833705357143 0.8197062691801841 0.012974330357142858 0.011617711530030689
192 0.13741629464285715 0.8747259973695748 0.015625 0.02345462516440158
194 0.46993582589285715 0.9009206488382289 0.014927455357142858 0.024550635686102586
32 0.47056361607142855 0.8514905743095134 0.008649553571428572 0.021701008329679965
193 0.5582449776785714 0.8197062691801841 0.016043526785714284 0.025208241999123193
32 0.5896344866071429 0.8180622533976326 0.014090401785714286 0.014905743095133712
192 0.6279296875 0.8197062691801841 0.015904017857142856 0.024769837790442787
32 0.47042410714285715 0.7926348092941692 0.008928571428571428 0.019289785181937746
189 0.5226004464285714 0.7647961420429636 0.017578125 0.012713722051731697
184 0.6745256696428571 0.18610258658483123 0.018694196428571428 0.008768084173608066
185 0.6854073660714286 0.24221832529592285 0.018694196428571428 0.009644892590968873
194 0.6798967633928571 0.29745725558965364 0.015764508928571428 0.02498903989478299
177 0.6798967633928571 0.3553266111354669 0.007393973214285714 0.021481806225339763
119 0.6636439732142857 0.276085050416484 0.012555803571428572 0.024769837790442787
192 0.6270926339285714 0.2698377904427883 0.016462053571428572 0.025865848312143797
176 0.32986886160714285 0.7974572555896536 0.007672991071428571 0.02104340201665936
25 0.42257254464285715 0.7081323980710215 0.011439732142857142 0.015124945199473916
181 0.3301478794642857 0.6914730381411661 0.007672991071428571 0.019508987286277948
191 0.6614815848214286 0.8747259973695748 0.012416294642857142 0.019508987286277948
176 0.6268833705357143 0.8748355984217449 0.011579241071428572 0.012275317843051293
63 0.7149832589285714 0.7874835598421744 0.007533482142857143 0.014686540990793511
14 0.7149135044642857 0.7438623410784744 0.007393973214285714 0.015563349408154318
60 0.7151925223214286 0.688075405523893 0.007393973214285714 0.01709776413853573
179 0.7135184151785714 0.5823103901797457 0.0107421875 0.021701008329679965
184 0.7045200892857143 0.6635247698377904 0.005580357142857143 0.02893467777290662
25 0.7490234375 0.41527838667251205 0.009486607142857142 0.021262604120999562
177 0.7499302455357143 0.3007452871547567 0.007393973214285714 0.019289785181937746
180 0.7306082589285714 0.37943884261288907 0.012834821428571428 0.012275317843051293
142 0.6589704241071429 0.3800964489259097 0.007114955357142857 0.01183691363437089
192 0.5749162946428571 0.5164401578255151 0.015066964285714286 0.024550635686102586
142 0.15492466517857142 0.1458790004384042 0.007672991071428571 0.011617711530030689
191 0.15492466517857142 0.6250548005260851 0.010463169642857142 0.016440157825515125
194 0.6099330357142857 0.8464489259096888 0.016462053571428572 0.025646646207803596
193 0.5209263392857143 0.43478737395879 0.015625 0.024331433581762384
180 0.49351283482142855 0.4348969750109601 0.010463169642857142 0.012275317843051293
195 0.45166015625 0.43478737395879 0.0166015625 0.026085050416484
60 0.42313058035714285 0.43522577816747043 0.013113839285714286 0.011617711530030689
14 0.45668247767857145 0.21481806225339764 0.013253348214285714 0.01183691363437089
183 0.5083705357142857 0.2900043840420868 0.014787946428571428 0.00920648838228847
63 0.5232979910714286 0.159798334064007 0.012555803571428572 0.01183691363437089
14 0.5749860491071429 0.18950021920210433 0.007393973214285714 0.016878562034195528
142 0.60986328125 0.6150811047786059 0.007672991071428571 0.01183691363437089