187 0.3999720982142857 0.7911003945637878 0.005859375 0.004822446295484437
187 0.38797433035714285 0.6420429636124507 0.0030691964285714285 0.00920648838228847
187 0.7499302455357143 0.24835598421744848 0.005719866071428571 0.004822446295484437
187 0.07686941964285714 0.5865848312143797 0.005859375 0.004822446295484437
187 0.48074776785714285 0.10412099956159579 0.005859375 0.004822446295484437
187 0.5345982142857143 0.870670758439281 0.005859375 0.004822446295484437
187 0.26534598214285715 0.12472599736957475 0.005859375 0.004822446295484437
187 0.138671875 0.472818939061815 0.0030691964285714285 0.00920648838228847
187 0.6422991071428571 0.562034195528277 0.005859375 0.004822446295484437
187 0.1845703125 0.23016220955721176 0.005859375 0.004822446295484437
187 0.48074776785714285 0.8897413415168786 0.005859375 0.004822446295484437
187 0.3461216517857143 0.3693555458132398 0.005859375 0.004822446295484437
187 0.5076729910714286 0.11003945637878124 0.005859375 0.004822446295484437
187 0.6322544642857143 0.17667689609820253 0.0030691964285714285 0.00920648838228847
187 0.10379464285714286 0.5615957913195967 0.005859375 0.004822446295484437
187 0.23060825892857142 0.8112669881630864 0.0030691964285714285 0.00920648838228847
25 0.3994140625 0.7438623410784744 0.006975446428571429 0.016440157825515125
183 0.40792410714285715 0.6800745287154757 0.004464285714285714 0.017755370451556333
187 0.3999720982142857 0.6631959666812801 0.005859375 0.005041648399824638
178 0.3999720982142857 0.6266988163086366 0.005859375 0.01578255151249452
179 0.41636439732142855 0.5553485313459009 0.009347098214285714 0.012932924156071899
193 0.44126674107142855 0.5574309513371328 0.011997767857142858 0.01797457255589654
25 0.4912109375 0.556444541867602 0.010323660714285714 0.011179307321350284
183 0.7525809151785714 0.31247259973695746 0.011300223214285714 0.006795265234546251
195 0.7499302455357143 0.3680403331871986 0.012137276785714286 0.019289785181937746
192 0.7499302455357143 0.4112231477422183 0.011579241071428572 0.018851380973257344
119 0.7531389508928571 0.497807978956598 0.011858258928571428 0.014028934677772907
184 0.7541852678571429 0.5459228408592722 0.014229910714285714 0.007233669443226655
32 0.7365373883928571 0.42974572555896534 0.0087890625 0.011179307321350284
179 0.70947265625 0.4322665497588777 0.009068080357142858 0.012713722051731697
187 0.6826171875 0.43051293292415604 0.0030691964285714285 0.00920648838228847
192 0.6004464285714286 0.43062253397632616 0.011997767857142858 0.018632178868917142
63 0.5505022321428571 0.430403331871986 0.010044642857142858 0.00898728627794827
177 0.07693917410714286 0.5320035072336694 0.005998883928571429 0.014028934677772907
192 0.09116908482142858 0.5151249451994739 0.012416294642857142 0.01972818939061815
195 0.15764508928571427 0.45089872862779484 0.010602678571428572 0.016659359929855327
190 0.15764508928571427 0.39850942569048664 0.005859375 0.010083296799649276
185 0.169921875 0.3816308636562911 0.004185267857142857 0.022797018851380975
119 0.18136160714285715 0.36365629110039455 0.012276785714285714 0.017536168347216132
63 0.18450055803571427 0.28408592722490134 0.005998883928571429 0.01446733888645331
32 0.48109654017857145 0.3274879438842613 0.006556919642857143 0.01709776413853573
182 0.48067801339285715 0.3979614204296361 0.005998883928571429 0.008548882069267865
178 0.4097377232142857 0.34579131959666815 0.008091517857142858 0.009425690486628672
60 0.35658482142857145 0.3460105217010083 0.007533482142857143 0.009425690486628672
195 0.48067801339285715 0.1982683033757124 0.0107421875 0.016878562034195528
193 0.4667271205357143 0.26128890837352037 0.0126953125 0.01972818939061815
192 0.4390345982142857 0.26128890837352037 0.012276785714285714 0.019289785181937746
178 0.41580636160714285 0.2615081104778606 0.010463169642857142 0.00920648838228847
190 0.36397879464285715 0.26128890837352037 0.006138392857142857 0.00920648838228847
196 0.5076032366071429 0.28419552827707145 0.012137276785714286 0.019070583077597545
186 0.5076729910714286 0.32430951337132835 0.006696428571428571 0.011179307321350284
181 0.4268275669642857 0.19070583077597544 0.005719866071428571 0.012713722051731697
189 0.41287667410714285 0.13448049101271373 0.013532366071428572 0.011617711530030689
182 0.31201171875 0.1343708899605436 0.005719866071428571 0.00920648838228847
119 0.5314592633928571 0.8289127575624726 0.012137276785714286 0.014686540990793511
182 0.53466796875 0.8004164839982464 0.005998883928571429 0.00898728627794827
191 0.5197405133928571 0.7689609820254274 0.009347098214285714 0.014905743095133712
191 0.46358816964285715 0.7689609820254274 0.008091517857142858 0.012713722051731697
119 0.4375697544642857 0.6892810170977641 0.011021205357142858 0.018632178868917142
186 0.5345982142857143 0.7464927663305567 0.007254464285714286 0.011617711530030689
190 0.5255998883928571 0.5574309513371328 0.004324776785714286 0.008329679964927663
183 0.07407924107142858 0.2936212187637001 0.011160714285714286 0.006795265234546251
192 0.07679966517857142 0.23882069267864972 0.012137276785714286 0.019070583077597545
176 0.1708984375 0.1343708899605436 0.008928571428571428 0.00920648838228847
191 0.10372488839285714 0.4067295046032442 0.0087890625 0.013809732573432706
102 0.19900948660714285 0.3460105217010083 0.009905133928571428 0.009425690486628672
191 0.2510463169642857 0.3460105217010083 0.007672991071428571 0.012056115738711091
186 0.33189174107142855 0.3459009206488382 0.007533482142857143 0.010960105217010083
192 0.7361886160714286 0.5151249451994739 0.012276785714285714 0.019289785181937746
63 0.6591796875 0.5151249451994739 0.008370535714285714 0.008768084173608066
193 0.6153041294642857 0.536935554581324 0.012974330357142858 0.020385795703638757
192 0.6013532366071429 0.5574309513371328 0.012416294642857142 0.01972818939061815
192 0.5747767857142857 0.5574309513371328 0.012555803571428572 0.01972818939061815
179 0.5511300223214286 0.5591845681718545 0.010184151785714286 0.012713722051731697
194 0.34605189732142855 0.24068391056554142 0.011858258928571428 0.018851380973257344
192 0.3461216517857143 0.28331871985971063 0.01171875 0.019070583077597545
176 0.30189732142857145 0.2613985094256905 0.007254464285714286 0.00898728627794827
32 0.2500697544642857 0.2603024989039895 0.011021205357142858 0.011617711530030689
194 0.19663783482142858 0.26128890837352037 0.012416294642857142 0.019289785181937746
191 0.142578125 0.3035949145111793 0.008928571428571428 0.014028934677772907
32 0.13106863839285715 0.28156510302498905 0.006556919642857143 0.014686540990793511
188 0.17306082589285715 0.26128890837352037 0.005161830357142857 0.0131521262604121
182 0.14167131696428573 0.34568171854449803 0.005998883928571429 0.00920648838228847
181 0.16824776785714285 0.3460105217010083 0.008370535714285714 0.00898728627794827
189 0.7499302455357143 0.7497807978956598 0.005161830357142857 0.021262604120999562
178 0.7415597098214286 0.7688513809732573 0.010463169642857142 0.009425690486628672
177 0.6810825892857143 0.7689609820254274 0.010323660714285714 0.008768084173608066
63 0.6538783482142857 0.7687417799210873 0.008649553571428572 0.00920648838228847
32 0.7504185267857143 0.6661551950898729 0.006696428571428571 0.013590530469092503
189 0.5345284598214286 0.5360587461639632 0.0048828125 0.021262604120999562
63 0.517578125 0.6418237615081105 0.010602678571428572 0.00920648838228847
189 0.49281529017857145 0.6420429636124507 0.013532366071428572 0.009644892590968873
192 0.4663783482142857 0.6420429636124507 0.012834821428571428 0.020166593599298552
181 0.44112723214285715 0.6421525646646208 0.010602678571428572 0.00898728627794827
102 0.41050502232142855 0.6422621657167908 0.008510044642857142 0.00920648838228847
180 0.5441545758928571 0.7687417799210873 0.008231026785714286 0.00920648838228847
192 0.5751255580357143 0.7689609820254274 0.012137276785714286 0.019289785181937746
119 0.26827566964285715 0.18993862341078474 0.011997767857142858 0.016878562034195528
177 0.3324497767857143 0.21898290223586148 0.009765625 0.00920648838228847
188 0.6422293526785714 0.48980710214818063 0.011021205357142858 0.008110477860587462
195 0.6422991071428571 0.3667251205611574 0.011997767857142858 0.018851380973257344
177 0.6556222098214286 0.3038141166155195 0.009905133928571428 0.00920648838228847
175 0.7073102678571429 0.3038141166155195 0.010044642857142858 0.00920648838228847
180 0.6692940848214286 0.20177553704515563 0.005998883928571429 0.013809732573432706
119 0.7058454241071429 0.2561376589215256 0.011579241071428572 0.018632178868917142
176 0.6691545758928571 0.15914072775098642 0.005719866071428571 0.01578255151249452
192 0.6016322544642857 0.13448049101271373 0.012416294642857142 0.019508987286277948
187 0.5749162946428571 0.1343708899605436 0.0030691964285714285 0.00920648838228847
25 0.5468052455357143 0.13557650153441472 0.007672991071428571 0.011179307321350284
190 0.49658203125 0.13448049101271373 0.004324776785714286 0.007233669443226655
194 0.6549944196428571 0.21898290223586148 0.012555803571428572 0.01972818939061815
187 0.5479910714285714 0.21898290223586148 0.0030691964285714285 0.00920648838228847
63 0.52294921875 0.21909250328803156 0.008231026785714286 0.00898728627794827
186 0.49637276785714285 0.21931170539237177 0.007533482142857143 0.009864094695309075
25 0.5082310267857143 0.5325515124945199 0.006696428571428571 0.013371328364752301
184 0.5001395089285714 0.35258658483121436 0.004464285714285714 0.02257781674704077
177 0.4268275669642857 0.3277071459886015 0.005719866071428571 0.012713722051731697
182 0.15171595982142858 0.43051293292415604 0.005719866071428571 0.00920648838228847
182 0.08377511160714286 0.4307321350284963 0.005719866071428571 0.00920648838228847
63 0.17550223214285715 0.4725997369574748 0.009486607142857142 0.00920648838228847
60 0.48067801339285715 0.8302279701885138 0.005719866071428571 0.012932924156071899
184 0.4765625 0.7843051293292416 0.014508928571428572 0.0070144673388864535
191 0.5076032366071429 0.701008329679965 0.008510044642857142 0.0131521262604121
195 0.42689732142857145 0.7493423936869794 0.010044642857142858 0.016440157825515125
194 0.4268275669642857 0.7909907935116177 0.0126953125 0.01994739149495835
182 0.44126674107142855 0.8534633932485752 0.005859375 0.009425690486628672
196 0.46700613839285715 0.6843489697501096 0.012137276785714286 0.018851380973257344
25 0.48123604910714285 0.7472599736957475 0.0068359375 0.01578255151249452
102 0.2754603794642857 0.768522577816747 0.008510044642857142 0.00920648838228847
179 0.30196707589285715 0.7670977641385357 0.011858258928571428 0.012494519947391494
180 0.33461216517857145 0.7687417799210873 0.008510044642857142 0.00920648838228847
32 0.23876953125 0.7430951337132836 0.006556919642857143 0.014905743095133712
32 0.24986049107142858 0.6834721613327488 0.010881696428571428 0.010960105217010083
193 0.33377511160714285 0.6843489697501096 0.012416294642857142 0.01972818939061815
176 0.24811662946428573 0.8536825953529154 0.008231026785714286 0.00898728627794827
176 0.32847377232142855 0.8534633932485752 0.010184151785714286 0.00898728627794827
182 0.35818917410714285 0.8535729943007453 0.005719866071428571 0.00920648838228847
177 0.34605189732142855 0.32211749232792636 0.005719866071428571 0.013371328364752301
189 0.19691685267857142 0.3035949145111793 0.013532366071428572 0.01052170100832968
189 0.5076032366071429 0.1557430951337133 0.006556919642857143 0.021262604120999562
182 0.5412248883928571 0.17667689609820253 0.005719866071428571 0.009644892590968873
195 0.6029575892857143 0.17667689609820253 0.010602678571428572 0.016659359929855327
182 0.5076729910714286 0.2099956159579132 0.005859375 0.008768084173608066
32 0.5077427455357143 0.23882069267864972 0.0068359375 0.016440157825515125
193 0.6692243303571429 0.7038579570363875 0.011997767857142858 0.018851380973257344
178 0.6803850446428571 0.6419333625602806 0.010602678571428572 0.00898728627794827
142 0.7030552455357143 0.6422621657167908 0.005998883928571429 0.009644892590968873
196 0.7371651785714286 0.6420429636124507 0.012555803571428572 0.01972818939061815
182 0.6559012276785714 0.6843489697501096 0.005719866071428571 0.00920648838228847
195 0.5736607142857143 0.6843489697501096 0.010602678571428572 0.016659359929855327
179 0.4942103794642857 0.6862121876370013 0.011021205357142858 0.012494519947391494
185 0.09953962053571429 0.5327707145988602 0.014369419642857142 0.006795265234546251
180 0.42696707589285715 0.7019947391494958 0.005998883928571429 0.012494519947391494
189 0.38636997767857145 0.7266549758877685 0.013532366071428572 0.01052170100832968
142 0.37290736607142855 0.746711968434897 0.005859375 0.00898728627794827
183 0.37562779017857145 0.7881411661551951 0.011300223214285714 0.006795265234546251
185 0.31131417410714285 0.8179526523454625 0.004324776785714286 0.02257781674704077
195 0.2510463169642857 0.8112669881630864 0.012137276785714286 0.019289785181937746