187 0.6067243303571429 0.6323174742381057 0.008649553571428572 0.007016005262003947
187 0.6980329241071429 0.11247533435650077 0.004603794642857143 0.013593510195132646
187 0.2885044642857143 0.640320105240079 0.008649553571428572 0.00723525542644157
187 0.38023158482142855 0.1749616312212234 0.004603794642857143 0.013593510195132646
187 0.15380859375 0.23744792808594606 0.004603794642857143 0.013593510195132646
187 0.08970424107142858 0.7062047796535847 0.008649553571428572 0.007016005262003947
187 0.6324637276785714 0.9250164437623328 0.004603794642857143 0.013593510195132646
187 0.16922433035714285 0.7660600745450559 0.008649553571428572 0.007016005262003947
187 0.48744419642857145 0.5731199298399474 0.008649553571428572 0.007016005262003947
187 0.6862444196428571 0.5577724183293138 0.008649553571428572 0.007016005262003947
187 0.12946428571428573 0.7825038368778776 0.008649553571428572 0.007016005262003947
142 0.18910435267857142 0.48717386538039903 0.008231026785714286 0.013593510195132646
193 0.12946428571428573 0.5208287656215742 0.018136160714285716 0.028721771541328656
32 0.27197265625 0.6109405832054374 0.0146484375 0.01644376233282175
190 0.6745256696428571 0.5498794124095593 0.007254464285714286 0.015786011839508878
177 0.6066545758928571 0.5218153913615435 0.008510044642857142 0.018855514141635606
176 0.6289760044642857 0.48750274062705545 0.015206473214285714 0.013374260030695024
191 0.646484375 0.4538478403858803 0.012555803571428572 0.0197325147993861
192 0.6465541294642857 0.3287656215742162 0.017717633928571428 0.027844770883578163
195 0.6256277901785714 0.23733830300372724 0.017996651785714284 0.028283271212453408
180 0.5875418526785714 0.23711905283928963 0.012137276785714286 0.013374260030695024
185 0.5929129464285714 0.30969085726814294 0.006417410714285714 0.03310677483008112
192 0.22816685267857142 0.42501644376233283 0.017717633928571428 0.027844770883578163
182 0.29673549107142855 0.424906818680114 0.008370535714285714 0.013593510195132646
175 0.5055106026785714 0.17507125630344222 0.015485491071428572 0.01381276035957027
14 0.5667550223214286 0.27187020390265293 0.008510044642857142 0.020171015128261346
178 0.6466238839285714 0.20160052620039465 0.008649553571428572 0.019951764963823723
183 0.6619698660714286 0.1062267046700285 0.006696428571428571 0.026090769568077175
192 0.28857421875 0.5790396842797632 0.018275669642857144 0.02850252137689103
63 0.2743443080357143 0.5499890374917781 0.012416294642857142 0.01381276035957027
192 0.22802734375 0.5499890374917781 0.017717633928571428 0.026529269896952423
188 0.3046875 0.36242052181539136 0.006417410714285714 0.017978513483885114
192 0.42836216517857145 0.2998245998684499 0.017717633928571428 0.027844770883578163
178 0.3872767857142857 0.2998245998684499 0.012276785714285714 0.013374260030695024
187 0.16922433035714285 0.5812321859241394 0.008649553571428572 0.007016005262003947
187 0.3681640625 0.3936636702477527 0.008649553571428572 0.00723525542644157
194 0.5862862723214286 0.36242052181539136 0.017996651785714284 0.028064021048015787
187 0.5470842633928571 0.36242052181539136 0.004603794642857143 0.013593510195132646
190 0.5028599330357143 0.36242052181539136 0.008231026785714286 0.01052400789300592
25 0.46435546875 0.1137908353431265 0.011021205357142858 0.016663012497259374
192 0.44761439732142855 0.14634948476211357 0.018833705357142856 0.029598772199079148
176 0.42606026785714285 0.17485200613900462 0.015345982142857142 0.013374260030695024
188 0.28857421875 0.2623328217496163 0.014090401785714286 0.010743258057443543
192 0.2671595982142857 0.23744792808594606 0.018415178571428572 0.02894102170576628
14 0.19273158482142858 0.236899802674852 0.010184151785714286 0.01381276035957027
182 0.5272042410714286 0.28568296426222317 0.008649553571428572 0.012716509537382154
177 0.646484375 0.8992545494409121 0.008370535714285714 0.02302126726595045
182 0.6561104910714286 0.7373383030037273 0.008370535714285714 0.014032010524007894
190 0.646484375 0.7064240298180223 0.010044642857142858 0.012278009208506906
188 0.6465541294642857 0.652488489366367 0.014927455357142858 0.012278009208506906
14 0.6465541294642857 0.5771760578820434 0.008510044642857142 0.02433676825257619
180 0.6466238839285714 0.5110721333041 0.008928571428571428 0.021486516114887087
187 0.5868443080357143 0.7375575531681648 0.004603794642857143 0.013593510195132646
187 0.5669642857142857 0.7062047796535847 0.008649553571428572 0.007016005262003947
187 0.5470842633928571 0.6749616312212234 0.004603794642857143 0.013374260030695024
195 0.5060686383928571 0.6749616312212234 0.018275669642857144 0.028721771541328656
14 0.47384207589285715 0.6749616312212234 0.0126953125 0.013374260030695024
63 0.44775390625 0.6459109844332384 0.008510044642857142 0.018855514141635606
142 0.41964285714285715 0.5497697873273405 0.008649553571428572 0.014251260688445516
63 0.38309151785714285 0.5497697873273405 0.01171875 0.013374260030695024
179 0.48583984375 0.2765840824380618 0.012137276785714286 0.024775268581451435
142 0.44761439732142855 0.21475553606665204 0.009068080357142858 0.013374260030695024
191 0.55322265625 0.17485200613900462 0.011579241071428572 0.018197763648322735
182 0.7260044642857143 0.2531243148432361 0.008649553571428572 0.01381276035957027
184 0.11928013392857142 0.6652049989037492 0.006417410714285714 0.03332602499451875
175 0.19119698660714285 0.6125849594387196 0.014927455357142858 0.013593510195132646
192 0.7260044642857143 0.6415259811444859 0.018415178571428572 0.02894102170576628
25 0.18247767857142858 0.6727691295768472 0.014508928571428572 0.018636263977197982
196 0.4657505580357143 0.5499890374917781 0.017717633928571428 0.027844770883578163
63 0.39146205357142855 0.4876123657092743 0.014508928571428572 0.013593510195132646
102 0.6862444196428571 0.4538478403858803 0.008370535714285714 0.02324051743038807
193 0.66552734375 0.42501644376233283 0.017717633928571428 0.026090769568077175
193 0.6263950892857143 0.424906818680114 0.017857142857142856 0.028064021048015787
184 0.6213727678571429 0.371957903968428 0.006417410714285714 0.033983775487831616
188 0.18743024553571427 0.424906818680114 0.007393973214285714 0.01841701381276036
194 0.10784040178571429 0.5498794124095593 0.018415178571428572 0.02894102170576628
60 0.14529854910714285 0.36231089673317257 0.015764508928571428 0.013374260030695024
191 0.42320033482142855 0.48750274062705545 0.0126953125 0.019951764963823723
32 0.31619698660714285 0.5487831615873712 0.013811383928571428 0.016663012497259374
179 0.13106863839285715 0.6430607322955493 0.012137276785714286 0.02718702039026529
194 0.12946428571428573 0.7073010304757729 0.018973214285714284 0.029818022363516772
188 0.4307338169642857 0.36253014689761015 0.007393973214285714 0.022144266608199955
178 0.44754464285714285 0.5082218811664109 0.008649553571428572 0.02324051743038807
193 0.16929408482142858 0.3335891251918439 0.017717633928571428 0.027844770883578163
192 0.26890345982142855 0.29993422495066874 0.017717633928571428 0.026748520061390047
14 0.32833426339285715 0.31911861433896077 0.008510044642857142 0.020828765621574215
196 0.70458984375 0.5498794124095593 0.018275669642857144 0.02894102170576628
186 0.5505022321428571 0.5499890374917781 0.010881696428571428 0.016005262003946502
177 0.5094168526785714 0.5497697873273405 0.014090401785714286 0.013374260030695024