187 0.45382254464285715 0.5517316966242876 0.005859375 0.004822446295484437
187 0.6607142857142857 0.17667689609820253 0.0030691964285714285 0.00920648838228847
187 0.44210379464285715 0.3035949145111793 0.0030691964285714285 0.00920648838228847
187 0.11104910714285714 0.3035949145111793 0.0030691964285714285 0.00920648838228847
187 0.7154715401785714 0.1343708899605436 0.003208705357142857 0.00920648838228847
187 0.29227120535714285 0.9140727750986409 0.005859375 0.004822446295484437
187 0.25990513392857145 0.8958790004384042 0.0030691964285714285 0.00920648838228847
187 0.7499302455357143 0.14839982463831652 0.005719866071428571 0.004822446295484437
187 0.3999720982142857 0.9162647961420429 0.005859375 0.004822446295484437
186 0.46854073660714285 0.4725997369574748 0.007393973214285714 0.01052170100832968
119 0.49365234375 0.46810609381850066 0.011858258928571428 0.019070583077597545
25 0.44203404017857145 0.4741341516878562 0.010463169642857142 0.011398509425690487
193 0.3857421875 0.472818939061815 0.012276785714285714 0.019289785181937746
184 0.3599330357142857 0.47950460324419114 0.004185267857142857 0.02257781674704077
63 0.5617327008928571 0.36442349846558525 0.005719866071428571 0.014686540990793511
177 0.5615234375 0.32737834283209116 0.005859375 0.015124945199473916
178 0.57275390625 0.21898290223586148 0.0107421875 0.00920648838228847
14 0.6046316964285714 0.21909250328803156 0.007533482142857143 0.009425690486628672
119 0.5446428571428571 0.4354449802718106 0.009765625 0.018632178868917142
192 0.5205078125 0.43062253397632616 0.011997767857142858 0.018632178868917142
191 0.48067801339285715 0.48871109162647963 0.008231026785714286 0.012932924156071899
63 0.4662388392857143 0.5153441473038142 0.011160714285714286 0.00920648838228847
188 0.26534598214285715 0.873958790004384 0.008928571428571428 0.008768084173608066
181 0.3344029017857143 0.8533537921964051 0.008370535714285714 0.00920648838228847
192 0.35958426339285715 0.8535729943007453 0.012974330357142858 0.020166593599298552
176 0.41469029017857145 0.8533537921964051 0.009068080357142858 0.00920648838228847
60 0.46714564732142855 0.8531345900920649 0.008231026785714286 0.00920648838228847
189 0.26527622767857145 0.6627575624725998 0.007393973214285714 0.021262604120999562
182 0.26534598214285715 0.5866944322665497 0.005859375 0.008548882069267865
181 0.30496651785714285 0.4727093380096449 0.008649553571428572 0.00898728627794827
190 0.45382254464285715 0.8231039017974573 0.006417410714285714 0.00789127575624726
195 0.45382254464285715 0.7889083735203858 0.01171875 0.018851380973257344
14 0.4434291294642857 0.7690705830775976 0.007672991071428571 0.00898728627794827
185 0.41650390625 0.7756466462078035 0.004603794642857143 0.02257781674704077
187 0.45382254464285715 0.7055019728189391 0.005859375 0.005041648399824638
194 0.46791294642857145 0.5997369574747917 0.012555803571428572 0.01972818939061815
184 0.4764927455357143 0.569596668128014 0.014369419642857142 0.0076720736519070585
194 0.49490792410714285 0.5574309513371328 0.012416294642857142 0.01972818939061815
63 0.6692243303571429 0.24309513371328365 0.005580357142857143 0.012275317843051293
177 0.6691545758928571 0.28507233669443227 0.005719866071428571 0.012494519947391494
183 0.6583426339285714 0.30786935554581324 0.004464285714285714 0.017755370451556333
193 0.6006556919642857 0.30370451556334943 0.012137276785714286 0.019070583077597545
183 0.6718052455357143 0.3345024112231477 0.011300223214285714 0.0070144673388864535
182 0.58251953125 0.26128890837352037 0.005719866071428571 0.00920648838228847
189 0.5472237723214286 0.26128890837352037 0.013532366071428572 0.010083296799649276
195 0.6153041294642857 0.28375712406839104 0.012137276785714286 0.019070583077597545
184 0.7272600446428571 0.49408154318281455 0.014229910714285714 0.0070144673388864535
178 0.7230050223214286 0.582639193336256 0.005719866071428571 0.016220955721174924
196 0.7230050223214286 0.44980271810609385 0.011579241071428572 0.018851380973257344
193 0.7230747767857143 0.40925032880315654 0.011997767857142858 0.018851380973257344
196 0.7230747767857143 0.3237615081104779 0.011997767857142858 0.018851380973257344
102 0.7230747767857143 0.2764138535729943 0.005859375 0.012275317843051293
192 0.7230050223214286 0.23827268741779922 0.0126953125 0.01972818939061815
184 0.7189592633928571 0.1873081981587023 0.0146484375 0.007233669443226655
184 0.71142578125 0.1832529592284086 0.004324776785714286 0.022797018851380975
184 0.16183035714285715 0.3795484436650592 0.014229910714285714 0.006795265234546251
63 0.14362444196428573 0.43018412976764575 0.0107421875 0.009425690486628672
177 0.11495535714285714 0.430403331871986 0.009207589285714286 0.00898728627794827
179 0.20152064732142858 0.3018412976764577 0.0107421875 0.012713722051731697
32 0.2509765625 0.30293730819815873 0.008091517857142858 0.01052170100832968
32 0.27755301339285715 0.3028277071459886 0.010184151785714286 0.011179307321350284
102 0.35811941964285715 0.3035949145111793 0.0078125 0.00920648838228847
190 0.38392857142857145 0.3035949145111793 0.005301339285714286 0.01052170100832968
175 0.41329520089285715 0.3035949145111793 0.0087890625 0.00920648838228847
188 0.15764508928571427 0.4580227970188514 0.009765625 0.0076720736519070585
60 0.19621930803571427 0.5149057430951337 0.008231026785714286 0.00920648838228847
190 0.21979631696428573 0.5151249451994739 0.004324776785714286 0.01052170100832968
192 0.3597935267857143 0.515234546251644 0.011997767857142858 0.018632178868917142
180 0.3887416294642857 0.5151249451994739 0.007952008928571428 0.009644892590968873
184 0.44559151785714285 0.5084392810170978 0.004743303571428571 0.02257781674704077
63 0.6573660714285714 0.5996273564226217 0.007533482142857143 0.00898728627794827
196 0.6827566964285714 0.5997369574747917 0.011997767857142858 0.018851380973257344
178 0.6423688616071429 0.7951556334940816 0.005719866071428571 0.012494519947391494
194 0.57421875 0.8112669881630864 0.012555803571428572 0.01972818939061815
119 0.5458984375 0.8158702323542306 0.011997767857142858 0.018851380973257344
194 0.5210658482142857 0.8112669881630864 0.011997767857142858 0.01797457255589654
194 0.4937220982142857 0.8112669881630864 0.013113839285714286 0.020604997807978958
193 0.6422293526785714 0.5767207365190706 0.011579241071428572 0.018851380973257344
178 0.6153041294642857 0.7893467777290663 0.005719866071428571 0.013590530469092503
179 0.63134765625 0.6824857518632179 0.011858258928571428 0.012494519947391494
176 0.6153041294642857 0.6149715037264357 0.005719866071428571 0.015124945199473916
186 0.6296037946428571 0.5997369574747917 0.007533482142857143 0.010083296799649276
192 0.6153738839285714 0.5778167470407716 0.011997767857142858 0.018851380973257344
178 0.5748465401785714 0.5574309513371328 0.009626116071428572 0.008768084173608066
189 0.5469447544642857 0.5574309513371328 0.013532366071428572 0.010083296799649276
186 0.5191127232142857 0.5574309513371328 0.007533482142857143 0.01052170100832968
184 0.33447265625 0.42371766768960983 0.004603794642857143 0.02235861464270057
14 0.3832310267857143 0.4307321350284963 0.0078125 0.00920648838228847
179 0.4400111607142857 0.42864971503726434 0.010602678571428572 0.012494519947391494
195 0.31919642857142855 0.4077159140727751 0.010881696428571428 0.01709776413853573
175 0.31905691964285715 0.37297238053485315 0.006138392857142857 0.015563349408154318
182 0.31919642857142855 0.2906619903551074 0.005859375 0.00920648838228847
182 0.36446707589285715 0.21909250328803156 0.005719866071428571 0.009864094695309075
181 0.38351004464285715 0.21898290223586148 0.010602678571428572 0.00920648838228847
195 0.4409877232142857 0.26128890837352037 0.011997767857142858 0.018851380973257344
180 0.3999720982142857 0.31893906181499343 0.005859375 0.01446733888645331
192 0.39990234375 0.3678211310828584 0.011579241071428572 0.018851380973257344
177 0.41134207589285715 0.38842612889083733 0.009068080357142858 0.00920648838228847
179 0.46240234375 0.3864533099517755 0.011579241071428572 0.012713722051731697
180 0.5166713169642857 0.8533537921964051 0.010463169642857142 0.00920648838228847
102 0.6291155133928571 0.8534633932485752 0.007952008928571428 0.009425690486628672
176 0.5076729910714286 0.7864971503726436 0.005859375 0.014028934677772907
32 0.5494559151785714 0.6833625602805787 0.009905133928571428 0.010740903112669882
179 0.5712193080357143 0.6824857518632179 0.010184151785714286 0.012932924156071899
195 0.07686941964285714 0.32332310390179747 0.010881696428571428 0.01709776413853573
187 0.09026227678571429 0.3035949145111793 0.0030691964285714285 0.00920648838228847
102 0.1748046875 0.4307321350284963 0.010602678571428572 0.00920648838228847
185 0.3057338169642857 0.4240464708461201 0.004324776785714286 0.023016220955721176
181 0.48074776785714285 0.6254932047347654 0.005859375 0.011617711530030689
179 0.4818638392857143 0.6579351161771153 0.008091517857142858 0.016001753616834723
189 0.5076729910714286 0.5781455501972819 0.006138392857142857 0.021262604120999562
185 0.50341796875 0.5415387987724682 0.014369419642857142 0.006795265234546251
102 0.3998325892857143 0.8291319596668129 0.005859375 0.012932924156071899
183 0.41441127232142855 0.8072117492327926 0.004603794642857143 0.01819377466023674
14 0.4437779017857143 0.8112669881630864 0.010044642857142858 0.008768084173608066
182 0.47237723214285715 0.8110477860587462 0.005580357142857143 0.009644892590968873
177 0.39990234375 0.7856203419552827 0.005719866071428571 0.014905743095133712
190 0.3999720982142857 0.7354230600613766 0.005580357142857143 0.008768084173608066
191 0.39990234375 0.7056115738711092 0.007114955357142857 0.010960105217010083
102 0.39976283482142855 0.5737615081104779 0.005998883928571429 0.015124945199473916
102 0.7120535714285714 0.8536825953529154 0.009486607142857142 0.00898728627794827
195 0.6822684151785714 0.8535729943007453 0.010463169642857142 0.016220955721174924
187 0.7095424107142857 0.8112669881630864 0.0030691964285714285 0.00920648838228847
190 0.42689732142857145 0.18774660236738272 0.006417410714285714 0.011617711530030689
25 0.4814453125 0.3272687417799211 0.007533482142857143 0.016659359929855327
195 0.5221819196428571 0.17667689609820253 0.011997767857142858 0.018851380973257344
181 0.5345284598214286 0.1574967119684349 0.005719866071428571 0.012932924156071899
196 0.5482700892857143 0.1343708899605436 0.012276785714285714 0.019289785181937746
178 0.5730329241071429 0.13448049101271373 0.010184151785714286 0.00898728627794827
182 0.5884486607142857 0.3718763700131521 0.005859375 0.009425690486628672
189 0.58837890625 0.4106751424813678 0.0068359375 0.021262604120999562
178 0.5800083705357143 0.43051293292415604 0.010184151785714286 0.009644892590968873
32 0.5889369419642857 0.32091188075405525 0.0068359375 0.01709776413853573
177 0.58837890625 0.28572994300745286 0.005719866071428571 0.015563349408154318
119 0.5853794642857143 0.23476545374835597 0.012276785714285714 0.016659359929855327
193 0.6960797991071429 0.6645111793073214 0.012416294642857142 0.019508987286277948
189 0.6819893973214286 0.6843489697501096 0.013532366071428572 0.011398509425690487
189 0.6960797991071429 0.7057211749232792 0.007393973214285714 0.021262604120999562
186 0.6962193080357143 0.8341736080666374 0.007114955357142857 0.011617711530030689
187 0.6960797991071429 0.6208899605436212 0.005719866071428571 0.005041648399824638
119 0.6929408482142857 0.5827487943884261 0.011997767857142858 0.013809732573432706
196 0.6961495535714286 0.4506795265234546 0.011997767857142858 0.018851380973257344
179 0.5191824776785714 0.22062691801841297 0.0107421875 0.012932924156071899
60 0.4911411830357143 0.21920210434020165 0.009905133928571428 0.00920648838228847
60 0.5884486607142857 0.15387987724682156 0.005859375 0.016659359929855327
63 0.6835239955357143 0.13448049101271373 0.008231026785714286 0.00898728627794827
175 0.29220145089285715 0.8709995615957913 0.005719866071428571 0.012932924156071899
180 0.29220145089285715 0.8386672512056116 0.005719866071428571 0.012713722051731697
189 0.29227120535714285 0.7885795703638755 0.005580357142857143 0.021262604120999562
184 0.2880161830357143 0.6682376150811048 0.014369419642857142 0.006795265234546251
188 0.29220145089285715 0.6126698816308637 0.010463169642857142 0.00789127575624726
63 0.42689732142857145 0.36179307321350285 0.005859375 0.015563349408154318
196 0.4268275669642857 0.3237615081104779 0.011858258928571428 0.018851380973257344
60 0.4267578125 0.2839763261727313 0.005859375 0.012494519947391494
186 0.40004185267857145 0.24441034633932485 0.006277901785714286 0.012275317843051293
195 0.7354213169642857 0.17678649715037265 0.0107421875 0.016878562034195528
195 0.7499302455357143 0.198925909688733 0.0107421875 0.016878562034195528
14 0.7385602678571429 0.30370451556334943 0.010044642857142858 0.00898728627794827
184 0.7333984375 0.3947829899167032 0.004464285714285714 0.022797018851380975
195 0.7091238839285714 0.38820692678649715 0.011997767857142858 0.01841297676457694
119 0.39683314732142855 0.8719859710653223 0.011858258928571428 0.01578255151249452
183 0.42417689732142855 0.8307759754493643 0.011300223214285714 0.0070144673388864535
177 0.53466796875 0.4915607189829022 0.005719866071428571 0.016878562034195528
196 0.5207868303571429 0.5151249451994739 0.011997767857142858 0.018851380973257344
183 0.5372488839285714 0.5425252082419991 0.011160714285714286 0.0070144673388864535
195 0.5345284598214286 0.5790223586146427 0.0107421875 0.016878562034195528
14 0.5344587053571429 0.6226435773783429 0.005859375 0.016440157825515125