187 0.14969308035714285 0.8000438500328875 0.004464285714285714 0.013593510195132646
187 0.4476841517857143 0.6293575970181977 0.008649553571428572 0.00723525542644157
187 0.6862444196428571 0.640320105240079 0.008649553571428572 0.00723525542644157
187 0.7062639508928571 0.11247533435650077 0.004603794642857143 0.013593510195132646
187 0.6809430803571429 0.48739311554483666 0.004464285714285714 0.013593510195132646
187 0.51025390625 0.29993422495066874 0.004603794642857143 0.013593510195132646
187 0.11614118303571429 0.1749616312212234 0.004603794642857143 0.013593510195132646
187 0.5669642857142857 0.7053277789958342 0.008649553571428572 0.007016005262003947
187 0.6808733258928571 0.424906818680114 0.004603794642857143 0.013593510195132646
185 0.10979352678571429 0.22769129576847183 0.006417410714285714 0.03354527515895637
195 0.08970424107142858 0.27099320324490245 0.018415178571428572 0.02894102170576628
182 0.08984375 0.3263538697654023 0.008649553571428572 0.012935759701819776
14 0.08956473214285714 0.38642841482131113 0.008928571428571428 0.018636263977197982
177 0.08970424107142858 0.4509975882481912 0.009207589285714286 0.016224512168384126
179 0.11063058035714286 0.547138785354089 0.014787946428571428 0.018636263977197982
14 0.15032087053571427 0.5499890374917781 0.012137276785714286 0.013374260030695024
60 0.22935267857142858 0.5504275378206533 0.016462053571428572 0.013374260030695024
175 0.18631417410714285 0.42534531900898925 0.012137276785714286 0.014032010524007894
189 0.22886439732142858 0.424906818680114 0.019949776785714284 0.013593510195132646
102 0.31068638392857145 0.42534531900898925 0.012555803571428572 0.014032010524007894
187 0.3482142857142857 0.424906818680114 0.004464285714285714 0.013593510195132646
190 0.5272042410714286 0.33578162683622015 0.007254464285714286 0.010743258057443543
182 0.5133928571428571 0.36242052181539136 0.008649553571428572 0.013593510195132646
177 0.5433175223214286 0.36242052181539136 0.013532366071428572 0.0131550098662574
195 0.5480608258928571 0.424906818680114 0.015485491071428572 0.02367901775926332
187 0.5868443080357143 0.424906818680114 0.004603794642857143 0.013593510195132646
182 0.28836495535714285 0.5369436527077396 0.008928571428571428 0.014032010524007894
184 0.2822963169642857 0.4671124753343565 0.021065848214285716 0.00986625739969305
194 0.28857421875 0.7694584520938391 0.018275669642857144 0.028721771541328656
179 0.26639229910714285 0.8025652269239202 0.013253348214285714 0.018636263977197982
183 0.35853794642857145 0.6186143389607542 0.006417410714285714 0.026090769568077175
14 0.6463448660714286 0.5269677702258276 0.008649553571428572 0.02170576627932471
192 0.6261858258928571 0.424906818680114 0.018275669642857144 0.02850252137689103
177 0.6464146205357143 0.3892786669590002 0.0087890625 0.02433676825257619
192 0.6465541294642857 0.5819995614996711 0.017717633928571428 0.027844770883578163
195 0.6257672991071429 0.6124753343565008 0.017717633928571428 0.027844770883578163
189 0.5857282366071429 0.6124753343565008 0.019949776785714284 0.014251260688445516
192 0.5449916294642857 0.6124753343565008 0.018833705357142856 0.029598772199079148
191 0.6067243303571429 0.39793904845428635 0.012555803571428572 0.0197325147993861
187 0.3681640625 0.33117737338303005 0.008649553571428572 0.00723525542644157
188 0.3681640625 0.261346196009647 0.015904017857142856 0.013593510195132646
188 0.31529017857142855 0.23733830300372724 0.008091517857142858 0.027844770883578163
179 0.23381696428571427 0.23996930497697874 0.016741071428571428 0.018636263977197982
181 0.3680943080357143 0.5859460644595483 0.008510044642857142 0.019513264634948475
119 0.6510881696428571 0.32766937075202807 0.018136160714285716 0.023459767594825695
32 0.6209542410714286 0.48640648980486734 0.012276785714285714 0.015566761675071256
192 0.6067243303571429 0.4558210918658189 0.018136160714285716 0.02850252137689103
60 0.4873744419642857 0.40363955272966456 0.008510044642857142 0.018855514141635606
185 0.49365234375 0.4456259592194694 0.021065848214285716 0.00986625739969305
189 0.46665736607142855 0.6124753343565008 0.020089285714285716 0.01775926331944749
102 0.40799386160714285 0.5099758824819118 0.008510044642857142 0.02104801578601184
119 0.40345982142857145 0.46196009647007236 0.017857142857142856 0.0263100197325148
195 0.32833426339285715 0.6429511072133304 0.0146484375 0.02433676825257619
25 0.32945033482142855 0.7604691953518965 0.0107421875 0.021267265950449463
63 0.31522042410714285 0.8000438500328875 0.014090401785714286 0.013593510195132646
186 0.24881417410714285 0.6410874808156106 0.009347098214285714 0.017540013155009866
60 0.24867466517857142 0.5805744354308265 0.008510044642857142 0.021486516114887087
119 0.26932198660714285 0.4803771102828327 0.015206473214285714 0.02762552071914054
194 0.24881417410714285 0.7067529050646788 0.017438616071428572 0.027844770883578163
142 0.24874441964285715 0.8776584082438061 0.008649553571428572 0.014032010524007894
196 0.6862444196428571 0.3287656215742162 0.017299107142857144 0.027844770883578163
25 0.6312779017857143 0.3017978513483885 0.012276785714285714 0.016005262003946502
102 0.5827985491071429 0.1747423810567858 0.013253348214285714 0.013593510195132646
183 0.25272042410714285 0.284038588028941 0.0166015625 0.00986625739969305
180 0.24881417410714285 0.46206972155229115 0.008510044642857142 0.016882262661696998
195 0.38936941964285715 0.424906818680114 0.015904017857142856 0.02499451874588906
179 0.5927734375 0.5527296645472484 0.014229910714285714 0.018855514141635606
185 0.5606166294642857 0.5196228897171673 0.020786830357142856 0.010085507564130673
177 0.5671735491071429 0.388840166630125 0.0087890625 0.017320762990572242
177 0.5669642857142857 0.3287656215742162 0.008370535714285714 0.023898267923700943
184 0.5099051339285714 0.24687568515676386 0.006417410714285714 0.033764525323393996
179 0.5254603794642857 0.20993203244902434 0.011858258928571428 0.02433676825257619
186 0.5489676339285714 0.17485200613900462 0.010881696428571428 0.014689761017320764
63 0.6067940848214286 0.21037053277789958 0.008510044642857142 0.02433676825257619
196 0.54638671875 0.23733830300372724 0.017717633928571428 0.027844770883578163
190 0.5272042410714286 0.6336329752247314 0.010323660714285714 0.015786011839508878
32 0.68701171875 0.14887086165314625 0.010184151785714286 0.02499451874588906
184 0.6260463169642857 0.24698531023898268 0.007114955357142857 0.03354527515895637
176 0.16915457589285715 0.204889278666959 0.008510044642857142 0.01775926331944749
185 0.189453125 0.47774610830958125 0.006417410714285714 0.03332602499451875
32 0.22893415178571427 0.4859679894759921 0.014229910714285714 0.016005262003946502
192 0.19056919642857142 0.6124753343565008 0.018136160714285716 0.028721771541328656
63 0.6067940848214286 0.3391800043850033 0.008510044642857142 0.017978513483885114
25 0.5656389508928571 0.6495286121464591 0.011300223214285714 0.022144266608199955
183 0.6284877232142857 0.3560622670467003 0.006417410714285714 0.0263100197325148
188 0.5387834821428571 0.29993422495066874 0.006417410714285714 0.0263100197325148
182 0.5271344866071429 0.13100197325147994 0.0087890625 0.013374260030695024
188 0.5397600446428571 0.11236570927428195 0.008649553571428572 0.022144266608199955
195 0.16929408482142858 0.8330409997807499 0.017996651785714284 0.028283271212453408
177 0.1689453125 0.7709932032449024 0.008649553571428572 0.023459767594825695
182 0.19510323660714285 0.7372286779215085 0.0087890625 0.014251260688445516
187 0.22893415178571427 0.7375575531681648 0.004464285714285714 0.013593510195132646
193 0.27001953125 0.7374479280859461 0.017717633928571428 0.026529269896952423
119 0.3076171875 0.6677263757947819 0.015625 0.027844770883578163
182 0.16915457589285715 0.7030256522692392 0.0087890625 0.013374260030695024
32 0.3685825892857143 0.6556676167507126 0.010044642857142858 0.023898267923700943