187 0.2705775669642857 0.29993422495066874 0.004603794642857143 0.013593510195132646
187 0.10630580357142858 0.11247533435650077 0.004464285714285714 0.013593510195132646
187 0.6862444196428571 0.9035299276474458 0.008649553571428572 0.007016005262003947
187 0.69677734375 0.36242052181539136 0.004603794642857143 0.013593510195132646
187 0.6067243303571429 0.3393992545494409 0.008649553571428572 0.007016005262003947
187 0.5744977678571429 0.36242052181539136 0.004464285714285714 0.013593510195132646
187 0.24874441964285715 0.4408024556018417 0.008649553571428572 0.00723525542644157
187 0.63330078125 0.9250164437623328 0.004603794642857143 0.013593510195132646
187 0.24874441964285715 0.9067090550317912 0.008649553571428572 0.00723525542644157
187 0.10323660714285714 0.8625301468976102 0.004464285714285714 0.013593510195132646
187 0.7260044642857143 0.7269239201929402 0.008649553571428572 0.00723525542644157
14 0.4476841517857143 0.33128699846524884 0.008928571428571428 0.01841701381276036
189 0.4258510044642857 0.11247533435650077 0.019949776785714284 0.011401008550756413
182 0.3921595982142857 0.11203683402762551 0.008091517857142858 0.013593510195132646
192 0.4873744419642857 0.39223854417890813 0.019112723214285716 0.029818022363516772
191 0.4873744419642857 0.2638675729006797 0.012974330357142858 0.02039026529269897
182 0.48716517857142855 0.5076737557553168 0.008649553571428572 0.012935759701819776
195 0.4672154017857143 0.5499890374917781 0.015625 0.024775268581451435
60 0.40785435267857145 0.6421837316377987 0.008510044642857142 0.017540013155009866
142 0.208984375 0.28458671344003506 0.009207589285714286 0.014032010524007894
60 0.208984375 0.2000657750493313 0.008370535714285714 0.016882262661696998
192 0.23067801339285715 0.11236570927428195 0.017717633928571428 0.027844770883578163
183 0.17299107142857142 0.3360008770006577 0.017020089285714284 0.00986625739969305
190 0.16922433035714285 0.37327340495505373 0.008091517857142858 0.010743258057443543
142 0.23786272321428573 0.424906818680114 0.008649553571428572 0.014032010524007894
102 0.30594308035714285 0.42446831835123877 0.011439732142857142 0.013593510195132646
192 0.34842354910714285 0.424906818680114 0.017996651785714284 0.028064021048015787
185 0.39013671875 0.4152598114448586 0.006556919642857143 0.03332602499451875
191 0.22216796875 0.29993422495066874 0.011858258928571428 0.01841701381276036
193 0.6863141741071429 0.8306292479719359 0.017717633928571428 0.027844770883578163
193 0.6863141741071429 0.7679237009427757 0.017717633928571428 0.027844770883578163
25 0.6646205357142857 0.7388730541547907 0.010881696428571428 0.01710151282613462
189 0.5851702008928571 0.6749616312212234 0.019949776785714284 0.017320762990572242
179 0.5106724330357143 0.6775926331944749 0.014090401785714286 0.01907476430607323
182 0.5358537946428571 0.7374479280859461 0.009207589285714286 0.01381276035957027
180 0.4286411830357143 0.7367901775926332 0.012137276785714286 0.013374260030695024
195 0.44761439732142855 0.5802455601841702 0.017717633928571428 0.027844770883578163
195 0.4476841517857143 0.4560403420302565 0.018694196428571428 0.029379522034641527
175 0.44775390625 0.7143170357377768 0.008510044642857142 0.02367901775926332
14 0.4476841517857143 0.7714317035737777 0.008370535714285714 0.024775268581451435
188 0.42403738839285715 0.6124753343565008 0.006277901785714286 0.020828765621574215
119 0.39027622767857145 0.557005042753782 0.015764508928571428 0.028721771541328656
187 0.3482142857142857 0.5498794124095593 0.004464285714285714 0.013593510195132646
176 0.12946428571428573 0.8344661258495943 0.008370535714285714 0.020171015128261346
196 0.22914341517857142 0.7999342249506687 0.017717633928571428 0.027844770883578163
181 0.27197265625 0.7999342249506687 0.014927455357142858 0.013374260030695024
142 0.31982421875 0.8001534751151064 0.008510044642857142 0.014251260688445516
183 0.29757254464285715 0.7313089234816926 0.006417410714285714 0.026090769568077175
60 0.72607421875 0.44573558430168825 0.008510044642857142 0.019294014470510854
176 0.72607421875 0.5105240078930059 0.008510044642857142 0.01907476430607323
187 0.7061941964285714 0.6123657092742819 0.004464285714285714 0.013593510195132646
193 0.6648297991071429 0.424906818680114 0.019391741071428572 0.03025652269239202
177 0.5104631696428571 0.42457794343345756 0.011997767857142858 0.013374260030695024
185 0.33461216517857145 0.3487173865380399 0.021065848214285716 0.010743258057443543
188 0.2640904017857143 0.36242052181539136 0.007254464285714286 0.02367901775926332
195 0.32840401785714285 0.2661696996272747 0.015904017857142856 0.02499451874588906
184 0.32205636160714285 0.22286779215084412 0.021065848214285716 0.010304757728568297
195 0.32833426339285715 0.3962946722210042 0.0166015625 0.027844770883578163
32 0.2891322544642857 0.5918658188993642 0.009905133928571428 0.02565226923920193
179 0.31103515625 0.6098443323832493 0.016043526785714284 0.018636263977197982
60 0.6064453125 0.40067967550975664 0.008649553571428572 0.018197763648322735
192 0.6067243303571429 0.5821091865818899 0.018694196428571428 0.029379522034641527
102 0.36802455357142855 0.7609076956807718 0.008928571428571428 0.02170576627932471
184 0.29471261160714285 0.1572023679017759 0.021344866071428572 0.010085507564130673
119 0.26353236607142855 0.2443543082657312 0.014508928571428572 0.028283271212453408
181 0.11725725446428571 0.23733830300372724 0.011579241071428572 0.013374260030695024
102 0.24867466517857142 0.33435650076737555 0.008510044642857142 0.022802017101512827
177 0.28857421875 0.39421179565884673 0.008510044642857142 0.020609515457136594
185 0.43080357142857145 0.8528831396623547 0.006417410714285714 0.033764525323393996
142 0.12946428571428573 0.18811664108748083 0.008649553571428572 0.012716509537382154
175 0.12939453125 0.3383030037272528 0.008510044642857142 0.020171015128261346
196 0.12946428571428573 0.3954176715632537 0.017578125 0.027844770883578163
192 0.14955357142857142 0.424906818680114 0.018415178571428572 0.02894102170576628
195 0.6465541294642857 0.4541767156325367 0.015485491071428572 0.02433676825257619
195 0.48744419642857145 0.6445954834466125 0.015066964285714286 0.024117518088138567
181 0.6861746651785714 0.5897829423372067 0.008510044642857142 0.017978513483885114
194 0.6863141741071429 0.5165533874150405 0.017438616071428572 0.028064021048015787
175 0.6866629464285714 0.458671344003508 0.008928571428571428 0.01841701381276036
196 0.15101841517857142 0.17485200613900462 0.017717633928571428 0.027406270554702915
196 0.16922433035714285 0.14306073229554922 0.017578125 0.027844770883578163
190 0.46226283482142855 0.924906818680114 0.0068359375 0.010743258057443543
181 0.5461774553571429 0.9250164437623328 0.01171875 0.0131550098662574
176 0.5821707589285714 0.9251260688445516 0.015066964285714286 0.013374260030695024
14 0.24867466517857142 0.7714317035737777 0.008510044642857142 0.02170576627932471
193 0.32833426339285715 0.6422933567200175 0.0185546875 0.029160271870203903
180 0.47314453125 0.6124753343565008 0.013253348214285714 0.01381276035957027
185 0.17536272321428573 0.7711028283271213 0.021484375 0.010085507564130673
187 0.16922433035714285 0.8312869984652489 0.008649553571428572 0.00723525542644157
175 0.16936383928571427 0.5259811444858583 0.008649553571428572 0.020609515457136594
179 0.6482282366071429 0.3375356281517211 0.011858258928571428 0.02565226923920193
185 0.6162806919642857 0.24687568515676386 0.006277901785714286 0.033764525323393996
179 0.5443638392857143 0.23996930497697874 0.013950892857142858 0.018636263977197982