187 0.5076729910714286 0.6711968434896975 0.005859375 0.004822446295484437
187 0.6153738839285714 0.8831652783866725 0.005859375 0.004822446295484437
187 0.7165178571428571 0.5574309513371328 0.0030691964285714285 0.00920648838228847
187 0.5345982142857143 0.9261288908373521 0.005859375 0.004822446295484437
187 0.6960797991071429 0.8776852257781674 0.005719866071428571 0.004822446295484437
187 0.17522321428571427 0.9381850065760632 0.0030691964285714285 0.00920648838228847
187 0.31919642857142855 0.41429197720298117 0.005859375 0.004822446295484437
187 0.31222098214285715 0.3459009206488382 0.0030691964285714285 0.00920648838228847
187 0.1845703125 0.862998684787374 0.005859375 0.004822446295484437
187 0.26534598214285715 0.3222270933800965 0.005859375 0.004822446295484437
187 0.10379464285714286 0.9252520824199912 0.005859375 0.004822446295484437
187 0.5076729910714286 0.10302498903989478 0.005859375 0.004822446295484437
194 0.5076729910714286 0.535949145111793 0.011997767857142858 0.018851380973257344
14 0.5076729910714286 0.4975887768522578 0.005859375 0.015344147303814117
179 0.49400111607142855 0.6439061814993424 0.008649553571428572 0.012932924156071899
185 0.4610072544642857 0.6487286277948269 0.004603794642857143 0.02257781674704077
192 0.41322544642857145 0.6420429636124507 0.011997767857142858 0.018851380973257344
176 0.39041573660714285 0.6420429636124507 0.009626116071428572 0.009644892590968873
175 0.35818917410714285 0.6420429636124507 0.009905133928571428 0.008768084173608066
63 0.32924107142857145 0.6420429636124507 0.008649553571428572 0.00920648838228847
195 0.68359375 0.8535729943007453 0.011997767857142858 0.018851380973257344
192 0.6153041294642857 0.7883603682595353 0.012137276785714286 0.019070583077597545
119 0.6122349330357143 0.7448487505480053 0.012137276785714286 0.014905743095133712
60 0.6151646205357143 0.7076939938623411 0.005719866071428571 0.013809732573432706
193 0.6153041294642857 0.6197939500219202 0.012416294642857142 0.019508987286277948
119 0.6123744419642857 0.5816527838667251 0.012137276785714286 0.015563349408154318
25 0.6291155133928571 0.5563349408154318 0.0107421875 0.010960105217010083
194 0.5471540178571429 0.7266549758877685 0.011997767857142858 0.018851380973257344
183 0.49658203125 0.7308198158702324 0.004324776785714286 0.01797457255589654
183 0.5319475446428571 0.8811924594476107 0.011439732142857142 0.007452871547566856
180 0.5788225446428571 0.8533537921964051 0.0078125 0.00920648838228847
32 0.5349469866071429 0.8335160017536168 0.006556919642857143 0.016878562034195528
25 0.5338309151785714 0.7083516001753617 0.007114955357142857 0.012056115738711091
187 0.5345982142857143 0.6208899605436212 0.005859375 0.005041648399824638
194 0.5482700892857143 0.5574309513371328 0.011997767857142858 0.01797457255589654
196 0.31919642857142855 0.15431828145550197 0.012276785714285714 0.019289785181937746
195 0.31912667410714285 0.3248575186321789 0.011858258928571428 0.018851380973257344
183 0.693359375 0.7075843928101709 0.011160714285714286 0.0070144673388864535
32 0.6520647321428571 0.6410565541429197 0.009207589285714286 0.010740903112669882
190 0.63134765625 0.6420429636124507 0.005161830357142857 0.011398509425690487
179 0.5977260044642857 0.6439061814993424 0.010184151785714286 0.012932924156071899
175 0.5458286830357143 0.6417141604559404 0.007952008928571428 0.009425690486628672
195 0.34605189732142855 0.5777071459886015 0.012137276785714286 0.019070583077597545
195 0.3602818080357143 0.5574309513371328 0.010463169642857142 0.01578255151249452
188 0.3461216517857143 0.5424156071898291 0.008928571428571428 0.006795265234546251
183 0.33384486607142855 0.4770933800964489 0.004185267857142857 0.017755370451556333
195 0.27818080357142855 0.43051293292415604 0.010602678571428572 0.016659359929855327
196 0.19691685267857142 0.43051293292415604 0.012416294642857142 0.019289785181937746
25 0.48011997767857145 0.2766330556773345 0.0068359375 0.0131521262604121
142 0.46407645089285715 0.21920210434020165 0.005440848214285714 0.009644892590968873
142 0.4448939732142857 0.21920210434020165 0.005859375 0.009644892590968873
177 0.48067801339285715 0.4101271372205173 0.005719866071428571 0.013590530469092503
178 0.48074776785714285 0.45506356861025865 0.005859375 0.013590530469092503
181 0.48074776785714285 0.4866286716352477 0.005859375 0.014905743095133712
177 0.41245814732142855 0.5576501534414731 0.010184151785714286 0.00920648838228847
195 0.38609095982142855 0.5574309513371328 0.012416294642857142 0.019289785181937746
184 0.18875558035714285 0.3563130206049978 0.014229910714285714 0.007233669443226655
25 0.18519810267857142 0.4048662867163525 0.007114955357142857 0.015344147303814117
177 0.19900948660714285 0.3038141166155195 0.009905133928571428 0.00920648838228847
180 0.2735072544642857 0.3035949145111793 0.010184151785714286 0.00920648838228847
182 0.31905691964285715 0.29230600613765895 0.005859375 0.008548882069267865
177 0.31919642857142855 0.23925909688733013 0.005859375 0.014248136782113108
63 0.15757533482142858 0.8777948268303376 0.005998883928571429 0.014248136782113108
102 0.15757533482142858 0.8368040333187199 0.005719866071428571 0.014248136782113108
60 0.15757533482142858 0.7874835598421744 0.005719866071428571 0.013809732573432706
119 0.15450613839285715 0.7053923717667689 0.011858258928571428 0.01709776413853573
63 0.15771484375 0.6690048224462954 0.005719866071428571 0.014905743095133712
14 0.16608537946428573 0.6419333625602806 0.008231026785714286 0.00898728627794827
119 0.20033482142857142 0.6371109162647961 0.009207589285714286 0.018632178868917142
184 0.21721540178571427 0.6354669004822446 0.004464285714285714 0.022797018851380975
14 0.2744838169642857 0.642371766768961 0.009626116071428572 0.009425690486628672
60 0.15764508928571427 0.24583516001753616 0.005859375 0.012494519947391494
32 0.15841238839285715 0.2761946514686541 0.0068359375 0.01446733888645331
194 0.17208426339285715 0.3035949145111793 0.012137276785714286 0.01841297676457694
187 0.15764508928571427 0.4094695309074967 0.005859375 0.004822446295484437
188 0.17459542410714285 0.43051293292415604 0.005161830357142857 0.01578255151249452
14 0.17068917410714285 0.13448049101271373 0.008510044642857142 0.00898728627794827
181 0.28006417410714285 0.13459009206488382 0.008510044642857142 0.00920648838228847
194 0.21149553571428573 0.4083735203857957 0.01171875 0.018851380973257344
178 0.21156529017857142 0.3691363437088996 0.005998883928571429 0.016659359929855327
191 0.21149553571428573 0.27926348092941694 0.008091517857142858 0.012713722051731697
25 0.22628348214285715 0.21788689171416045 0.008649553571428572 0.011398509425690487
193 0.58837890625 0.28375712406839104 0.012137276785714286 0.019070583077597545
196 0.5471540178571429 0.3035949145111793 0.012555803571428572 0.01972818939061815
195 0.52099609375 0.30370451556334943 0.012137276785714286 0.019070583077597545
196 0.5207170758928571 0.21909250328803156 0.012137276785714286 0.019070583077597545
190 0.49720982142857145 0.21898290223586148 0.005580357142857143 0.00920648838228847
184 0.5926339285714286 0.4071679088119246 0.014229910714285714 0.006795265234546251
187 0.5884486607142857 0.4517755370451556 0.005859375 0.004822446295484437
195 0.58837890625 0.4950679526523455 0.011021205357142858 0.01731696624287593
175 0.5885184151785714 0.536935554581324 0.005998883928571429 0.013809732573432706
184 0.34200613839285715 0.29405962297238053 0.0146484375 0.007233669443226655
14 0.7498604910714286 0.5836256028057869 0.005859375 0.012932924156071899
187 0.7499302455357143 0.6208899605436212 0.005719866071428571 0.005041648399824638
181 0.7497907366071429 0.8311047786058746 0.005998883928571429 0.012932924156071899
179 0.7488141741071429 0.5420868040333188 0.007952008928571428 0.01841297676457694
181 0.7499302455357143 0.4953967558088558 0.005719866071428571 0.014028934677772907
187 0.7364676339285714 0.38820692678649715 0.0030691964285714285 0.00920648838228847
194 0.6817103794642857 0.38820692678649715 0.012416294642857142 0.019289785181937746
142 0.6508091517857143 0.38787812362998686 0.005859375 0.009425690486628672
196 0.57470703125 0.38831652783866727 0.012137276785714286 0.019070583077597545
176 0.18450055803571427 0.8338448049101271 0.005719866071428571 0.016659359929855327
183 0.16936383928571427 0.8153222270933801 0.004464285714285714 0.017755370451556333
185 0.18024553571428573 0.7779482683033757 0.014229910714285714 0.0070144673388864535
63 0.18443080357142858 0.748903989478299 0.005859375 0.012932924156071899
195 0.1845703125 0.6618807540552389 0.012834821428571428 0.020385795703638757
63 0.18450055803571427 0.616286716352477 0.005719866071428571 0.012056115738711091
14 0.15764508928571427 0.5373739587900044 0.005859375 0.013371328364752301
60 0.14083426339285715 0.4725997369574748 0.010463169642857142 0.00920648838228847
180 0.26527622767857145 0.19344585708022796 0.005719866071428571 0.014686540990793511
193 0.22600446428571427 0.4729285401139851 0.012276785714285714 0.019070583077597545
192 0.23835100446428573 0.4506795265234546 0.011579241071428572 0.018851380973257344
184 0.09953962053571429 0.8806444541867602 0.014369419642857142 0.007233669443226655
189 0.10379464285714286 0.7460543621218764 0.005301339285714286 0.021262604120999562
179 0.10260881696428571 0.7002411223147742 0.007952008928571428 0.017755370451556333
176 0.13071986607142858 0.6686760192897852 0.005859375 0.012056115738711091
183 0.12799944196428573 0.5786935554581324 0.011300223214285714 0.0070144673388864535
194 0.14432198660714285 0.6420429636124507 0.012416294642857142 0.01972818939061815
189 0.4268275669642857 0.1982683033757124 0.0068359375 0.021262604120999562
191 0.38553292410714285 0.26128890837352037 0.008231026785714286 0.012713722051731697
195 0.42689732142857145 0.15398947829899168 0.010602678571428572 0.016878562034195528
63 0.357421875 0.13459009206488382 0.008370535714285714 0.00920648838228847
175 0.33035714285714285 0.13459009206488382 0.008928571428571428 0.00920648838228847
193 0.4130859375 0.17667689609820253 0.011997767857142858 0.018851380973257344
184 0.3934849330357143 0.1833625602805787 0.004603794642857143 0.02257781674704077
176 0.34598214285714285 0.15738711091626478 0.005859375 0.015344147303814117
189 0.26534598214285715 0.15683910565541428 0.006138392857142857 0.021262604120999562
182 0.37318638392857145 0.24397194213064446 0.006138392857142857 0.00920648838228847
191 0.3817661830357143 0.21909250328803156 0.007672991071428571 0.012056115738711091
183 0.41357421875 0.21492766330556773 0.004324776785714286 0.017755370451556333
193 0.5076729910714286 0.15640070144673388 0.012276785714285714 0.019508987286277948
175 0.5074637276785714 0.19596668128014028 0.005719866071428571 0.016659359929855327
186 0.5075334821428571 0.2394782989916703 0.006696428571428571 0.012056115738711091
186 0.44022042410714285 0.2611793073213503 0.007672991071428571 0.010740903112669882
196 0.4927455357142857 0.17667689609820253 0.011997767857142858 0.01841297676457694
14 0.43638392857142855 0.17678649715037265 0.009207589285714286 0.00898728627794827
181 0.33286830357142855 0.17689609820254273 0.007533482142857143 0.00920648838228847
176 0.3729771205357143 0.45309074967119684 0.005719866071428571 0.013590530469092503
186 0.3729771205357143 0.4064007014467339 0.0068359375 0.01183691363437089
14 0.3638392857142857 0.3460105217010083 0.010044642857142858 0.00898728627794827
14 0.3350306919642857 0.3459009206488382 0.008231026785714286 0.00920648838228847
191 0.34605189732142855 0.1976106970626918 0.008510044642857142 0.013371328364752301
25 0.3467494419642857 0.24057430951337133 0.007393973214285714 0.011617711530030689
194 0.34605189732142855 0.3680403331871986 0.012416294642857142 0.01972818939061815
195 0.33203125 0.38831652783866727 0.011997767857142858 0.018632178868917142
187 0.4672154017857143 0.3035949145111793 0.0030691964285714285 0.00920648838228847
184 0.43736049107142855 0.31028057869355546 0.004464285714285714 0.02257781674704077
186 0.41329520089285715 0.3034853134590092 0.007393973214285714 0.010302498903989479
193 0.10372488839285714 0.5784743533537922 0.011858258928571428 0.018851380973257344
192 0.2787388392857143 0.26128890837352037 0.011997767857142858 0.018851380973257344
195 0.25167410714285715 0.2613985094256905 0.011997767857142858 0.018632178868917142
178 0.20186941964285715 0.2613985094256905 0.008370535714285714 0.00898728627794827
25 0.1728515625 0.2623849188952214 0.009207589285714286 0.011398509425690487
190 0.5029296875 0.5574309513371328 0.007254464285714286 0.009644892590968873
175 0.4720982142857143 0.38831652783866727 0.008370535714285714 0.00898728627794827
196 0.35867745535714285 0.38820692678649715 0.012276785714285714 0.019289785181937746
25 0.10295758928571429 0.45692678649715035 0.007254464285714286 0.011617711530030689
190 0.10379464285714286 0.28255151249451993 0.006417410714285714 0.00920648838228847