187 0.09835379464285714 0.5498794124095593 0.004464285714285714 0.013593510195132646
187 0.7038922991071429 0.424906818680114 0.004603794642857143 0.013593510195132646
187 0.20291573660714285 0.29993422495066874 0.004603794642857143 0.013593510195132646
187 0.7260044642857143 0.7126726595044947 0.008649553571428572 0.00723525542644157
187 0.22035435267857142 0.11247533435650077 0.004603794642857143 0.013593510195132646
187 0.5518275669642857 0.29993422495066874 0.004603794642857143 0.013593510195132646
14 0.48744419642857145 0.46590659942994955 0.008649553571428572 0.021486516114887087
180 0.5270647321428571 0.3992545494409121 0.008370535714285714 0.02367901775926332
195 0.48744419642857145 0.582657311992984 0.017857142857142856 0.028283271212453408
179 0.24693080357142858 0.3344661258495944 0.01171875 0.02433676825257619
177 0.24930245535714285 0.27110282832712124 0.008649553571428572 0.018636263977197982
175 0.12939453125 0.7734049550537163 0.008510044642857142 0.022582766937075203
184 0.12325613839285714 0.7062047796535847 0.021065848214285716 0.010085507564130673
14 0.12939453125 0.584411313308485 0.008510044642857142 0.02302126726595045
193 0.18952287946428573 0.7374479280859461 0.017717633928571428 0.027406270554702915
32 0.24937220982142858 0.7053277789958342 0.009626116071428572 0.024117518088138567
192 0.3096400669642857 0.6749616312212234 0.017717633928571428 0.02696777022582767
63 0.32833426339285715 0.6414163560622671 0.008510044642857142 0.016882262661696998
190 0.25355747767857145 0.29993422495066874 0.009068080357142858 0.01052400789300592
119 0.21344866071428573 0.32931374698531024 0.017857142857142856 0.02499451874588906
63 0.20919363839285715 0.3854417890813418 0.0087890625 0.021486516114887087
192 0.23067801339285715 0.48739311554483666 0.017717633928571428 0.026748520061390047
192 0.31026785714285715 0.36242052181539136 0.018136160714285716 0.02850252137689103
179 0.26443917410714285 0.49013374260030695 0.017438616071428572 0.018636263977197982
183 0.72998046875 0.3854417890813418 0.0166015625 0.010085507564130673
175 0.7261439732142857 0.27877658408243805 0.008928571428571428 0.01907476430607323
175 0.7079380580357143 0.17430388072791056 0.014090401785714286 0.013593510195132646
176 0.7261439732142857 0.4629467222100417 0.008649553571428572 0.020828765621574215
60 0.7015904017857143 0.6122560841920631 0.011997767857142858 0.01381276035957027
195 0.3680943080357143 0.8923481692611269 0.015764508928571428 0.02455601841701381
187 0.3681640625 0.8312869984652489 0.008649553571428572 0.00723525542644157
187 0.3482142857142857 0.8000438500328875 0.004464285714285714 0.013593510195132646
32 0.36865234375 0.7792150844113133 0.010184151785714286 0.02367901775926332
189 0.30796595982142855 0.7374479280859461 0.019949776785714284 0.01775926331944749
60 0.28857421875 0.7002850252137689 0.008510044642857142 0.021486516114887087
102 0.3159877232142857 0.9252356939267704 0.013671875 0.0131550098662574
189 0.14892578125 0.9250164437623328 0.019949776785714284 0.012716509537382154
63 0.20912388392857142 0.5310238982679237 0.008370535714285714 0.017540013155009866
188 0.32833426339285715 0.5835343126507345 0.016322544642857144 0.011620258715194036
186 0.31103515625 0.5499890374917781 0.011300223214285714 0.01381276035957027
14 0.32861328125 0.5196228897171673 0.008510044642857142 0.02324051743038807
142 0.3936244419642857 0.5497697873273405 0.007952008928571428 0.014689761017320764
175 0.24853515625 0.14843236132427098 0.0087890625 0.0197325147993861
63 0.24895368303571427 0.21398816049112038 0.0087890625 0.020171015128261346
60 0.15436662946428573 0.236899802674852 0.013811383928571428 0.013374260030695024
177 0.12946428571428573 0.3255864941898706 0.008370535714285714 0.02236351677263758
176 0.12960379464285715 0.4003508002631002 0.008370535714285714 0.01841701381276036
175 0.12960379464285715 0.5223635167726376 0.008649553571428572 0.022582766937075203
195 0.15066964285714285 0.5498794124095593 0.018415178571428572 0.02894102170576628
195 0.5669642857142857 0.7708835781626836 0.015904017857142856 0.02499451874588906
189 0.5669642857142857 0.8342468756851568 0.011439732142857142 0.031572023679017756
188 0.58935546875 0.7374479280859461 0.007393973214285714 0.021267265950449463
177 0.6669224330357143 0.7376671782503836 0.014090401785714286 0.01381276035957027
195 0.6862444196428571 0.7037930278447709 0.018415178571428572 0.02894102170576628
189 0.5670340401785714 0.8948695461521596 0.010463169642857142 0.031352773514580136
184 0.3946010044642857 0.9347730760798071 0.006277901785714286 0.03310677483008112
32 0.20954241071428573 0.7017101512826135 0.009765625 0.022582766937075203
185 0.6687360491071429 0.3526638894979171 0.006556919642857143 0.03354527515895637
177 0.6289760044642857 0.23733830300372724 0.012137276785714286 0.014251260688445516
60 0.546875 0.23711905283928963 0.013950892857142858 0.013374260030695024
60 0.4672154017857143 0.3622012716509537 0.015066964285714286 0.0131550098662574
193 0.18924386160714285 0.6124753343565008 0.017717633928571428 0.027844770883578163
185 0.09598214285714286 0.644376233282175 0.021205357142857144 0.010085507564130673
32 0.10693359375 0.7361324270993204 0.015764508928571428 0.01644376233282175
185 0.21833147321428573 0.7902872177154133 0.006696428571428571 0.03354527515895637
63 0.26988002232142855 0.800372725279544 0.012416294642857142 0.01381276035957027
181 0.6065848214285714 0.3206533654900241 0.008649553571428572 0.021267265950449463
193 0.7059849330357143 0.48750274062705545 0.017717633928571428 0.027844770883578163
188 0.6465541294642857 0.4509975882481912 0.0126953125 0.01052400789300592
183 0.6942661830357143 0.36866915150186363 0.006277901785714286 0.026090769568077175
14 0.5668247767857143 0.39618504713878533 0.008649553571428572 0.019294014470510854
190 0.5071149553571429 0.1749616312212234 0.010044642857142858 0.01710151282613462
183 0.478515625 0.11861433896075423 0.006417410714285714 0.0263100197325148
186 0.42857142857142855 0.11247533435650077 0.010602678571428572 0.015786011839508878
175 0.38755580357142855 0.11258495943871957 0.012276785714285714 0.013374260030695024
181 0.3109654017857143 0.11247533435650077 0.011439732142857142 0.0131550098662574
185 0.26353236607142855 0.1221223415917562 0.006417410714285714 0.03332602499451875
191 0.24874441964285715 0.7754878316158738 0.011160714285714286 0.017540013155009866
185 0.6402762276785714 0.388840166630125 0.021065848214285716 0.010304757728568297
194 0.6465541294642857 0.5206095154571366 0.017438616071428572 0.027844770883578163
32 0.5108119419642857 0.360885770664328 0.014369419642857142 0.015786011839508878
25 0.4886997767857143 0.38489366367024774 0.010881696428571428 0.018636263977197982
25 0.43052455357142855 0.36406489804867354 0.012555803571428572 0.016882262661696998
195 0.38671875 0.36242052181539136 0.018136160714285716 0.02850252137689103
142 0.3203822544642857 0.6123657092742819 0.008510044642857142 0.013593510195132646
194 0.28857421875 0.5795878096908572 0.018275669642857144 0.028721771541328656
193 0.32833426339285715 0.39256741942556456 0.017996651785714284 0.028283271212453408
181 0.6066545758928571 0.8261346196009647 0.0087890625 0.017540013155009866
195 0.6067940848214286 0.7030256522692392 0.015206473214285714 0.02433676825257619
178 0.6067940848214286 0.5815610611707959 0.008510044642857142 0.02433676825257619
193 0.6067243303571429 0.5167726375794782 0.018415178571428572 0.02894102170576628
177 0.345703125 0.42501644376233283 0.01171875 0.013374260030695024
25 0.3671875 0.3889497917123438 0.010323660714285714 0.02324051743038807
32 0.36851283482142855 0.32942337206752903 0.010463169642857142 0.02170576627932471
193 0.3680943080357143 0.2659504494628371 0.018275669642857144 0.02850252137689103
119 0.3081752232142857 0.2445735584301688 0.013671875 0.028283271212453408
176 0.6279994419642857 0.6749616312212234 0.013811383928571428 0.013374260030695024
196 0.6465541294642857 0.7696777022582767 0.017717633928571428 0.027844770883578163
191 0.6465541294642857 0.8285463714097786 0.011300223214285714 0.017978513483885114
195 0.6254185267857143 0.8625301468976102 0.015625 0.02455601841701381
190 0.5855189732142857 0.8625301468976102 0.010881696428571428 0.013593510195132646
180 0.42919921875 0.6125849594387196 0.011579241071428572 0.013593510195132646