187 0.25990513392857145 0.17426567295046033 0.007533482142857143 0.006137658921525646
187 0.39990234375 0.922731258220079 0.007672991071428571 0.006356861025865849
187 0.11349051339285714 0.7647961420429636 0.004045758928571429 0.01183691363437089
187 0.6134905133928571 0.21470846120122752 0.004045758928571429 0.012056115738711091
187 0.6099330357142857 0.6869793950021921 0.007533482142857143 0.006137658921525646
187 0.36495535714285715 0.11332748794388427 0.007533482142857143 0.006137658921525646
187 0.32993861607142855 0.13623410784743534 0.007533482142857143 0.006356861025865849
179 0.29652622767857145 0.3566418237615081 0.010463169642857142 0.02235861464270057
190 0.3114536830357143 0.37976764576939936 0.0087890625 0.013809732573432706
175 0.39976283482142855 0.7878123629986847 0.007672991071428571 0.020166593599298552
196 0.38058035714285715 0.7646865409907935 0.015625 0.02389302937308198
175 0.3544224330357143 0.7646865409907935 0.013253348214285714 0.011617711530030689
176 0.2948521205357143 0.7410127137220517 0.007672991071428571 0.021262604120999562
187 0.39990234375 0.6822665497588777 0.007672991071428571 0.006356861025865849
188 0.3482142857142857 0.5997369574747917 0.007533482142857143 0.021920210434020166
60 0.3095703125 0.599956159579132 0.011997767857142858 0.01183691363437089
102 0.7299107142857143 0.4896975010960105 0.012276785714285714 0.01183691363437089
179 0.6969168526785714 0.49210872424375274 0.013532366071428572 0.016659359929855327
187 0.6624581473214286 0.48980710214818063 0.004045758928571429 0.012056115738711091
180 0.6581333705357143 0.3796580447172293 0.013532366071428572 0.01183691363437089
186 0.7495814732142857 0.6821569487067076 0.008370535714285714 0.015344147303814117
182 0.7372349330357143 0.8198158702323542 0.007672991071428571 0.01183691363437089
175 0.48458426339285715 0.48980710214818063 0.0107421875 0.012056115738711091
60 0.59619140625 0.37976764576939936 0.012137276785714286 0.011617711530030689
180 0.4520786830357143 0.3796580447172293 0.0126953125 0.01183691363437089
175 0.41727120535714285 0.4346777729066199 0.012276785714285714 0.01183691363437089
175 0.15492466517857142 0.7448487505480053 0.007672991071428571 0.01841297676457694
119 0.16782924107142858 0.7030907496711969 0.013671875 0.024769837790442787
60 0.20221819196428573 0.709776413853573 0.009905133928571428 0.01183691363437089
180 0.15499441964285715 0.5720078912757562 0.0078125 0.018632178868917142
14 0.22495814732142858 0.513042525208242 0.007393973214285714 0.020385795703638757
175 0.22488839285714285 0.45440596229723806 0.007533482142857143 0.01709776413853573
32 0.22516741071428573 0.3516001753616835 0.008649553571428572 0.018851380973257344
184 0.6744559151785714 0.5803375712406839 0.0185546875 0.00898728627794827
191 0.6326729910714286 0.48980710214818063 0.009207589285714286 0.014248136782113108
187 0.6799665178571429 0.4072775098640947 0.007533482142857143 0.006137658921525646
190 0.6798967633928571 0.3707803594914511 0.007952008928571428 0.015124945199473916
192 0.15492466517857142 0.4644892590968873 0.015485491071428572 0.024550635686102586
186 0.17389787946428573 0.43522577816747043 0.010184151785714286 0.014248136782113108
189 0.208984375 0.43478737395879 0.017578125 0.013371328364752301
184 0.28941127232142855 0.40256466462078033 0.0185546875 0.00898728627794827
102 0.11997767857142858 0.7360806663743972 0.0078125 0.020604997807978958
194 0.11997767857142858 0.6799649276633055 0.017020089285714284 0.026742656729504603
186 0.20717075892857142 0.5998465585269619 0.010323660714285714 0.015124945199473916
186 0.24469866071428573 0.5997369574747917 0.009207589285714286 0.0131521262604121
194 0.11990792410714286 0.5713502849627357 0.015764508928571428 0.024769837790442787
191 0.13316127232142858 0.5448268303375713 0.011021205357142858 0.01731696624287593
183 0.6415318080357143 0.8432704953967558 0.014927455357142858 0.008768084173608066
177 0.6450892857142857 0.7942788250767208 0.0078125 0.020385795703638757
191 0.6449497767857143 0.7282989916703201 0.011439732142857142 0.017755370451556333
182 0.6447405133928571 0.6820473476545375 0.008231026785714286 0.011179307321350284
195 0.6258370535714286 0.8747259973695748 0.015625 0.024331433581762384
183 0.42103794642857145 0.8802060499780798 0.005859375 0.023016220955721176
195 0.6099330357142857 0.6248355984217449 0.013671875 0.021701008329679965
180 0.5929129464285714 0.5446076282332311 0.013671875 0.012056115738711091
182 0.5562918526785714 0.5442788250767208 0.007672991071428571 0.01183691363437089
182 0.49630301339285715 0.5451556334940816 0.0068359375 0.01183691363437089
184 0.6395786830357143 0.12691801841297676 0.018833705357142856 0.008768084173608066
119 0.6911272321428571 0.09842174484875055 0.011439732142857142 0.024550635686102586
194 0.6449497767857143 0.24276633055677335 0.016462053571428572 0.025646646207803596
119 0.6489955357142857 0.29800526085050416 0.015625 0.02345462516440158
60 0.6448102678571429 0.35269618588338447 0.007533482142857143 0.016220955721174924
175 0.5899135044642857 0.32474791758000876 0.012137276785714286 0.011617711530030689
180 0.5250418526785714 0.32474791758000876 0.009905133928571428 0.011617711530030689
195 0.45186941964285715 0.3248575186321789 0.016183035714285716 0.025427444103463395
183 0.2914341517857143 0.6842393686979396 0.014508928571428572 0.00898728627794827
191 0.32993861607142855 0.5264138535729943 0.011160714285714286 0.017755370451556333
192 0.2769252232142857 0.6547566856641823 0.015904017857142856 0.02498903989478299
25 0.22391183035714285 0.5658702323542306 0.009486607142857142 0.02082419991231916
179 0.26143973214285715 0.39971503726435775 0.010323660714285714 0.01731696624287593
182 0.32986886160714285 0.3536825953529154 0.007952008928571428 0.012056115738711091
186 0.31089564732142855 0.3248575186321789 0.009347098214285714 0.013590530469092503
186 0.3301478794642857 0.29723805348531346 0.0087890625 0.015344147303814117
102 0.32979910714285715 0.23465585269618588 0.0078125 0.017755370451556333
191 0.6099330357142857 0.458680403331872 0.010881696428571428 0.016878562034195528
25 0.5637555803571429 0.43632178868917143 0.009207589285714286 0.014686540990793511
32 0.6102818080357143 0.41231915826391935 0.0087890625 0.021920210434020166
193 0.62744140625 0.2698377904427883 0.016322544642857144 0.025865848312143797
184 0.6551339285714286 0.2611793073213503 0.005580357142857143 0.02915387987724682
190 0.7499302455357143 0.1710872424375274 0.007952008928571428 0.015124945199473916
195 0.6961495535714286 0.21481806225339764 0.015625 0.024550635686102586
119 0.66748046875 0.6059842174484875 0.015206473214285714 0.024769837790442787
189 0.0849609375 0.29986847873739586 0.009207589285714286 0.02761946514686541
60 0.10672433035714286 0.4351161771153003 0.010323660714285714 0.012275317843051293
180 0.09821428571428571 0.26972818939061816 0.011997767857142858 0.011617711530030689
195 0.20793805803571427 0.2698377904427883 0.015764508928571428 0.02498903989478299
189 0.453125 0.48980710214818063 0.017578125 0.013371328364752301
190 0.18994140625 0.5634590092064884 0.007672991071428571 0.012494519947391494
63 0.41978236607142855 0.324967119684349 0.009207589285714286 0.012056115738711091
32 0.38560267857142855 0.37867163524769837 0.012834821428571428 0.013809732573432706
180 0.4141322544642857 0.21448925909688732 0.013253348214285714 0.012494519947391494
32 0.35030691964285715 0.21383165278386673 0.012276785714285714 0.013809732573432706
175 0.41734095982142855 0.3798772468215695 0.0126953125 0.01183691363437089
32 0.3427036830357143 0.32365190705830776 0.011021205357142858 0.013809732573432706
194 0.32993861607142855 0.4599956159579132 0.015904017857142856 0.024769837790442787
184 0.61962890625 0.5911880754055239 0.005719866071428571 0.029373081981587022
119 0.6058872767857143 0.5270714598860149 0.015625 0.02082419991231916
25 0.7492327008928571 0.30743095133713283 0.0087890625 0.016440157825515125
196 0.73095703125 0.32474791758000876 0.016043526785714284 0.025208241999123193
177 0.69580078125 0.32474791758000876 0.011858258928571428 0.012056115738711091
14 0.5749162946428571 0.35455940377027617 0.007533482142857143 0.016440157825515125
184 0.5804268973214286 0.4213064445418676 0.0185546875 0.00920648838228847
193 0.5749162946428571 0.46350284962735644 0.015904017857142856 0.024769837790442787
193 0.4536830357142857 0.21481806225339764 0.016183035714285716 0.025427444103463395
196 0.46993582589285715 0.24484875054800526 0.016043526785714284 0.02498903989478299
193 0.46993582589285715 0.2981148619026743 0.015485491071428572 0.024550635686102586
192 0.46993582589285715 0.3528057869355546 0.015764508928571428 0.024769837790442787
189 0.294921875 0.6286716352476984 0.008091517857142858 0.02761946514686541
195 0.32993861607142855 0.6830337571240684 0.015625 0.024550635686102586
191 0.294921875 0.5657606313020604 0.010602678571428572 0.016659359929855327
142 0.25990513392857145 0.46306444541867603 0.007533482142857143 0.012494519947391494
32 0.33042689732142855 0.1955282770714599 0.009068080357142858 0.022797018851380975
14 0.5750558035714286 0.5078912757562473 0.007533482142857143 0.020604997807978958