187 0.7385602678571429 0.8958790004384042 0.0030691964285714285 0.00920648838228847
187 0.6422991071428571 0.19465146865409907 0.005859375 0.004822446295484437
187 0.7152622767857143 0.38820692678649715 0.0030691964285714285 0.00920648838228847
177 0.31912667410714285 0.8774660236738273 0.005719866071428571 0.013590530469092503
177 0.40004185267857145 0.8313239807102148 0.005998883928571429 0.015563349408154318
142 0.3999720982142857 0.7884699693117054 0.005859375 0.00920648838228847
196 0.4136439732142857 0.7689609820254274 0.011997767857142858 0.01797457255589654
183 0.30845424107142855 0.8575186321788689 0.004464285714285714 0.01797457255589654
32 0.22230747767857142 0.8526961858833845 0.010184151785714286 0.010960105217010083
178 0.19559151785714285 0.8536825953529154 0.008649553571428572 0.00898728627794827
188 0.15757533482142858 0.8296799649276633 0.007393973214285714 0.008768084173608066
63 0.09437779017857142 0.8111573871109162 0.007114955357142857 0.009425690486628672
102 0.5986328125 0.34579131959666815 0.008091517857142858 0.00898728627794827
196 0.57373046875 0.3459009206488382 0.012416294642857142 0.01972818939061815
190 0.6454380580357143 0.3459009206488382 0.004603794642857143 0.01052170100832968
102 0.6839425223214286 0.3459009206488382 0.009905133928571428 0.00920648838228847
181 0.27762276785714285 0.8960982025427444 0.007254464285714286 0.008768084173608066
119 0.18150111607142858 0.7908811924594477 0.011997767857142858 0.013590530469092503
191 0.1845703125 0.6650591845681718 0.008370535714285714 0.0131521262604121
185 0.18031529017857142 0.6112450679526523 0.014369419642857142 0.006795265234546251
190 0.1845703125 0.5661990355107409 0.006138392857142857 0.010083296799649276
60 0.18450055803571427 0.4502411223147742 0.005719866071428571 0.013590530469092503
60 0.64208984375 0.37132836475230163 0.005719866071428571 0.015344147303814117
184 0.5304129464285714 0.3696843489697501 0.014508928571428572 0.006795265234546251
32 0.5240652901785714 0.3449145111793073 0.009905133928571428 0.011179307321350284
60 0.4976283482142857 0.3460105217010083 0.008649553571428572 0.00898728627794827
190 0.44356863839285715 0.3459009206488382 0.004324776785714286 0.008768084173608066
178 0.6324637276785714 0.43051293292415604 0.008231026785714286 0.008768084173608066
183 0.6126534598214286 0.4196624287593161 0.011300223214285714 0.006795265234546251
186 0.6153738839285714 0.3284743533537922 0.006975446428571429 0.012056115738711091
192 0.6024693080357143 0.5574309513371328 0.012416294642857142 0.01972818939061815
192 0.6298828125 0.5574309513371328 0.012276785714285714 0.019289785181937746
184 0.5843331473214286 0.4953967558088558 0.0146484375 0.0070144673388864535
60 0.65478515625 0.8958790004384042 0.009905133928571428 0.008768084173608066
190 0.6789202008928571 0.8958790004384042 0.0048828125 0.00920648838228847
195 0.7095424107142857 0.8958790004384042 0.011997767857142858 0.01797457255589654
102 0.5884486607142857 0.8335160017536168 0.005859375 0.014686540990793511
192 0.5744977678571429 0.8112669881630864 0.011997767857142858 0.01797457255589654
196 0.38525390625 0.7689609820254274 0.012137276785714286 0.019289785181937746
175 0.7337472098214286 0.8535729943007453 0.007672991071428571 0.008768084173608066
63 0.6817103794642857 0.8536825953529154 0.009347098214285714 0.00898728627794827
183 0.6607142857142857 0.8577378342832092 0.004464285714285714 0.017536168347216132
142 0.6309291294642857 0.8535729943007453 0.005719866071428571 0.00920648838228847
63 0.7499302455357143 0.8368040333187199 0.005719866071428571 0.014248136782113108
60 0.7499302455357143 0.7969092503288031 0.005719866071428571 0.015124945199473916
182 0.7499302455357143 0.7372862779482683 0.005719866071428571 0.00898728627794827
195 0.7359793526785714 0.5997369574747917 0.012137276785714286 0.019289785181937746
176 0.7091936383928571 0.5996273564226217 0.009068080357142858 0.00898728627794827
195 0.6554129464285714 0.5997369574747917 0.011997767857142858 0.01841297676457694
142 0.6421595982142857 0.5791319596668129 0.005859375 0.00920648838228847
14 0.7081473214285714 0.6844585708022797 0.009486607142857142 0.00898728627794827
179 0.6813616071428571 0.6862121876370013 0.010044642857142858 0.012494519947391494
176 0.6572265625 0.6843489697501096 0.009207589285714286 0.008768084173608066
25 0.5783342633928571 0.6853353792196405 0.009626116071428572 0.011617711530030689
189 0.4413364955357143 0.3035949145111793 0.013532366071428572 0.009644892590968873
186 0.46749441964285715 0.303266111354669 0.007254464285714286 0.010740903112669882
190 0.5235072544642857 0.3035949145111793 0.004324776785714286 0.008329679964927663
14 0.5748465401785714 0.3035949145111793 0.0087890625 0.00920648838228847
181 0.07686941964285714 0.7084612012275318 0.005859375 0.013590530469092503
182 0.07693917410714286 0.7471503726435774 0.005998883928571429 0.009425690486628672
32 0.07728794642857142 0.7941692240245506 0.006696428571428571 0.01709776413853573
179 0.07791573660714286 0.8267207365190706 0.008231026785714286 0.014248136782113108
192 0.11774553571428571 0.8957693993862341 0.011997767857142858 0.018632178868917142
188 0.07686941964285714 0.6638535729943007 0.011997767857142858 0.008110477860587462
175 0.07672991071428571 0.620670758439281 0.005859375 0.016001753616834723
32 0.07728794642857142 0.3677115300306883 0.006696428571428571 0.015563349408154318
195 0.07679966517857142 0.28200350723366946 0.010463169642857142 0.016440157825515125
196 0.09137834821428571 0.21898290223586148 0.011997767857142858 0.018851380973257344
186 0.6847795758928571 0.43051293292415604 0.007952008928571428 0.010083296799649276
195 0.31912667410714285 0.49375274002630426 0.012416294642857142 0.019508987286277948
189 0.31919642857142855 0.44969311705392373 0.005859375 0.021262604120999562
195 0.31919642857142855 0.3649715037264358 0.010881696428571428 0.01709776413853573
195 0.31912667410714285 0.32430951337132835 0.010184151785714286 0.016440157825515125
175 0.31919642857142855 0.6218763700131521 0.005859375 0.01183691363437089
196 0.31919642857142855 0.6650591845681718 0.012555803571428572 0.01972818939061815
192 0.31919642857142855 0.7483559842174485 0.012834821428571428 0.020166593599298552
175 0.30991908482142855 0.8111573871109162 0.008231026785714286 0.00898728627794827
178 0.3729771205357143 0.45473476545374836 0.005719866071428571 0.014686540990793511
119 0.3760463169642857 0.5406619903551074 0.012137276785714286 0.014248136782113108
179 0.35965401785714285 0.5591845681718545 0.008649553571428572 0.012713722051731697
192 0.33133370535714285 0.5574309513371328 0.011997767857142858 0.01841297676457694
193 0.6279994419642857 0.3035949145111793 0.012416294642857142 0.019289785181937746
186 0.35811941964285715 0.8958790004384042 0.007533482142857143 0.011398509425690487
180 0.373046875 0.7426567295046033 0.005859375 0.01578255151249452
191 0.3729771205357143 0.7007891275756247 0.008231026785714286 0.012713722051731697
186 0.46895926339285715 0.6843489697501096 0.007393973214285714 0.01052170100832968
192 0.5482700892857143 0.8535729943007453 0.012276785714285714 0.019289785181937746
193 0.19796316964285715 0.26128890837352037 0.011997767857142858 0.018851380973257344
193 0.22565569196428573 0.2613985094256905 0.012137276785714286 0.019070583077597545
190 0.17110770089285715 0.3035949145111793 0.004324776785714286 0.008768084173608066
195 0.25216238839285715 0.3035949145111793 0.0107421875 0.016659359929855327
196 0.15764508928571427 0.5373739587900044 0.01171875 0.019070583077597545
191 0.0908203125 0.6420429636124507 0.008649553571428572 0.013590530469092503
177 0.57666015625 0.8535729943007453 0.009347098214285714 0.00920648838228847
184 0.6380440848214286 0.7529592284085928 0.014369419642857142 0.0070144673388864535
25 0.6414620535714286 0.6223147742218326 0.007533482142857143 0.015344147303814117
180 0.6331612723214286 0.5997369574747917 0.008231026785714286 0.00920648838228847
32 0.5719168526785714 0.7678649715037265 0.009626116071428572 0.010960105217010083
180 0.6322544642857143 0.5151249451994739 0.009486607142857142 0.008768084173608066
186 0.7229352678571429 0.4518851380973257 0.006696428571428571 0.011617711530030689
142 0.7232142857142857 0.3727531784305129 0.006138392857142857 0.008548882069267865
178 0.27685546875 0.938075405523893 0.0087890625 0.00898728627794827
25 0.30775669642857145 0.9367601928978518 0.008091517857142858 0.012056115738711091
189 0.31912667410714285 0.9165935992985532 0.007114955357142857 0.021262604120999562
192 0.14474051339285715 0.5574309513371328 0.012416294642857142 0.01972818939061815
193 0.17145647321428573 0.5574309513371328 0.012276785714285714 0.019289785181937746
196 0.6691545758928571 0.44969311705392373 0.012416294642857142 0.019508987286277948
186 0.6690848214285714 0.4064007014467339 0.006696428571428571 0.01183691363437089
185 0.6648995535714286 0.3693555458132398 0.014229910714285714 0.0070144673388864535
188 0.36593191964285715 0.3460105217010083 0.004185267857142857 0.016878562034195528
189 0.7499302455357143 0.3688075405523893 0.0068359375 0.021262604120999562
185 0.7331891741071429 0.3947829899167032 0.004324776785714286 0.022797018851380975
192 0.7351422991071429 0.3035949145111793 0.0126953125 0.020166593599298552
194 0.7091936383928571 0.3035949145111793 0.012416294642857142 0.01972818939061815
192 0.7361188616071429 0.43062253397632616 0.012137276785714286 0.019070583077597545
142 0.7068219866071429 0.43062253397632616 0.005998883928571429 0.009425690486628672
14 0.5613839285714286 0.3285839544059623 0.006138392857142857 0.013590530469092503
182 0.5885881696428571 0.36179307321350285 0.005859375 0.009425690486628672
184 0.6195591517857143 0.5236738272687418 0.014229910714285714 0.0070144673388864535
175 0.29234095982142855 0.7972380534853135 0.005719866071428571 0.01578255151249452
32 0.29261997767857145 0.7505480052608505 0.006556919642857143 0.016659359929855327
187 0.2787388392857143 0.6420429636124507 0.0030691964285714285 0.00920648838228847
177 0.58837890625 0.4073871109162648 0.005719866071428571 0.012056115738711091
187 0.5884486607142857 0.3248575186321789 0.005859375 0.004822446295484437
142 0.5884486607142857 0.4491451117930732 0.005859375 0.009644892590968873
177 0.5345284598214286 0.7889083735203858 0.005719866071428571 0.012713722051731697
181 0.615234375 0.8295703638754932 0.006138392857142857 0.012056115738711091
188 0.5470842633928571 0.6421525646646208 0.004603794642857143 0.016440157825515125
177 0.6153738839285714 0.6202323542306006 0.005859375 0.014686540990793511
25 0.23904854910714285 0.23191582639193337 0.007114955357142857 0.015344147303814117
178 0.23835100446428573 0.31937746602367384 0.005719866071428571 0.017536168347216132
182 0.23842075892857142 0.36212187637001314 0.005859375 0.009644892590968873
178 0.25048828125 0.38842612889083733 0.008231026785714286 0.00920648838228847
193 0.30629185267857145 0.38831652783866727 0.012137276785714286 0.019070583077597545
179 0.28236607142857145 0.2596448925909689 0.010881696428571428 0.012932924156071899
189 0.3604213169642857 0.2613985094256905 0.013532366071428572 0.012056115738711091
186 0.38636997767857145 0.2613985094256905 0.007393973214285714 0.009425690486628672
102 0.4536830357142857 0.8295703638754932 0.005859375 0.015563349408154318
193 0.45375279017857145 0.66308636562911 0.0126953125 0.020166593599298552
181 0.45382254464285715 0.5850504164839982 0.005859375 0.012713722051731697
185 0.3890904017857143 0.5640070144673389 0.004185267857142857 0.022797018851380975
191 0.21149553571428573 0.4104559403770276 0.009207589285714286 0.014686540990793511
195 0.21142578125 0.36530030688294607 0.010463169642857142 0.016440157825515125
178 0.21156529017857142 0.32441911442349847 0.005719866071428571 0.01578255151249452
142 0.21142578125 0.4430074528715476 0.005998883928571429 0.008768084173608066
60 0.21142578125 0.577268741779921 0.005719866071428571 0.016001753616834723
182 0.64208984375 0.33439281017097766 0.006277901785714286 0.00898728627794827
119 0.6050502232142857 0.30841736080666377 0.010881696428571428 0.019289785181937746
180 0.6422293526785714 0.4120999561595791 0.005998883928571429 0.0131521262604121