187 0.7260044642857143 0.317803113352335 0.008649553571428572 0.00723525542644157
187 0.3843470982142857 0.8625301468976102 0.004464285714285714 0.013593510195132646
187 0.3134765625 0.8000438500328875 0.004464285714285714 0.013593510195132646
187 0.08970424107142858 0.8437842578381933 0.008649553571428572 0.00723525542644157
187 0.10818917410714286 0.23744792808594606 0.004603794642857143 0.013593510195132646
187 0.24874441964285715 0.7825038368778776 0.008649553571428572 0.007016005262003947
187 0.16922433035714285 0.6390046042534532 0.008649553571428572 0.00723525542644157
63 0.20891462053571427 0.5830958123218593 0.008510044642857142 0.022582766937075203
192 0.14794921875 0.5498794124095593 0.017717633928571428 0.02718702039026529
192 0.20905412946428573 0.4549440912080684 0.018833705357142856 0.029818022363516772
189 0.7044503348214286 0.2998245998684499 0.019949776785714284 0.01644376233282175
191 0.6659458705357143 0.29993422495066874 0.012416294642857142 0.0197325147993861
183 0.12541852678571427 0.21420741065555798 0.016462053571428572 0.010085507564130673
192 0.12946428571428573 0.2704450778338084 0.018136160714285716 0.028721771541328656
195 0.12946428571428573 0.33315062486296865 0.017020089285714284 0.027844770883578163
189 0.12946428571428573 0.4566980925235694 0.010044642857142858 0.031572023679017756
192 0.12946428571428573 0.5835343126507345 0.018694196428571428 0.029160271870203903
25 0.42933872767857145 0.7360228020171015 0.014369419642857142 0.016663012497259374
142 0.40792410714285715 0.7145362859022144 0.008649553571428572 0.0131550098662574
191 0.46595982142857145 0.6749616312212234 0.013950892857142858 0.02170576627932471
186 0.5062081473214286 0.674632755974567 0.0107421875 0.015786011839508878
25 0.40701729910714285 0.6406489804867354 0.010184151785714286 0.018855514141635606
32 0.40848214285714285 0.5161148870861653 0.010044642857142858 0.024117518088138567
63 0.421875 0.48739311554483666 0.014229910714285714 0.013593510195132646
60 0.5030691964285714 0.5497697873273405 0.014787946428571428 0.013374260030695024
181 0.4873046875 0.6341811006358254 0.008649553571428572 0.02170576627932471
142 0.47537667410714285 0.7373383030037273 0.0087890625 0.013593510195132646
60 0.4873744419642857 0.776474457355843 0.0087890625 0.022582766937075203
192 0.4873744419642857 0.8315062486296865 0.017717633928571428 0.027844770883578163
193 0.46658761160714285 0.8625301468976102 0.017717633928571428 0.026748520061390047
189 0.6862444196428571 0.8316158737119053 0.008649553571428572 0.031572023679017756
192 0.6863141741071429 0.7678140758605569 0.017996651785714284 0.028064021048015787
188 0.6863141741071429 0.7197982898487174 0.011858258928571428 0.012716509537382154
190 0.6863141741071429 0.6006358254768691 0.009905133928571428 0.012935759701819776
142 0.6862444196428571 0.43959657969743476 0.008649553571428572 0.014032010524007894
190 0.6704799107142857 0.7999342249506687 0.007254464285714286 0.01512826134619601
178 0.5857282366071429 0.8000438500328875 0.016043526785714284 0.013593510195132646
185 0.5435267857142857 0.8096908572681429 0.006417410714285714 0.03332602499451875
195 0.6863141741071429 0.39223854417890813 0.018275669642857144 0.02850252137689103
191 0.6222795758928571 0.36242052181539136 0.010463169642857142 0.016224512168384126
32 0.607421875 0.2808594606445955 0.009765625 0.020609515457136594
184 0.6006556919642857 0.203135277351458 0.021344866071428572 0.010304757728568297
142 0.43582589285714285 0.36209164656873494 0.008091517857142858 0.01381276035957027
188 0.427734375 0.11247533435650077 0.008649553571428572 0.02718702039026529
189 0.5077427455357143 0.11236570927428195 0.019949776785714284 0.014251260688445516
193 0.5475027901785714 0.11247533435650077 0.017717633928571428 0.02718702039026529
180 0.39376395089285715 0.17463275597456698 0.0126953125 0.01381276035957027
191 0.3076869419642857 0.17485200613900462 0.010463169642857142 0.01644376233282175
25 0.23074776785714285 0.1764963823722868 0.013113839285714286 0.017540013155009866
180 0.15506417410714285 0.17518088138566104 0.014369419642857142 0.013593510195132646
187 0.7260044642857143 0.20620477965358475 0.008649553571428572 0.00723525542644157
142 0.7149135044642857 0.23744792808594606 0.008510044642857142 0.013593510195132646
182 0.5777762276785714 0.2378864284148213 0.008231026785714286 0.013593510195132646
119 0.5500139508928571 0.2442446831835124 0.015485491071428572 0.02762552071914054
180 0.5272042410714286 0.5838631878973909 0.008370535714285714 0.020171015128261346
185 0.51806640625 0.6221223415917562 0.006556919642857143 0.03354527515895637
191 0.6067940848214286 0.15051523788642843 0.011579241071428572 0.018197763648322735
190 0.5208565848214286 0.17485200613900462 0.009068080357142858 0.010743258057443543
188 0.5669642857142857 0.19820214865161148 0.016741071428571428 0.013593510195132646
181 0.5668247767857143 0.2623328217496163 0.008649553571428572 0.019513264634948475
193 0.5887276785714286 0.36242052181539136 0.018415178571428572 0.02894102170576628
63 0.7260044642857143 0.8226266169699628 0.008649553571428572 0.01710151282613462
177 0.7260044642857143 0.7054374040780531 0.008649553571428572 0.02433676825257619
187 0.7260044642857143 0.6437184827888621 0.008649553571428572 0.007016005262003947
25 0.7253069196428571 0.5802455601841702 0.010602678571428572 0.01907476430607323
183 0.6992885044642857 0.8684499013374261 0.006556919642857143 0.026748520061390047
188 0.5794503348214286 0.8625301468976102 0.0068359375 0.022802017101512827
60 0.08991350446428571 0.3978294233720675 0.0087890625 0.01775926331944749
183 0.16524832589285715 0.20324490243367682 0.0166015625 0.010085507564130673
193 0.14878627232142858 0.36242052181539136 0.017717633928571428 0.02762552071914054
186 0.10923549107142858 0.3622012716509537 0.011439732142857142 0.015786011839508878
185 0.10505022321428571 0.7276912957684718 0.006417410714285714 0.03332602499451875
32 0.20954241071428573 0.6983117737338304 0.009765625 0.022802017101512827
60 0.11118861607142858 0.675180881385661 0.01171875 0.013374260030695024
188 0.12946428571428573 0.6579697434773076 0.014508928571428572 0.013593510195132646
189 0.22719029017857142 0.6124753343565008 0.019949776785714284 0.012058759044069283
175 0.24874441964285715 0.588467441350581 0.008928571428571428 0.020609515457136594
183 0.24476841517857142 0.38785354089015567 0.0166015625 0.010085507564130673
195 0.12946428571428573 0.703135277351458 0.015625 0.02455601841701381
195 0.22984095982142858 0.23733830300372724 0.015485491071428572 0.02433676825257619
102 0.27273995535714285 0.23722867792150845 0.014508928571428572 0.0131550098662574
180 0.3047572544642857 0.2376671782503837 0.0126953125 0.013593510195132646
182 0.33900669642857145 0.23755755316816488 0.008928571428571428 0.01381276035957027
142 0.16922433035714285 0.3897171672878755 0.008649553571428572 0.01381276035957027
187 0.16922433035714285 0.518636263977198 0.008649553571428572 0.00723525542644157
195 0.5272042410714286 0.6431703573777681 0.018694196428571428 0.029160271870203903
183 0.5474330357142857 0.7313089234816926 0.006696428571428571 0.026090769568077175
178 0.44747488839285715 0.3954176715632537 0.0087890625 0.020828765621574215
190 0.4476841517857143 0.26912957684718264 0.009486607142857142 0.010743258057443543
187 0.4476841517857143 0.518636263977198 0.008649553571428572 0.00723525542644157
181 0.44775390625 0.6448147336110502 0.008510044642857142 0.020609515457136594
14 0.4478236607142857 0.6971058978294233 0.008649553571428572 0.01907476430607323
179 0.5546875 0.36516114887086165 0.013113839285714286 0.01907476430607323
182 0.60693359375 0.37546590659942997 0.009068080357142858 0.013374260030695024
191 0.6333705357142857 0.424906818680114 0.011439732142857142 0.017978513483885114
182 0.31298828125 0.7376671782503836 0.008231026785714286 0.01381276035957027
191 0.22446986607142858 0.7375575531681648 0.012276785714285714 0.019294014470510854