187 0.5772879464285714 0.6749616312212234 0.004464285714285714 0.013374260030695024
187 0.48744419642857145 0.1392238544178908 0.008649553571428572 0.007016005262003947
187 0.46177455357142855 0.23744792808594606 0.004464285714285714 0.013593510195132646
187 0.43017578125 0.11247533435650077 0.004603794642857143 0.013593510195132646
187 0.13685825892857142 0.1749616312212234 0.004464285714285714 0.013593510195132646
187 0.11530412946428571 0.23744792808594606 0.004603794642857143 0.013593510195132646
180 0.6637834821428571 0.6754001315500987 0.014229910714285714 0.01381276035957027
196 0.6248604910714286 0.6749616312212234 0.018136160714285716 0.028721771541328656
183 0.6822684151785714 0.6471168603376453 0.0166015625 0.010304757728568297
184 0.6799665178571429 0.5838631878973909 0.020926339285714284 0.010085507564130673
186 0.6240931919642857 0.3004823503617628 0.011858258928571428 0.01644376233282175
183 0.42333984375 0.18121026090769568 0.006556919642857143 0.026090769568077175
185 0.4178989955357143 0.29028721771541327 0.006277901785714286 0.033764525323393996
175 0.5270647321428571 0.21102828327121245 0.008649553571428572 0.01775926331944749
185 0.5535714285714286 0.2901775926331945 0.006417410714285714 0.03354527515895637
176 0.5791015625 0.2997149747862311 0.012834821428571428 0.013593510195132646
177 0.08977399553571429 0.32646349484762116 0.008510044642857142 0.018855514141635606
119 0.09430803571428571 0.39870642402981804 0.017857142857142856 0.02302126726595045
176 0.23318917410714285 0.4246875685156764 0.0146484375 0.013593510195132646
119 0.2686244419642857 0.29291821968866477 0.013532366071428572 0.02762552071914054
181 0.31368582589285715 0.3001534751151063 0.015206473214285714 0.013593510195132646
60 0.328125 0.5752028064021047 0.008649553571428572 0.021267265950449463
189 0.32833426339285715 0.5160052620039465 0.011300223214285714 0.031352773514580136
191 0.32840401785714285 0.4564788423591318 0.012276785714285714 0.019294014470510854
14 0.34912109375 0.4251260688445516 0.015206473214285714 0.013593510195132646
60 0.16943359375 0.14777461083095814 0.0087890625 0.022802017101512827
195 0.22900390625 0.17485200613900462 0.0166015625 0.026090769568077175
183 0.31005859375 0.35628151721113793 0.006556919642857143 0.026748520061390047
193 0.16929408482142858 0.896404297303223 0.018833705357142856 0.029598772199079148
178 0.26171875 0.800372725279544 0.011997767857142858 0.013374260030695024
60 0.3487025669642857 0.6747423810567857 0.012137276785714286 0.01381276035957027
196 0.7043108258928571 0.6749616312212234 0.017717633928571428 0.027844770883578163
184 0.7322823660714286 0.8275597456698093 0.021205357142857144 0.010743258057443543
195 0.72607421875 0.8939925454944091 0.019112723214285716 0.030037272527954396
189 0.7044503348214286 0.9250164437623328 0.019949776785714284 0.017978513483885114
184 0.6609235491071429 0.9348827011620259 0.006556919642857143 0.0328875246656435
180 0.6324637276785714 0.9251260688445516 0.014369419642857142 0.01381276035957027
191 0.72607421875 0.644376233282175 0.013253348214285714 0.020609515457136594
179 0.7244001116071429 0.5939486954615216 0.011858258928571428 0.02104801578601184
14 0.7080078125 0.4246875685156764 0.011439732142857142 0.013593510195132646
188 0.28857421875 0.7538916904187678 0.0146484375 0.012058759044069283
14 0.28885323660714285 0.64667836000877 0.009068080357142858 0.022144266608199955
182 0.2885044642857143 0.5225827669370752 0.008649553571428572 0.012935759701819776
190 0.3076171875 0.424906818680114 0.007254464285714286 0.012716509537382154
185 0.7320731026785714 0.34224950668713 0.021623883928571428 0.01052400789300592
195 0.705078125 0.23744792808594606 0.018136160714285716 0.02850252137689103
14 0.5832868303571429 0.2377768033326025 0.013392857142857142 0.014251260688445516
119 0.5043247767857143 0.2443543082657312 0.015625 0.028721771541328656
119 0.5717075892857143 0.26989695242271433 0.017299107142857144 0.026748520061390047
194 0.26729910714285715 0.11236570927428195 0.017857142857142856 0.028283271212453408
119 0.23577008928571427 0.1193817145362859 0.016183035714285716 0.028721771541328656
184 0.3018275669642857 0.22780092085069065 0.006556919642857143 0.033764525323393996
119 0.3451450892857143 0.23021267265950449 0.015904017857142856 0.02762552071914054
187 0.38797433035714285 0.23744792808594606 0.004464285714285714 0.013593510195132646
119 0.4428013392857143 0.3410436307827231 0.017857142857142856 0.023459767594825695
176 0.3681640625 0.63560622670467 0.008649553571428572 0.02499451874588906
189 0.3680943080357143 0.5179785134838851 0.009068080357142858 0.031352773514580136
188 0.3680943080357143 0.45538259153694366 0.011300223214285714 0.011401008550756413
184 0.30140904017857145 0.4972593729445297 0.006277901785714286 0.03332602499451875
63 0.5904017857142857 0.7375575531681648 0.015345982142857142 0.013593510195132646
180 0.5669642857142857 0.8401666301249726 0.008370535714285714 0.020609515457136594
179 0.5686383928571429 0.8894979171234378 0.011997767857142858 0.021486516114887087
191 0.5454799107142857 0.7375575531681648 0.012276785714285714 0.019294014470510854
189 0.20905412946428573 0.8909230431922824 0.010463169642857142 0.031352773514580136
189 0.20905412946428573 0.8285463714097786 0.011300223214285714 0.031572023679017756
176 0.6862444196428571 0.7742819557114667 0.008649553571428572 0.017320762990572242
63 0.5862165178571429 0.8002631001973252 0.014229910714285714 0.0131550098662574
175 0.5518973214285714 0.7993860995395746 0.013392857142857142 0.013593510195132646
176 0.10825892857142858 0.8000438500328875 0.011997767857142858 0.014032010524007894
192 0.14976283482142858 0.7999342249506687 0.017717633928571428 0.027406270554702915
189 0.08970424107142858 0.7660600745450559 0.007254464285714286 0.031572023679017756
184 0.08349609375 0.625739969304977 0.021344866071428572 0.010085507564130673
14 0.08970424107142858 0.5918658188993642 0.008370535714285714 0.019951764963823723
180 0.36788504464285715 0.2647445735584302 0.008928571428571428 0.017320762990572242
142 0.36788504464285715 0.20806840605130453 0.008649553571428572 0.0131550098662574
102 0.36837332589285715 0.15007673755755316 0.0087890625 0.021267265950449463
192 0.34814453125 0.29993422495066874 0.019391741071428572 0.03025652269239202
14 0.31361607142857145 0.1749616312212234 0.014508928571428572 0.0131550098662574
179 0.6448102678571429 0.2719798289848717 0.01171875 0.02433676825257619
179 0.6448102678571429 0.20631440473580356 0.011997767857142858 0.02762552071914054
190 0.6985909598214286 0.8000438500328875 0.0068359375 0.013593510195132646
187 0.6266043526785714 0.8000438500328875 0.004603794642857143 0.013593510195132646
181 0.20884486607142858 0.15183073887305415 0.008649553571428572 0.020828765621574215
25 0.40701729910714285 0.44803771102828327 0.010184151785714286 0.020828765621574215
181 0.24874441964285715 0.394650295987722 0.008649553571428572 0.017978513483885114
32 0.24930245535714285 0.5235693926770445 0.009765625 0.0197325147993861
175 0.24867466517857142 0.5813418110063583 0.008510044642857142 0.018636263977197982
196 0.24881417410714285 0.6440473580355185 0.018275669642857144 0.028721771541328656
142 0.24895368303571427 0.7745012058759044 0.009068080357142858 0.013374260030695024