187 0.6153738839285714 0.8038141166155195 0.005859375 0.004822446295484437
187 0.6691545758928571 0.1569487067075844 0.005719866071428571 0.004822446295484437
187 0.5272042410714286 0.26128890837352037 0.0030691964285714285 0.00920648838228847
187 0.701171875 0.43051293292415604 0.0030691964285714285 0.00920648838228847
187 0.23842075892857142 0.758658483121438 0.005859375 0.004822446295484437
187 0.138671875 0.43051293292415604 0.0030691964285714285 0.00920648838228847
187 0.31919642857142855 0.9171416045594037 0.005859375 0.004822446295484437
187 0.73046875 0.8958790004384042 0.0030691964285714285 0.00920648838228847
187 0.43763950892857145 0.0920648838228847 0.0030691964285714285 0.00920648838228847
187 0.48074776785714285 0.9180184129767646 0.005859375 0.004822446295484437
187 0.1845703125 0.7753178430512933 0.005859375 0.004822446295484437
188 0.21149553571428573 0.14927663305567734 0.008370535714285714 0.008329679964927663
60 0.18443080357142858 0.2786058746163963 0.005859375 0.014028934677772907
32 0.17306082589285715 0.3030469092503288 0.007952008928571428 0.010740903112669882
189 0.3065708705357143 0.21909250328803156 0.013532366071428572 0.011179307321350284
177 0.33314732142857145 0.21898290223586148 0.009765625 0.009644892590968873
119 0.36153738839285715 0.21448925909688732 0.011300223214285714 0.019070583077597545
192 0.38741629464285715 0.21909250328803156 0.011997767857142858 0.01819377466023674
181 0.5762416294642857 0.8536825953529154 0.009626116071428572 0.00898728627794827
119 0.6299525669642857 0.8062253397632617 0.0107421875 0.018851380973257344
180 0.6814313616071429 0.8113765892152565 0.0107421875 0.00898728627794827
189 0.5202985491071429 0.8535729943007453 0.013532366071428572 0.00920648838228847
192 0.5076729910714286 0.8752740026304252 0.011997767857142858 0.018851380973257344
185 0.4580078125 0.2096668128014029 0.014229910714285714 0.006795265234546251
190 0.45382254464285715 0.22786058746163962 0.006138392857142857 0.0076720736519070585
14 0.45375279017857145 0.28452433143358175 0.005719866071428571 0.012713722051731697
177 0.4536830357142857 0.32474791758000876 0.005859375 0.012056115738711091
176 0.4618443080357143 0.38809732573432704 0.0107421875 0.00898728627794827
142 0.3858119419642857 0.1343708899605436 0.005719866071428571 0.00920648838228847
192 0.35825892857142855 0.13448049101271373 0.011997767857142858 0.018632178868917142
181 0.22914341517857142 0.1343708899605436 0.009905133928571428 0.00920648838228847
191 0.22719029017857142 0.3035949145111793 0.008510044642857142 0.0131521262604121
178 0.26527622767857145 0.24715037264357737 0.005998883928571429 0.016001753616834723
60 0.19900948660714285 0.21920210434020165 0.007114955357142857 0.00920648838228847
188 0.17599051339285715 0.21909250328803156 0.0048828125 0.011617711530030689
102 0.1494140625 0.21931170539237177 0.010602678571428572 0.009425690486628672
177 0.11711774553571429 0.21898290223586148 0.010463169642857142 0.00920648838228847
181 0.5078125 0.4056334940815432 0.005859375 0.015563349408154318
180 0.5076032366071429 0.448925909688733 0.005719866071428571 0.0131521262604121
186 0.5184151785714286 0.472818939061815 0.007533482142857143 0.010083296799649276
180 0.5075334821428571 0.3268303375712407 0.005859375 0.01578255151249452
119 0.5107421875 0.5325515124945199 0.011997767857142858 0.018632178868917142
60 0.5076729910714286 0.6218763700131521 0.005859375 0.01446733888645331
192 0.46707589285714285 0.6420429636124507 0.011997767857142858 0.018851380973257344
102 0.43763950892857145 0.6419333625602806 0.009765625 0.00898728627794827
186 0.41343470982142855 0.6420429636124507 0.007672991071428571 0.01052170100832968
195 0.3589564732142857 0.6420429636124507 0.010602678571428572 0.016659359929855327
178 0.33091517857142855 0.6421525646646208 0.010323660714285714 0.009425690486628672
63 0.6690150669642857 0.41275756247259976 0.005998883928571429 0.012275317843051293
119 0.6819196428571429 0.42569048662867165 0.010602678571428572 0.01841297676457694
25 0.55322265625 0.22018851380973256 0.010184151785714286 0.011617711530030689
192 0.4667271205357143 0.21898290223586148 0.0126953125 0.020166593599298552
195 0.4120396205357143 0.21909250328803156 0.0107421875 0.016878562034195528
178 0.42689732142857145 0.744519947391495 0.005859375 0.015124945199473916
192 0.4403599330357143 0.7266549758877685 0.012416294642857142 0.01972818939061815
192 0.4942103794642857 0.7266549758877685 0.012416294642857142 0.01972818939061815
180 0.52392578125 0.7267645769399387 0.010463169642857142 0.00898728627794827
142 0.5788225446428571 0.7264357737834283 0.005859375 0.009644892590968873
193 0.3999720982142857 0.23958790004384042 0.011439732142857142 0.018851380973257344
178 0.39990234375 0.1949802718106094 0.005719866071428571 0.016440157825515125
142 0.38058035714285715 0.3035949145111793 0.005859375 0.00920648838228847
192 0.23835100446428573 0.791319596668128 0.012137276785714286 0.019289785181937746
25 0.23911830357142858 0.8291319596668129 0.007254464285714286 0.015124945199473916
192 0.23842075892857142 0.8750548005260851 0.011997767857142858 0.018851380973257344
187 0.3056640625 0.8958790004384042 0.0030691964285714285 0.00920648838228847
119 0.36251395089285715 0.8489697501096011 0.011858258928571428 0.018851380973257344
177 0.24937220982142858 0.6846777729066199 0.0087890625 0.009425690486628672
192 0.34605189732142855 0.7905523893029373 0.012137276785714286 0.019070583077597545
176 0.35756138392857145 0.8958790004384042 0.007254464285714286 0.00920648838228847
190 0.22209821428571427 0.6843489697501096 0.005580357142857143 0.00920648838228847
25 0.19538225446428573 0.6854449802718106 0.010463169642857142 0.01183691363437089
188 0.7499302455357143 0.7495615957913196 0.011300223214285714 0.007233669443226655
193 0.7499302455357143 0.7053923717667689 0.012416294642857142 0.019289785181937746
32 0.7388392857142857 0.7256685664182376 0.010881696428571428 0.010740903112669882
119 0.7064034598214286 0.7313678211310829 0.011300223214285714 0.018632178868917142
180 0.6581333705357143 0.7266549758877685 0.008510044642857142 0.008768084173608066
182 0.6213727678571429 0.7267645769399387 0.006138392857142857 0.009864094695309075
179 0.7510463169642857 0.7937308198158702 0.007952008928571428 0.01797457255589654
14 0.6151646205357143 0.8719859710653223 0.005719866071428571 0.014905743095133712
195 0.6014229910714286 0.8958790004384042 0.011997767857142858 0.018851380973257344
14 0.5773577008928571 0.8959886014905744 0.007672991071428571 0.00898728627794827
180 0.5485491071428571 0.8957693993862341 0.008370535714285714 0.009425690486628672
196 0.3729771205357143 0.7887987724682157 0.012416294642857142 0.019508987286277948
181 0.3729771205357143 0.7426567295046033 0.005719866071428571 0.01183691363437089
32 0.3734654017857143 0.6602367382726874 0.006696428571428571 0.014905743095133712
183 0.357421875 0.7731258220078913 0.004464285714285714 0.01797457255589654
142 0.31368582589285715 0.7688513809732573 0.005998883928571429 0.009425690486628672
191 0.28390066964285715 0.7689609820254274 0.007254464285714286 0.011398509425690487
180 0.15757533482142858 0.3691363437088996 0.005719866071428571 0.014905743095133712
192 0.15757533482142858 0.3240903112669882 0.012137276785714286 0.019070583077597545
189 0.15764508928571427 0.45232354230600613 0.006138392857142857 0.021262604120999562
60 0.15771484375 0.5345243314335818 0.005998883928571429 0.014686540990793511
186 0.31919642857142855 0.8777948268303376 0.006975446428571429 0.012056115738711091
32 0.31954520089285715 0.8296799649276633 0.006556919642857143 0.014905743095133712
177 0.39990234375 0.8296799649276633 0.005719866071428571 0.014905743095133712
190 0.4092494419642857 0.8112669881630864 0.004603794642857143 0.00657606313020605
175 0.47042410714285715 0.8111573871109162 0.010323660714285714 0.00898728627794827
184 0.48486328125 0.8318719859710654 0.014369419642857142 0.0070144673388864535
119 0.7467912946428571 0.5831871985971065 0.011997767857142858 0.016878562034195528
176 0.7497209821428571 0.5328803156510302 0.006138392857142857 0.0131521262604121
184 0.7380719866071429 0.5218106093818501 0.004324776785714286 0.02257781674704077
195 0.7087053571428571 0.5151249451994739 0.010602678571428572 0.016659359929855327
179 0.6949637276785714 0.48980710214818063 0.007952008928571428 0.016878562034195528
183 0.6845005580357143 0.4769837790442788 0.004603794642857143 0.01797457255589654
119 0.5987723214285714 0.47775098640946956 0.01171875 0.018632178868917142
178 0.57861328125 0.4729285401139851 0.008510044642857142 0.00898728627794827
195 0.58837890625 0.4072775098640947 0.011579241071428572 0.018851380973257344
193 0.57470703125 0.38831652783866727 0.012137276785714286 0.019070583077597545
179 0.5491768973214286 0.39007014467338885 0.011858258928571428 0.012932924156071899
192 0.58837890625 0.49528715475668567 0.012137276785714286 0.019070583077597545
102 0.5884486607142857 0.5340859272249013 0.005859375 0.016878562034195528
142 0.5884486607142857 0.6610039456378781 0.005859375 0.00898728627794827
195 0.58837890625 0.32463831652783864 0.011858258928571428 0.018851380973257344
32 0.5789620535714286 0.30293730819815873 0.009207589285714286 0.01052170100832968
142 0.10372488839285714 0.27115300306882945 0.005998883928571429 0.00920648838228847
185 0.09953962053571429 0.24517755370451555 0.014369419642857142 0.006795265234546251
188 0.10372488839285714 0.1572775098640947 0.010463169642857142 0.008110477860587462
186 0.2534877232142857 0.17667689609820253 0.007533482142857143 0.01052170100832968
14 0.7230050223214286 0.4958351600175362 0.005719866071428571 0.01183691363437089
102 0.72314453125 0.6259316089434459 0.005719866071428571 0.016440157825515125
32 0.7234235491071429 0.7404647084612013 0.006556919642857143 0.015344147303814117
189 0.7230050223214286 0.7907715914072775 0.007114955357142857 0.021262604120999562
192 0.7230050223214286 0.8763700131521263 0.0126953125 0.01972818939061815
190 0.21142578125 0.3297895659798334 0.004603794642857143 0.011617711530030689
192 0.21149553571428573 0.36716352476983777 0.01171875 0.018851380973257344
176 0.17264229910714285 0.43029373081981587 0.009068080357142858 0.008768084173608066
180 0.2924107142857143 0.2474791758000877 0.005859375 0.01578255151249452
63 0.26527622767857145 0.40420868040333185 0.005719866071428571 0.014028934677772907
191 0.26527622767857145 0.32540552389302935 0.007393973214285714 0.011617711530030689
193 0.26534598214285715 0.45243314335817625 0.012276785714285714 0.019289785181937746
195 0.26527622767857145 0.4946295484436651 0.012137276785714286 0.019070583077597545
178 0.26513671875 0.6266988163086366 0.005719866071428571 0.014905743095133712
180 0.26527622767857145 0.6618807540552389 0.005719866071428571 0.014686540990793511
186 0.45375279017857145 0.41034633932485753 0.006556919642857143 0.011398509425690487
14 0.45389229910714285 0.4464050854888207 0.005998883928571429 0.014248136782113108
194 0.4951171875 0.472818939061815 0.013113839285714286 0.020604997807978958
102 0.5884486607142857 0.8319815870232354 0.005859375 0.013371328364752301
186 0.71044921875 0.8535729943007453 0.007393973214285714 0.01052170100832968
119 0.6584123883928571 0.8583954405962297 0.009626116071428572 0.01841297676457694
102 0.7085658482142857 0.8958790004384042 0.008091517857142858 0.008768084173608066
192 0.6277204241071429 0.8958790004384042 0.012974330357142858 0.020166593599298552
196 0.5482003348214286 0.938075405523893 0.012137276785714286 0.019070583077597545
179 0.630859375 0.9366505918456817 0.010602678571428572 0.0131521262604121
182 0.6422991071428571 0.8441473038141166 0.005859375 0.00920648838228847
195 0.6422293526785714 0.7458351600175361 0.010184151785714286 0.016440157825515125
196 0.6422293526785714 0.7046251644015783 0.012137276785714286 0.019070583077597545
176 0.6532505580357143 0.6421525646646208 0.007672991071428571 0.009425690486628672
188 0.7107282366071429 0.6420429636124507 0.004603794642857143 0.015344147303814117
142 0.16650390625 0.7688513809732573 0.005998883928571429 0.009425690486628672
180 0.13065011160714285 0.6566199035510741 0.005719866071428571 0.013371328364752301
176 0.17410714285714285 0.6421525646646208 0.008928571428571428 0.00898728627794827
25 0.25502232142857145 0.6408373520385796 0.010044642857142858 0.012056115738711091
142 0.13058035714285715 0.5659798334064007 0.006138392857142857 0.00920648838228847
192 0.13071986607142858 0.5346339324857519 0.012276785714285714 0.019289785181937746
14 0.18443080357142858 0.4517755370451556 0.005859375 0.015344147303814117
176 0.18470982142857142 0.40464708461201226 0.005859375 0.013590530469092503
32 0.18498883928571427 0.7430951337132836 0.006696428571428571 0.016220955721174924
192 0.1845703125 0.7036387549320473 0.01171875 0.018851380973257344
185 0.18031529017857142 0.5697062691801841 0.014369419642857142 0.007452871547566856
193 0.18450055803571427 0.5345243314335818 0.012416294642857142 0.019508987286277948
195 0.18450055803571427 0.49243752740026303 0.010463169642857142 0.016440157825515125
181 0.4937220982142857 0.17689609820254273 0.008370535714285714 0.00920648838228847