187 0.5272042410714286 0.1475553606665205 0.008649553571428572 0.007016005262003947
187 0.6277901785714286 0.23744792808594606 0.004464285714285714 0.013593510195132646
187 0.48744419642857145 0.14667836000877002 0.008649553571428572 0.007016005262003947
187 0.09842354910714286 0.23744792808594606 0.004603794642857143 0.013593510195132646
187 0.24874441964285715 0.41690418767814075 0.008649553571428572 0.00723525542644157
187 0.12946428571428573 0.41383468537601403 0.008649553571428572 0.00723525542644157
32 0.5066964285714286 0.17430388072791056 0.011997767857142858 0.016224512168384126
185 0.5442940848214286 0.227581670686253 0.006556919642857143 0.03332602499451875
187 0.5272042410714286 0.26869107651830737 0.008649553571428572 0.00723525542644157
177 0.5269949776785714 0.33611050208287657 0.0087890625 0.02236351677263758
179 0.30831473214285715 0.3024556018417014 0.014508928571428572 0.01907476430607323
180 0.2885044642857143 0.32887524665643497 0.008649553571428572 0.020171015128261346
195 0.26674107142857145 0.1749616312212234 0.018415178571428572 0.02894102170576628
195 0.32833426339285715 0.3923481692611269 0.017717633928571428 0.027844770883578163
193 0.3487025669642857 0.42501644376233283 0.017717633928571428 0.026090769568077175
190 0.39906529017857145 0.424906818680114 0.009068080357142858 0.010085507564130673
176 0.39285714285714285 0.23744792808594606 0.01171875 0.014032010524007894
192 0.32833426339285715 0.8921289190966893 0.017996651785714284 0.028064021048015787
192 0.32833426339285715 0.8293137469853102 0.017438616071428572 0.027844770883578163
192 0.32833426339285715 0.6422933567200175 0.0185546875 0.029160271870203903
192 0.32833426339285715 0.5792589344442008 0.018275669642857144 0.02850252137689103
191 0.6862444196428571 0.6336329752247314 0.013392857142857142 0.02104801578601184
177 0.6863839285714286 0.5799166849375137 0.008649553571428572 0.01841701381276036
188 0.6862444196428571 0.5213768910326683 0.014508928571428572 0.012716509537382154
63 0.6286969866071429 0.8627493970620478 0.012974330357142858 0.013593510195132646
194 0.5457589285714286 0.8625301468976102 0.018136160714285716 0.02850252137689103
175 0.43150111607142855 0.7375575531681648 0.011160714285714286 0.013593510195132646
195 0.4678431919642857 0.7374479280859461 0.017996651785714284 0.028283271212453408
192 0.40785435267857145 0.7717605788204341 0.017717633928571428 0.028064021048015787
60 0.40806361607142855 0.832383249287437 0.008649553571428572 0.022144266608199955
179 0.4095982142857143 0.8925674194255646 0.01171875 0.02499451874588906
179 0.35135323660714285 0.9276474457355843 0.013811383928571428 0.018855514141635606
60 0.5668247767857143 0.4525323393992545 0.008370535714285714 0.02499451874588906
32 0.5675223214285714 0.516882262661697 0.010044642857142858 0.020828765621574215
32 0.5832170758928571 0.5486735365051524 0.014369419642857142 0.015566761675071256
176 0.56689453125 0.4021048015786012 0.008510044642857142 0.020609515457136594
102 0.5670340401785714 0.3278886209164657 0.008510044642857142 0.019513264634948475
181 0.3555385044642857 0.8623108967331725 0.014927455357142858 0.013593510195132646
183 0.47935267857142855 0.6809910107432581 0.006417410714285714 0.0263100197325148
193 0.34744698660714285 0.6749616312212234 0.019391741071428572 0.030475772856829644
142 0.5826590401785714 0.6126945845209384 0.008510044642857142 0.014251260688445516
176 0.5416434151785714 0.5498794124095593 0.014090401785714286 0.0131550098662574
175 0.50732421875 0.4872834904626179 0.013253348214285714 0.013374260030695024
192 0.4476841517857143 0.5165533874150405 0.018415178571428572 0.02894102170576628
178 0.4478236607142857 0.6410874808156106 0.008649553571428572 0.025433019074764307
179 0.43359375 0.1775926331944749 0.015625 0.018855514141635606
184 0.41420200892857145 0.1934882701162026 0.020926339285714284 0.00986625739969305
178 0.3526088169642857 0.23733830300372724 0.014090401785714286 0.01381276035957027
102 0.4873046875 0.20828765621574216 0.008649553571428572 0.020609515457136594
177 0.48744419642857145 0.26452532339399254 0.008649553571428572 0.02433676825257619
180 0.11711774553571429 0.29993422495066874 0.014369419642857142 0.0131550098662574
192 0.15059988839285715 0.29993422495066874 0.0185546875 0.029379522034641527
14 0.20905412946428573 0.3889497917123438 0.008510044642857142 0.02236351677263758
32 0.22140066964285715 0.4859679894759921 0.015904017857142856 0.016005262003946502
176 0.2885044642857143 0.455163341372506 0.009486607142857142 0.021925016443762334
60 0.27036830357142855 0.9247971935978953 0.014787946428571428 0.0131550098662574
186 0.22893415178571427 0.9247971935978953 0.01171875 0.01447051085288314
187 0.40792410714285715 0.3936636702477527 0.008649553571428572 0.00723525542644157
185 0.4141322544642857 0.6615873711905284 0.021065848214285716 0.010304757728568297
180 0.2885044642857143 0.7625520719140539 0.008649553571428572 0.017540013155009866
190 0.28857421875 0.7149747862310897 0.008231026785714286 0.015786011839508878
191 0.646484375 0.46700285025213767 0.013671875 0.021486516114887087
186 0.16929408482142858 0.8298618723964043 0.010184151785714286 0.016663012497259374
119 0.16462053571428573 0.6987502740627055 0.017857142857142856 0.02367901775926332
176 0.18275669642857142 0.5498794124095593 0.012555803571428572 0.0131550098662574
193 0.6863141741071429 0.3936636702477527 0.0185546875 0.029160271870203903
195 0.666015625 0.1749616312212234 0.015904017857142856 0.02499451874588906
195 0.6257672991071429 0.1749616312212234 0.015485491071428572 0.02367901775926332
183 0.5456194196428571 0.18121026090769568 0.006417410714285714 0.026090769568077175
14 0.6714564732142857 0.36242052181539136 0.01171875 0.0131550098662574
63 0.6227678571428571 0.36242052181539136 0.010602678571428572 0.013593510195132646
187 0.5868443080357143 0.36242052181539136 0.004603794642857143 0.013593510195132646
142 0.5494559151785714 0.3622012716509537 0.007952008928571428 0.013593510195132646
185 0.5334123883928571 0.4632755974566981 0.021344866071428572 0.010085507564130673
189 0.27001953125 0.29993422495066874 0.019949776785714284 0.015786011839508878
195 0.14892578125 0.23733830300372724 0.017996651785714284 0.028283271212453408
190 0.18226841517857142 0.23733830300372724 0.010463169642857142 0.010743258057443543
14 0.27211216517857145 0.23733830300372724 0.014369419642857142 0.013374260030695024
185 0.17543247767857142 0.24972593729445297 0.021344866071428572 0.01052400789300592
193 0.10756138392857142 0.48739311554483666 0.018694196428571428 0.029379522034641527
175 0.5104631696428571 0.7374479280859461 0.015066964285714286 0.013374260030695024
175 0.52734375 0.6494189870642403 0.008370535714285714 0.016224512168384126
196 0.5272042410714286 0.578601183950888 0.018415178571428572 0.02894102170576628
178 0.6068638392857143 0.4541767156325367 0.008649553571428572 0.021267265950449463
176 0.20912388392857142 0.6474457355843017 0.008649553571428572 0.02324051743038807
32 0.20961216517857142 0.5892348169261127 0.009626116071428572 0.02170576627932471
195 0.20905412946428573 0.8315062486296865 0.017717633928571428 0.027844770883578163
176 0.27036830357142855 0.862639771979829 0.013950892857142858 0.013374260030695024
102 0.3680943080357143 0.21344003508002632 0.008510044642857142 0.02302126726595045
185 0.34744698660714285 0.4971497478623109 0.006556919642857143 0.03354527515895637
195 0.24881417410714285 0.2678140758605569 0.016322544642857144 0.02565226923920193
142 0.10539899553571429 0.36242052181539136 0.0087890625 0.013593510195132646
102 0.44747488839285715 0.2624424468318351 0.008510044642857142 0.021486516114887087