187 0.5398995535714286 0.6471942130644455 0.007533482142857143 0.006356861025865849
187 0.0849609375 0.1180403331871986 0.007533482142857143 0.006356861025865849
187 0.7499302455357143 0.8336256028057869 0.007672991071428571 0.006137658921525646
187 0.6449497767857143 0.7164620780359492 0.007533482142857143 0.006356861025865849
187 0.43491908482142855 0.8620122753178431 0.007672991071428571 0.006356861025865849
187 0.43491908482142855 0.30940377027619465 0.007672991071428571 0.006356861025865849
187 0.11321149553571429 0.5448268303375713 0.004045758928571429 0.012056115738711091
119 0.3607700892857143 0.18665059184568172 0.015345982142857142 0.02345462516440158
192 0.4540318080357143 0.159798334064007 0.016880580357142856 0.026742656729504603
119 0.30943080357142855 0.33121437965804473 0.012555803571428572 0.024550635686102586
196 0.27587890625 0.32474791758000876 0.015764508928571428 0.024769837790442787
192 0.24162946428571427 0.3248575186321789 0.016183035714285716 0.025427444103463395
119 0.20486886160714285 0.3311047786058746 0.013811383928571428 0.024331433581762384
195 0.17068917410714285 0.32474791758000876 0.013811383928571428 0.021701008329679965
191 0.15492466517857142 0.7855107409031127 0.009905133928571428 0.015563349408154318
195 0.24239676339285715 0.8748355984217449 0.013532366071428572 0.02104340201665936
196 0.31312779017857145 0.8197062691801841 0.015485491071428572 0.02389302937308198
196 0.3832310267857143 0.8198158702323542 0.015625 0.024112231477422183
191 0.42138671875 0.8197062691801841 0.010184151785714286 0.016001753616834723
191 0.27978515625 0.709776413853573 0.009626116071428572 0.014905743095133712
176 0.38211495535714285 0.709776413853573 0.009486607142857142 0.01183691363437089
102 0.42068917410714285 0.7096668128014029 0.011858258928571428 0.011617711530030689
175 0.5622209821428571 0.7096668128014029 0.009486607142857142 0.012056115738711091
179 0.4859095982142857 0.7120780359491451 0.013113839285714286 0.016440157825515125
189 0.5934709821428571 0.6547566856641823 0.017578125 0.012713722051731697
184 0.5804268973214286 0.7249013590530469 0.0185546875 0.00920648838228847
176 0.57470703125 0.7975668566418238 0.007672991071428571 0.018632178868917142
185 0.5541294642857143 0.8283647523016221 0.005580357142857143 0.029373081981587022
181 0.45870535714285715 0.8199254712845243 0.013392857142857142 0.011617711530030689
184 0.5164620535714286 0.6634151687856203 0.005580357142857143 0.02915387987724682
195 0.6099330357142857 0.7393686979395002 0.013950892857142858 0.021920210434020166
60 0.6099330357142857 0.7895659798334064 0.007533482142857143 0.021920210434020166
25 0.6312779017857143 0.8181718544498027 0.012276785714285714 0.014686540990793511
183 0.08844866071428571 0.25252082419991234 0.014508928571428572 0.008768084173608066
142 0.08503069196428571 0.3115957913195967 0.007672991071428571 0.012056115738711091
119 0.23869977678571427 0.2634809294169224 0.014229910714285714 0.024550635686102586
175 0.27511160714285715 0.2695089872862779 0.013113839285714286 0.012056115738711091
177 0.31033761160714285 0.2698377904427883 0.009905133928571428 0.01183691363437089
179 0.7484654017857143 0.45703638754932047 0.010602678571428572 0.023235423060061378
60 0.6967075892857143 0.4346777729066199 0.013671875 0.01183691363437089
184 0.7552315848214286 0.5630206049978079 0.019112723214285716 0.00898728627794827
194 0.6615513392857143 0.6547566856641823 0.016183035714285716 0.025427444103463395
176 0.15513392857142858 0.24210872424375274 0.0078125 0.02257781674704077
102 0.15506417410714285 0.29833406400701445 0.007393973214285714 0.018851380973257344
190 0.25062779017857145 0.21481806225339764 0.007952008928571428 0.01052170100832968
14 0.275390625 0.21470846120122752 0.01171875 0.012056115738711091
195 0.13713727678571427 0.15990793511617712 0.015904017857142856 0.025208241999123193
60 0.24560546875 0.1600175361683472 0.0107421875 0.01183691363437089
179 0.27504185267857145 0.15738711091626478 0.013253348214285714 0.016659359929855327
177 0.3999720982142857 0.1857737834283209 0.0078125 0.015563349408154318
14 0.42061941964285715 0.2698377904427883 0.010323660714285714 0.01183691363437089
194 0.5906808035714286 0.709776413853573 0.016183035714285716 0.025427444103463395
177 0.6448800223214286 0.6808417360806663 0.007672991071428571 0.016659359929855327
25 0.6441127232142857 0.569487067075844 0.008928571428571428 0.01578255151249452
25 0.6653180803571429 0.54351161771153 0.009765625 0.015124945199473916
196 0.6798967633928571 0.5166593599298553 0.016043526785714284 0.02498903989478299
60 0.7001953125 0.4903551074090311 0.012276785714285714 0.012713722051731697
142 0.7149135044642857 0.40278386672512057 0.007672991071428571 0.011179307321350284
191 0.7149135044642857 0.30523893029373084 0.011021205357142858 0.01731696624287593
60 0.6642020089285714 0.4350065760631302 0.011160714285714286 0.012056115738711091
192 0.5216936383928571 0.43478737395879 0.0166015625 0.026085050416484
175 0.3651646205357143 0.35192897851819377 0.007952008928571428 0.020385795703638757
178 0.36488560267857145 0.5107409031126698 0.007393973214285714 0.020604997807978958
177 0.36488560267857145 0.6874177992108724 0.007393973214285714 0.016659359929855327
195 0.5398995535714286 0.5195089872862779 0.013671875 0.021481806225339763
185 0.560546875 0.5361683472161333 0.005859375 0.029373081981587022
63 0.5749162946428571 0.6345900920648838 0.007533482142857143 0.015344147303814117
60 0.21309988839285715 0.7645769399386234 0.009905133928571428 0.01183691363437089
193 0.17117745535714285 0.7647961420429636 0.016183035714285716 0.025427444103463395
184 0.25453404017857145 0.6385357299430074 0.018833705357142856 0.008768084173608066
183 0.25648716517857145 0.5175361683472162 0.0146484375 0.00920648838228847
102 0.25990513392857145 0.4682156948706708 0.007533482142857143 0.01446733888645331
32 0.21393694196428573 0.37900043840420866 0.0107421875 0.0131521262604121
196 0.22488839285714285 0.24342393686979394 0.016183035714285716 0.025646646207803596
175 0.38344029017857145 0.26972818939061816 0.009905133928571428 0.011617711530030689
181 0.4575892857142857 0.6547566856641823 0.013392857142857142 0.01183691363437089
195 0.4886997767857143 0.6547566856641823 0.013671875 0.021481806225339763
60 0.43491908482142855 0.5270714598860149 0.007393973214285714 0.016878562034195528
177 0.45242745535714285 0.4896975010960105 0.011997767857142858 0.01183691363437089
192 0.6449497767857143 0.45966681280140287 0.016183035714285716 0.025427444103463395
25 0.66552734375 0.4878342832091188 0.014090401785714286 0.015563349408154318
187 0.62744140625 0.48980710214818063 0.004045758928571429 0.012056115738711091
63 0.5046735491071429 0.7368478737395879 0.007393973214285714 0.015563349408154318
190 0.5049525669642857 0.6465366067514248 0.007952008928571428 0.009425690486628672
181 0.5207170758928571 0.5443884261288908 0.011300223214285714 0.012056115738711091
63 0.20110212053571427 0.8199254712845243 0.010463169642857142 0.012056115738711091
189 0.18994140625 0.7344366505918457 0.007114955357142857 0.027838667251205613
186 0.18987165178571427 0.6259316089434459 0.009207589285714286 0.015124945199473916
32 0.19029017857142858 0.5101928978518194 0.009207589285714286 0.02082419991231916
189 0.18987165178571427 0.4598860149057431 0.009207589285714286 0.02761946514686541
180 0.43484933035714285 0.24002630425252083 0.007533482142857143 0.018851380973257344
184 0.5150669642857143 0.09622972380534853 0.005580357142857143 0.029373081981587022
25 0.6089564732142857 0.5735423060061376 0.009486607142857142 0.014686540990793511
14 0.5876116071428571 0.5453748355984217 0.011160714285714286 0.01183691363437089
25 0.5740792410714286 0.5277290661990355 0.009765625 0.019508987286277948
176 0.6798967633928571 0.17941692240245508 0.007393973214285714 0.019508987286277948
182 0.6450892857142857 0.41637439719421304 0.0078125 0.012056115738711091
102 0.7025669642857143 0.3796580447172293 0.011439732142857142 0.01183691363437089
191 0.08489118303571429 0.4529811486190267 0.009347098214285714 0.014686540990793511
188 0.08489118303571429 0.3951117930732135 0.0107421875 0.009425690486628672
195 0.08489118303571429 0.5723366944322665 0.015206473214285714 0.024550635686102586
185 0.14543805803571427 0.701117930732135 0.005719866071428571 0.02915387987724682
179 0.5601283482142857 0.16209995615957914 0.012276785714285714 0.016440157825515125
186 0.48974609375 0.159798334064007 0.009905133928571428 0.014028934677772907
180 0.5182756696428571 0.26972818939061816 0.011160714285714286 0.012056115738711091
183 0.5784737723214286 0.3019508987286278 0.0146484375 0.00898728627794827
182 0.7149832589285714 0.1958570802279702 0.0078125 0.011179307321350284
178 0.7149135044642857 0.13590530469092504 0.007393973214285714 0.02235861464270057
184 0.6658761160714286 0.11332748794388427 0.005580357142857143 0.029373081981587022
193 0.6263253348214286 0.10477860587461639 0.015485491071428572 0.024550635686102586
184 0.5643136160714286 0.11332748794388427 0.005580357142857143 0.029373081981587022
181 0.5051618303571429 0.4560499780797896 0.007533482142857143 0.021262604120999562
176 0.5049525669642857 0.4112231477422183 0.007672991071428571 0.01797457255589654
190 0.5048828125 0.33581762384918895 0.009207589285714286 0.012713722051731697
60 0.5048828125 0.30370451556334943 0.0078125 0.016878562034195528
189 0.15492466517857142 0.40464708461201226 0.007672991071428571 0.02761946514686541
184 0.16043526785714285 0.5702542744410346 0.018694196428571428 0.00898728627794827
181 0.15499441964285715 0.6201227531784305 0.0078125 0.02104340201665936
195 0.18994140625 0.2962516440157826 0.014090401785714286 0.022139412538360367
183 0.5015345982142857 0.1308636562911004 0.014787946428571428 0.00920648838228847
195 0.48660714285714285 0.21481806225339764 0.015625 0.02367382726874178
195 0.4515904017857143 0.21492766330556773 0.015625 0.02389302937308198
195 0.46993582589285715 0.4633932485751863 0.013532366071428572 0.021481806225339763
191 0.294921875 0.2504384042086804 0.010881696428571428 0.01731696624287593