187 0.34458705357142855 0.9250164437623328 0.004464285714285714 0.013593510195132646
187 0.6277901785714286 0.1749616312212234 0.004464285714285714 0.013593510195132646
187 0.5201590401785714 0.424906818680114 0.004603794642857143 0.013593510195132646
181 0.14711216517857142 0.36253014689761015 0.014369419642857142 0.013374260030695024
180 0.31117466517857145 0.36242052181539136 0.014927455357142858 0.0131550098662574
184 0.14725167410714285 0.915040561280421 0.006556919642857143 0.03310677483008112
25 0.18624441964285715 0.9233720675290507 0.012276785714285714 0.01644376233282175
175 0.22998046875 0.92435869326902 0.011579241071428572 0.013593510195132646
60 0.2665318080357143 0.9246875685156764 0.011579241071428572 0.01381276035957027
192 0.08970424107142858 0.8286559964919974 0.017578125 0.027844770883578163
193 0.08970424107142858 0.5798070598552949 0.017857142857142856 0.028283271212453408
119 0.08537946428571429 0.5208287656215742 0.018415178571428572 0.02696777022582767
184 0.08356584821428571 0.44189870642402984 0.021484375 0.00986625739969305
193 0.11070033482142858 0.29993422495066874 0.017717633928571428 0.02718702039026529
177 0.15325055803571427 0.2997149747862311 0.013811383928571428 0.013593510195132646
142 0.328125 0.2791054593290945 0.008649553571428572 0.01447051085288314
186 0.3047572544642857 0.29960534970401226 0.011579241071428572 0.01381276035957027
178 0.26499720982142855 0.29993422495066874 0.0126953125 0.0131550098662574
184 0.23744419642857142 0.3093619820214865 0.006417410714285714 0.033764525323393996
177 0.18708147321428573 0.3001534751151063 0.014229910714285714 0.013593510195132646
180 0.31508091517857145 0.17507125630344222 0.013811383928571428 0.013374260030695024
190 0.22412109375 0.23744792808594606 0.010463169642857142 0.013593510195132646
195 0.12946428571428573 0.20423152817364612 0.018694196428571428 0.029160271870203903
187 0.10958426339285714 0.1749616312212234 0.004603794642857143 0.013593510195132646
178 0.3510044642857143 0.8001534751151064 0.012276785714285714 0.013374260030695024
186 0.42501395089285715 0.7371190528392896 0.010184151785714286 0.015786011839508878
179 0.47335379464285715 0.7349265511949133 0.017578125 0.018855514141635606
25 0.50439453125 0.7360228020171015 0.016043526785714284 0.017540013155009866
32 0.36865234375 0.6475553606665205 0.010184151785714286 0.023898267923700943
178 0.3681640625 0.38555141416356065 0.008649553571428572 0.024775268581451435
194 0.3470982142857143 0.36242052181539136 0.018415178571428572 0.02894102170576628
142 0.20891462053571427 0.27965358474018853 0.0087890625 0.012935759701819776
189 0.18854631696428573 0.11236570927428195 0.019949776785714284 0.01775926331944749
186 0.14906529017857142 0.11203683402762551 0.0107421875 0.015347511510633634
182 0.5927734375 0.23744792808594606 0.008649553571428572 0.014032010524007894
188 0.49867466517857145 0.17485200613900462 0.008510044642857142 0.02565226923920193
190 0.3407505580357143 0.1749616312212234 0.006277901785714286 0.01710151282613462
176 0.26681082589285715 0.23711905283928963 0.014090401785714286 0.01381276035957027
180 0.32847377232142855 0.3353431265073449 0.0087890625 0.02302126726595045
119 0.6817103794642857 0.20423152817364612 0.017996651785714284 0.024775268581451435
188 0.671875 0.1749616312212234 0.0078125 0.022802017101512827
142 0.6863141741071429 0.1307827230870423 0.0087890625 0.013374260030695024
192 0.5866350446428571 0.11236570927428195 0.017857142857142856 0.028283271212453408
102 0.5482003348214286 0.11225608419206315 0.0107421875 0.013593510195132646
190 0.6863141741071429 0.2584959438719579 0.010463169642857142 0.013593510195132646
180 0.6862444196428571 0.3372067529050647 0.008370535714285714 0.02236351677263758
182 0.6725725446428571 0.4247971935978952 0.009207589285714286 0.01381276035957027
180 0.6064453125 0.4585617189212892 0.008928571428571428 0.018636263977197982
178 0.6068638392857143 0.5212672659504495 0.008649553571428572 0.019951764963823723
195 0.6268833705357143 0.48750274062705545 0.017996651785714284 0.028283271212453408
14 0.5887276785714286 0.4868449901337426 0.014229910714285714 0.01381276035957027
181 0.5274832589285714 0.5180881385661039 0.008649553571428572 0.02104801578601184
180 0.6065848214285714 0.5749835562376672 0.008649553571428572 0.02433676825257619
177 0.6065848214285714 0.647226485419864 0.008370535714285714 0.0197325147993861
63 0.5541294642857143 0.7997149747862311 0.011997767857142858 0.013374260030695024
196 0.5272042410714286 0.7678140758605569 0.017857142857142856 0.028064021048015787
185 0.6005161830357143 0.8852225389169042 0.021065848214285716 0.010304757728568297
102 0.6223493303571429 0.7374479280859461 0.012555803571428572 0.013374260030695024
60 0.5857979910714286 0.6120368340276255 0.01171875 0.01381276035957027
193 0.42606026785714285 0.36242052181539136 0.018136160714285716 0.02850252137689103
176 0.39306640625 0.36209164656873494 0.015206473214285714 0.01381276035957027
195 0.4476841517857143 0.20324490243367682 0.018136160714285716 0.02850252137689103
182 0.44754464285714285 0.13823722867792151 0.008928571428571428 0.013374260030695024
180 0.49923270089285715 0.11225608419206315 0.012137276785714286 0.0131550098662574
178 0.2739955357142857 0.7999342249506687 0.015345982142857142 0.01381276035957027
119 0.20465959821428573 0.7796535847401885 0.018136160714285716 0.02762552071914054
190 0.2567661830357143 0.6123657092742819 0.009626116071428572 0.01710151282613462
60 0.30838448660714285 0.6126945845209384 0.014369419642857142 0.01381276035957027
186 0.35170200892857145 0.6128042096031572 0.010881696428571428 0.016224512168384126
186 0.34444754464285715 0.7383249287436966 0.010602678571428572 0.015566761675071256
187 0.646484375 0.20620477965358475 0.008649553571428572 0.00723525542644157
180 0.6698521205357143 0.23711905283928963 0.014369419642857142 0.01381276035957027
119 0.5226004464285714 0.6506248629686472 0.017578125 0.026529269896952423
60 0.5272042410714286 0.4626178469633852 0.008370535714285714 0.01841701381276036
178 0.12939453125 0.3860995395746547 0.008510044642857142 0.021486516114887087
196 0.12953404017857142 0.33008112256084193 0.017717633928571428 0.027844770883578163
177 0.12946428571428573 0.45264196448147337 0.008370535714285714 0.019513264634948475
25 0.13051060267857142 0.5221442666081999 0.011021205357142858 0.02039026529269897
186 0.12932477678571427 0.5864941898706424 0.010881696428571428 0.017540013155009866
63 0.12932477678571427 0.7135496601622451 0.008649553571428572 0.018636263977197982
32 0.19077845982142858 0.7361324270993204 0.013532366071428572 0.016005262003946502
183 0.5631277901785714 0.5167726375794782 0.016880580357142856 0.010085507564130673
192 0.5062779017857143 0.5498794124095593 0.018415178571428572 0.02894102170576628
60 0.4873046875 0.7139881604911203 0.008649553571428572 0.022144266608199955
192 0.48744419642857145 0.7689103266827451 0.017857142857142856 0.028064021048015787
183 0.3641880580357143 0.336439377329533 0.0166015625 0.010743258057443543
190 0.3975306919642857 0.2998245998684499 0.007672991071428571 0.01644376233282175
190 0.4218052455357143 0.29993422495066874 0.0068359375 0.01052400789300592
195 0.5272042410714286 0.8336987502740627 0.018694196428571428 0.029160271870203903
182 0.5272739955357143 0.8837974128480597 0.0087890625 0.01447051085288314
183 0.6317661830357143 0.9188774391580794 0.006556919642857143 0.0263100197325148
177 0.5274135044642857 0.7058759044069283 0.009068080357142858 0.016882262661696998
178 0.4658900669642857 0.6123657092742819 0.014090401785714286 0.013593510195132646
195 0.4657505580357143 0.29993422495066874 0.015764508928571428 0.02455601841701381
196 0.5480608258928571 0.2998245998684499 0.017717633928571428 0.027844770883578163
178 0.5878208705357143 0.29993422495066874 0.015485491071428572 0.0131550098662574
181 0.5668247767857143 0.7771322078491559 0.008649553571428572 0.017320762990572242
14 0.5668247767857143 0.832383249287437 0.008649553571428572 0.018197763648322735
196 0.6465541294642857 0.5800263100197325 0.017438616071428572 0.027844770883578163
32 0.6470424107142857 0.5165533874150405 0.009765625 0.020171015128261346
119 0.7214704241071429 0.7709932032449024 0.017717633928571428 0.024775268581451435
175 0.7259347098214286 0.7178250383687788 0.0087890625 0.01841701381276036
186 0.7034040178571429 0.6120368340276255 0.011160714285714286 0.016005262003946502
192 0.6651088169642857 0.6123657092742819 0.017717633928571428 0.02718702039026529
191 0.7031947544642857 0.8624205218153914 0.011858258928571428 0.018636263977197982
192 0.31005859375 0.8624205218153914 0.019112723214285716 0.030037272527954396
188 0.35630580357142855 0.8624205218153914 0.008091517857142858 0.019951764963823723
187 0.5868443080357143 0.424906818680114 0.004603794642857143 0.013593510195132646
178 0.5438058035714286 0.4246875685156764 0.013113839285714286 0.013593510195132646
178 0.6463448660714286 0.635058101293576 0.008649553571428572 0.021267265950449463
180 0.24860491071428573 0.7738434553825916 0.008649553571428572 0.018636263977197982
102 0.24874441964285715 0.8354527515895637 0.008370535714285714 0.02302126726595045
175 0.24930245535714285 0.8990352992764744 0.008649553571428572 0.020828765621574215
196 0.40785435267857145 0.828875246656435 0.017717633928571428 0.027844770883578163
181 0.3861607142857143 0.8000438500328875 0.011439732142857142 0.013593510195132646
32 0.4673549107142857 0.9238105678579259 0.013671875 0.01644376233282175
25 0.5126255580357143 0.9234816926112694 0.0107421875 0.016663012497259374
181 0.2885044642857143 0.3272308704231528 0.008649553571428572 0.01907476430607323