187 0.5669642857142857 0.6604911203683402 0.008649553571428572 0.00723525542644157
187 0.32833426339285715 0.20236790177592634 0.008510044642857142 0.007016005262003947
187 0.208984375 0.13450997588248192 0.008649553571428572 0.00723525542644157
187 0.33935546875 0.9250164437623328 0.004603794642857143 0.013593510195132646
187 0.6862444196428571 0.37327340495505373 0.008649553571428572 0.00723525542644157
102 0.36802455357142855 0.8922385441789081 0.008370535714285714 0.023459767594825695
32 0.3881138392857143 0.8612146459109844 0.015345982142857142 0.016663012497259374
102 0.5085797991071429 0.8625301468976102 0.015764508928571428 0.0131550098662574
188 0.5393415178571429 0.8624205218153914 0.007254464285714286 0.01775926331944749
187 0.3681640625 0.8312869984652489 0.008649553571428572 0.00723525542644157
193 0.3680943080357143 0.767704450778338 0.017996651785714284 0.028283271212453408
192 0.3680943080357143 0.7058759044069283 0.0185546875 0.029160271870203903
179 0.36648995535714285 0.6546809910107433 0.011997767857142858 0.026748520061390047
142 0.20877511160714285 0.40484542863407147 0.0087890625 0.014251260688445516
192 0.20905412946428573 0.3297522473141855 0.017717633928571428 0.028064021048015787
32 0.18603515625 0.2990572242929182 0.012974330357142858 0.015786011839508878
176 0.14760044642857142 0.29949572462179347 0.011160714285714286 0.0131550098662574
177 0.18722098214285715 0.4877219907914931 0.013950892857142858 0.013374260030695024
177 0.15262276785714285 0.4877219907914931 0.013113839285714286 0.01381276035957027
191 0.2631138392857143 0.17485200613900462 0.012834821428571428 0.019951764963823723
177 0.4478236607142857 0.4531900898925674 0.008649553571428572 0.021486516114887087
188 0.46861049107142855 0.424906818680114 0.008649553571428572 0.01710151282613462
181 0.5096958705357143 0.424906818680114 0.012416294642857142 0.0131550098662574
119 0.4522181919642857 0.5796974347730761 0.017438616071428572 0.022802017101512827
189 0.46888950892857145 0.6124753343565008 0.020089285714285716 0.012935759701819776
175 0.5084402901785714 0.6128042096031572 0.012137276785714286 0.014032010524007894
194 0.5470842633928571 0.6124753343565008 0.018833705357142856 0.029598772199079148
187 0.4476841517857143 0.7062047796535847 0.008649553571428572 0.007016005262003947
196 0.4476841517857143 0.7689103266827451 0.018415178571428572 0.02894102170576628
182 0.42494419642857145 0.8000438500328875 0.008091517857142858 0.013593510195132646
192 0.34737723214285715 0.8000438500328875 0.018415178571428572 0.02894102170576628
175 0.7260044642857143 0.5276255207191405 0.008649553571428572 0.02302126726595045
189 0.72607421875 0.4538478403858803 0.009626116071428572 0.031572023679017756
177 0.66357421875 0.5497697873273405 0.015206473214285714 0.013374260030695024
192 0.7041713169642857 0.6124753343565008 0.017717633928571428 0.027406270554702915
185 0.6527622767857143 0.6473361105020828 0.021205357142857144 0.010304757728568297
183 0.6504603794642857 0.7144266608199956 0.0166015625 0.00986625739969305
196 0.6250697544642857 0.7374479280859461 0.017996651785714284 0.028283271212453408
185 0.6005859375 0.32010524007893004 0.021205357142857144 0.01052400789300592
187 0.5868443080357143 0.29993422495066874 0.004603794642857143 0.013593510195132646
142 0.6286272321428571 0.424906818680114 0.008649553571428572 0.014032010524007894
190 0.4785853794642857 0.29993422495066874 0.009905133928571428 0.01447051085288314
184 0.5385044642857143 0.4348827011620259 0.006696428571428571 0.03310677483008112
196 0.22760881696428573 0.7374479280859461 0.017717633928571428 0.027844770883578163
60 0.31577845982142855 0.23744792808594606 0.013532366071428572 0.0131550098662574
193 0.3487025669642857 0.23744792808594606 0.017717633928571428 0.02718702039026529
181 0.38902064732142855 0.23711905283928963 0.012974330357142858 0.01381276035957027
32 0.14676339285714285 0.2359131769348827 0.015066964285714286 0.016224512168384126
194 0.08970424107142858 0.27132207849155887 0.017299107142857144 0.027844770883578163
25 0.09047154017857142 0.3283271212453409 0.0107421875 0.016882262661696998
193 0.20905412946428573 0.8336987502740627 0.017717633928571428 0.027844770883578163
102 0.26806640625 0.862639771979829 0.011579241071428572 0.013374260030695024
178 0.20905412946428573 0.7809690857268143 0.0087890625 0.02324051743038807
187 0.208984375 0.7062047796535847 0.008649553571428572 0.007016005262003947
60 0.20905412946428573 0.6386757290067967 0.008510044642857142 0.02236351677263758
191 0.3514927455357143 0.6124753343565008 0.0126953125 0.019951764963823723
184 0.31605747767857145 0.8528831396623547 0.006277901785714286 0.033764525323393996
25 0.6996372767857143 0.4235913176934883 0.012276785714285714 0.017540013155009866
183 0.6902204241071429 0.6338522253891691 0.0166015625 0.010085507564130673
186 0.12946428571428573 0.26364832273624206 0.009765625 0.01644376233282175
175 0.40806361607142855 0.8409340057005043 0.008649553571428572 0.02302126726595045
142 0.7147042410714286 0.48739311554483666 0.008370535714285714 0.013593510195132646
32 0.6652483258928571 0.4867353650515238 0.012416294642857142 0.015786011839508878
187 0.7260044642857143 0.33117737338303005 0.008649553571428572 0.00723525542644157
179 0.5254603794642857 0.4595483446612585 0.011858258928571428 0.02587151940363955
183 0.5569893973214286 0.3561718921289191 0.006277901785714286 0.026090769568077175
185 0.58447265625 0.8721771541328656 0.006277901785714286 0.03332602499451875
175 0.24874441964285715 0.46502959877219907 0.008370535714285714 0.0197325147993861
188 0.28857421875 0.21935978951984214 0.011300223214285714 0.012935759701819776
178 0.31131417410714285 0.2997149747862311 0.011300223214285714 0.013593510195132646
179 0.3495396205357143 0.29719359789519845 0.014927455357142858 0.018636263977197982
184 0.6549246651785714 0.7469853102389826 0.006277901785714286 0.033764525323393996
192 0.6656668526785714 0.6749616312212234 0.017717633928571428 0.027844770883578163
192 0.6252092633928571 0.6124753343565008 0.017717633928571428 0.027844770883578163
192 0.42919921875 0.29993422495066874 0.017717633928571428 0.02762552071914054
14 0.42410714285714285 0.3619820214865161 0.013671875 0.013593510195132646
184 0.08328683035714286 0.5248848936636702 0.020926339285714284 0.010085507564130673
192 0.14934430803571427 0.424906818680114 0.018275669642857144 0.02850252137689103
119 0.19475446428571427 0.6056785792589344 0.015345982142857142 0.027844770883578163
176 0.4725864955357143 0.9250164437623328 0.011858258928571428 0.0131550098662574
181 0.6067243303571429 0.7622231966673975 0.008370535714285714 0.020828765621574215
25 0.44677734375 0.34246875685156764 0.010184151785714286 0.020171015128261346
192 0.5867047991071429 0.36242052181539136 0.017717633928571428 0.028064021048015787
192 0.32833426339285715 0.7663889497917123 0.017438616071428572 0.027844770883578163
187 0.32833426339285715 0.7062047796535847 0.008510044642857142 0.007016005262003947
25 0.3271484375 0.5129357597018198 0.010881696428571428 0.019513264634948475
60 0.3505161830357143 0.4872834904626179 0.011858258928571428 0.013374260030695024
175 0.15325055803571427 0.36242052181539136 0.012137276785714286 0.014032010524007894
176 0.16936383928571427 0.2058759044069283 0.008928571428571428 0.024117518088138567
180 0.6065848214285714 0.5830958123218593 0.008370535714285714 0.018197763648322735
142 0.6067940848214286 0.5282832712124534 0.0087890625 0.01381276035957027
63 0.6242327008928571 0.6749616312212234 0.015206473214285714 0.013374260030695024