187 0.11104910714285714 0.5151249451994739 0.0030691964285714285 0.00920648838228847
187 0.5076729910714286 0.9182376150811048 0.005859375 0.004822446295484437
187 0.26534598214285715 0.9199912319158264 0.005859375 0.004822446295484437
187 0.31919642857142855 0.7981148619026742 0.005859375 0.004822446295484437
187 0.10379464285714286 0.6913634370889961 0.005859375 0.004822446295484437
187 0.6422991071428571 0.10872424375274002 0.005859375 0.004822446295484437
187 0.6153738839285714 0.12319158263919333 0.005859375 0.004822446295484437
60 0.5615234375 0.36080666374397197 0.005859375 0.012275317843051293
179 0.5440848214285714 0.4744629548443665 0.011160714285714286 0.012932924156071899
195 0.5203683035714286 0.472818939061815 0.010602678571428572 0.016659359929855327
119 0.5720563616071429 0.5621437965804472 0.009068080357142858 0.019070583077597545
182 0.49853515625 0.5569925471284525 0.005440848214285714 0.00920648838228847
32 0.61572265625 0.7466023673827269 0.0068359375 0.014905743095133712
180 0.6038643973214286 0.8536825953529154 0.007672991071428571 0.00898728627794827
184 0.5751255580357143 0.8602586584831214 0.004324776785714286 0.02257781674704077
186 0.5463169642857143 0.8534633932485752 0.0078125 0.010740903112669882
194 0.49302455357142855 0.8535729943007453 0.012555803571428572 0.01972818939061815
25 0.20305524553571427 0.22040771591407277 0.007672991071428571 0.011617711530030689
192 0.21142578125 0.24024550635686104 0.011858258928571428 0.018851380973257344
196 0.21142578125 0.28452433143358175 0.012137276785714286 0.019289785181937746
188 0.21149553571428573 0.3211310828583954 0.009486607142857142 0.00920648838228847
142 0.21149553571428573 0.37549320473476544 0.005859375 0.008768084173608066
195 0.21149553571428573 0.452213941253836 0.010602678571428572 0.016659359929855327
178 0.21149553571428573 0.4882726874177992 0.005859375 0.012932924156071899
188 0.17103794642857142 0.515234546251644 0.005859375 0.011617711530030689
190 0.15206473214285715 0.5151249451994739 0.006696428571428571 0.00920648838228847
177 0.33419363839285715 0.3459009206488382 0.0087890625 0.00920648838228847
187 0.35951450892857145 0.43051293292415604 0.0030691964285714285 0.00920648838228847
175 0.38364955357142855 0.4307321350284963 0.009765625 0.00920648838228847
181 0.4267578125 0.4537483559842174 0.005859375 0.011398509425690487
14 0.5076032366071429 0.7497807978956598 0.005719866071428571 0.015563349408154318
187 0.5210658482142857 0.7266549758877685 0.0030691964285714285 0.00920648838228847
193 0.5480608258928571 0.7266549758877685 0.012416294642857142 0.01972818939061815
63 0.5710797991071429 0.7266549758877685 0.010463169642857142 0.00920648838228847
181 0.6032366071428571 0.7266549758877685 0.0078125 0.008768084173608066
102 0.6423688616071429 0.7080227970188514 0.005719866071428571 0.01183691363437089
142 0.6422991071428571 0.656510302498904 0.006138392857142857 0.008768084173608066
181 0.5077427455357143 0.7090092064883823 0.005719866071428571 0.012056115738711091
60 0.43819754464285715 0.6844585708022797 0.0078125 0.00898728627794827
186 0.4112025669642857 0.6845681718544498 0.007393973214285714 0.010083296799649276
176 0.3099888392857143 0.6844585708022797 0.010602678571428572 0.00898728627794827
185 0.2880161830357143 0.7118588338448049 0.014369419642857142 0.006795265234546251
194 0.29227120535714285 0.6622095572117492 0.01171875 0.018851380973257344
190 0.29220145089285715 0.6168347216133275 0.007393973214285714 0.008768084173608066
14 0.29213169642857145 0.785949145111793 0.005859375 0.014248136782113108
182 0.29234095982142855 0.8341736080666374 0.005998883928571429 0.009425690486628672
196 0.3062220982142857 0.8535729943007453 0.011997767857142858 0.018851380973257344
179 0.3599330357142857 0.8516001753616834 0.012276785714285714 0.012713722051731697
184 0.39404296875 0.8467777290661991 0.004324776785714286 0.02235861464270057
186 0.46749441964285715 0.8534633932485752 0.008091517857142858 0.010740903112669882
190 0.15764508928571427 0.30995177553704517 0.006696428571428571 0.008329679964927663
142 0.15750558035714285 0.35762823323103904 0.005859375 0.009425690486628672
175 0.15778459821428573 0.49791758000876807 0.005859375 0.015124945199473916
183 0.20242745535714285 0.29943007452871545 0.004464285714285714 0.017536168347216132
193 0.21149553571428573 0.5383603682595353 0.011997767857142858 0.018851380973257344
25 0.21226283482142858 0.5818719859710654 0.007393973214285714 0.012494519947391494
179 0.22049386160714285 0.5980929416922403 0.0107421875 0.012932924156071899
177 0.45382254464285715 0.8756028057869355 0.005859375 0.016001753616834723
195 0.46847098214285715 0.8958790004384042 0.011160714285714286 0.017536168347216132
177 0.4956752232142857 0.8959886014905744 0.009486607142857142 0.00898728627794827
177 0.45396205357142855 0.7942788250767208 0.006138392857142857 0.012494519947391494
194 0.43959263392857145 0.8958790004384042 0.011997767857142858 0.018851380973257344
25 0.41796875 0.8969750109601052 0.008649553571428572 0.010960105217010083
14 0.38643973214285715 0.8959886014905744 0.0078125 0.00898728627794827
25 0.36021205357142855 0.8970846120122753 0.010323660714285714 0.011617711530030689
60 0.3291713169642857 0.8956597983340641 0.009347098214285714 0.00920648838228847
176 0.3594447544642857 0.5571021481806225 0.009347098214285714 0.009425690486628672
178 0.29220145089285715 0.4882726874177992 0.005719866071428571 0.014686540990793511
180 0.3016880580357143 0.4727093380096449 0.009905133928571428 0.00898728627794827
183 0.36300223214285715 0.46876370013152124 0.004185267857142857 0.017755370451556333
32 0.7234933035714286 0.5836256028057869 0.006696428571428571 0.016440157825515125
180 0.7230050223214286 0.4953967558088558 0.005719866071428571 0.013590530469092503
176 0.7133091517857143 0.4727093380096449 0.008091517857142858 0.00898728627794827
181 0.6828962053571429 0.4729285401139851 0.010323660714285714 0.00898728627794827
195 0.6549246651785714 0.472818939061815 0.0107421875 0.016659359929855327
142 0.6094447544642857 0.4731477422183253 0.005719866071428571 0.009425690486628672
60 0.6800362723214286 0.5576501534414731 0.010184151785714286 0.00920648838228847
195 0.6555524553571429 0.5574309513371328 0.010602678571428572 0.016659359929855327
178 0.5345982142857143 0.45243314335817625 0.006138392857142857 0.014028934677772907
182 0.5825892857142857 0.3035949145111793 0.005301339285714286 0.00920648838228847
195 0.6026785714285714 0.3035949145111793 0.011997767857142858 0.01797457255589654
175 0.6568080357142857 0.3035949145111793 0.010044642857142858 0.00920648838228847
195 0.26527622767857145 0.8322007891275757 0.0107421875 0.016878562034195528
191 0.26534598214285715 0.788031565103025 0.008091517857142858 0.012713722051731697
142 0.24581473214285715 0.6418237615081105 0.005859375 0.009644892590968873
192 0.19789341517857142 0.6420429636124507 0.012137276785714286 0.019289785181937746
192 0.17096819196428573 0.6420429636124507 0.013253348214285714 0.020604997807978958
176 0.26534598214285715 0.5781455501972819 0.005859375 0.012056115738711091
186 0.27748325892857145 0.5574309513371328 0.0078125 0.009644892590968873
190 0.10372488839285714 0.6160675142481368 0.007393973214285714 0.010302498903989479
142 0.13846261160714285 0.5998465585269619 0.005719866071428571 0.009425690486628672
63 0.11216517857142858 0.5575405523893029 0.010323660714285714 0.00898728627794827
182 0.14711216517857142 0.5574309513371328 0.005998883928571429 0.00920648838228847
192 0.19810267857142858 0.5574309513371328 0.011997767857142858 0.018851380973257344
177 0.22495814732142858 0.5576501534414731 0.007114955357142857 0.00920648838228847
25 0.2548130580357143 0.5561157387110917 0.008510044642857142 0.011398509425690487
181 0.40011160714285715 0.5367163524769838 0.005859375 0.011617711530030689
195 0.39990234375 0.4923279263480929 0.011021205357142858 0.017536168347216132
25 0.39132254464285715 0.4740245506356861 0.008928571428571428 0.011179307321350284
178 0.38351004464285715 0.5575405523893029 0.010044642857142858 0.00898728627794827
32 0.400390625 0.6247259973695748 0.006696428571428571 0.017536168347216132
196 0.3999720982142857 0.6634151687856203 0.012276785714285714 0.019508987286277948
14 0.31912667410714285 0.7535072336694433 0.005719866071428571 0.015563349408154318
182 0.31912667410714285 0.6755808855765015 0.006277901785714286 0.008768084173608066
179 0.31801060267857145 0.5857080227970188 0.007952008928571428 0.014905743095133712
193 0.13071986607142858 0.5765015344147304 0.012555803571428572 0.01972818939061815
184 0.12660435267857142 0.5305786935554582 0.0146484375 0.006795265234546251
187 0.13071986607142858 0.49408154318281455 0.005859375 0.004822446295484437
184 0.12646484375 0.4585708022797019 0.014369419642857142 0.0070144673388864535
181 0.14111328125 0.3460105217010083 0.007672991071428571 0.00898728627794827
196 0.6960797991071429 0.2805786935554581 0.011579241071428572 0.018851380973257344
181 0.6577845982142857 0.2611793073213503 0.008649553571428572 0.00898728627794827
60 0.58837890625 0.2353134590092065 0.005719866071428571 0.013371328364752301
185 0.7003348214285714 0.3166374397194213 0.014229910714285714 0.006795265234546251
25 0.6969168526785714 0.368478737395879 0.007393973214285714 0.01446733888645331
177 0.6960797991071429 0.4488163086365629 0.005719866071428571 0.016440157825515125
194 0.14397321428571427 0.6843489697501096 0.012276785714285714 0.019289785181937746
25 0.11955915178571429 0.6854449802718106 0.010044642857142858 0.010960105217010083
119 0.15443638392857142 0.6665935992985532 0.011997767857142858 0.014905743095133712
181 0.15792410714285715 0.6211091626479615 0.005859375 0.015124945199473916
187 0.15764508928571427 0.5786935554581324 0.005859375 0.004822446295484437
119 0.42368861607142855 0.41034633932485753 0.011997767857142858 0.016220955721174924
192 0.412109375 0.38820692678649715 0.011997767857142858 0.018851380973257344
178 0.38853236607142855 0.38820692678649715 0.011160714285714286 0.00920648838228847
189 0.3319614955357143 0.38820692678649715 0.013532366071428572 0.008768084173608066
182 0.44252232142857145 0.3038141166155195 0.005580357142857143 0.00920648838228847
142 0.31905691964285715 0.4482683033757124 0.005859375 0.00920648838228847
181 0.32924107142857145 0.5153441473038142 0.010323660714285714 0.00920648838228847
183 0.31654575892857145 0.3566418237615081 0.011439732142857142 0.0070144673388864535
181 0.31912667410714285 0.3318719859710653 0.005719866071428571 0.015344147303814117
192 0.2777622767857143 0.3035949145111793 0.012555803571428572 0.01972818939061815
196 0.25048828125 0.30370451556334943 0.012137276785714286 0.019070583077597545
190 0.22091238839285715 0.3035949145111793 0.004603794642857143 0.010083296799649276
179 0.18352399553571427 0.24068391056554142 0.008231026785714286 0.017536168347216132
195 0.1845703125 0.36595791319596666 0.011439732142857142 0.017755370451556333
179 0.25125558035714285 0.3864533099517755 0.011997767857142858 0.012713722051731697
179 0.2802734375 0.38656291100394563 0.009765625 0.012932924156071899
183 0.18722098214285715 0.39883822884699693 0.011160714285714286 0.006795265234546251
192 0.18450055803571427 0.5375931608943446 0.012416294642857142 0.019508987286277948
14 0.6421595982142857 0.1584831214379658 0.006138392857142857 0.0131521262604121
189 0.6422293526785714 0.198925909688733 0.007672991071428571 0.021262604120999562
32 0.6271623883928571 0.21810609381850066 0.009626116071428572 0.010960105217010083
178 0.6421595982142857 0.2743314335817624 0.005580357142857143 0.016440157825515125
176 0.6422293526785714 0.444541867601929 0.005719866071428571 0.013590530469092503
194 0.4141322544642857 0.5151249451994739 0.0126953125 0.01972818939061815
175 0.42689732142857145 0.541209995615958 0.005859375 0.013590530469092503
60 0.6422293526785714 0.4995615957913196 0.005719866071428571 0.014028934677772907
119 0.6452985491071429 0.7833187198597107 0.012137276785714286 0.014686540990793511
178 0.64208984375 0.8332967996492766 0.005719866071428571 0.016440157825515125
190 0.6321847098214286 0.8958790004384042 0.005161830357142857 0.01052170100832968
182 0.5734514508928571 0.8958790004384042 0.005719866071428571 0.00920648838228847
119 0.4100864955357143 0.5622533976326173 0.009068080357142858 0.018851380973257344
178 0.47021484375 0.5151249451994739 0.007672991071428571 0.008768084173608066
185 0.44649832589285715 0.5220298114861903 0.004324776785714286 0.022139412538360367
188 0.48067801339285715 0.6262604120999562 0.010184151785714286 0.008329679964927663
195 0.48074776785714285 0.7919772029811486 0.012276785714285714 0.019289785181937746
196 0.6153041294642857 0.32584392810170976 0.0126953125 0.01994739149495835
195 0.6153041294642857 0.3689171416045594 0.011858258928571428 0.018851380973257344
188 0.6153041294642857 0.40377027619465145 0.007952008928571428 0.00920648838228847
194 0.70849609375 0.5997369574747917 0.0126953125 0.020166593599298552
177 0.6812918526785714 0.5996273564226217 0.007393973214285714 0.00898728627794827
179 0.6266043526785714 0.6016001753616834 0.009347098214285714 0.012932924156071899
182 0.7229352678571429 0.37297238053485315 0.006138392857142857 0.009425690486628672
196 0.7230050223214286 0.32266549758877683 0.011579241071428572 0.018851380973257344
14 0.7230747767857143 0.2791538798772468 0.005859375 0.015124945199473916
184 0.7051478794642857 0.22566856641823763 0.004324776785714286 0.02257781674704077
102 0.6861746651785714 0.21920210434020165 0.009347098214285714 0.00920648838228847
185 0.6041434151785714 0.22577816747040771 0.004324776785714286 0.02235861464270057
175 0.5614536830357143 0.24594476106970628 0.005719866071428571 0.015344147303814117
102 0.5779157366071429 0.21909250328803156 0.007952008928571428 0.00898728627794827
185 0.5656389508928571 0.31784305129329243 0.014369419642857142 0.0070144673388864535
186 0.5883091517857143 0.4105655414291977 0.006417410714285714 0.01183691363437089
182 0.5884486607142857 0.3309951775537045 0.005859375 0.00920648838228847
192 0.36014229910714285 0.5151249451994739 0.012137276785714286 0.019289785181937746
142 0.38330078125 0.5153441473038142 0.005719866071428571 0.009644892590968873