187 0.10107421875 0.7647961420429636 0.004045758928571429 0.01183691363437089
187 0.7102399553571429 0.5997369574747917 0.00390625 0.01183691363437089
187 0.14794921875 0.43478737395879 0.004045758928571429 0.012056115738711091
187 0.5398995535714286 0.919552827707146 0.007533482142857143 0.006137658921525646
187 0.36495535714285715 0.7372862779482683 0.007533482142857143 0.006356861025865849
32 0.41078404017857145 0.7634809294169224 0.012416294642857142 0.013590530469092503
195 0.36488560267857145 0.6816089434458571 0.015764508928571428 0.024769837790442787
194 0.41782924107142855 0.5997369574747917 0.015625 0.02367382726874178
186 0.34702845982142855 0.8199254712845243 0.009905133928571428 0.014248136782113108
179 0.376953125 0.817404647084612 0.012834821428571428 0.016220955721174924
180 0.34486607142857145 0.5996273564226217 0.012276785714285714 0.012056115738711091
177 0.20521763392857142 0.7102148180622534 0.013671875 0.01183691363437089
119 0.14418247767857142 0.7708241999123192 0.015764508928571428 0.024769837790442787
176 0.15499441964285715 0.8482025427444103 0.007533482142857143 0.01994739149495835
191 0.17815290178571427 0.9297457255589654 0.011160714285714286 0.017755370451556333
119 0.20765904017857142 0.9233888645330995 0.012137276785714286 0.024769837790442787
187 0.24239676339285715 0.9297457255589654 0.004045758928571429 0.012056115738711091
193 0.46993582589285715 0.5713502849627357 0.015485491071428572 0.024331433581762384
184 0.45521763392857145 0.443445857080228 0.005580357142857143 0.029373081981587022
196 0.416015625 0.43478737395879 0.015625 0.024331433581762384
196 0.5226004464285714 0.48980710214818063 0.015625 0.024331433581762384
193 0.5399693080357143 0.4090311266988163 0.015764508928571428 0.02498903989478299
187 0.0849609375 0.1873081981587023 0.007533482142857143 0.006356861025865849
142 0.10393415178571429 0.10477860587461639 0.007533482142857143 0.012275317843051293
195 0.13874162946428573 0.10488820692678649 0.016043526785714284 0.025208241999123193
193 0.0849609375 0.24462954844366505 0.015625 0.024550635686102586
196 0.0849609375 0.29767645769399387 0.015345982142857142 0.024550635686102586
191 0.0849609375 0.41429197720298117 0.010044642857142858 0.01578255151249452
188 0.0849609375 0.5300306882946076 0.015625 0.01183691363437089
189 0.10295758928571429 0.5448268303375713 0.017578125 0.012056115738711091
195 0.24386160714285715 0.5448268303375713 0.013950892857142858 0.022139412538360367
186 0.2777622767857143 0.5998465585269619 0.009486607142857142 0.012494519947391494
194 0.6637834821428571 0.43478737395879 0.015625 0.02389302937308198
183 0.67236328125 0.5942569048662867 0.005998883928571429 0.022797018851380975
193 0.6449497767857143 0.4066199035510741 0.015345982142857142 0.024550635686102586
178 0.5894949776785714 0.37943884261288907 0.011021205357142858 0.012275317843051293
63 0.5572684151785714 0.3796580447172293 0.0107421875 0.01183691363437089
180 0.25997488839285715 0.7904427882507672 0.007393973214285714 0.02104340201665936
182 0.2832728794642857 0.8198158702323542 0.007393973214285714 0.012275317843051293
192 0.25990513392857145 0.6795265234546252 0.015345982142857142 0.024550635686102586
178 0.18994140625 0.12242437527400263 0.007393973214285714 0.022139412538360367
183 0.25125558035714285 0.15431828145550197 0.005580357142857143 0.022797018851380975
119 0.19405691964285715 0.19487067075843928 0.015345982142857142 0.022797018851380975
187 0.18994140625 0.24232792634809294 0.007672991071428571 0.006356861025865849
182 0.18994140625 0.3657387110916265 0.007672991071428571 0.012494519947391494
191 0.31187220982142855 0.43478737395879 0.011579241071428572 0.01819377466023674
63 0.30629185267857145 0.32463831652783864 0.012974330357142858 0.01183691363437089
192 0.41761997767857145 0.3248575186321789 0.016322544642857144 0.025865848312143797
63 0.48311941964285715 0.32507672073651905 0.010881696428571428 0.012275317843051293
180 0.5049525669642857 0.7388206926786497 0.007393973214285714 0.017755370451556333
14 0.49379185267857145 0.8198158702323542 0.010184151785714286 0.01183691363437089
192 0.5049525669642857 0.6250548005260851 0.015764508928571428 0.024769837790442787
179 0.50341796875 0.5726654975887768 0.010463169642857142 0.02389302937308198
183 0.5016741071428571 0.5121657167908812 0.015066964285714286 0.009425690486628672
32 0.7154017857142857 0.19081543182814556 0.008649553571428572 0.021262604120999562
142 0.6254185267857143 0.15968873301183692 0.0078125 0.012056115738711091
142 0.36495535714285715 0.5609381850065761 0.007533482142857143 0.01183691363437089
25 0.17264229910714285 0.43632178868917143 0.011300223214285714 0.014686540990793511
25 0.7487444196428571 0.5820911880754055 0.009486607142857142 0.01819377466023674
60 0.7499302455357143 0.6266988163086366 0.007393973214285714 0.01709776413853573
189 0.6971261160714286 0.6547566856641823 0.017578125 0.011398509425690487
32 0.5980747767857143 0.6538798772468216 0.013950892857142858 0.013590530469092503
188 0.5516183035714286 0.6547566856641823 0.006417410714285714 0.020604997807978958
177 0.5201590401785714 0.7647961420429636 0.011858258928571428 0.01183691363437089
186 0.19001116071428573 0.7969092503288031 0.008649553571428572 0.014686540990793511
194 0.13699776785714285 0.8198158702323542 0.016183035714285716 0.025427444103463395
63 0.11990792410714286 0.7953748355984217 0.007393973214285714 0.02082419991231916
180 0.24044363839285715 0.10488820692678649 0.0126953125 0.012056115738711091
182 0.20598493303571427 0.10488820692678649 0.007952008928571428 0.012056115738711091
196 0.17201450892857142 0.10488820692678649 0.015625 0.02345462516440158
142 0.25990513392857145 0.1292196405085489 0.0078125 0.012056115738711091
142 0.26004464285714285 0.20122753178430514 0.0078125 0.012275317843051293
142 0.259765625 0.30677334502411224 0.007533482142857143 0.011617711530030689
142 0.25997488839285715 0.33844804910127135 0.007672991071428571 0.011398509425690487
192 0.3125 0.159798334064007 0.016462053571428572 0.025865848312143797
195 0.38330078125 0.15990793511617712 0.014369419642857142 0.02257781674704077
178 0.32993861607142855 0.5668566418237615 0.007533482142857143 0.018851380973257344
196 0.27699497767857145 0.5448268303375713 0.015764508928571428 0.024769837790442787
184 0.30043247767857145 0.6764576939938624 0.0185546875 0.008768084173608066
195 0.13748604910714285 0.5998465585269619 0.013811383928571428 0.021701008329679965
195 0.6448800223214286 0.18818500657606313 0.0166015625 0.026085050416484
185 0.6504603794642857 0.25394563787812363 0.0185546875 0.00898728627794827
179 0.45047433035714285 0.6022577816747041 0.015625 0.016878562034195528
188 0.5212751116071429 0.8747259973695748 0.0068359375 0.02082419991231916
176 0.38309151785714285 0.8751644015782551 0.011439732142857142 0.011617711530030689
193 0.3472377232142857 0.8747259973695748 0.015625 0.02345462516440158
186 0.32972935267857145 0.8454625164401578 0.008231026785714286 0.01578255151249452
193 0.294921875 0.7895659798334064 0.015625 0.024550635686102586
191 0.22488839285714285 0.5258658483121438 0.011439732142857142 0.01797457255589654
179 0.22342354910714285 0.4705173169662429 0.010463169642857142 0.020385795703638757
187 0.22495814732142858 0.6272468215694871 0.007672991071428571 0.006356861025865849
190 0.5749162946428571 0.19344585708022796 0.009207589285714286 0.012494519947391494
14 0.5591517857142857 0.21470846120122752 0.010881696428571428 0.012056115738711091
191 0.5968889508928571 0.21492766330556773 0.011021205357142858 0.01731696624287593
181 0.5749860491071429 0.7311486190267427 0.007393973214285714 0.020385795703638757
176 0.5749162946428571 0.6367821131082858 0.007533482142857143 0.018851380973257344
63 0.5960518973214286 0.5998465585269619 0.012137276785714286 0.011617711530030689
196 0.5749162946428571 0.571788689171416 0.015904017857142856 0.024769837790442787
102 0.6800362723214286 0.5137001315212626 0.007672991071428571 0.015563349408154318
188 0.15492466517857142 0.46701008329679966 0.011579241071428572 0.009425690486628672
14 0.15492466517857142 0.5168785620341956 0.007393973214285714 0.01797457255589654
188 0.15492466517857142 0.40157825515124945 0.009626116071428572 0.008768084173608066
179 0.15345982142857142 0.34579131959666815 0.010602678571428572 0.019508987286277948
176 0.6798967633928571 0.3575186321788689 0.007672991071428571 0.01709776413853573
60 0.6318359375 0.4895879000438404 0.010881696428571428 0.011617711530030689
192 0.73193359375 0.4348969750109601 0.015485491071428572 0.024550635686102586
186 0.7497907366071429 0.41231915826391935 0.008231026785714286 0.014905743095133712
182 0.7498604910714286 0.28309951775537046 0.0078125 0.011617711530030689
102 0.7293526785714286 0.3799868478737396 0.012834821428571428 0.012494519947391494
184 0.7052176339285714 0.38842612889083733 0.005859375 0.029373081981587022
14 0.22495814732142858 0.788031565103025 0.007393973214285714 0.01841297676457694
193 0.5049525669642857 0.2992108724243753 0.016880580357142856 0.0263042525208242
142 0.5048828125 0.24627356422621657 0.0078125 0.012056115738711091