187 0.208984375 0.7922604691953519 0.008649553571428572 0.00723525542644157
187 0.49609375 0.11247533435650077 0.004464285714285714 0.013593510195132646
187 0.5669642857142857 0.7249506687130015 0.008649553571428572 0.00723525542644157
187 0.1357421875 0.36242052181539136 0.004464285714285714 0.013593510195132646
187 0.09654017857142858 0.11247533435650077 0.004464285714285714 0.013593510195132646
187 0.646484375 0.8393992545494409 0.008649553571428572 0.00723525542644157
142 0.5172293526785714 0.2997149747862311 0.0087890625 0.014032010524007894
185 0.31082589285714285 0.18460863845647885 0.006417410714285714 0.03332602499451875
182 0.27134486607142855 0.1749616312212234 0.008649553571428572 0.013593510195132646
195 0.4476841517857143 0.3338083753562815 0.018694196428571428 0.029160271870203903
189 0.5475027901785714 0.36242052181539136 0.019949776785714284 0.017978513483885114
14 0.36795479910714285 0.8335891251918439 0.008510044642857142 0.016663012497259374
175 0.3681640625 0.7659504494628371 0.008649553571428572 0.022144266608199955
63 0.36830357142857145 0.7044507783380838 0.008928571428571428 0.024117518088138567
14 0.36802455357142855 0.6370313527735145 0.008928571428571428 0.019513264634948475
175 0.349609375 0.5497697873273405 0.015345982142857142 0.013374260030695024
63 0.2650669642857143 0.5496601622451217 0.014229910714285714 0.013593510195132646
119 0.22760881696428573 0.557005042753782 0.015485491071428572 0.027406270554702915
60 0.3680943080357143 0.5103047577285683 0.008510044642857142 0.017320762990572242
195 0.3680943080357143 0.4538478403858803 0.0185546875 0.029379522034641527
60 0.42466517857142855 0.4251260688445516 0.013392857142857142 0.013593510195132646
192 0.6863141741071429 0.64207410655558 0.018275669642857144 0.028721771541328656
184 0.6683175223214286 0.5596360447270335 0.006556919642857143 0.03354527515895637
176 0.5669642857142857 0.27011620258715197 0.008370535714285714 0.01841701381276036
177 0.56689453125 0.45735584301688226 0.008510044642857142 0.020609515457136594
179 0.10853794642857142 0.7973032229774172 0.013113839285714286 0.018636263977197982
177 0.14711216517857142 0.550098662573997 0.013253348214285714 0.013593510195132646
177 0.18777901785714285 0.5497697873273405 0.010602678571428572 0.013374260030695024
192 0.18980189732142858 0.7999342249506687 0.019112723214285716 0.030037272527954396
177 0.23109654017857142 0.7997149747862311 0.0126953125 0.013374260030695024
142 0.5362025669642857 0.4879412409559307 0.0087890625 0.01381276035957027
60 0.48744419642857145 0.5167726375794782 0.008370535714285714 0.022802017101512827
32 0.48800223214285715 0.5746546809910107 0.009765625 0.025433019074764307
102 0.5508510044642857 0.6752905064678798 0.011021205357142858 0.0131550098662574
142 0.208984375 0.8931155448366587 0.008649553571428572 0.014251260688445516
63 0.26192801339285715 0.8625301468976102 0.010184151785714286 0.0131550098662574
189 0.31040736607142855 0.8624205218153914 0.020089285714285716 0.012058759044069283
179 0.6448800223214286 0.3338083753562815 0.012137276785714286 0.024775268581451435
176 0.6247907366071429 0.29927647445735583 0.014927455357142858 0.013593510195132646
189 0.58642578125 0.29993422495066874 0.019949776785714284 0.011401008550756413
185 0.5510602678571429 0.4347730760798071 0.006696428571428571 0.03332602499451875
179 0.5093470982142857 0.4275378206533655 0.017020089285714284 0.018855514141635606
181 0.6861746651785714 0.32580574435430826 0.008510044642857142 0.021925016443762334
184 0.6196986607142857 0.3720675290506468 0.006696428571428571 0.033764525323393996
191 0.6862444196428571 0.21464591098443322 0.010881696428571428 0.01710151282613462
14 0.6314871651785714 0.11258495943871957 0.013532366071428572 0.013374260030695024
183 0.4999302455357143 0.2434773076079807 0.006556919642857143 0.026529269896952423
25 0.44656808035714285 0.885880289410217 0.010881696428571428 0.019951764963823723
186 0.4696568080357143 0.9250164437623328 0.011300223214285714 0.016224512168384126
142 0.50830078125 0.9250164437623328 0.009068080357142858 0.014032010524007894
196 0.5477818080357143 0.924906818680114 0.017717633928571428 0.027844770883578163
187 0.4476841517857143 0.8312869984652489 0.008649553571428572 0.00723525542644157
187 0.4476841517857143 0.7062047796535847 0.008649553571428572 0.007016005262003947
187 0.26869419642857145 0.6749616312212234 0.004464285714285714 0.013374260030695024
184 0.23214285714285715 0.6848278886209165 0.006417410714285714 0.03310677483008112
181 0.20891462053571427 0.5743258057443543 0.008510044642857142 0.02433676825257619
187 0.208984375 0.6437184827888621 0.008649553571428572 0.007016005262003947
119 0.20445033482142858 0.45264196448147337 0.017438616071428572 0.027406270554702915
180 0.208984375 0.4024336768252576 0.008649553571428572 0.01907476430607323
182 0.20905412946428573 0.27493970620477964 0.0087890625 0.013593510195132646
182 0.6863839285714286 0.4387195790396843 0.008928571428571428 0.0131550098662574
179 0.6727818080357143 0.4277570708178031 0.015206473214285714 0.018855514141635606
63 0.6862444196428571 0.5169918877439158 0.008370535714285714 0.022802017101512827
195 0.08970424107142858 0.895856171892129 0.018415178571428572 0.02894102170576628
180 0.08942522321428571 0.5758605568954177 0.008649553571428572 0.020828765621574215
181 0.08970424107142858 0.5103047577285683 0.008649553571428572 0.01907476430607323
180 0.08949497767857142 0.46557772418329313 0.008510044642857142 0.018636263977197982
60 0.10979352678571429 0.4247971935978952 0.015625 0.013374260030695024
195 0.19008091517857142 0.424906818680114 0.017717633928571428 0.02762552071914054
195 0.16929408482142858 0.8961850471387853 0.017717633928571428 0.027844770883578163
195 0.16929408482142858 0.7661696996272748 0.017717633928571428 0.027844770883578163
177 0.16915457589285715 0.5240078930059198 0.0087890625 0.020609515457136594
14 0.11467633928571429 0.5503179127384346 0.013113839285714286 0.014032010524007894
177 0.6066545758928571 0.5812321859241394 0.0087890625 0.019294014470510854
191 0.6067940848214286 0.5217057662793247 0.012974330357142858 0.02039026529269897
25 0.6056780133928571 0.45154571365928525 0.011021205357142858 0.02302126726595045
25 0.24986049107142858 0.13955272966454724 0.010602678571428572 0.022144266608199955
32 0.24930245535714285 0.20346415259811446 0.009765625 0.02104801578601184
63 0.24874441964285715 0.27132207849155887 0.008370535714285714 0.022582766937075203
194 0.18722098214285715 0.36242052181539136 0.017857142857142856 0.028064021048015787
14 0.16901506696428573 0.2754878316158737 0.008510044642857142 0.02302126726595045
186 0.16922433035714285 0.21113790835343127 0.009486607142857142 0.01710151282613462
178 0.16908482142857142 0.14338960754220564 0.008649553571428572 0.017540013155009866
195 0.1474609375 0.11247533435650077 0.018136160714285716 0.02850252137689103
194 0.7064034598214286 0.7374479280859461 0.017717633928571428 0.02696777022582767
191 0.6246512276785714 0.7999342249506687 0.011579241071428572 0.018197763648322735
192 0.58642578125 0.7999342249506687 0.019391741071428572 0.030475772856829644
194 0.546875 0.7999342249506687 0.018694196428571428 0.029160271870203903
102 0.5272042410714286 0.7730760798070598 0.008370535714285714 0.019294014470510854
185 0.28236607142857145 0.12990572242929183 0.021205357142857144 0.010304757728568297
181 0.27364676339285715 0.11258495943871957 0.015206473214285714 0.013374260030695024
142 0.2885044642857143 0.2226485419864065 0.008649553571428572 0.013374260030695024
180 0.7260044642857143 0.7749397062047797 0.008649553571428572 0.020828765621574215
178 0.7260044642857143 0.5870423152817364 0.008649553571428572 0.023459767594825695
63 0.23123604910714285 0.4876123657092743 0.014090401785714286 0.0131550098662574
193 0.24881417410714285 0.5839728129796098 0.019112723214285716 0.030037272527954396
63 0.24881417410714285 0.7074106555579917 0.008510044642857142 0.023459767594825695
142 0.5272042410714286 0.3467441350581013 0.008649553571428572 0.012935759701819776
195 0.5272042410714286 0.39618504713878533 0.015904017857142856 0.02499451874588906
194 0.5850306919642857 0.48750274062705545 0.017996651785714284 0.028283271212453408
119 0.6021902901785714 0.3889497917123438 0.017996651785714284 0.02499451874588906
196 0.646484375 0.582657311992984 0.018136160714285716 0.028721771541328656
190 0.22586495535714285 0.42501644376233283 0.010881696428571428 0.01644376233282175
190 0.24881417410714285 0.3926770445077834 0.010463169642857142 0.013593510195132646
102 0.24874441964285715 0.4615215961411971 0.008370535714285714 0.022802017101512827
192 0.18743024553571427 0.48739311554483666 0.018275669642857144 0.02894102170576628
32 0.19140625 0.6737557553168165 0.015345982142857142 0.015786011839508878
192 0.6863141741071429 0.8950887963165972 0.018833705357142856 0.029598772199079148
180 0.6862444196428571 0.834685376014032 0.008928571428571428 0.019294014470510854