187 0.6261858258928571 0.23744792808594606 0.004603794642857143 0.013593510195132646
187 0.4356166294642857 0.29993422495066874 0.004603794642857143 0.013593510195132646
187 0.6381138392857143 0.36242052181539136 0.004464285714285714 0.013593510195132646
187 0.09765625 0.29993422495066874 0.004464285714285714 0.013593510195132646
187 0.6862444196428571 0.39881604911203683 0.008649553571428572 0.007016005262003947
187 0.12946428571428573 0.8509098881824161 0.008649553571428572 0.007016005262003947
187 0.11070033482142858 0.23744792808594606 0.004603794642857143 0.013593510195132646
187 0.15562220982142858 0.36242052181539136 0.004603794642857143 0.013593510195132646
187 0.3949497767857143 0.9250164437623328 0.004464285714285714 0.013593510195132646
187 0.35365513392857145 0.11247533435650077 0.004464285714285714 0.013593510195132646
187 0.6067243303571429 0.714207410655558 0.008649553571428572 0.00723525542644157
187 0.48744419642857145 0.3383030037272528 0.008649553571428572 0.007016005262003947
187 0.18198939732142858 0.23744792808594606 0.004603794642857143 0.013593510195132646
32 0.7267020089285714 0.3903749177811883 0.009765625 0.018636263977197982
102 0.7101004464285714 0.29993422495066874 0.011160714285714286 0.0131550098662574
178 0.36788504464285715 0.40078930059197543 0.008370535714285714 0.024117518088138567
187 0.30845424107142855 0.5498794124095593 0.004464285714285714 0.013593510195132646
32 0.2679966517857143 0.5487831615873712 0.014508928571428572 0.015347511510633634
189 0.24881417410714285 0.45351896513922385 0.009626116071428572 0.031352773514580136
191 0.3680943080357143 0.32394211795658845 0.012974330357142858 0.02039026529269897
14 0.6667131696428571 0.23755755316816488 0.014787946428571428 0.013374260030695024
63 0.5821707589285714 0.4251260688445516 0.011160714285714286 0.013593510195132646
193 0.6266741071428571 0.48739311554483666 0.018415178571428572 0.02894102170576628
190 0.6465541294642857 0.5268581451436088 0.0068359375 0.01710151282613462
191 0.6465541294642857 0.5695023021267266 0.010463169642857142 0.01644376233282175
191 0.5272042410714286 0.4059416794562596 0.01171875 0.018636263977197982
60 0.12953404017857142 0.2104801578601184 0.008510044642857142 0.017978513483885114
190 0.15073939732142858 0.17485200613900462 0.0068359375 0.012935759701819776
190 0.19880022321428573 0.29993422495066874 0.008649553571428572 0.014909011181758386
176 0.20891462053571427 0.3310677483008112 0.008510044642857142 0.021486516114887087
186 0.3071986607142857 0.3619820214865161 0.01171875 0.015347511510633634
187 0.6664341517857143 0.424906818680114 0.004464285714285714 0.013593510195132646
102 0.6271623883928571 0.42457794343345756 0.0126953125 0.013374260030695024
185 0.7322823660714286 0.564021048015786 0.021205357142857144 0.00986625739969305
176 0.6314174107142857 0.674632755974567 0.012834821428571428 0.014032010524007894
181 0.41971261160714285 0.8625301468976102 0.0146484375 0.0131550098662574
176 0.46435546875 0.8627493970620478 0.013532366071428572 0.013593510195132646
190 0.38099888392857145 0.8625301468976102 0.010881696428571428 0.010085507564130673
178 0.34451729910714285 0.8627493970620478 0.011579241071428572 0.013593510195132646
193 0.40792410714285715 0.6417452313089235 0.018136160714285716 0.02850252137689103
179 0.4061802455357143 0.578601183950888 0.011858258928571428 0.02367901775926332
196 0.16922433035714285 0.33040999780749836 0.018136160714285716 0.02850252137689103
185 0.19084821428571427 0.41504056128042094 0.006417410714285714 0.0328875246656435
191 0.23074776785714285 0.424906818680114 0.010602678571428572 0.016663012497259374
189 0.18938337053571427 0.36242052181539136 0.019949776785714284 0.014909011181758386
183 0.35728236607142855 0.6186143389607542 0.006417410714285714 0.026090769568077175
188 0.32833426339285715 0.5122780092085069 0.013253348214285714 0.012058759044069283
63 0.31382533482142855 0.48706424029818024 0.011858258928571428 0.01381276035957027
178 0.28857421875 0.4629467222100417 0.008510044642857142 0.025213768910326683
186 0.12960379464285715 0.7708835781626836 0.009765625 0.017540013155009866
179 0.14529854910714285 0.7348169261126946 0.016322544642857144 0.018636263977197982
195 0.14983258928571427 0.7999342249506687 0.017857142857142856 0.028283271212453408
63 0.22286551339285715 0.7998245998684499 0.012416294642857142 0.013593510195132646
25 0.12841796875 0.7003946502959877 0.010463169642857142 0.022144266608199955
187 0.12946428571428573 0.5812321859241394 0.008649553571428572 0.007016005262003947
182 0.14404296875 0.550098662573997 0.008231026785714286 0.014032010524007894
142 0.18038504464285715 0.550098662573997 0.008091517857142858 0.014032010524007894
175 0.2885044642857143 0.5271870203902653 0.008649553571428572 0.019951764963823723
193 0.5669642857142857 0.5215961411971058 0.018694196428571428 0.029379522034641527
187 0.5868443080357143 0.6749616312212234 0.004603794642857143 0.013374260030695024
196 0.208984375 0.26901995176496385 0.018136160714285716 0.02850252137689103
60 0.24888392857142858 0.7612365709274282 0.008928571428571428 0.01841701381276036
119 0.24434988839285715 0.7096031572023679 0.017717633928571428 0.021267265950449463
195 0.46609933035714285 0.9250164437623328 0.015904017857142856 0.02499451874588906
185 0.48130580357142855 0.8801797851348389 0.021484375 0.00986625739969305
196 0.48744419642857145 0.7670467002850252 0.017857142857142856 0.028283271212453408
176 0.47119140625 0.7371190528392896 0.013811383928571428 0.014032010524007894
176 0.39425223214285715 0.7374479280859461 0.01171875 0.013374260030695024
181 0.6220005580357143 0.8001534751151064 0.0146484375 0.013374260030695024
182 0.6585518973214286 0.7374479280859461 0.009347098214285714 0.01381276035957027
25 0.32679966517857145 0.34246875685156764 0.011579241071428572 0.0197325147993861
179 0.32666015625 0.21749616312212233 0.011858258928571428 0.020609515457136594
181 0.7099609375 0.23733830300372724 0.013113839285714286 0.014251260688445516
191 0.7009626116071429 0.6123657092742819 0.011021205357142858 0.01710151282613462
119 0.37276785714285715 0.19973689980267484 0.017857142857142856 0.026748520061390047
25 0.7251674107142857 0.7035737776803332 0.010602678571428572 0.021486516114887087
102 0.6067940848214286 0.5909888182416136 0.008510044642857142 0.02170576627932471
175 0.6296037946428571 0.5499890374917781 0.012555803571428572 0.013374260030695024
196 0.6465541294642857 0.45549221661916245 0.017717633928571428 0.027844770883578163
119 0.6510184151785714 0.7146459109844332 0.017438616071428572 0.022144266608199955
191 0.48744419642857145 0.39245779434334577 0.011997767857142858 0.018855514141635606
194 0.6281389508928571 0.6124753343565008 0.017717633928571428 0.027844770883578163
182 0.5670340401785714 0.44387195790396844 0.0087890625 0.013374260030695024
183 0.32435825892857145 0.6528173646130234 0.016462053571428572 0.00986625739969305
196 0.34716796875 0.17485200613900462 0.019112723214285716 0.030037272527954396
196 0.34702845982142855 0.23733830300372724 0.017717633928571428 0.027844770883578163
119 0.27280970982142855 0.24490243367682527 0.015764508928571428 0.028064021048015787
189 0.2684849330357143 0.424906818680114 0.019949776785714284 0.012716509537382154
192 0.228515625 0.29993422495066874 0.018415178571428572 0.02894102170576628
190 0.2709263392857143 0.48750274062705545 0.010044642857142858 0.012058759044069283
175 0.20905412946428573 0.8237228677921509 0.008510044642857142 0.02236351677263758
196 0.22942243303571427 0.8625301468976102 0.017717633928571428 0.026748520061390047
196 0.26876395089285715 0.8624205218153914 0.017996651785714284 0.028283271212453408
32 0.20968191964285715 0.5898925674194255 0.009765625 0.019513264634948475