187 0.13832310267857142 0.23744792808594606 0.004603794642857143 0.013593510195132646
187 0.55615234375 0.1749616312212234 0.004603794642857143 0.013593510195132646
187 0.14585658482142858 0.11247533435650077 0.004603794642857143 0.013593510195132646
187 0.6643415178571429 0.424906818680114 0.004464285714285714 0.013593510195132646
187 0.5343889508928571 0.23744792808594606 0.004603794642857143 0.013593510195132646
187 0.4600306919642857 0.1749616312212234 0.004603794642857143 0.013593510195132646
187 0.24874441964285715 0.47632098224073666 0.008649553571428572 0.00723525542644157
187 0.7260044642857143 0.8306292479719359 0.008649553571428572 0.00723525542644157
187 0.208984375 0.8121026090769569 0.008649553571428572 0.007016005262003947
187 0.7260044642857143 0.37546590659942997 0.008649553571428572 0.00723525542644157
187 0.08970424107142858 0.4322516991887744 0.008649553571428572 0.00723525542644157
187 0.6067243303571429 0.7882043411532559 0.008649553571428572 0.007016005262003947
142 0.16915457589285715 0.15917561938171454 0.0087890625 0.0131550098662574
189 0.26925223214285715 0.23744792808594606 0.020089285714285716 0.013593510195132646
195 0.16922433035714285 0.20708178031133523 0.017578125 0.027844770883578163
191 0.16922433035714285 0.2743915807936856 0.010044642857142858 0.015566761675071256
60 0.146484375 0.36242052181539136 0.013671875 0.0131550098662574
14 0.3081752232142857 0.2377768033326025 0.015345982142857142 0.013374260030695024
194 0.42787388392857145 0.11247533435650077 0.018136160714285716 0.02850252137689103
187 0.40792410714285715 0.33117737338303005 0.008649553571428572 0.00723525542644157
179 0.46728515625 0.42238544178908133 0.017438616071428572 0.018636263977197982
60 0.6661551339285714 0.17507125630344222 0.014508928571428572 0.013374260030695024
179 0.6314871651785714 0.1775926331944749 0.017438616071428572 0.01841701381276036
188 0.6465541294642857 0.27450120587590443 0.016322544642857144 0.011401008550756413
188 0.646484375 0.32383249287436966 0.015904017857142856 0.012716509537382154
25 0.5680106026785714 0.27450120587590443 0.011021205357142858 0.020609515457136594
195 0.5669642857142857 0.3324928743696558 0.015345982142857142 0.02433676825257619
181 0.6298130580357143 0.11225608419206315 0.014369419642857142 0.013593510195132646
188 0.7020089285714286 0.11236570927428195 0.008649553571428572 0.022144266608199955
195 0.7260044642857143 0.2049989037491778 0.018415178571428572 0.02894102170576628
196 0.72607421875 0.14262223196667398 0.019112723214285716 0.030037272527954396
194 0.72607421875 0.33402762552071913 0.018275669642857144 0.028721771541328656
193 0.7052873883928571 0.36242052181539136 0.017717633928571428 0.028064021048015787
181 0.6660853794642857 0.36242052181539136 0.012416294642857142 0.013593510195132646
192 0.5272042410714286 0.7058759044069283 0.018136160714285716 0.028721771541328656
142 0.52734375 0.6427318570488928 0.008928571428571428 0.01249725937294453
194 0.5272042410714286 0.7688007016005262 0.017299107142857144 0.027844770883578163
180 0.5274135044642857 0.8214207410655558 0.008510044642857142 0.01775926331944749
119 0.5055803571428571 0.9321420741065556 0.017020089285714284 0.027844770883578163
177 0.42640904017857145 0.9250164437623328 0.014369419642857142 0.0131550098662574
176 0.5036272321428571 0.6747423810567857 0.011160714285714286 0.013374260030695024
187 0.38797433035714285 0.6749616312212234 0.004464285714285714 0.013374260030695024
32 0.34598214285714285 0.6738653803990353 0.013113839285714286 0.01644376233282175
189 0.24881417410714285 0.26649857487393114 0.007672991071428571 0.031352773514580136
185 0.23367745535714285 0.3722867792150844 0.006696428571428571 0.03332602499451875
184 0.2822963169642857 0.694474895856172 0.021065848214285716 0.010304757728568297
187 0.26869419642857145 0.6749616312212234 0.004464285714285714 0.013374260030695024
25 0.28969029017857145 0.8383030037272527 0.0107421875 0.022144266608199955
102 0.2885044642857143 0.8854417890813419 0.008649553571428572 0.02433676825257619
142 0.3589564732142857 0.9246875685156764 0.008928571428571428 0.01381276035957027
25 0.27085658482142855 0.11433896075422056 0.013811383928571428 0.016882262661696998
187 0.22893415178571427 0.11247533435650077 0.004464285714285714 0.013593510195132646
193 0.5082310267857143 0.424906818680114 0.017857142857142856 0.028064021048015787
192 0.5487583705357143 0.42501644376233283 0.017717633928571428 0.027844770883578163
185 0.57568359375 0.4151501863626398 0.0068359375 0.03310677483008112
178 0.4873744419642857 0.5811225608419206 0.008510044642857142 0.022144266608199955
14 0.48758370535714285 0.6486516114887086 0.008649553571428572 0.01907476430607323
119 0.48277064732142855 0.3884016663012497 0.017438616071428572 0.026090769568077175
183 0.48353794642857145 0.2684718263538698 0.016741071428571428 0.010304757728568297
177 0.43143136160714285 0.23744792808594606 0.014927455357142858 0.0131550098662574
192 0.208984375 0.6404297303222978 0.018694196428571428 0.029379522034641527
182 0.20905412946428573 0.7536724402543302 0.009068080357142858 0.012935759701819776
184 0.25502232142857145 0.8391800043850033 0.021205357142857144 0.010304757728568297
181 0.6067243303571429 0.45900021925016443 0.008370535714285714 0.02170576627932471
192 0.5456891741071429 0.6749616312212234 0.017717633928571428 0.027406270554702915
177 0.48744419642857145 0.14536285902214427 0.008928571428571428 0.02104801578601184
176 0.5486188616071429 0.3627493970620478 0.015485491071428572 0.01381276035957027
182 0.5673130580357143 0.5361762771322078 0.0087890625 0.013374260030695024
176 0.5669642857142857 0.45044946283709714 0.008649553571428572 0.021267265950449463
179 0.6302315848214286 0.5473580355185267 0.014090401785714286 0.018636263977197982
192 0.6465541294642857 0.5184170138127604 0.017438616071428572 0.027844770883578163
196 0.40785435267857145 0.8308484981363736 0.017717633928571428 0.027844770883578163
119 0.40345982142857145 0.7087261565446175 0.017857142857142856 0.021267265950449463
177 0.4652622767857143 0.7372286779215085 0.012834821428571428 0.013374260030695024
192 0.5885184151785714 0.7374479280859461 0.017717633928571428 0.027406270554702915
186 0.40785435267857145 0.6486516114887086 0.010184151785714286 0.01775926331944749
183 0.40394810267857145 0.5777241832931375 0.0166015625 0.010085507564130673
182 0.4076450892857143 0.5157860118395089 0.008928571428571428 0.013374260030695024
180 0.646484375 0.2143170357377768 0.008370535714285714 0.016882262661696998
142 0.61767578125 0.2376671782503837 0.008510044642857142 0.013593510195132646
185 0.32205636160714285 0.323613242709932 0.021065848214285716 0.010085507564130673
180 0.35379464285714285 0.2997149747862311 0.012276785714285714 0.014032010524007894
193 0.26785714285714285 0.29993422495066874 0.018136160714285716 0.02850252137689103
181 0.7072405133928571 0.17463275597456698 0.012974330357142858 0.01381276035957027
185 0.7054966517857143 0.30969085726814294 0.006417410714285714 0.03310677483008112
189 0.6067243303571429 0.270664327998246 0.010044642857142858 0.031352773514580136
176 0.6065848214285714 0.32153036614777464 0.008649553571428572 0.02302126726595045
187 0.6664341517857143 0.29993422495066874 0.004464285714285714 0.013593510195132646
188 0.20905412946428573 0.40923043192282393 0.013253348214285714 0.012935759701819776
176 0.16929408482142858 0.3822626616969963 0.008510044642857142 0.017320762990572242
192 0.14836774553571427 0.42501644376233283 0.017717633928571428 0.027844770883578163
102 0.72607421875 0.7032449024336769 0.0087890625 0.017320762990572242
63 0.7263532366071429 0.6481034860776146 0.008510044642857142 0.02236351677263758
186 0.6646205357142857 0.4872834904626179 0.011439732142857142 0.016005262003946502
119 0.19126674107142858 0.4320324490243368 0.014508928571428572 0.027406270554702915
184 0.2822963169642857 0.5074545055908792 0.021065848214285716 0.00986625739969305
196 0.31019810267857145 0.36242052181539136 0.017717633928571428 0.02718702039026529