187 0.22495814732142858 0.8634370889960543 0.007672991071428571 0.006137658921525646
187 0.1982421875 0.7647961420429636 0.00390625 0.01183691363437089
187 0.10260881696428571 0.8198158702323542 0.004045758928571429 0.01183691363437089
187 0.09047154017857142 0.9297457255589654 0.004045758928571429 0.012056115738711091
187 0.6449497767857143 0.25756247259973697 0.007533482142857143 0.006137658921525646
187 0.49483816964285715 0.5997369574747917 0.00390625 0.01183691363437089
187 0.32993861607142855 0.855436212187637 0.007533482142857143 0.006356861025865849
187 0.5961216517857143 0.21481806225339764 0.00390625 0.01183691363437089
185 0.5103934151785714 0.6223147742218326 0.0185546875 0.008768084173608066
179 0.5034877232142857 0.5265234546251644 0.010602678571428572 0.020166593599298552
193 0.5049525669642857 0.4605436212187637 0.015485491071428572 0.024550635686102586
184 0.4994419642857143 0.42371766768960983 0.018694196428571428 0.008768084173608066
194 0.5228097098214286 0.37976764576939936 0.016043526785714284 0.025208241999123193
102 0.14181082589285715 0.8197062691801841 0.012137276785714286 0.011617711530030689
185 0.26974051339285715 0.8111573871109162 0.005719866071428571 0.02915387987724682
196 0.294921875 0.7919772029811486 0.015904017857142856 0.02498903989478299
180 0.3466099330357143 0.7646865409907935 0.012137276785714286 0.011617711530030689
189 0.32993861607142855 0.627137220517317 0.008370535714285714 0.02761946514686541
195 0.32993861607142855 0.683691363437089 0.013392857142857142 0.021481806225339763
119 0.33377511160714285 0.7311486190267427 0.015485491071428572 0.02345462516440158
185 0.42940848214285715 0.8569706269180184 0.018694196428571428 0.00898728627794827
181 0.4833286830357143 0.7647961420429636 0.0107421875 0.012275317843051293
193 0.34702845982142855 0.9297457255589654 0.0166015625 0.026085050416484
186 0.3109654017857143 0.9297457255589654 0.010044642857142858 0.014248136782113108
176 0.29478236607142855 0.898947829899167 0.007533482142857143 0.021481806225339763
191 0.2949916294642857 0.8451337132836475 0.010184151785714286 0.016001753616834723
186 0.29478236607142855 0.3539017974572556 0.009207589285714286 0.016440157825515125
181 0.24267578125 0.3248575186321789 0.010184151785714286 0.01183691363437089
188 0.21498325892857142 0.3248575186321789 0.006417410714285714 0.023235423060061378
14 0.3125 0.26994739149495833 0.012276785714285714 0.012056115738711091
193 0.38357979910714285 0.26972818939061816 0.0166015625 0.026085050416484
189 0.4183872767857143 0.2698377904427883 0.017578125 0.01578255151249452
25 0.4569614955357143 0.26786497150372646 0.012137276785714286 0.015344147303814117
175 0.48179408482142855 0.27005699254712845 0.011858258928571428 0.01183691363437089
192 0.5749162946428571 0.7359710653222271 0.016462053571428572 0.025646646207803596
142 0.5160435267857143 0.8746163963174046 0.008091517857142858 0.012275317843051293
188 0.46993582589285715 0.8361464270056993 0.015485491071428572 0.009425690486628672
142 0.4155970982142857 0.8746163963174046 0.007533482142857143 0.01183691363437089
14 0.5401088169642857 0.5116177115300307 0.007672991071428571 0.01797457255589654
60 0.5398297991071429 0.46701008329679966 0.007672991071428571 0.018632178868917142
14 0.5399693080357143 0.39894782989916705 0.007952008928571428 0.016220955721174924
102 0.5396902901785714 0.5704734765453748 0.007672991071428571 0.019508987286277948
183 0.5991908482142857 0.6492766330556773 0.005859375 0.022797018851380975
193 0.5934012276785714 0.5997369574747917 0.016322544642857144 0.025865848312143797
102 0.5398297991071429 0.13535729943007452 0.007672991071428571 0.016440157825515125
195 0.5207170758928571 0.10488820692678649 0.016322544642857144 0.025646646207803596
177 0.5398297991071429 0.24539675580885575 0.007672991071428571 0.01819377466023674
25 0.5409458705357143 0.35258658483121436 0.009068080357142858 0.015124945199473916
179 0.6084681919642857 0.6895002192021044 0.010463169642857142 0.020385795703638757
196 0.5399693080357143 0.7379438842612889 0.016043526785714284 0.025208241999123193
142 0.11990792410714286 0.8341736080666374 0.007672991071428571 0.011617711530030689
63 0.16901506696428573 0.9296361245067952 0.011300223214285714 0.01183691363437089
189 0.24400111607142858 0.9297457255589654 0.017578125 0.011179307321350284
14 0.25990513392857145 0.8417360806663744 0.007533482142857143 0.019289785181937746
195 0.34737723214285715 0.8198158702323542 0.014229910714285714 0.02235861464270057
191 0.11990792410714286 0.7834283209118807 0.010463169642857142 0.016220955721174924
14 0.11976841517857142 0.7432047347654538 0.007393973214285714 0.020385795703638757
191 0.13232421875 0.6548662867163525 0.012416294642857142 0.019508987286277948
32 0.23667689732142858 0.6540990793511617 0.0107421875 0.013590530469092503
187 0.2774135044642857 0.9297457255589654 0.004045758928571429 0.012056115738711091
25 0.19063895089285715 0.35138097325734324 0.009347098214285714 0.014905743095133712
195 0.24309430803571427 0.37976764576939936 0.013811383928571428 0.021701008329679965
193 0.27818080357142855 0.10477860587461639 0.015625 0.024550635686102586
32 0.42173549107142855 0.10379219640508548 0.012276785714285714 0.013809732573432706
119 0.6643415178571429 0.2633713283647523 0.014508928571428572 0.024331433581762384
191 0.6449497767857143 0.3062253397632617 0.010602678571428572 0.016659359929855327
181 0.6224190848214286 0.37976764576939936 0.013253348214285714 0.012056115738711091
176 0.6448800223214286 0.41571679088119246 0.007393973214285714 0.01819377466023674
179 0.4569614955357143 0.5427444103463394 0.015206473214285714 0.01709776413853573
119 0.42361886160714285 0.7158044717229285 0.013253348214285714 0.024769837790442787
184 0.3890904017857143 0.7182156948706707 0.005580357142857143 0.029592284085927224
102 0.43484933035714285 0.5210434020166593 0.007533482142857143 0.01972818939061815
191 0.43491908482142855 0.40223586146427004 0.009905133928571428 0.01578255151249452
190 0.43491908482142855 0.30863656291100394 0.007952008928571428 0.01052170100832968
196 0.22488839285714285 0.3516001753616835 0.016183035714285716 0.025427444103463395
191 0.22488839285714285 0.3009644892590969 0.010602678571428572 0.016659359929855327
182 0.244140625 0.26994739149495833 0.007533482142857143 0.012056115738711091
182 0.24379185267857142 0.21481806225339764 0.007393973214285714 0.012713722051731697
182 0.22488839285714285 0.41516878562034193 0.0078125 0.01183691363437089
192 0.22495814732142858 0.5180841736080667 0.016043526785714284 0.025208241999123193
185 0.28243582589285715 0.5910784743533538 0.005719866071428571 0.02915387987724682
191 0.3999720982142857 0.7825515124945199 0.008649553571428572 0.013590530469092503
63 0.26004464285714285 0.17897851819377467 0.007533482142857143 0.018632178868917142
192 0.25990513392857145 0.24419114423498467 0.015066964285714286 0.024550635686102586
177 0.25997488839285715 0.29603244191144235 0.007393973214285714 0.01731696624287593
186 0.31522042410714285 0.159798334064007 0.009905133928571428 0.0131521262604121
192 0.4189453125 0.159798334064007 0.017020089285714284 0.026742656729504603
187 0.5223911830357143 0.159798334064007 0.004045758928571429 0.01183691363437089
184 0.685546875 0.4079351161771153 0.018415178571428572 0.008768084173608066
32 0.6805943080357143 0.5195089872862779 0.0087890625 0.01972818939061815
183 0.47342354910714285 0.12319158263919333 0.0146484375 0.008768084173608066
60 0.47000558035714285 0.2377246821569487 0.007533482142857143 0.020385795703638757
196 0.46993582589285715 0.29800526085050416 0.016043526785714284 0.025208241999123193
180 0.4697963169642857 0.34458570802279703 0.007393973214285714 0.020166593599298552
63 0.4585658482142857 0.3796580447172293 0.011997767857142858 0.01183691363437089
63 0.38671875 0.3800964489259097 0.013113839285714286 0.01183691363437089
191 0.3423549107142857 0.3798772468215695 0.010602678571428572 0.016659359929855327
192 0.31089564732142855 0.37976764576939936 0.015764508928571428 0.024769837790442787
192 0.5749162946428571 0.34984655852696184 0.016741071428571428 0.0263042525208242
182 0.5749162946428571 0.41220955721174923 0.007533482142857143 0.011617711530030689
63 0.5751255580357143 0.45889960543621217 0.007672991071428571 0.018632178868917142
185 0.5696149553571429 0.19947391494958353 0.018973214285714284 0.00920648838228847
192 0.6448800223214286 0.6290004384042087 0.015764508928571428 0.024769837790442787
192 0.6261160714285714 0.6547566856641823 0.015625 0.024550635686102586
63 0.6227678571428571 0.5996273564226217 0.010044642857142858 0.012056115738711091
195 0.6449497767857143 0.5702542744410346 0.013950892857142858 0.022139412538360367
181 0.30691964285714285 0.709776413853573 0.010323660714285714 0.01183691363437089
181 0.38120814732142855 0.7646865409907935 0.011579241071428572 0.012056115738711091
60 0.7147739955357143 0.3414072775098641 0.007672991071428571 0.01731696624287593
14 0.7147739955357143 0.5675142481367821 0.007672991071428571 0.016659359929855327
191 0.7004743303571429 0.5997369574747917 0.010602678571428572 0.016659359929855327
142 0.32993861607142855 0.29110039456378783 0.007533482142857143 0.011398509425690487
183 0.3265904017857143 0.22851819377466023 0.014787946428571428 0.00898728627794827
185 0.3163364955357143 0.2234765453748356 0.005719866071428571 0.02915387987724682
185 0.4995814732142857 0.2389302937308198 0.018973214285714284 0.00920648838228847
193 0.41678292410714285 0.8197062691801841 0.015764508928571428 0.024769837790442787
185 0.4937220982142857 0.7012275317843051 0.005580357142857143 0.029373081981587022
182 0.5749162946428571 0.6964050854888207 0.0078125 0.010960105217010083