187 0.7499302455357143 0.9093599298553267 0.007672991071428571 0.006356861025865849
187 0.42801339285714285 0.8747259973695748 0.00390625 0.012056115738711091
187 0.43491908482142855 0.539127575624726 0.007672991071428571 0.006356861025865849
187 0.13253348214285715 0.37976764576939936 0.00390625 0.012056115738711091
187 0.10560825892857142 0.9297457255589654 0.00390625 0.012056115738711091
187 0.35177176339285715 0.5448268303375713 0.004045758928571429 0.012056115738711091
182 0.7499302455357143 0.8352696185883385 0.007672991071428571 0.011179307321350284
191 0.732421875 0.7647961420429636 0.010602678571428572 0.016659359929855327
192 0.5912388392857143 0.7647961420429636 0.015904017857142856 0.02498903989478299
119 0.7460239955357143 0.7341078474353354 0.015485491071428572 0.021481806225339763
191 0.7499302455357143 0.6873081981587024 0.009347098214285714 0.014686540990793511
195 0.7499302455357143 0.6264796142042963 0.015764508928571428 0.02498903989478299
14 0.7498604910714286 0.40387987724682156 0.007533482142857143 0.01994739149495835
63 0.7499302455357143 0.3042525208241999 0.007393973214285714 0.01578255151249452
181 0.5049525669642857 0.46536606751424814 0.007672991071428571 0.02104340201665936
177 0.48716517857142855 0.43478737395879 0.011160714285714286 0.012056115738711091
186 0.5222516741071429 0.37976764576939936 0.009068080357142858 0.013809732573432706
60 0.6293247767857143 0.32474791758000876 0.012834821428571428 0.011617711530030689
193 0.6099330357142857 0.24090311266988162 0.016183035714285716 0.025427444103463395
186 0.6100725446428571 0.4099079351161771 0.009765625 0.015344147303814117
191 0.6577845982142857 0.4348969750109601 0.011997767857142858 0.018851380973257344
183 0.6414620535714286 0.6862121876370013 0.014787946428571428 0.00898728627794827
178 0.5398297991071429 0.7898947829899167 0.007672991071428571 0.016878562034195528
179 0.6278599330357143 0.49221832529592285 0.0146484375 0.016440157825515125
175 0.55810546875 0.4896975010960105 0.011021205357142858 0.01183691363437089
196 0.4872349330357143 0.48980710214818063 0.015485491071428572 0.024331433581762384
25 0.7140066964285714 0.40245506356861027 0.009486607142857142 0.018851380973257344
190 0.7149135044642857 0.5524989039894783 0.005998883928571429 0.013371328364752301
188 0.7149135044642857 0.6295484436650591 0.013532366071428572 0.011398509425690487
195 0.6957310267857143 0.709776413853573 0.015904017857142856 0.02498903989478299
184 0.6540876116071429 0.7182156948706707 0.005998883928571429 0.029592284085927224
195 0.5563616071428571 0.7647961420429636 0.014229910714285714 0.02235861464270057
119 0.5707310267857143 0.6192459447610698 0.015625 0.024112231477422183
181 0.56103515625 0.5996273564226217 0.011858258928571428 0.011617711530030689
193 0.4873046875 0.5998465585269619 0.015625 0.02389302937308198
176 0.7020786830357143 0.8197062691801841 0.009626116071428572 0.011617711530030689
178 0.666015625 0.819487067075844 0.010881696428571428 0.011617711530030689
178 0.6319056919642857 0.8197062691801841 0.011858258928571428 0.011617711530030689
175 0.7384207589285714 0.4346777729066199 0.009207589285714286 0.01183691363437089
188 0.5749162946428571 0.29526523454625164 0.015625 0.008768084173608066
177 0.5537109375 0.3248575186321789 0.010881696428571428 0.01183691363437089
193 0.5749162946428571 0.24024550635686104 0.015625 0.024550635686102586
189 0.6449497767857143 0.24484875054800526 0.008091517857142858 0.02761946514686541
196 0.6632254464285714 0.2698377904427883 0.015625 0.02367382726874178
183 0.5433872767857143 0.3418456817185445 0.014787946428571428 0.009425690486628672
102 0.49400111607142855 0.3803156510302499 0.012555803571428572 0.012713722051731697
178 0.45333426339285715 0.3796580447172293 0.0126953125 0.012713722051731697
32 0.48263113839285715 0.32321350284962735 0.013532366071428572 0.015124945199473916
193 0.5232979910714286 0.32474791758000876 0.015625 0.02389302937308198
14 0.36474609375 0.6200131521262604 0.007393973214285714 0.019508987286277948
102 0.36488560267857145 0.6868697939500219 0.007393973214285714 0.01731696624287593
195 0.36495535714285715 0.7395879000438405 0.015625 0.024550635686102586
182 0.35679408482142855 0.7647961420429636 0.007393973214285714 0.01183691363437089
187 0.36495535714285715 0.8473257343270495 0.007533482142857143 0.006356861025865849
192 0.38406808035714285 0.8747259973695748 0.015625 0.02389302937308198
192 0.43491908482142855 0.40541429197720297 0.015485491071428572 0.024331433581762384
14 0.43484933035714285 0.3600394563787812 0.007533482142857143 0.015563349408154318
183 0.19942801339285715 0.38513809732573434 0.005719866071428571 0.023235423060061378
14 0.24441964285714285 0.43522577816747043 0.010881696428571428 0.012494519947391494
185 0.28292410714285715 0.42634809294169224 0.005580357142857143 0.029373081981587022
189 0.22488839285714285 0.24134151687856203 0.007254464285714286 0.02761946514686541
187 0.24239676339285715 0.10488820692678649 0.004045758928571429 0.012056115738711091
195 0.6271623883928571 0.2698377904427883 0.014369419642857142 0.022797018851380975
194 0.6449497767857143 0.2989916703200351 0.016741071428571428 0.0263042525208242
180 0.5968889508928571 0.43522577816747043 0.011579241071428572 0.011617711530030689
185 0.31180245535714285 0.7561376589215256 0.005859375 0.02915387987724682
183 0.3198939732142857 0.8693555458132398 0.005859375 0.023235423060061378
192 0.294921875 0.7360806663743972 0.015625 0.024550635686102586
189 0.294921875 0.6795265234546252 0.009486607142857142 0.02761946514686541
25 0.37576729910714285 0.4884918895221394 0.012974330357142858 0.014248136782113108
180 0.18994140625 0.8987286277948269 0.007672991071428571 0.018851380973257344
182 0.18980189732142858 0.5859272249013591 0.007672991071428571 0.012275317843051293
191 0.20166015625 0.5448268303375713 0.009626116071428572 0.015124945199473916
179 0.18854631696428573 0.5095352915387987 0.0107421875 0.019508987286277948
119 0.333984375 0.9084831214379658 0.015625 0.024769837790442787
181 0.3300083705357143 0.7991012713722052 0.007672991071428571 0.01731696624287593
179 0.23911830357142858 0.7670977641385357 0.014229910714285714 0.016440157825515125
195 0.20626395089285715 0.9297457255589654 0.013811383928571428 0.021701008329679965
192 0.5218331473214286 0.159798334064007 0.016322544642857144 0.025427444103463395
180 0.4839564732142857 0.15968873301183692 0.01171875 0.012056115738711091
194 0.45228794642857145 0.159798334064007 0.016183035714285716 0.025427444103463395
119 0.47384207589285715 0.4678868917141605 0.015485491071428572 0.019508987286277948
195 0.25990513392857145 0.35258658483121436 0.013113839285714286 0.021262604120999562
175 0.24079241071428573 0.37976764576939936 0.012834821428571428 0.011617711530030689
180 0.5398297991071429 0.6817185444980272 0.007672991071428571 0.02104340201665936
186 0.6796875 0.740135905304691 0.009207589285714286 0.015563349408154318
63 0.12004743303571429 0.685773783428321 0.007672991071428571 0.016001753616834723
63 0.12004743303571429 0.5277290661990355 0.007672991071428571 0.014248136782113108
32 0.20758928571428573 0.8734107847435335 0.013950892857142858 0.013809732573432706
181 0.46993582589285715 0.8526961858833845 0.007672991071428571 0.020166593599298552
142 0.4940708705357143 0.7647961420429636 0.007672991071428571 0.01183691363437089
195 0.5235770089285714 0.7647961420429636 0.015625 0.024550635686102586
102 0.46986607142857145 0.9010302498903989 0.0078125 0.02082419991231916
195 0.4506138392857143 0.9297457255589654 0.014508928571428572 0.023016220955721176
192 0.4169921875 0.9297457255589654 0.015625 0.024331433581762384
187 0.38246372767857145 0.9297457255589654 0.004045758928571429 0.012056115738711091
184 0.4644252232142857 0.7249013590530469 0.018694196428571428 0.008768084173608066
183 0.46644810267857145 0.6851161771153003 0.0146484375 0.00898728627794827
14 0.47000558035714285 0.6235203857957037 0.007533482142857143 0.015563349408154318
60 0.15492466517857142 0.4039894782989917 0.007393973214285714 0.02104340201665936
60 0.15499441964285715 0.3548882069267865 0.007533482142857143 0.01578255151249452
179 0.15339006696428573 0.3000876808417361 0.010463169642857142 0.020166593599298552
192 0.173828125 0.10488820692678649 0.015625 0.02345462516440158
196 0.2777622767857143 0.3798772468215695 0.016183035714285716 0.025427444103463395
180 0.30580357142857145 0.3798772468215695 0.009765625 0.01183691363437089
192 0.6799665178571429 0.5714598860149057 0.016183035714285716 0.025427444103463395
192 0.6614815848214286 0.48980710214818063 0.015764508928571428 0.024769837790442787
190 0.6448800223214286 0.4640508548882069 0.005998883928571429 0.01446733888645331
184 0.7095424107142857 0.24112231477422183 0.018694196428571428 0.00920648838228847
185 0.7038225446428571 0.2234765453748356 0.005580357142857143 0.02915387987724682
175 0.42124720982142855 0.1049978079789566 0.010184151785714286 0.01183691363437089
190 0.3759765625 0.10488820692678649 0.008370535714285714 0.009425690486628672
182 0.4697265625 0.2379438842612889 0.007533482142857143 0.011179307321350284
180 0.47042410714285715 0.2925252082419991 0.007533482142857143 0.01994739149495835
184 0.47544642857142855 0.3549978079789566 0.018694196428571428 0.00898728627794827
196 0.32993861607142855 0.13393248575186323 0.015625 0.024550635686102586
189 0.32993861607142855 0.18939061814993424 0.008091517857142858 0.02761946514686541
195 0.31166294642857145 0.3248575186321789 0.013950892857142858 0.021920210434020166
186 0.32979910714285715 0.35061376589215254 0.008370535714285714 0.016001753616834723
180 0.35232979910714285 0.32474791758000876 0.013253348214285714 0.012494519947391494
180 0.38413783482142855 0.32463831652783864 0.009905133928571428 0.01183691363437089