187 0.47523716517857145 0.7647961420429636 0.004045758928571429 0.01183691363437089
187 0.17815290178571427 0.37976764576939936 0.00390625 0.012056115738711091
187 0.09612165178571429 0.21481806225339764 0.00390625 0.01183691363437089
187 0.5398995535714286 0.28255151249451993 0.007533482142857143 0.006137658921525646
187 0.13497488839285715 0.159798334064007 0.004045758928571429 0.01183691363437089
187 0.15910993303571427 0.48980710214818063 0.004045758928571429 0.012056115738711091
187 0.43491908482142855 0.15135905304690925 0.007672991071428571 0.006356861025865849
187 0.18994140625 0.18621218763700131 0.007672991071428571 0.006356861025865849
187 0.0849609375 0.9021262604121 0.007533482142857143 0.006356861025865849
119 0.6839425223214286 0.2360806663743972 0.015485491071428572 0.02235861464270057
181 0.6604352678571429 0.32474791758000876 0.010881696428571428 0.011617711530030689
182 0.6298828125 0.324967119684349 0.0078125 0.012056115738711091
187 0.6624581473214286 0.21481806225339764 0.004045758928571429 0.01183691363437089
192 0.6272321428571429 0.21481806225339764 0.016183035714285716 0.025427444103463395
195 0.5564313616071429 0.21481806225339764 0.013532366071428572 0.020604997807978958
32 0.5222516741071429 0.21361245067952653 0.0126953125 0.013809732573432706
183 0.7068219866071429 0.3742875931608943 0.005719866071428571 0.023016220955721176
60 0.5050223214285714 0.7387110916264796 0.007533482142857143 0.017536168347216132
185 0.482421875 0.8284743533537922 0.005859375 0.02915387987724682
60 0.41880580357142855 0.8199254712845243 0.010881696428571428 0.012056115738711091
192 0.38232421875 0.8198158702323542 0.015485491071428572 0.024550635686102586
194 0.5237165178571429 0.5998465585269619 0.015904017857142856 0.025208241999123193
195 0.5049525669642857 0.459776413853573 0.012974330357142858 0.021262604120999562
177 0.5051618303571429 0.41155195089872865 0.007533482142857143 0.01994739149495835
190 0.5049525669642857 0.353244191144235 0.0087890625 0.010740903112669882
194 0.45200892857142855 0.2698377904427883 0.015625 0.024550635686102586
193 0.6964285714285714 0.43478737395879 0.015625 0.02389302937308198
14 0.6623883928571429 0.43522577816747043 0.011997767857142858 0.011617711530030689
180 0.7498604910714286 0.45407715914072777 0.007533482142857143 0.02082419991231916
188 0.7499302455357143 0.5067952652345462 0.011300223214285714 0.011398509425690487
102 0.6976841517857143 0.5450460324419114 0.011997767857142858 0.011617711530030689
119 0.6585518973214286 0.5509644892590969 0.015206473214285714 0.024769837790442787
192 0.32993861607142855 0.7365190705830776 0.016183035714285716 0.025427444103463395
182 0.32986886160714285 0.6869793950021921 0.007672991071428571 0.01183691363437089
14 0.3482142857142857 0.6545374835598422 0.010881696428571428 0.012275317843051293
192 0.3828125 0.6547566856641823 0.015904017857142856 0.02498903989478299
182 0.31619698660714285 0.8745067952652346 0.007672991071428571 0.012494519947391494
195 0.27713448660714285 0.8747259973695748 0.015764508928571428 0.024769837790442787
63 0.17096819196428573 0.8747259973695748 0.012137276785714286 0.011617711530030689
189 0.10100446428571429 0.8747259973695748 0.017578125 0.011179307321350284
32 0.43533761160714285 0.3027181060938185 0.009347098214285714 0.021481806225339763
191 0.4349888392857143 0.5633494081543183 0.010602678571428572 0.016659359929855327
179 0.4364536830357143 0.6193555458132398 0.010463169642857142 0.02389302937308198
25 0.45717075892857145 0.6531126698816309 0.013392857142857142 0.015124945199473916
60 0.7149135044642857 0.5660894344585709 0.007672991071428571 0.016440157825515125
177 0.6967075892857143 0.7646865409907935 0.011160714285714286 0.011617711530030689
187 0.6624581473214286 0.7647961420429636 0.004045758928571429 0.01183691363437089
180 0.6266043526785714 0.7646865409907935 0.010463169642857142 0.011617711530030689
192 0.7149135044642857 0.46043402016659357 0.015764508928571428 0.024769837790442787
179 0.6814313616071429 0.5803375712406839 0.010463169642857142 0.023016220955721176
25 0.6808733258928571 0.7290661990355107 0.009626116071428572 0.016659359929855327
63 0.49379185267857145 0.15990793511617712 0.011858258928571428 0.012056115738711091
191 0.6099330357142857 0.46679088119245943 0.009486607142857142 0.015124945199473916
180 0.6100027901785714 0.40157825515124945 0.007672991071428571 0.017536168347216132
175 0.6099330357142857 0.3449145111793073 0.007533482142857143 0.016001753616834723
191 0.10888671875 0.5998465585269619 0.011579241071428572 0.01819377466023674
177 0.40004185267857145 0.6787593160894344 0.007672991071428571 0.018632178868917142
179 0.4146205357142857 0.5974353353792197 0.013950892857142858 0.016440157825515125
63 0.4912806919642857 0.5997369574747917 0.014369419642857142 0.01183691363437089
195 0.34605189732142855 0.709776413853573 0.013811383928571428 0.021481806225339763
186 0.2783900669642857 0.7099956159579132 0.009626116071428572 0.0131521262604121
182 0.20249720982142858 0.7094476106970627 0.007393973214285714 0.012056115738711091
178 0.17696707589285715 0.709776413853573 0.013253348214285714 0.01183691363437089
191 0.18994140625 0.45243314335817625 0.008510044642857142 0.013590530469092503
189 0.18994140625 0.4060718982902236 0.009626116071428572 0.027838667251205613
181 0.18980189732142858 0.24101271372205174 0.007672991071428571 0.017755370451556333
180 0.17885044642857142 0.21514686540990793 0.01171875 0.012056115738711091
176 0.14292689732142858 0.21492766330556773 0.013532366071428572 0.012494519947391494
187 0.5749162946428571 0.2973476545374836 0.007533482142857143 0.006356861025865849
63 0.11983816964285714 0.1955282770714599 0.007533482142857143 0.016659359929855327
176 0.11983816964285714 0.23925909688733013 0.007533482142857143 0.01994739149495835
119 0.12388392857142858 0.29416922402455065 0.015625 0.02235861464270057
179 0.12137276785714286 0.4537483559842174 0.010602678571428572 0.02104340201665936
119 0.2637416294642857 0.5714598860149057 0.015485491071428572 0.021481806225339763
192 0.24225725446428573 0.5448268303375713 0.016322544642857144 0.025646646207803596
177 0.20549665178571427 0.6002849627356422 0.013950892857142858 0.011617711530030689
183 0.1806640625 0.6053266111354669 0.005580357142857143 0.023016220955721176
194 0.3134068080357143 0.6547566856641823 0.016322544642857144 0.025865848312143797
63 0.7149832589285714 0.2353134590092065 0.0078125 0.021262604120999562
184 0.6701311383928571 0.2783866725120561 0.005719866071428571 0.029373081981587022
184 0.6178850446428571 0.2783866725120561 0.005580357142857143 0.029373081981587022
60 0.10525948660714286 0.7096668128014029 0.010463169642857142 0.012056115738711091
178 0.14055524553571427 0.709776413853573 0.011579241071428572 0.01183691363437089
191 0.18994140625 0.680512932924156 0.011021205357142858 0.01731696624287593
186 0.18987165178571427 0.6274660236738273 0.008649553571428572 0.015563349408154318
180 0.18994140625 0.7828803156510302 0.007393973214285714 0.016001753616834723
177 0.24183872767857142 0.8198158702323542 0.011858258928571428 0.01183691363437089
179 0.2749720982142857 0.8170758439281017 0.014229910714285714 0.016001753616834723
175 0.18980189732142858 0.5693774660236738 0.007393973214285714 0.019508987286277948
187 0.5223911830357143 0.6547566856641823 0.004045758928571429 0.01183691363437089
189 0.5398995535714286 0.5703638754932048 0.006417410714285714 0.02761946514686541
191 0.5399693080357143 0.5213722051731696 0.009626116071428572 0.015124945199473916
179 0.5905412946428571 0.4323761508110478 0.012276785714285714 0.016440157825515125
189 0.46993582589285715 0.24287593160894344 0.007672991071428571 0.02761946514686541
191 0.6563895089285714 0.159798334064007 0.010044642857142858 0.01578255151249452
175 0.41148158482142855 0.26972818939061816 0.009626116071428572 0.011617711530030689
186 0.08517020089285714 0.8479833406400702 0.0087890625 0.015563349408154318
196 0.6799665178571429 0.46383165278386673 0.016183035714285716 0.025427444103463395
188 0.6696428571428571 0.3798772468215695 0.005580357142857143 0.017536168347216132
181 0.5906110491071429 0.3798772468215695 0.011858258928571428 0.01183691363437089