187 0.3915318080357143 0.23744792808594606 0.004603794642857143 0.013593510195132646
187 0.2885044642857143 0.8938829204121903 0.008649553571428572 0.007016005262003947
187 0.11300223214285714 0.23744792808594606 0.004464285714285714 0.013593510195132646
187 0.48311941964285715 0.8625301468976102 0.004464285714285714 0.013593510195132646
187 0.5067661830357143 0.11247533435650077 0.004603794642857143 0.013593510195132646
187 0.7260044642857143 0.7297741723306292 0.008649553571428572 0.00723525542644157
187 0.62890625 0.6749616312212234 0.004464285714285714 0.013374260030695024
187 0.7260044642857143 0.133304099978075 0.008649553571428572 0.007016005262003947
187 0.6067243303571429 0.7686910765183074 0.008649553571428572 0.007016005262003947
187 0.6805245535714286 0.11247533435650077 0.004464285714285714 0.013593510195132646
187 0.3456333705357143 0.8625301468976102 0.004603794642857143 0.013593510195132646
190 0.6067243303571429 0.2638675729006797 0.008649553571428572 0.00986625739969305
14 0.5495256696428571 0.36242052181539136 0.012276785714285714 0.013593510195132646
189 0.505859375 0.36242052181539136 0.020089285714285716 0.015786011839508878
102 0.4639369419642857 0.3618723964042973 0.014927455357142858 0.01381276035957027
194 0.46714564732142855 0.23744792808594606 0.017717633928571428 0.02762552071914054
178 0.1689453125 0.590221442666082 0.008649553571428572 0.020171015128261346
185 0.23332868303571427 0.5402324051743039 0.006556919642857143 0.03332602499451875
180 0.16908482142857142 0.642622231966674 0.008649553571428572 0.024117518088138567
175 0.16943359375 0.7135496601622451 0.0087890625 0.019513264634948475
183 0.19175502232142858 0.7313089234816926 0.006277901785714286 0.026090769568077175
193 0.23005022321428573 0.7374479280859461 0.018694196428571428 0.029160271870203903
195 0.27001953125 0.7374479280859461 0.017717633928571428 0.027406270554702915
191 0.23067801339285715 0.8624205218153914 0.011858258928571428 0.018636263977197982
187 0.26869419642857145 0.8625301468976102 0.004464285714285714 0.013593510195132646
180 0.2885044642857143 0.7080684060513045 0.008649553571428572 0.023459767594825695
176 0.28857421875 0.5894540670905504 0.008510044642857142 0.023459767594825695
142 0.26297433035714285 0.5498794124095593 0.009207589285714286 0.013593510195132646
188 0.35525948660714285 0.5498794124095593 0.008231026785714286 0.022802017101512827
194 0.28857421875 0.5157860118395089 0.017717633928571428 0.027844770883578163
142 0.2885044642857143 0.4741284805963604 0.008649553571428572 0.01381276035957027
185 0.25502232142857145 0.5087700065775049 0.021205357142857144 0.010304757728568297
180 0.2490234375 0.3903749177811883 0.008370535714285714 0.019951764963823723
193 0.24881417410714285 0.32810787108090333 0.0185546875 0.029160271870203903
102 0.23381696428571427 0.2998245998684499 0.011439732142857142 0.01381276035957027
181 0.14801897321428573 0.23755755316816488 0.015625 0.013374260030695024
181 0.380859375 0.8624205218153914 0.015066964285714286 0.013374260030695024
102 0.3681640625 0.779434334575751 0.008649553571428572 0.01841701381276036
180 0.3682338169642857 0.7057662793247095 0.008510044642857142 0.02104801578601184
119 0.42515345982142855 0.6052400789300592 0.014369419642857142 0.027844770883578163
195 0.3680943080357143 0.14042973032229775 0.015206473214285714 0.02433676825257619
195 0.32833426339285715 0.26912957684718264 0.017717633928571428 0.027844770883578163
178 0.40785435267857145 0.5859460644595483 0.008510044642857142 0.019951764963823723
182 0.4077845982142857 0.6448147336110502 0.008649553571428572 0.0131550098662574
176 0.40785435267857145 0.700833150624863 0.0087890625 0.01907476430607323
195 0.3861607142857143 0.8000438500328875 0.018415178571428572 0.02894102170576628
178 0.40785435267857145 0.5218153913615435 0.0087890625 0.02324051743038807
63 0.40799386160714285 0.4615215961411971 0.008510044642857142 0.0197325147993861
189 0.5486886160714286 0.8624205218153914 0.020089285714285716 0.01775926331944749
177 0.52734375 0.774172330629248 0.008649553571428572 0.024117518088138567
178 0.28836495535714285 0.14174523130892347 0.008649553571428572 0.02039026529269897
60 0.28843470982142855 0.19502302126726595 0.008510044642857142 0.022582766937075203
185 0.4139927455357143 0.1279324709493532 0.021344866071428572 0.00986625739969305
182 0.48744419642857145 0.3403858802894102 0.008649553571428572 0.01249725937294453
187 0.48744419642857145 0.26869107651830737 0.008649553571428572 0.00723525542644157
179 0.4717494419642857 0.17737338303003727 0.0146484375 0.018855514141635606
192 0.3876255580357143 0.17485200613900462 0.017996651785714284 0.028283271212453408
191 0.48744419642857145 0.6505152378864284 0.013113839285714286 0.020609515457136594
177 0.4243861607142857 0.8004823503617627 0.012276785714285714 0.0131550098662574
181 0.4077845982142857 0.20510852883139663 0.008649553571428572 0.01907476430607323
195 0.42857142857142855 0.11247533435650077 0.015904017857142856 0.02499451874588906
194 0.24881417410714285 0.644376233282175 0.0185546875 0.029379522034641527
195 0.26932198660714285 0.8000438500328875 0.017717633928571428 0.02718702039026529
25 0.3031529017857143 0.7981802236351677 0.012834821428571428 0.016882262661696998
188 0.3550502232142857 0.7999342249506687 0.006417410714285714 0.018636263977197982
25 0.7101702008928571 0.6767156325367244 0.013532366071428572 0.016882262661696998
181 0.6637137276785714 0.6749616312212234 0.011300223214285714 0.013374260030695024
119 0.7061941964285714 0.6191624643718483 0.013671875 0.02850252137689103
195 0.6653180803571429 0.6124753343565008 0.018136160714285716 0.028721771541328656
177 0.5846819196428571 0.6124753343565008 0.013950892857142858 0.013374260030695024
188 0.72607421875 0.5807936855952642 0.011021205357142858 0.010085507564130673
189 0.6662946428571429 0.5499890374917781 0.020089285714285716 0.012935759701819776
191 0.6271623883928571 0.5499890374917781 0.010184151785714286 0.016005262003946502
183 0.5838448660714286 0.5560184170138127 0.006417410714285714 0.0263100197325148
185 0.6130022321428571 0.9071475553606665 0.021205357142857144 0.00986625739969305
175 0.56689453125 0.639114229335672 0.008510044642857142 0.018855514141635606
195 0.7059849330357143 0.23744792808594606 0.017717633928571428 0.02762552071914054
63 0.6711774553571429 0.23733830300372724 0.012276785714285714 0.013374260030695024
192 0.72607421875 0.2716509537382153 0.018275669642857144 0.02850252137689103
178 0.72607421875 0.32657311992983995 0.008510044642857142 0.02170576627932471
194 0.72607421875 0.39530804648103485 0.017996651785714284 0.028064021048015787
183 0.6713169642857143 0.43104582328436747 0.006417410714285714 0.0263100197325148
181 0.16908482142857142 0.5274062705547029 0.008370535714285714 0.019513264634948475
191 0.16929408482142858 0.44496820872615656 0.010184151785714286 0.016005262003946502
119 0.16462053571428573 0.40605130453847843 0.018136160714285716 0.02104801578601184
188 0.16922433035714285 0.3260249945187459 0.011439732142857142 0.012278009208506906
189 0.30831473214285715 0.23733830300372724 0.020089285714285716 0.014251260688445516
63 0.46337890625 0.3000438500328875 0.0107421875 0.013374260030695024
181 0.48744419642857145 0.39607542205656654 0.008370535714285714 0.021267265950449463
186 0.48695591517857145 0.4577943433457575 0.010184151785714286 0.016663012497259374
185 0.47642299107142855 0.4971497478623109 0.006696428571428571 0.03354527515895637
192 0.38685825892857145 0.5498794124095593 0.018415178571428572 0.02894102170576628
185 0.5908203125 0.10260907695680772 0.006417410714285714 0.03332602499451875
184 0.5432477678571429 0.18460863845647885 0.006975446428571429 0.03332602499451875
186 0.6863141741071429 0.3321639991229993 0.009626116071428572 0.017540013155009866
186 0.6296735491071429 0.3627493970620478 0.011300223214285714 0.016005262003946502
188 0.5447126116071429 0.29993422495066874 0.008231026785714286 0.021486516114887087
195 0.208984375 0.26825257618943216 0.017020089285714284 0.027844770883578163
189 0.20905412946428573 0.20379302784477088 0.008231026785714286 0.031352773514580136
187 0.208984375 0.33117737338303005 0.008649553571428572 0.00723525542644157
181 0.18519810267857142 0.4251260688445516 0.015764508928571428 0.013593510195132646
25 0.11021205357142858 0.29828984871738656 0.013950892857142858 0.01775926331944749
192 0.14948381696428573 0.29993422495066874 0.017717633928571428 0.026748520061390047
63 0.08956473214285714 0.33468537601403203 0.008649553571428572 0.022582766937075203
176 0.10316685267857142 0.5505371629028721 0.012974330357142858 0.013593510195132646
195 0.40792410714285715 0.8328217496163122 0.016183035714285716 0.025213768910326683
181 0.32840401785714285 0.14525323393992545 0.008649553571428572 0.021267265950449463
176 0.3280552455357143 0.3393992545494409 0.008510044642857142 0.018855514141635606
179 0.38344029017857145 0.35978951984213986 0.015764508928571428 0.018855514141635606