187 0.5749162946428571 0.919552827707146 0.007533482142857143 0.006137658921525646
187 0.24002511160714285 0.43478737395879 0.004045758928571429 0.012056115738711091
187 0.2886439732142857 0.709776413853573 0.00390625 0.01183691363437089
187 0.16510881696428573 0.6547566856641823 0.004045758928571429 0.01183691363437089
187 0.17082868303571427 0.9297457255589654 0.004045758928571429 0.012056115738711091
187 0.7499302455357143 0.24298553266111356 0.007672991071428571 0.006356861025865849
175 0.32986886160714285 0.12965804471722928 0.007393973214285714 0.016878562034195528
188 0.27357700892857145 0.10488820692678649 0.005580357142857143 0.021262604120999562
188 0.32993861607142855 0.1827049539675581 0.015625 0.009425690486628672
175 0.2949916294642857 0.24451994739149496 0.007393973214285714 0.02082419991231916
142 0.28194754464285715 0.32463831652783864 0.007533482142857143 0.01183691363437089
177 0.2060546875 0.21470846120122752 0.01171875 0.012056115738711091
193 0.32993861607142855 0.9009206488382289 0.015345982142857142 0.024550635686102586
14 0.32993861607142855 0.850065760631302 0.007533482142857143 0.018851380973257344
185 0.32442801339285715 0.7811266988163086 0.0185546875 0.00898728627794827
181 0.32972935267857145 0.5658702323542306 0.007393973214285714 0.019508987286277948
142 0.357421875 0.5449364313897413 0.0078125 0.012275317843051293
195 0.31131417410714285 0.5997369574747917 0.014090401785714286 0.021920210434020166
184 0.2845982142857143 0.6083954405962297 0.005580357142857143 0.02915387987724682
186 0.24434988839285715 0.5997369574747917 0.009626116071428572 0.01446733888645331
60 0.17103794642857142 0.5997369574747917 0.010881696428571428 0.01183691363437089
180 0.5921456473214286 0.8748355984217449 0.011021205357142858 0.012275317843051293
195 0.6985909598214286 0.8747259973695748 0.0166015625 0.026085050416484
184 0.5694754464285714 0.8480929416922403 0.018694196428571428 0.008768084173608066
195 0.6636439732142857 0.709776413853573 0.013671875 0.02104340201665936
14 0.7338169642857143 0.7096668128014029 0.011160714285714286 0.012056115738711091
188 0.5749162946428571 0.6169443226654976 0.011997767857142858 0.009425690486628672
175 0.5749860491071429 0.5760631302060499 0.007672991071428571 0.016220955721174924
142 0.6016322544642857 0.49024550635686104 0.007672991071428571 0.012056115738711091
193 0.18987165178571427 0.5160017536168348 0.016183035714285716 0.025427444103463395
192 0.18994140625 0.35028496273564225 0.015485491071428572 0.024550635686102586
177 0.17466517857142858 0.27005699254712845 0.011997767857142858 0.012275317843051293
63 0.31473214285714285 0.32463831652783864 0.01171875 0.01183691363437089
177 0.2953404017857143 0.45736519070583076 0.007533482142857143 0.016001753616834723
142 0.294921875 0.5087680841736081 0.007533482142857143 0.011398509425690487
193 0.294921875 0.6290004384042087 0.017578125 0.027838667251205613
14 0.5749860491071429 0.4110039456378781 0.007393973214285714 0.020166593599298552
178 0.4882114955357143 0.5450460324419114 0.014369419642857142 0.011617711530030689
25 0.36558314732142855 0.6269180184129768 0.0087890625 0.015344147303814117
60 0.31821986607142855 0.709776413853573 0.013113839285714286 0.01183691363437089
192 0.34598214285714285 0.5997369574747917 0.015625 0.024550635686102586
176 0.36488560267857145 0.5660894344585709 0.007393973214285714 0.01819377466023674
186 0.36495535714285715 0.5219202104340201 0.008649553571428572 0.015344147303814117
195 0.36488560267857145 0.4618588338448049 0.016043526785714284 0.02498903989478299
142 0.36502511160714285 0.4125383603682595 0.007672991071428571 0.01183691363437089
179 0.38734654017857145 0.37746602367382726 0.014090401785714286 0.016220955721174924
190 0.4575892857142857 0.37976764576939936 0.009207589285714286 0.012056115738711091
194 0.32993861607142855 0.24145111793073212 0.015904017857142856 0.025208241999123193
193 0.3120814732142857 0.159798334064007 0.015625 0.024112231477422183
14 0.32979910714285715 0.2909907935116177 0.007533482142857143 0.019070583077597545
63 0.10700334821428571 0.37976764576939936 0.013950892857142858 0.011617711530030689
176 0.08503069196428571 0.36102586584831214 0.007952008928571428 0.016659359929855327
177 0.18973214285714285 0.79351161771153 0.007533482142857143 0.01972818939061815
176 0.18994140625 0.8453529153879877 0.007393973214285714 0.019070583077597545
185 0.6199776785714286 0.4984655852696186 0.005580357142857143 0.029373081981587022
178 0.64501953125 0.4720517316966243 0.007672991071428571 0.018632178868917142
195 0.5919363839285714 0.4348969750109601 0.015625 0.024550635686102586
25 0.5608956473214286 0.3808636562911004 0.009626116071428572 0.014686540990793511
32 0.10944475446428571 0.21372205173169662 0.013532366071428572 0.014028934677772907
191 0.0849609375 0.29679964927663305 0.011439732142857142 0.01797457255589654
185 0.6044921875 0.24572555896536608 0.018694196428571428 0.008768084173608066
190 0.6042829241071429 0.159798334064007 0.0087890625 0.011398509425690487
189 0.48618861607142855 0.159798334064007 0.017578125 0.01578255151249452
190 0.46205357142857145 0.15990793511617712 0.008370535714285714 0.013809732573432706
187 0.6974748883928571 0.37976764576939936 0.004045758928571429 0.012056115738711091
102 0.6649693080357143 0.3796580447172293 0.012416294642857142 0.01183691363437089
187 0.62744140625 0.37976764576939936 0.004045758928571429 0.012056115738711091
177 0.75 0.4040990793511618 0.0078125 0.021262604120999562
187 0.732421875 0.48980710214818063 0.00390625 0.012056115738711091
175 0.6960797991071429 0.48947829899167034 0.011021205357142858 0.012713722051731697
189 0.7499302455357143 0.5197281893906182 0.009905133928571428 0.02761946514686541
182 0.7499302455357143 0.5607189829022359 0.007672991071428571 0.012275317843051293
194 0.7499302455357143 0.628233231039018 0.016043526785714284 0.02498903989478299
192 0.7499302455357143 0.683691363437089 0.015485491071428572 0.024550635686102586
175 0.11990792410714286 0.24331433581762385 0.007393973214285714 0.019289785181937746
190 0.17912946428571427 0.10488820692678649 0.007254464285714286 0.015124945199473916
60 0.20933314732142858 0.10488820692678649 0.011300223214285714 0.011617711530030689
175 0.38155691964285715 0.15990793511617712 0.010881696428571428 0.011617711530030689
187 0.34744698660714285 0.159798334064007 0.004045758928571429 0.01183691363437089
190 0.46993582589285715 0.22720298114861903 0.005719866071428571 0.015124945199473916
102 0.47000558035714285 0.2900043840420868 0.007533482142857143 0.01578255151249452
14 0.45668247767857145 0.32441911442349847 0.012416294642857142 0.012275317843051293
25 0.4224330357142857 0.32661113546690046 0.013113839285714286 0.015344147303814117
182 0.53125 0.32463831652783864 0.007533482142857143 0.012275317843051293
179 0.20284598214285715 0.9275537045155634 0.013113839285714286 0.016878562034195528
179 0.27615792410714285 0.9274441034633932 0.013253348214285714 0.016659359929855327
25 0.31166294642857145 0.8181718544498027 0.010323660714285714 0.015124945199473916
185 0.20793805803571427 0.701117930732135 0.005719866071428571 0.02915387987724682
182 0.22495814732142858 0.6938842612889083 0.007672991071428571 0.012056115738711091
188 0.22488839285714285 0.5702542744410346 0.010044642857142858 0.012056115738711091
181 0.22488839285714285 0.466352476983779 0.007533482142857143 0.016878562034195528
192 0.13818359375 0.10488820692678649 0.0166015625 0.026085050416484
180 0.17885044642857142 0.159798334064007 0.012555803571428572 0.01183691363437089
177 0.19001116071428573 0.1307540552389303 0.007533482142857143 0.017755370451556333
194 0.7499302455357143 0.7355326611135466 0.016322544642857144 0.025646646207803596
184 0.66845703125 0.27849627356422624 0.005998883928571429 0.02915387987724682
187 0.294921875 0.1873081981587023 0.007533482142857143 0.006356861025865849
194 0.294921875 0.7398071021481806 0.015904017857142856 0.02498903989478299
32 0.27490234375 0.873849188952214 0.011021205357142858 0.013371328364752301
193 0.25990513392857145 0.9037702761946514 0.016462053571428572 0.025865848312143797
60 0.5049525669642857 0.3604778605874616 0.007672991071428571 0.019070583077597545
193 0.5049525669642857 0.29526523454625164 0.015206473214285714 0.024550635686102586
189 0.5232979910714286 0.2698377904427883 0.017578125 0.011398509425690487
192 0.11990792410714286 0.3546690048224463 0.017438616071428572 0.027181060938185005
175 0.1201171875 0.45473476545374836 0.007533482142857143 0.015563349408154318
14 0.11997767857142858 0.5158921525646646 0.0078125 0.018632178868917142
188 0.4551478794642857 0.5448268303375713 0.0068359375 0.019508987286277948
60 0.5399693080357143 0.25131521262604123 0.007952008928571428 0.017755370451556333
196 0.5574776785714286 0.21481806225339764 0.015625 0.024112231477422183
63 0.5970284598214286 0.21503726435773785 0.009068080357142858 0.01183691363437089
191 0.6449497767857143 0.4055238930293731 0.010602678571428572 0.016659359929855327
184 0.16036551339285715 0.3062253397632617 0.018833705357142856 0.008768084173608066
181 0.3461216517857143 0.9296361245067952 0.010881696428571428 0.01183691363437089
102 0.36495535714285715 0.7439719421306444 0.007533482142857143 0.01797457255589654
119 0.7386300223214286 0.6062034195528277 0.012416294642857142 0.024331433581762384
179 0.7031947544642857 0.6022577816747041 0.012416294642857142 0.016440157825515125
183 0.6579241071428571 0.6052170100832968 0.005859375 0.023235423060061378
176 0.6249302455357143 0.5996273564226217 0.012974330357142858 0.012056115738711091