187 0.6099330357142857 0.13831652783866724 0.007533482142857143 0.006137658921525646
187 0.294921875 0.1322884699693117 0.007533482142857143 0.006356861025865849
187 0.5497349330357143 0.5997369574747917 0.004045758928571429 0.01183691363437089
187 0.5674525669642857 0.5448268303375713 0.004045758928571429 0.012056115738711091
187 0.294921875 0.7179964927663306 0.007533482142857143 0.006356861025865849
187 0.0849609375 0.3313239807102148 0.007533482142857143 0.006356861025865849
187 0.11990792410714286 0.1290004384042087 0.007672991071428571 0.006356861025865849
187 0.11244419642857142 0.2698377904427883 0.00390625 0.01183691363437089
187 0.23081752232142858 0.7647961420429636 0.004045758928571429 0.01183691363437089
187 0.22963169642857142 0.10488820692678649 0.00390625 0.012056115738711091
177 0.47000558035714285 0.2989916703200351 0.007533482142857143 0.018851380973257344
186 0.47007533482142855 0.24605436212187637 0.007952008928571428 0.016001753616834723
192 0.43491908482142855 0.353244191144235 0.015485491071428572 0.024331433581762384
193 0.38155691964285715 0.48980710214818063 0.016462053571428572 0.025646646207803596
176 0.275390625 0.9299649276633055 0.012276785714285714 0.012056115738711091
179 0.36349051339285715 0.8990574309513372 0.0107421875 0.02389302937308198
180 0.34542410714285715 0.8197062691801841 0.01171875 0.011617711530030689
190 0.3067103794642857 0.8198158702323542 0.005998883928571429 0.010083296799649276
102 0.22467912946428573 0.6867601928978518 0.007672991071428571 0.01797457255589654
183 0.4384068080357143 0.2535072336694432 0.0146484375 0.00898728627794827
63 0.4481724330357143 0.27005699254712845 0.011021205357142858 0.012275317843051293
182 0.45242745535714285 0.15968873301183692 0.007533482142857143 0.012056115738711091
176 0.48291015625 0.15968873301183692 0.011021205357142858 0.012056115738711091
184 0.5484095982142857 0.15113985094256904 0.005859375 0.02915387987724682
186 0.5906808035714286 0.16012713722051733 0.009765625 0.013809732573432706
175 0.5048828125 0.3005260850504165 0.007533482142857143 0.01709776413853573
189 0.48646763392857145 0.2698377904427883 0.017578125 0.0131521262604121
187 0.5223911830357143 0.3248575186321789 0.004045758928571429 0.01183691363437089
192 0.13623046875 0.6548662867163525 0.0166015625 0.026085050416484
185 0.09388950892857142 0.6633055677334503 0.005580357142857143 0.029373081981587022
191 0.15499441964285715 0.790223586146427 0.010602678571428572 0.016659359929855327
180 0.16608537946428573 0.9296361245067952 0.010184151785714286 0.012275317843051293
142 0.21526227678571427 0.9298553266111355 0.007533482142857143 0.01183691363437089
176 0.24428013392857142 0.9297457255589654 0.012834821428571428 0.012056115738711091
119 0.2772739955357143 0.8686979395002192 0.012974330357142858 0.024550635686102586
195 0.3486328125 0.8747259973695748 0.015625 0.02345462516440158
25 0.32875279017857145 0.6269180184129768 0.009905133928571428 0.014905743095133712
175 0.32972935267857145 0.5728846996931171 0.007672991071428571 0.016878562034195528
182 0.35086495535714285 0.5449364313897413 0.007254464285714286 0.01183691363437089
179 0.33140345982142855 0.736957474791758 0.010463169642857142 0.018851380973257344
176 0.32972935267857145 0.8426128890837352 0.007672991071428571 0.018851380973257344
102 0.6100027901785714 0.18040333187198598 0.007672991071428571 0.014905743095133712
25 0.5537806919642857 0.27126260412099956 0.012974330357142858 0.014686540990793511
184 0.5119280133928571 0.2779482683033757 0.005719866071428571 0.03024989039894783
63 0.48318917410714285 0.32474791758000876 0.011021205357142858 0.011617711530030689
195 0.294921875 0.18741779921087243 0.015625 0.024550635686102586
189 0.3134765625 0.21481806225339764 0.017578125 0.01578255151249452
192 0.2949916294642857 0.29833406400701445 0.015206473214285714 0.024550635686102586
182 0.27476283482142855 0.4351161771153003 0.007952008928571428 0.012713722051731697
60 0.412109375 0.2698377904427883 0.010044642857142858 0.01183691363437089
142 0.5398297991071429 0.8489697501096011 0.007672991071428571 0.01183691363437089
177 0.44956752232142855 0.6545374835598422 0.012974330357142858 0.01183691363437089
32 0.42166573660714285 0.6534414730381412 0.014369419642857142 0.014905743095133712
186 0.5914481026785714 0.6548662867163525 0.009626116071428572 0.013809732573432706
185 0.4912109375 0.8833844804910127 0.005580357142857143 0.029373081981587022
188 0.39990234375 0.8570802279701886 0.015206473214285714 0.010083296799649276
176 0.32986886160714285 0.9049758877685226 0.007393973214285714 0.019508987286277948
193 0.5567801339285714 0.3798772468215695 0.015625 0.024112231477422183
180 0.48416573660714285 0.3795484436650592 0.010463169642857142 0.012056115738711091
196 0.5749162946428571 0.407606313020605 0.016462053571428572 0.025646646207803596
175 0.08503069196428571 0.6308636562911004 0.007672991071428571 0.01972818939061815
63 0.08475167410714286 0.46492766330556773 0.007952008928571428 0.02104340201665936
191 0.08489118303571429 0.4073871109162648 0.010184151785714286 0.016001753616834723
192 0.0849609375 0.7949364313897413 0.016741071428571428 0.0265234546251644
180 0.10302734375 0.9299649276633055 0.0126953125 0.012056115738711091
176 0.40018136160714285 0.6243971942130645 0.007393973214285714 0.016001753616834723
32 0.400390625 0.5773783428320912 0.008649553571428572 0.016659359929855327
142 0.3726283482142857 0.5448268303375713 0.007533482142857143 0.012494519947391494
196 0.3999720982142857 0.7393686979395002 0.015625 0.024550635686102586
179 0.4013671875 0.8960982025427444 0.010602678571428572 0.020166593599298552
182 0.38895089285714285 0.9297457255589654 0.0078125 0.012056115738711091
182 0.6100725446428571 0.2377246821569487 0.0078125 0.012494519947391494
187 0.6099330357142857 0.4072775098640947 0.007533482142857143 0.006137658921525646
196 0.2767857142857143 0.3798772468215695 0.015625 0.024550635686102586
192 0.20591517857142858 0.3798772468215695 0.015625 0.024550635686102586
32 0.17068917410714285 0.3788908373520386 0.012137276785714286 0.014686540990793511
102 0.14174107142857142 0.3796580447172293 0.012555803571428572 0.01183691363437089
185 0.30043247767857145 0.5868040333187199 0.0185546875 0.00920648838228847
193 0.5749162946428571 0.5740903112669882 0.016183035714285716 0.025427444103463395
190 0.3101283482142857 0.6547566856641823 0.008928571428571428 0.01446733888645331
196 0.2772739955357143 0.709776413853573 0.0166015625 0.025865848312143797
195 0.20682198660714285 0.709776413853573 0.013811383928571428 0.021481806225339763
142 0.18191964285714285 0.7096668128014029 0.007254464285714286 0.012056115738711091
182 0.14515904017857142 0.48991670320035074 0.007952008928571428 0.012275317843051293
175 0.16761997767857142 0.4896975010960105 0.013811383928571428 0.01183691363437089
176 0.20724051339285715 0.48980710214818063 0.0126953125 0.011617711530030689
60 0.27964564732142855 0.4893686979395002 0.012974330357142858 0.012056115738711091
192 0.7149135044642857 0.6262604120999562 0.014369419642857142 0.024550635686102586
182 0.7147739955357143 0.5876808417360807 0.007952008928571428 0.011398509425690487
191 0.7149135044642857 0.5073432704953967 0.009626116071428572 0.015124945199473916
196 0.662109375 0.43478737395879 0.015625 0.02345462516440158
192 0.6263253348214286 0.4348969750109601 0.016322544642857144 0.025427444103463395
102 0.6797572544642857 0.4136343708899605 0.007672991071428571 0.020604997807978958
195 0.6621791294642857 0.32474791758000876 0.014369419642857142 0.02257781674704077
189 0.3115234375 0.43478737395879 0.017578125 0.015124945199473916
191 0.294921875 0.9114423498465585 0.011160714285714286 0.017536168347216132
195 0.294921875 0.8452433143358177 0.016462053571428572 0.025865848312143797
194 0.36488560267857145 0.6263700131521263 0.015764508928571428 0.024769837790442787
142 0.6449497767857143 0.5865848312143797 0.007533482142857143 0.01183691363437089
14 0.6448800223214286 0.6188075405523893 0.007393973214285714 0.01709776413853573
63 0.3998325892857143 0.34831214379658043 0.007533482142857143 0.01797457255589654
179 0.45082310267857145 0.37746602367382726 0.0126953125 0.016220955721174924
179 0.3984375 0.29592284085927223 0.010323660714285714 0.024112231477422183
190 0.39990234375 0.22797018851380974 0.007672991071428571 0.008768084173608066
142 0.11990792410714286 0.30765015344147306 0.007672991071428571 0.012494519947391494
14 0.13588169642857142 0.3248575186321789 0.010044642857142858 0.01183691363437089
119 0.19405691964285715 0.36036825953529156 0.015345982142857142 0.01841297676457694
194 0.43491908482142855 0.5176457693993862 0.016043526785714284 0.025208241999123193
190 0.4228515625 0.5448268303375713 0.008370535714285714 0.015124945199473916
60 0.22495814732142858 0.566308636562911 0.007393973214285714 0.02082419991231916
192 0.15492466517857142 0.29679964927663305 0.015206473214285714 0.024550635686102586
14 0.13727678571428573 0.26961858833844804 0.011997767857142858 0.01183691363437089
32 0.15548270089285715 0.248903989478299 0.008510044642857142 0.018632178868917142
181 0.15499441964285715 0.19355545813239808 0.007533482142857143 0.02104340201665936
178 0.17710658482142858 0.10423060061376589 0.013532366071428572 0.011617711530030689
32 0.34298270089285715 0.7084612012275318 0.012974330357142858 0.01446733888645331
195 0.36488560267857145 0.5167689609820254 0.015764508928571428 0.024769837790442787
196 0.7499302455357143 0.35061376589215254 0.015764508928571428 0.024769837790442787
191 0.69921875 0.21481806225339764 0.011160714285714286 0.017536168347216132