187 0.39229910714285715 0.6843489697501096 0.0030691964285714285 0.00920648838228847
187 0.5202287946428571 0.5574309513371328 0.0030691964285714285 0.00920648838228847
187 0.15764508928571427 0.8634370889960543 0.005859375 0.004822446295484437
187 0.18094308035714285 0.9381850065760632 0.0030691964285714285 0.00920648838228847
187 0.583984375 0.7689609820254274 0.0030691964285714285 0.00920648838228847
187 0.7499302455357143 0.9145111793073214 0.005719866071428571 0.004822446295484437
187 0.6658761160714286 0.17667689609820253 0.0030691964285714285 0.00920648838228847
187 0.10379464285714286 0.8060061376589215 0.005859375 0.004822446295484437
176 0.45375279017857145 0.7526304252520825 0.005719866071428571 0.015563349408154318
175 0.41141183035714285 0.6845681718544498 0.009207589285714286 0.009644892590968873
188 0.5481305803571429 0.7266549758877685 0.005859375 0.01709776413853573
119 0.5988420758928571 0.7218325295922841 0.011858258928571428 0.018851380973257344
63 0.45382254464285715 0.5733231039017974 0.005859375 0.014248136782113108
185 0.44956752232142855 0.4849846558526962 0.014369419642857142 0.006795265234546251
179 0.45242745535714285 0.446733888645331 0.0078125 0.01841297676457694
188 0.49888392857142855 0.43051293292415604 0.005859375 0.013590530469092503
102 0.5210658482142857 0.4307321350284963 0.009765625 0.00920648838228847
192 0.5491071428571429 0.43051293292415604 0.012276785714285714 0.019289785181937746
184 0.6010044642857143 0.4238272687417799 0.004185267857142857 0.02257781674704077
119 0.5045340401785714 0.3696843489697501 0.012137276785714286 0.016001753616834723
182 0.49037388392857145 0.3459009206488382 0.006138392857142857 0.00920648838228847
193 0.43924386160714285 0.3459009206488382 0.012416294642857142 0.01972818939061815
194 0.5076729910714286 0.32463831652783864 0.011997767857142858 0.018851380973257344
102 0.52490234375 0.21920210434020165 0.009347098214285714 0.00920648838228847
187 0.5479910714285714 0.21898290223586148 0.0030691964285714285 0.00920648838228847
178 0.7361188616071429 0.26128890837352037 0.011021205357142858 0.00920648838228847
188 0.7230050223214286 0.3647523016220956 0.009347098214285714 0.00920648838228847
185 0.7272600446428571 0.4089215256466462 0.014229910714285714 0.006795265234546251
191 0.7110770089285714 0.43051293292415604 0.009486607142857142 0.014905743095133712
183 0.7255859375 0.5283866725120561 0.011439732142857142 0.006795265234546251
178 0.6865931919642857 0.5573213502849628 0.0107421875 0.00898728627794827
119 0.6289760044642857 0.5622533976326173 0.0107421875 0.018851380973257344
178 0.5738699776785714 0.5575405523893029 0.009626116071428572 0.00898728627794827
186 0.5466657366071429 0.5574309513371328 0.007393973214285714 0.01052170100832968
192 0.1845703125 0.28375712406839104 0.012834821428571428 0.01994739149495835
14 0.18450055803571427 0.32474791758000876 0.005998883928571429 0.012932924156071899
193 0.22614397321428573 0.26128890837352037 0.011997767857142858 0.017536168347216132
180 0.25146484375 0.2613985094256905 0.009347098214285714 0.009425690486628672
195 0.27908761160714285 0.2613985094256905 0.012137276785714286 0.019070583077597545
195 0.30636160714285715 0.26128890837352037 0.011997767857142858 0.018851380973257344
186 0.33140345982142855 0.26128890837352037 0.007114955357142857 0.01052170100832968
189 0.34605189732142855 0.2839763261727313 0.007114955357142857 0.021262604120999562
187 0.3461216517857143 0.3248575186321789 0.005859375 0.004822446295484437
14 0.3998325892857143 0.37450679526523456 0.006138392857142857 0.012494519947391494
180 0.3916015625 0.3459009206488382 0.008928571428571428 0.00920648838228847
60 0.357421875 0.34622972380534855 0.008649553571428572 0.009425690486628672
195 0.30496651785714285 0.38820692678649715 0.010602678571428572 0.016659359929855327
176 0.29234095982142855 0.33044717229285403 0.005998883928571429 0.015563349408154318
181 0.28111049107142855 0.3035949145111793 0.008928571428571428 0.00920648838228847
182 0.2582310267857143 0.3035949145111793 0.005580357142857143 0.00920648838228847
63 0.7333984375 0.21909250328803156 0.009207589285714286 0.00898728627794827
196 0.7499302455357143 0.15377027619465147 0.012416294642857142 0.019508987286277948
187 0.7364676339285714 0.1343708899605436 0.0030691964285714285 0.00920648838228847
180 0.68359375 0.13448049101271373 0.008649553571428572 0.00898728627794827
195 0.6545061383928571 0.13448049101271373 0.010463169642857142 0.016440157825515125
185 0.5814034598214286 0.14105655414291976 0.004324776785714286 0.02257781674704077
177 0.7498604910714286 0.2856203419552828 0.005580357142857143 0.01446733888645331
102 0.7499302455357143 0.457584392810171 0.005719866071428571 0.013809732573432706
25 0.7503487723214286 0.4882726874177992 0.007114955357142857 0.012494519947391494
60 0.7499302455357143 0.5361683472161333 0.005719866071428571 0.011398509425690487
102 0.73583984375 0.5574309513371328 0.007672991071428571 0.008768084173608066
185 0.5656389508928571 0.20287154756685663 0.014369419642857142 0.006795265234546251
184 0.5657087053571429 0.22994300745287155 0.014229910714285714 0.0070144673388864535
180 0.5614536830357143 0.2748794388426129 0.005719866071428571 0.014905743095133712
177 0.5614536830357143 0.32091188075405525 0.005998883928571429 0.01446733888645331
181 0.52490234375 0.38831652783866727 0.009626116071428572 0.00898728627794827
175 0.49881417410714285 0.38842612889083733 0.0087890625 0.00920648838228847
63 0.5173688616071429 0.30370451556334943 0.0087890625 0.00898728627794827
142 0.15778459821428573 0.8355984217448488 0.006138392857142857 0.008768084173608066
185 0.15339006696428573 0.6669224024550636 0.014369419642857142 0.006795265234546251
119 0.11753627232142858 0.6046690048224463 0.010463169642857142 0.019070583077597545
195 0.1845703125 0.6193555458132398 0.010323660714285714 0.016440157825515125
63 0.18464006696428573 0.45966681280140287 0.005719866071428571 0.013590530469092503
119 0.6183733258928571 0.24145111793073212 0.011858258928571428 0.016440157825515125
189 0.6568777901785714 0.26128890837352037 0.013532366071428572 0.01052170100832968
185 0.6193498883928571 0.4181280140289347 0.0146484375 0.006795265234546251
177 0.30650111607142855 0.30370451556334943 0.009207589285714286 0.00898728627794827
63 0.26527622767857145 0.10718982902235862 0.005719866071428571 0.015344147303814117
181 0.27957589285714285 0.0920648838228847 0.008928571428571428 0.00920648838228847
186 0.30531529017857145 0.0918456817185445 0.007114955357142857 0.010083296799649276
183 0.3251255580357143 0.08800964489259097 0.004324776785714286 0.017755370451556333
14 0.38253348214285715 0.0920648838228847 0.008649553571428572 0.00920648838228847
186 0.41245814732142855 0.0925032880315651 0.007114955357142857 0.01052170100832968
182 0.3461216517857143 0.6966242875931609 0.005859375 0.00920648838228847
175 0.34598214285714285 0.748903989478299 0.005859375 0.012494519947391494
194 0.38755580357142855 0.7689609820254274 0.011997767857142858 0.01797457255589654
187 0.41336495535714285 0.7689609820254274 0.0030691964285714285 0.00920648838228847
32 0.3466796875 0.5823103901797457 0.006696428571428571 0.016878562034195528
187 0.3461216517857143 0.5363875493204735 0.005859375 0.004822446295484437
195 0.3729771205357143 0.3668347216133275 0.0107421875 0.016878562034195528
179 0.24853515625 0.4322665497588777 0.011579241071428572 0.012713722051731697
190 0.19733537946428573 0.43051293292415604 0.007393973214285714 0.010960105217010083
32 0.11948939732142858 0.7257781674704077 0.009905133928571428 0.010960105217010083
196 0.13071986607142858 0.7485751863217887 0.012276785714285714 0.019289785181937746
188 0.14585658482142858 0.7689609820254274 0.005719866071428571 0.012275317843051293
14 0.07686941964285714 0.5812143796580447 0.005859375 0.013809732573432706
119 0.07373046875 0.5403331871985971 0.012137276785714286 0.016220955721174924
60 0.17229352678571427 0.2611793073213503 0.008928571428571428 0.00898728627794827
179 0.15876116071428573 0.2863875493204735 0.008091517857142858 0.01819377466023674
195 0.21149553571428573 0.32277509864094694 0.011160714285714286 0.01731696624287593
181 0.22802734375 0.0918456817185445 0.009347098214285714 0.00920648838228847
189 0.31912667410714285 0.32343270495396753 0.0068359375 0.021262604120999562
25 0.31863839285714285 0.28255151249451993 0.006696428571428571 0.013590530469092503
119 0.18157087053571427 0.745615957913196 0.011858258928571428 0.016878562034195528
176 0.18450055803571427 0.6688952213941254 0.005998883928571429 0.012932924156071899
102 0.19559151785714285 0.3035949145111793 0.010044642857142858 0.009644892590968873
192 0.15764508928571427 0.24002630425252083 0.011997767857142858 0.018851380973257344
185 0.13490513392857142 0.4144015782551512 0.014229910714285714 0.006795265234546251
177 0.14334542410714285 0.30370451556334943 0.010184151785714286 0.00898728627794827
32 0.166015625 0.38733011836913633 0.009765625 0.011398509425690487
182 0.22684151785714285 0.38820692678649715 0.005859375 0.00920648838228847
176 0.7042410714285714 0.17689609820254273 0.0078125 0.00920648838228847
188 0.7424665178571429 0.17678649715037265 0.004185267857142857 0.016001753616834723
190 0.6960797991071429 0.14763261727312582 0.004603794642857143 0.0076720736519070585
194 0.6960797991071429 0.11234107847435336 0.012137276785714286 0.019070583077597545
186 0.630859375 0.0918456817185445 0.007533482142857143 0.010083296799649276
25 0.5998883928571429 0.0931608943445857 0.010323660714285714 0.01183691363437089
142 0.5763113839285714 0.0920648838228847 0.005580357142857143 0.00920648838228847
189 0.49365234375 0.0920648838228847 0.013532366071428572 0.008768084173608066
189 0.4667271205357143 0.0920648838228847 0.013532366071428572 0.008329679964927663
179 0.6165597098214286 0.8792196405085488 0.007952008928571428 0.016220955721174924
188 0.6340680803571429 0.8958790004384042 0.005022321428571429 0.013590530469092503
142 0.6574358258928571 0.8957693993862341 0.005440848214285714 0.009425690486628672
175 0.6775948660714286 0.8958790004384042 0.009765625 0.00920648838228847
183 0.7165876116071429 0.8917141604559404 0.004324776785714286 0.01797457255589654
195 0.7366071428571429 0.8958790004384042 0.012276785714285714 0.019289785181937746
186 0.6150251116071429 0.7507672073651908 0.0068359375 0.01183691363437089
185 0.6111886160714286 0.7118588338448049 0.014508928571428572 0.0076720736519070585
195 0.60107421875 0.6843489697501096 0.0107421875 0.01709776413853573
32 0.4907924107142857 0.6831433581762385 0.010323660714285714 0.011179307321350284
190 0.46372767857142855 0.6843489697501096 0.005580357142857143 0.010083296799649276
178 0.33272879464285715 0.30370451556334943 0.009765625 0.009425690486628672
193 0.3461216517857143 0.19618588338448048 0.011997767857142858 0.018851380973257344
192 0.34605189732142855 0.11223147742218326 0.011858258928571428 0.018851380973257344
178 0.5884486607142857 0.701008329679965 0.005859375 0.01578255151249452
32 0.5888671875 0.5721174923279263 0.006696428571428571 0.016220955721174924
175 0.5751953125 0.38809732573432704 0.009765625 0.00898728627794827
189 0.09005301339285714 0.6843489697501096 0.013532366071428572 0.008329679964927663
195 0.10379464285714286 0.7062691801841298 0.012276785714285714 0.019289785181937746
184 0.099609375 0.6163963174046471 0.014508928571428572 0.0070144673388864535
189 0.10379464285714286 0.5354011398509426 0.005022321428571429 0.021262604120999562
186 0.10393415178571429 0.49408154318281455 0.007254464285714286 0.01183691363437089
14 0.10365513392857142 0.4595572117492328 0.005859375 0.014686540990793511
194 0.7499302455357143 0.8745067952652346 0.012137276785714286 0.019070583077597545
183 0.7472098214285714 0.8353792196405085 0.011160714285714286 0.0070144673388864535
182 0.7498604910714286 0.7800306882946076 0.006417410714285714 0.009425690486628672
192 0.7090541294642857 0.7266549758877685 0.012137276785714286 0.019289785181937746
193 0.6554129464285714 0.7266549758877685 0.012276785714285714 0.019289785181937746
142 0.7499302455357143 0.6318500657606313 0.006277901785714286 0.008548882069267865
195 0.7499302455357143 0.577159140727751 0.012137276785714286 0.018851380973257344
191 0.7230050223214286 0.24506795265234546 0.007672991071428571 0.01183691363437089
196 0.6153041294642857 0.4958351600175362 0.012416294642857142 0.019289785181937746
142 0.15736607142857142 0.5774879438842613 0.006138392857142857 0.00898728627794827
14 0.15764508928571427 0.5020824199912319 0.005859375 0.015563349408154318
185 0.35184151785714285 0.31028057869355546 0.004464285714285714 0.02257781674704077
32 0.4273158482142857 0.3187198597106532 0.006696428571428571 0.017536168347216132
189 0.42689732142857145 0.3681499342393687 0.006138392857142857 0.021262604120999562
180 0.53466796875 0.5360587461639632 0.005998883928571429 0.016001753616834723
196 0.5345284598214286 0.45046032441911443 0.011579241071428572 0.018851380973257344
188 0.5345982142857143 0.667470407715914 0.011997767857142858 0.00920648838228847
185 0.5387834821428571 0.7048443665059184 0.014229910714285714 0.006795265234546251
180 0.5345982142857143 0.7425471284524331 0.005859375 0.012056115738711091
190 0.5169503348214286 0.7689609820254274 0.004603794642857143 0.01052170100832968
192 0.4673549107142857 0.1343708899605436 0.012555803571428572 0.01972818939061815
182 0.5015345982142857 0.13448049101271373 0.005580357142857143 0.009425690486628672
176 0.45389229910714285 0.23268303375712407 0.005719866071428571 0.016001753616834723