187 0.07686941964285714 0.8794388426128891 0.005859375 0.004822446295484437
187 0.7368861607142857 0.8958790004384042 0.0030691964285714285 0.00920648838228847
187 0.6422991071428571 0.863108285839544 0.005859375 0.005041648399824638
187 0.5539899553571429 0.0920648838228847 0.0030691964285714285 0.00920648838228847
187 0.6691545758928571 0.1979395002192021 0.005719866071428571 0.004822446295484437
187 0.39383370535714285 0.3459009206488382 0.0030691964285714285 0.00920648838228847
187 0.45382254464285715 0.8625602805786936 0.005859375 0.004822446295484437
187 0.6368582589285714 0.17667689609820253 0.0030691964285714285 0.00920648838228847
192 0.23835100446428573 0.5345243314335818 0.012137276785714286 0.019070583077597545
25 0.23765345982142858 0.5005480052608505 0.007114955357142857 0.012494519947391494
25 0.23876953125 0.6256028057869355 0.007114955357142857 0.013590530469092503
186 0.25118582589285715 0.6842393686979396 0.007393973214285714 0.009864094695309075
14 0.30698939732142855 0.6846777729066199 0.0087890625 0.00898728627794827
25 0.35484095982142855 0.6835817623849189 0.010463169642857142 0.011617711530030689
192 0.19677734375 0.5997369574747917 0.012137276785714286 0.017536168347216132
181 0.14557756696428573 0.599956159579132 0.009347098214285714 0.00920648838228847
196 0.08942522321428571 0.5997369574747917 0.011997767857142858 0.018851380973257344
184 0.08098493303571429 0.6215475668566418 0.014369419642857142 0.0076720736519070585
178 0.6153041294642857 0.41714160455940374 0.005998883928571429 0.012713722051731697
191 0.59814453125 0.38831652783866727 0.007393973214285714 0.011617711530030689
175 0.5733119419642857 0.38831652783866727 0.009626116071428572 0.00898728627794827
182 0.6153738839285714 0.36453309951775537 0.005859375 0.00920648838228847
193 0.6153041294642857 0.32463831652783864 0.011579241071428572 0.018851380973257344
60 0.5729631696428571 0.3033757124068391 0.007533482142857143 0.00920648838228847
193 0.5468052455357143 0.3035949145111793 0.0126953125 0.01972818939061815
185 0.5285993303571429 0.31017097764138535 0.004464285714285714 0.022797018851380975
60 0.4950474330357143 0.3034853134590092 0.010184151785714286 0.009864094695309075
191 0.6153041294642857 0.5405523893029373 0.008231026785714286 0.0131521262604121
177 0.6153041294642857 0.6209995615957913 0.005719866071428571 0.01446733888645331
189 0.6295340401785714 0.6843489697501096 0.013532366071428572 0.00920648838228847
196 0.5345982142857143 0.4085927224901359 0.011997767857142858 0.018851380973257344
184 0.5387137276785714 0.5760631302060499 0.014369419642857142 0.00657606313020605
192 0.5345982142857143 0.32310390179745724 0.011997767857142858 0.018851380973257344
186 0.6278599330357143 0.30370451556334943 0.007952008928571428 0.010740903112669882
194 0.3461216517857143 0.45046032441911443 0.011997767857142858 0.018851380973257344
60 0.3461216517857143 0.4120999561595791 0.005859375 0.011398509425690487
181 0.36056082589285715 0.38831652783866727 0.010184151785714286 0.00898728627794827
194 0.34605189732142855 0.5377027619465147 0.011858258928571428 0.018851380973257344
180 0.30873325892857145 0.5574309513371328 0.008928571428571428 0.008768084173608066
194 0.25062779017857145 0.5574309513371328 0.0126953125 0.01972818939061815
184 0.35023716517857145 0.7508768084173608 0.014369419642857142 0.006795265234546251
102 0.48067801339285715 0.32781674704077157 0.005998883928571429 0.016001753616834723
119 0.41775948660714285 0.47775098640946956 0.011579241071428572 0.019070583077597545
60 0.35909598214285715 0.4727093380096449 0.010602678571428572 0.00898728627794827
142 0.07672991071428571 0.7855107409031127 0.005859375 0.00898728627794827
181 0.07679966517857142 0.6708680403331871 0.005719866071428571 0.012494519947391494
142 0.09263392857142858 0.7689609820254274 0.005301339285714286 0.00920648838228847
186 0.11558314732142858 0.7688513809732573 0.007393973214285714 0.010302498903989479
192 0.27943638392857145 0.7689609820254274 0.012276785714285714 0.019289785181937746
190 0.29966517857142855 0.7689609820254274 0.006417410714285714 0.01052170100832968
195 0.09144810267857142 0.5574309513371328 0.010463169642857142 0.016220955721174924
25 0.15680803571428573 0.5303594914511179 0.007254464285714286 0.012494519947391494
193 0.15764508928571427 0.49364313897413414 0.012834821428571428 0.020166593599298552
183 0.7362583705357143 0.857628233231039 0.004324776785714286 0.017755370451556333
175 0.6691545758928571 0.8275975449364313 0.005719866071428571 0.012932924156071899
196 0.6549944196428571 0.8112669881630864 0.012555803571428572 0.01972818939061815
119 0.6252790178571429 0.8161990355107409 0.010323660714285714 0.019070583077597545
179 0.6164202008928571 0.83702323542306 0.008231026785714286 0.015124945199473916
184 0.5946568080357143 0.8601490574309514 0.004324776785714286 0.022797018851380975
102 0.5199497767857143 0.8535729943007453 0.009765625 0.008768084173608066
190 0.7499302455357143 0.5718982902235862 0.006556919642857143 0.008768084173608066
60 0.75 0.5430732135028496 0.006138392857142857 0.012932924156071899
188 0.7499302455357143 0.44432266549758875 0.009347098214285714 0.00920648838228847
192 0.7499302455357143 0.4090311266988163 0.011858258928571428 0.018851380973257344
179 0.70654296875 0.39007014467338885 0.0107421875 0.012494519947391494
102 0.6550641741071429 0.38853572994300745 0.009905133928571428 0.009425690486628672
32 0.12179129464285714 0.6410565541429197 0.010602678571428572 0.011617711530030689
25 0.09151785714285714 0.643467777290662 0.0078125 0.011179307321350284
192 0.13071986607142858 0.49210872424375274 0.011439732142857142 0.018851380973257344
142 0.13065011160714285 0.3631082858395441 0.005998883928571429 0.008548882069267865
175 0.15764508928571427 0.28572994300745286 0.005859375 0.013809732573432706
187 0.17103794642857142 0.26128890837352037 0.0030691964285714285 0.00920648838228847
183 0.20542689732142858 0.2572336694432267 0.004324776785714286 0.017755370451556333
14 0.31912667410714285 0.7002411223147742 0.005719866071428571 0.013809732573432706
177 0.31919642857142855 0.6618807540552389 0.005859375 0.013371328364752301
184 0.29910714285714285 0.6487286277948269 0.004464285714285714 0.02257781674704077
181 0.24951171875 0.6421525646646208 0.007672991071428571 0.00898728627794827
184 0.22091238839285715 0.6487286277948269 0.004324776785714286 0.02257781674704077
192 0.49379185267857145 0.8535729943007453 0.012416294642857142 0.019289785181937746
183 0.4642857142857143 0.857628233231039 0.004464285714285714 0.017755370451556333
196 0.5345284598214286 0.7468215694870671 0.012137276785714286 0.019289785181937746
183 0.5319475446428571 0.696733888645331 0.011439732142857142 0.006795265234546251
177 0.6005161830357143 0.8957693993862341 0.009068080357142858 0.00898728627794827
189 0.6691545758928571 0.9157167908811925 0.007393973214285714 0.021262604120999562
181 0.7042410714285714 0.8956597983340641 0.010602678571428572 0.00920648838228847
181 0.37290736607142855 0.4457474791758001 0.005859375 0.011179307321350284
179 0.37416294642857145 0.5417580008768084 0.008091517857142858 0.015563349408154318
119 0.3759068080357143 0.6258220078912757 0.012137276785714286 0.014905743095133712
184 0.37709263392857145 0.6512494519947392 0.014508928571428572 0.0070144673388864535
175 0.3461216517857143 0.3265015344147304 0.005859375 0.016440157825515125
196 0.3047572544642857 0.26128890837352037 0.0126953125 0.01972818939061815
192 0.07686941964285714 0.24156071898290224 0.012276785714285714 0.019289785181937746
175 0.08635602678571429 0.26128890837352037 0.007533482142857143 0.00920648838228847
177 0.1455078125 0.26161771153003066 0.0078125 0.009864094695309075
183 0.18701171875 0.29449802718106094 0.011579241071428572 0.006795265234546251
102 0.22858537946428573 0.30370451556334943 0.009905133928571428 0.009425690486628672
142 0.07686941964285714 0.28266111354669005 0.005859375 0.00898728627794827
179 0.07798549107142858 0.32211749232792636 0.008091517857142858 0.015563349408154318
25 0.07791573660714286 0.37286277948268304 0.007393973214285714 0.0131521262604121
14 0.07679966517857142 0.40651030249890396 0.005719866071428571 0.013809732573432706
32 0.07707868303571429 0.5419772029811486 0.0068359375 0.016878562034195528
194 0.6561104910714286 0.8535729943007453 0.012276785714285714 0.019289785181937746
190 0.6422293526785714 0.7900043840420868 0.004324776785714286 0.01052170100832968
195 0.6422293526785714 0.7470407715914072 0.011579241071428572 0.018851380973257344
32 0.642578125 0.5728846996931171 0.006696428571428571 0.015563349408154318
185 0.6381138392857143 0.4625164401578255 0.014508928571428572 0.0070144673388864535
63 0.30392020089285715 0.472818939061815 0.010463169642857142 0.008768084173608066
175 0.27657645089285715 0.472818939061815 0.010184151785714286 0.008768084173608066
196 0.21142578125 0.2839763261727313 0.012137276785714286 0.019070583077597545
194 0.21149553571428573 0.367382726874178 0.012276785714285714 0.019289785181937746
180 0.22419084821428573 0.38809732573432704 0.009765625 0.009425690486628672
192 0.251953125 0.38820692678649715 0.011997767857142858 0.01841297676457694
184 0.27308872767857145 0.3816308636562911 0.004603794642857143 0.022797018851380975
183 0.32582310267857145 0.3842612889083735 0.004324776785714286 0.01797457255589654
193 0.6960797991071429 0.3680403331871986 0.012416294642857142 0.019289785181937746
176 0.6959402901785714 0.24276633055677335 0.005719866071428571 0.016878562034195528
184 0.6919642857142857 0.12187637001315213 0.014508928571428572 0.0070144673388864535
180 0.6252790178571429 0.09217448487505481 0.007533482142857143 0.00898728627794827
181 0.6008649553571429 0.0920648838228847 0.010044642857142858 0.00920648838228847
183 0.6986607142857143 0.4218544498027181 0.011439732142857142 0.006795265234546251
179 0.6971958705357143 0.626150811047786 0.007952008928571428 0.015563349408154318
183 0.10637555803571429 0.7133932485751863 0.011300223214285714 0.007233669443226655
180 0.10379464285714286 0.7864971503726436 0.005859375 0.0131521262604121
189 0.10379464285714286 0.8332967996492766 0.005301339285714286 0.021262604120999562
189 0.1181640625 0.8535729943007453 0.013671875 0.00789127575624726
119 0.13371930803571427 0.86957474791758 0.011858258928571428 0.01841297676457694
180 0.27992466517857145 0.8956597983340641 0.008510044642857142 0.00920648838228847
177 0.30496651785714285 0.8963174046470846 0.007533482142857143 0.00920648838228847
183 0.6717354910714286 0.24353353792196406 0.011439732142857142 0.0070144673388864535
60 0.6530412946428571 0.3459009206488382 0.010323660714285714 0.00920648838228847
195 0.5196707589285714 0.3459009206488382 0.012555803571428572 0.01972818939061815
182 0.47391183035714285 0.3459009206488382 0.005859375 0.00920648838228847
102 0.4536830357142857 0.7897851819377466 0.005859375 0.012713722051731697
194 0.45382254464285715 0.7049539675580886 0.011997767857142858 0.018851380973257344
178 0.43673270089285715 0.6844585708022797 0.007952008928571428 0.00898728627794827
193 0.41329520089285715 0.6843489697501096 0.012416294642857142 0.01972818939061815
102 0.39139229910714285 0.6846777729066199 0.007672991071428571 0.009425690486628672
196 0.23842075892857142 0.4494739149495835 0.012555803571428572 0.01994739149495835
193 0.23842075892857142 0.3667251205611574 0.012276785714285714 0.019289785181937746
185 0.23416573660714285 0.3302279701885138 0.014369419642857142 0.006795265234546251
191 0.24958147321428573 0.21898290223586148 0.008928571428571428 0.014028934677772907
119 0.29541015625 0.36256028057869355 0.012137276785714286 0.01797457255589654
181 0.29227120535714285 0.45769399386234105 0.005859375 0.016220955721174924
192 0.6691545758928571 0.6194651468654099 0.012416294642857142 0.01972818939061815
32 0.6540178571428571 0.5986409469530908 0.010323660714285714 0.010960105217010083
192 0.6010044642857143 0.5997369574747917 0.012276785714285714 0.019289785181937746
186 0.6693638392857143 0.5775975449364313 0.006417410714285714 0.012275317843051293
178 0.6532505580357143 0.4723805348531346 0.0087890625 0.00920648838228847
14 0.39990234375 0.4488163086365629 0.005719866071428571 0.011617711530030689
192 0.09137834821428571 0.8535729943007453 0.012834821428571428 0.020166593599298552
184 0.37716238839285715 0.7835379219640508 0.014369419642857142 0.006795265234546251
14 0.33530970982142855 0.8963174046470846 0.007952008928571428 0.00920648838228847
177 0.5613839285714286 0.11058746163963173 0.005859375 0.015124945199473916
178 0.5613141741071429 0.1980491012713722 0.005719866071428571 0.015563349408154318
182 0.5614536830357143 0.3261727312582201 0.005998883928571429 0.008768084173608066
184 0.5117885044642857 0.37099956159579134 0.014369419642857142 0.006795265234546251
175 0.5615234375 0.6670320035072337 0.005859375 0.01578255151249452
32 0.5618722098214286 0.6248355984217449 0.006556919642857143 0.015563349408154318
190 0.5614536830357143 0.5839544059622972 0.0068359375 0.01052170100832968
190 0.5614536830357143 0.551183691363437 0.0048828125 0.011179307321350284
14 0.5615931919642857 0.4556115738711092 0.005719866071428571 0.011617711530030689
189 0.5614536830357143 0.407606313020605 0.0068359375 0.021262604120999562
181 0.4688197544642857 0.6844585708022797 0.009626116071428572 0.00898728627794827
179 0.1318359375 0.28189390618149934 0.008091517857142858 0.014905743095133712
178 0.14488002232142858 0.38842612889083733 0.009347098214285714 0.00920648838228847
142 0.19098772321428573 0.387987724682157 0.005859375 0.009644892590968873
142 0.45375279017857145 0.3707803594914511 0.005998883928571429 0.00898728627794827
63 0.45375279017857145 0.3200350723366944 0.005719866071428571 0.011398509425690487
187 0.5210658482142857 0.38820692678649715 0.0030691964285714285 0.00920648838228847
196 0.45382254464285715 0.45330995177553707 0.012276785714285714 0.019289785181937746
119 0.45689174107142855 0.5313459009206488 0.01171875 0.01578255151249452