187 0.45382254464285715 0.3553266111354669 0.005859375 0.004822446295484437
187 0.5549665178571429 0.8958790004384042 0.0030691964285714285 0.00920648838228847
187 0.7230050223214286 0.5883384480491013 0.005719866071428571 0.004822446295484437
187 0.21735491071428573 0.21898290223586148 0.0030691964285714285 0.00920648838228847
187 0.13071986607142858 0.7906619903551074 0.005859375 0.004822446295484437
187 0.08091517857142858 0.3035949145111793 0.0030691964285714285 0.00920648838228847
187 0.42689732142857145 0.16703200350723366 0.005859375 0.004822446295484437
187 0.10379464285714286 0.6784305129329241 0.005859375 0.004822446295484437
187 0.23842075892857142 0.2790442788250767 0.005859375 0.004822446295484437
60 0.48911830357142855 0.8536825953529154 0.008649553571428572 0.00898728627794827
60 0.5157645089285714 0.8534633932485752 0.009486607142857142 0.009425690486628672
176 0.48074776785714285 0.8362560280578694 0.005859375 0.0131521262604121
119 0.47781808035714285 0.7528496273564226 0.011997767857142858 0.015124945199473916
180 0.48067801339285715 0.701008329679965 0.005719866071428571 0.014028934677772907
176 0.48060825892857145 0.5817623849188952 0.005859375 0.011398509425690487
179 0.4794921875 0.5432924156071899 0.008091517857142858 0.017755370451556333
179 0.47000558035714285 0.47457255589653663 0.01171875 0.012713722051731697
63 0.44510323660714285 0.472818939061815 0.010463169642857142 0.008768084173608066
32 0.4159458705357143 0.47194213064445417 0.009068080357142858 0.01052170100832968
177 0.45375279017857145 0.4080447172292854 0.005719866071428571 0.012056115738711091
181 0.46463448660714285 0.430403331871986 0.009905133928571428 0.00898728627794827
63 0.6031668526785714 0.38842612889083733 0.008510044642857142 0.00920648838228847
119 0.63232421875 0.3832748794388426 0.011300223214285714 0.019070583077597545
186 0.6692940848214286 0.28353792196405087 0.006556919642857143 0.011617711530030689
188 0.6326032366071429 0.3460105217010083 0.004324776785714286 0.016440157825515125
190 0.6153041294642857 0.37176676896098204 0.0048828125 0.008329679964927663
63 0.6153041294642857 0.41078474353353794 0.005719866071428571 0.016220955721174924
188 0.5414341517857143 0.43051293292415604 0.005580357142857143 0.012713722051731697
60 0.49888392857142855 0.43062253397632616 0.009486607142857142 0.00898728627794827
191 0.6256277901785714 0.0920648838228847 0.0068359375 0.01052170100832968
142 0.5758231026785714 0.0919552827707146 0.005161830357142857 0.009864094695309075
185 0.5541294642857143 0.09875054800526085 0.004464285714285714 0.02257781674704077
191 0.5192522321428571 0.0920648838228847 0.007254464285714286 0.011398509425690487
175 0.49727957589285715 0.0922840859272249 0.009347098214285714 0.00920648838228847
192 0.6153041294642857 0.8766988163086366 0.012137276785714286 0.019070583077597545
194 0.6153041294642857 0.8316527838667251 0.011579241071428572 0.018851380973257344
63 0.5986328125 0.8113765892152565 0.009765625 0.009864094695309075
194 0.5746372767857143 0.8112669881630864 0.011997767857142858 0.01797457255589654
63 0.49476841517857145 0.8111573871109162 0.010463169642857142 0.00898728627794827
60 0.6153738839285714 0.66308636562911 0.005859375 0.01446733888645331
60 0.6153041294642857 0.579351161771153 0.005719866071428571 0.014905743095133712
196 0.6153041294642857 0.5348531345900921 0.012416294642857142 0.019289785181937746
195 0.6153738839285714 0.49221832529592285 0.010323660714285714 0.016440157825515125
102 0.6151646205357143 0.4545155633494082 0.005719866071428571 0.016878562034195528
182 0.6842912946428571 0.8533537921964051 0.005580357142857143 0.009644892590968873
178 0.6561802455357143 0.8535729943007453 0.011021205357142858 0.008768084173608066
188 0.7230050223214286 0.7963612450679527 0.011300223214285714 0.00920648838228847
180 0.7232840401785714 0.708790004384042 0.006277901785714286 0.012056115738711091
195 0.7230050223214286 0.6620999561595792 0.010184151785714286 0.016440157825515125
179 0.6948939732142857 0.6226435773783429 0.008091517857142858 0.019070583077597545
25 0.6953125 0.5756247259973696 0.007254464285714286 0.01446733888645331
196 0.6960797991071429 0.4930951337132837 0.0126953125 0.01994739149495835
195 0.6960797991071429 0.407606313020605 0.0107421875 0.016878562034195528
195 0.6814313616071429 0.38831652783866727 0.012137276785714286 0.019070583077597545
195 0.7230050223214286 0.4499123191582639 0.0126953125 0.01994739149495835
187 0.7230050223214286 0.4094695309074967 0.005719866071428571 0.004822446295484437
195 0.7230050223214286 0.32332310390179747 0.010184151785714286 0.016220955721174924
193 0.681640625 0.4729285401139851 0.011997767857142858 0.018632178868917142
195 0.6552036830357143 0.4729285401139851 0.012137276785714286 0.019070583077597545
25 0.10295758928571429 0.28244191144234987 0.007254464285714286 0.015563349408154318
195 0.10379464285714286 0.23991670320035072 0.012555803571428572 0.019508987286277948
193 0.19817243303571427 0.21898290223586148 0.012416294642857142 0.019289785181937746
195 0.14501953125 0.1343708899605436 0.010463169642857142 0.016220955721174924
25 0.16713169642857142 0.13327487943884261 0.007254464285714286 0.01183691363437089
176 0.13065011160714285 0.7550416483998247 0.005998883928571429 0.015563349408154318
63 0.13065011160714285 0.6999123191582639 0.005719866071428571 0.014905743095133712
63 0.13065011160714285 0.6603463393248575 0.005719866071428571 0.014686540990793511
195 0.11662946428571429 0.6420429636124507 0.010881696428571428 0.01709776413853573
178 0.13078962053571427 0.578255151249452 0.005998883928571429 0.017536168347216132
60 0.13065011160714285 0.5446076282332311 0.005719866071428571 0.012494519947391494
60 0.14313616071428573 0.4727093380096449 0.007254464285714286 0.009864094695309075
190 0.15764508928571427 0.45506356861025865 0.005301339285714286 0.007452871547566856
183 0.10114397321428571 0.41188075405523894 0.011439732142857142 0.0070144673388864535
186 0.10379464285714286 0.32277509864094694 0.006975446428571429 0.012056115738711091
176 0.119140625 0.430403331871986 0.010602678571428572 0.00898728627794827
193 0.14536830357142858 0.43051293292415604 0.012555803571428572 0.01972818939061815
190 0.31912667410714285 0.16012713722051733 0.004324776785714286 0.011617711530030689
185 0.3104771205357143 0.14094695309074967 0.004324776785714286 0.022797018851380975
195 0.27783203125 0.13448049101271373 0.012137276785714286 0.019070583077597545
196 0.33321707589285715 0.09217448487505481 0.012137276785714286 0.019070583077597545
192 0.38748604910714285 0.0920648838228847 0.0126953125 0.01972818939061815
184 0.3233119419642857 0.24682156948706707 0.014369419642857142 0.00657606313020605
32 0.31961495535714285 0.2805786935554581 0.006696428571428571 0.014028934677772907
178 0.31912667410714285 0.3245287154756686 0.005719866071428571 0.014686540990793511
195 0.31919642857142855 0.41034633932485753 0.010881696428571428 0.01709776413853573
25 0.30336216517857145 0.4316089434458571 0.0087890625 0.011398509425690487
63 0.2767857142857143 0.43051293292415604 0.0078125 0.008768084173608066
195 0.2505580357142857 0.43051293292415604 0.011997767857142858 0.01841297676457694
102 0.22174944196428573 0.43062253397632616 0.010463169642857142 0.009425690486628672
178 0.3998325892857143 0.19256904866286717 0.005859375 0.014248136782113108
63 0.38357979910714285 0.1343708899605436 0.010463169642857142 0.00920648838228847
14 0.3593052455357143 0.1343708899605436 0.007952008928571428 0.00920648838228847
185 0.3247767857142857 0.14094695309074967 0.004185267857142857 0.022797018851380975
142 0.3999720982142857 0.37669881630863655 0.005859375 0.009425690486628672
142 0.5076729910714286 0.799978079789566 0.005859375 0.00898728627794827
119 0.5044642857142857 0.7471503726435774 0.011997767857142858 0.016001753616834723
194 0.5076032366071429 0.7047347654537484 0.011300223214285714 0.018851380973257344
119 0.49288504464285715 0.6892810170977641 0.010044642857142858 0.018632178868917142
185 0.5034877232142857 0.5893248575186322 0.014508928571428572 0.006795265234546251
184 0.50341796875 0.5484436650591845 0.014369419642857142 0.0070144673388864535
192 0.49281529017857145 0.472818939061815 0.012416294642857142 0.01972818939061815
32 0.18484933035714285 0.2790442788250767 0.006696428571428571 0.016659359929855327
184 0.18031529017857142 0.24758877685225777 0.014369419642857142 0.006795265234546251
189 0.1845703125 0.32518632178868917 0.005580357142857143 0.021262604120999562
63 0.17626953125 0.38831652783866727 0.007393973214285714 0.00898728627794827
14 0.15757533482142858 0.49068391056554145 0.005719866071428571 0.016001753616834723
14 0.22467912946428573 0.6421525646646208 0.008510044642857142 0.00898728627794827
181 0.12227957589285714 0.5575405523893029 0.007952008928571428 0.00898728627794827
195 0.22398158482142858 0.472818939061815 0.012416294642857142 0.01972818939061815
180 0.17396763392857142 0.4727093380096449 0.009486607142857142 0.00898728627794827
184 0.20717075892857142 0.36957474791758 0.014229910714285714 0.0070144673388864535
190 0.21149553571428573 0.3295703638754932 0.006417410714285714 0.007233669443226655
188 0.17431640625 0.3035949145111793 0.005440848214285714 0.014028934677772907
191 0.21149553571428573 0.581543182814555 0.007533482142857143 0.01183691363437089
63 0.21142578125 0.6163963174046471 0.005719866071428571 0.016220955721174924
190 0.5076032366071429 0.41462078035949146 0.006556919642857143 0.007233669443226655
176 0.5075334821428571 0.4514467338886453 0.005859375 0.014248136782113108
195 0.6019810267857143 0.3035949145111793 0.012276785714285714 0.019289785181937746
191 0.62890625 0.3035949145111793 0.008370535714285714 0.0131521262604121
182 0.6482282366071429 0.3035949145111793 0.005719866071428571 0.00920648838228847
191 0.5614536830357143 0.45495396755808853 0.007952008928571428 0.012494519947391494
183 0.42954799107142855 0.18774660236738272 0.011160714285714286 0.006795265234546251
185 0.4310825892857143 0.2383822884699693 0.014229910714285714 0.006795265234546251
102 0.4111328125 0.2611793073213503 0.008928571428571428 0.00898728627794827
184 0.4310825892857143 0.28112669881630864 0.014229910714285714 0.006795265234546251
186 0.4267578125 0.327159140727751 0.006975446428571429 0.011617711530030689
183 0.4296177455357143 0.37867163524769837 0.011021205357142858 0.006795265234546251
178 0.4403599330357143 0.38831652783866727 0.0087890625 0.00898728627794827
192 0.373046875 0.6197939500219202 0.013113839285714286 0.020385795703638757
196 0.373046875 0.5774879438842613 0.012276785714285714 0.019508987286277948
60 0.37290736607142855 0.535839544059623 0.005859375 0.016440157825515125
179 0.37179129464285715 0.5020824199912319 0.008091517857142858 0.015124945199473916
187 0.373046875 0.6631959666812801 0.005859375 0.005041648399824638
192 0.373046875 0.7073651907058308 0.01171875 0.018851380973257344
193 0.4141322544642857 0.8112669881630864 0.012137276785714286 0.019289785181937746
194 0.46847098214285715 0.8112669881630864 0.011997767857142858 0.01797457255589654
194 0.3729771205357143 0.4091407277509864 0.012137276785714286 0.019070583077597545
60 0.3731166294642857 0.37242437527400263 0.005719866071428571 0.014905743095133712
193 0.38650948660714285 0.30370451556334943 0.012137276785714286 0.019070583077597545
185 0.42124720982142855 0.29723805348531346 0.004324776785714286 0.022797018851380975
191 0.5164620535714286 0.3035949145111793 0.008370535714285714 0.0131521262604121
194 0.29220145089285715 0.11124506795265235 0.012416294642857142 0.019508987286277948
184 0.29638671875 0.28353792196405087 0.014369419642857142 0.006795265234546251
191 0.3070591517857143 0.3035949145111793 0.008649553571428572 0.013590530469092503
194 0.11830357142857142 0.472818939061815 0.011997767857142858 0.018851380973257344
193 0.17222377232142858 0.6420429636124507 0.0126953125 0.01972818939061815
102 0.19698660714285715 0.6419333625602806 0.009207589285714286 0.00898728627794827
179 0.6949637276785714 0.28255151249451993 0.007952008928571428 0.01797457255589654
188 0.14906529017857142 0.5574309513371328 0.005440848214285714 0.01578255151249452
187 0.15764508928571427 0.3248575186321789 0.005859375 0.004822446295484437
177 0.39990234375 0.44936431389741344 0.005719866071428571 0.016220955721174924
60 0.38818359375 0.26128890837352037 0.008510044642857142 0.009644892590968873
186 0.35888671875 0.26128890837352037 0.007393973214285714 0.01052170100832968
186 0.23835100446428573 0.6616615519508987 0.005998883928571429 0.012056115738711091
175 0.23821149553571427 0.7069267864971504 0.005998883928571429 0.01183691363437089
184 0.24260602678571427 0.7427663305567733 0.014229910714285714 0.006795265234546251
186 0.16845703125 0.7686321788689171 0.007393973214285714 0.009864094695309075
63 0.14676339285714285 0.7687417799210873 0.007533482142857143 0.009644892590968873
180 0.22621372767857142 0.3034853134590092 0.0087890625 0.00898728627794827
187 0.23842075892857142 0.4094695309074967 0.005859375 0.004822446295484437
177 0.5499441964285714 0.8537921964050855 0.008928571428571428 0.00920648838228847
194 0.65673828125 0.8112669881630864 0.012137276785714286 0.019289785181937746
32 0.68017578125 0.8102805786935554 0.010184151785714286 0.010740903112669882
102 0.5615931919642857 0.7133932485751863 0.005998883928571429 0.015124945199473916
195 0.5755440848214286 0.6420429636124507 0.011021205357142858 0.01709776413853573
183 0.6665736607142857 0.5868040333187199 0.011439732142857142 0.00657606313020605
183 0.6447405133928571 0.6507014467338886 0.011579241071428572 0.006795265234546251
186 0.6422991071428571 0.7021043402016659 0.006696428571428571 0.01183691363437089
189 0.6422991071428571 0.7493423936869794 0.006138392857142857 0.021262604120999562
142 0.6422293526785714 0.8201446733888645 0.005998883928571429 0.00898728627794827
192 0.6422293526785714 0.49221832529592285 0.012137276785714286 0.019070583077597545
189 0.6691545758928571 0.36530030688294607 0.006556919642857143 0.021262604120999562