187 0.45640345982142855 0.1749616312212234 0.004603794642857143 0.013593510195132646
187 0.2885044642857143 0.5881385661039246 0.008649553571428572 0.00723525542644157
187 0.34814453125 0.8625301468976102 0.004603794642857143 0.013593510195132646
187 0.6796177455357143 0.9250164437623328 0.004603794642857143 0.013593510195132646
187 0.6353934151785714 0.23744792808594606 0.004603794642857143 0.013593510195132646
187 0.6067243303571429 0.14843236132427098 0.008649553571428572 0.007016005262003947
187 0.16922433035714285 0.8421398816049112 0.008649553571428572 0.007016005262003947
187 0.7260044642857143 0.872506029379522 0.008649553571428572 0.00723525542644157
187 0.4476841517857143 0.7663889497917123 0.008649553571428572 0.00723525542644157
119 0.6021902901785714 0.19798289848717388 0.017438616071428572 0.0197325147993861
183 0.5792410714285714 0.1813198859899145 0.006417410714285714 0.02587151940363955
183 0.5494559151785714 0.18088138566103926 0.006277901785714286 0.026748520061390047
185 0.23186383928571427 0.559416794562596 0.006417410714285714 0.033983775487831616
32 0.2891322544642857 0.45275158956369216 0.009905133928571428 0.0197325147993861
176 0.28857421875 0.3901556676167507 0.008510044642857142 0.016882262661696998
195 0.46630859375 0.8624205218153914 0.015485491071428572 0.023898267923700943
176 0.39090401785714285 0.8625301468976102 0.015066964285714286 0.014032010524007894
179 0.5287388392857143 0.8878535408901557 0.012276785714285714 0.023898267923700943
63 0.5794503348214286 0.9250164437623328 0.011021205357142858 0.0131550098662574
188 0.72607421875 0.7145362859022144 0.017159598214285716 0.011401008550756413
186 0.72607421875 0.6399912299934225 0.009905133928571428 0.016663012497259374
192 0.7260044642857143 0.580355185266389 0.018415178571428572 0.02894102170576628
192 0.7051478794642857 0.424906818680114 0.017996651785714284 0.028064021048015787
175 0.6669224330357143 0.7373383030037273 0.014090401785714286 0.013593510195132646
189 0.34779575892857145 0.23733830300372724 0.020089285714285716 0.014251260688445516
181 0.501953125 0.236899802674852 0.013113839285714286 0.013374260030695024
175 0.5861467633928571 0.23711905283928963 0.011858258928571428 0.01381276035957027
190 0.24881417410714285 0.5260907695680772 0.0068359375 0.01644376233282175
177 0.11195591517857142 0.42501644376233283 0.0126953125 0.013374260030695024
14 0.52734375 0.5200613900460426 0.008928571428571428 0.016663012497259374
195 0.5071847098214286 0.36242052181539136 0.017996651785714284 0.028064021048015787
14 0.6291155133928571 0.2997149747862311 0.013532366071428572 0.013593510195132646
60 0.646484375 0.402762552071914 0.008370535714285714 0.021925016443762334
192 0.646484375 0.45812321859241395 0.018694196428571428 0.029160271870203903
184 0.29478236607142855 0.2143170357377768 0.021205357142857144 0.010304757728568297
192 0.2679966517857143 0.1749616312212234 0.018136160714285716 0.02850252137689103
183 0.29234095982142855 0.25718044288533215 0.016880580357142856 0.010085507564130673
179 0.32993861607142855 0.32087261565446173 0.011997767857142858 0.023459767594825695
189 0.34981863839285715 0.36242052181539136 0.019949776785714284 0.013593510195132646
181 0.38309151785714285 0.36231089673317257 0.012555803571428572 0.013374260030695024
185 0.1630859375 0.7108090331067748 0.021205357142857144 0.01052400789300592
25 0.16831752232142858 0.6438281078710809 0.0107421875 0.023898267923700943
187 0.14934430803571427 0.6123657092742819 0.004603794642857143 0.013593510195132646
60 0.16922433035714285 0.5882481911861434 0.008370535714285714 0.020171015128261346
32 0.18310546875 0.5484542863407148 0.016322544642857144 0.016882262661696998
191 0.14983258928571427 0.5499890374917781 0.012834821428571428 0.019951764963823723
186 0.08977399553571429 0.46097347073010303 0.010184151785714286 0.016882262661696998
194 0.6276506696428571 0.5499890374917781 0.017857142857142856 0.028283271212453408
186 0.6465541294642857 0.5796974347730761 0.010184151785714286 0.01841701381276036
192 0.6673409598214286 0.6749616312212234 0.017717633928571428 0.027406270554702915
180 0.7021484375 0.6752905064678798 0.012276785714285714 0.014032010524007894
193 0.6863141741071429 0.5782723087042315 0.017717633928571428 0.027844770883578163
193 0.6863141741071429 0.45472484104363076 0.017996651785714284 0.028064021048015787
186 0.6864536830357143 0.6394431045823284 0.010463169642857142 0.01775926331944749
181 0.6863839285714286 0.7101512826134619 0.008649553571428572 0.017540013155009866
192 0.30782645089285715 0.17485200613900462 0.017717633928571428 0.027406270554702915
189 0.32833426339285715 0.2707739530804648 0.011021205357142858 0.031572023679017756
14 0.3120814732142857 0.36253014689761015 0.015345982142857142 0.013374260030695024
195 0.5669642857142857 0.7075202806402104 0.015904017857142856 0.02499451874588906
179 0.5652901785714286 0.45746546809910105 0.01171875 0.020828765621574215
181 0.7260044642857143 0.7679237009427757 0.008649553571428572 0.019951764963823723
185 0.6404157366071429 0.5035080026310019 0.021344866071428572 0.00986625739969305
25 0.24769810267857142 0.2096031572023679 0.010463169642857142 0.0197325147993861
191 0.24881417410714285 0.2750493312869985 0.011579241071428572 0.018197763648322735
175 0.24874441964285715 0.31922823942117956 0.008370535714285714 0.01841701381276036
188 0.24874441964285715 0.3916904187678141 0.015904017857142856 0.012935759701819776
14 0.6861746651785714 0.33227362420521817 0.008510044642857142 0.023459767594825695
196 0.6651785714285714 0.36242052181539136 0.018415178571428572 0.02894102170576628
181 0.5944475446428571 0.362639771979829 0.012555803571428572 0.013593510195132646
178 0.68603515625 0.2085069063801798 0.008510044642857142 0.024117518088138567
190 0.12946428571428573 0.39706204779653587 0.010881696428571428 0.011401008550756413
14 0.12967354910714285 0.2641964481473361 0.008510044642857142 0.024117518088138567
185 0.37437220982142855 0.5778338083753563 0.021065848214285716 0.00986625739969305
181 0.3544921875 0.550098662573997 0.012555803571428572 0.013593510195132646
32 0.32896205357142855 0.5112913834685376 0.009765625 0.02499451874588906
176 0.30440848214285715 0.4872834904626179 0.012834821428571428 0.013374260030695024
188 0.27064732142857145 0.48739311554483666 0.007254464285714286 0.02367901775926332
192 0.40785435267857145 0.2059855294891471 0.017717633928571428 0.027844770883578163
142 0.39634486607142855 0.1749616312212234 0.008649553571428572 0.013593510195132646
183 0.35811941964285715 0.18110063582547686 0.006696428571428571 0.0263100197325148
63 0.40792410714285715 0.2660600745450559 0.008370535714285714 0.022144266608199955
194 0.40792410714285715 0.3958561718921289 0.017299107142857144 0.027844770883578163
176 0.3856724330357143 0.4872834904626179 0.012137276785714286 0.013374260030695024
119 0.6112583705357143 0.7110282832712125 0.017438616071428572 0.028064021048015787
177 0.3866489955357143 0.7375575531681648 0.0107421875 0.013593510195132646
183 0.43540736607142855 0.7314185485639114 0.006417410714285714 0.0263100197325148
14 0.47133091517857145 0.7374479280859461 0.014369419642857142 0.013374260030695024
190 0.22663225446428573 0.7999342249506687 0.009626116071428572 0.00986625739969305
60 0.19328962053571427 0.8001534751151064 0.010463169642857142 0.013374260030695024
177 0.4478236607142857 0.5862749397062048 0.008649553571428572 0.01710151282613462
119 0.17375837053571427 0.3923481692611269 0.017717633928571428 0.027844770883578163
119 0.26318359375 0.30727910545932907 0.013253348214285714 0.027844770883578163
195 0.22809709821428573 0.23744792808594606 0.018415178571428572 0.02894102170576628
32 0.09040178571428571 0.38785354089015567 0.010323660714285714 0.018855514141635606
192 0.48744419642857145 0.33040999780749836 0.018415178571428572 0.02894102170576628
194 0.4657505580357143 0.48739311554483666 0.017717633928571428 0.02762552071914054
14 0.12960379464285715 0.5181977636483227 0.008649553571428572 0.016882262661696998
183 0.14585658482142858 0.66882262661697 0.006556919642857143 0.026090769568077175
14 0.3042689732142857 0.6752905064678798 0.011439732142857142 0.0131550098662574
60 0.32840401785714285 0.6490901118175839 0.008649553571428572 0.02170576627932471
192 0.34981863839285715 0.6124753343565008 0.018833705357142856 0.029598772199079148
183 0.6566685267857143 0.6185047138785355 0.006417410714285714 0.0263100197325148