187 0.3491908482142857 0.0920648838228847 0.0030691964285714285 0.00920648838228847
187 0.6224888392857143 0.5574309513371328 0.0030691964285714285 0.00920648838228847
187 0.5615234375 0.4074967119684349 0.005859375 0.004822446295484437
187 0.5345982142857143 0.9221832529592284 0.005859375 0.004822446295484437
187 0.2652064732142857 0.5199473914949584 0.005859375 0.004822446295484437
187 0.48074776785714285 0.6608943445857081 0.005859375 0.004822446295484437
187 0.10379464285714286 0.2487943884261289 0.005859375 0.004822446295484437
187 0.12611607142857142 0.9381850065760632 0.0030691964285714285 0.00920648838228847
187 0.1845703125 0.33625602805786936 0.005859375 0.004822446295484437
187 0.7499302455357143 0.927224901359053 0.005719866071428571 0.004822446295484437
187 0.13071986607142858 0.740245506356861 0.005859375 0.004822446295484437
192 0.6554827008928571 0.17667689609820253 0.0126953125 0.01972818939061815
189 0.6278599330357143 0.17678649715037265 0.013532366071428572 0.012056115738711091
25 0.6822684151785714 0.09085927224901359 0.007393973214285714 0.011617711530030689
181 0.6691545758928571 0.23728627794826831 0.005719866071428571 0.011617711530030689
175 0.7229352678571429 0.41220955721174923 0.005859375 0.013371328364752301
192 0.7230050223214286 0.4529811486190267 0.012974330357142858 0.020385795703638757
194 0.6422991071428571 0.28233231039017975 0.011997767857142858 0.018851380973257344
191 0.6422293526785714 0.24802718106093818 0.009068080357142858 0.014248136782113108
189 0.6422293526785714 0.15420868040333188 0.007672991071428571 0.021262604120999562
183 0.6343470982142857 0.09633932485751863 0.004464285714285714 0.017755370451556333
195 0.6006556919642857 0.09217448487505481 0.010463169642857142 0.016001753616834723
142 0.23842075892857142 0.20714598860149058 0.005859375 0.00920648838228847
186 0.23842075892857142 0.11420429636124507 0.007254464285714286 0.01183691363437089
181 0.24825613839285715 0.0920648838228847 0.007393973214285714 0.00920648838228847
178 0.23821149553571427 0.370670758439281 0.006277901785714286 0.016659359929855327
102 0.23842075892857142 0.5 0.006138392857142857 0.015344147303814117
185 0.24260602678571427 0.5382507672073652 0.014229910714285714 0.006795265234546251
181 0.7230050223214286 0.5425252082419991 0.005719866071428571 0.01578255151249452
178 0.712890625 0.5575405523893029 0.008649553571428572 0.00898728627794827
179 0.6873604910714286 0.5592941692240245 0.01171875 0.012932924156071899
189 0.7086356026785714 0.38820692678649715 0.013532366071428572 0.00789127575624726
191 0.68408203125 0.38820692678649715 0.0087890625 0.014028934677772907
195 0.7230050223214286 0.5801183691363437 0.010463169642857142 0.016440157825515125
102 0.7230050223214286 0.6213283647523016 0.005719866071428571 0.012494519947391494
142 0.7230050223214286 0.7600832967996493 0.005719866071428571 0.009425690486628672
25 0.64306640625 0.5801183691363437 0.007393973214285714 0.012056115738711091
181 0.6548549107142857 0.5995177553704516 0.008649553571428572 0.00920648838228847
119 0.6392299107142857 0.5423060061376589 0.01171875 0.016220955721174924
179 0.6410435267857143 0.5015344147303814 0.008091517857142858 0.01709776413853573
60 0.6422991071428571 0.44552827707145987 0.005859375 0.014248136782113108
191 0.6422293526785714 0.35960105217010085 0.009068080357142858 0.014248136782113108
187 0.6556919642857143 0.3459009206488382 0.0030691964285714285 0.00920648838228847
194 0.6422991071428571 0.6227531784305129 0.011997767857142858 0.018851380973257344
177 0.6031668526785714 0.6417141604559404 0.009626116071428572 0.00898728627794827
184 0.5749860491071429 0.6487286277948269 0.004324776785714286 0.02257781674704077
179 0.5242047991071429 0.6439061814993424 0.0107421875 0.012494519947391494
175 0.4267578125 0.6583735203857957 0.005859375 0.013371328364752301
184 0.43101283482142855 0.7412319158263919 0.014369419642857142 0.006795265234546251
25 0.5431082589285714 0.7678649715037265 0.007533482142857143 0.011398509425690487
178 0.4268275669642857 0.6181499342393687 0.005719866071428571 0.016659359929855327
195 0.42689732142857145 0.49188952213941256 0.010881696428571428 0.01709776413853573
188 0.35574776785714285 0.472818939061815 0.005301339285714286 0.014905743095133712
183 0.3335658482142857 0.4770933800964489 0.004743303571428571 0.017755370451556333
194 0.3046875 0.472818939061815 0.012834821428571428 0.020166593599298552
195 0.5614536830357143 0.15585269618588338 0.012416294642857142 0.019289785181937746
175 0.5696149553571429 0.17678649715037265 0.008370535714285714 0.00898728627794827
189 0.6028878348214286 0.17678649715037265 0.013532366071428572 0.011617711530030689
102 0.5735212053571429 0.34612012275317844 0.008928571428571428 0.00920648838228847
63 0.6012137276785714 0.3460105217010083 0.0087890625 0.00898728627794827
183 0.6324637276785714 0.3417360806663744 0.004324776785714286 0.017536168347216132
119 0.5313197544642857 0.8742875931608943 0.012137276785714286 0.019070583077597545
180 0.4912806919642857 0.7263261727312582 0.007952008928571428 0.009425690486628672
191 0.38246372767857145 0.6420429636124507 0.007952008928571428 0.012713722051731697
178 0.26527622767857145 0.6252740026304252 0.005719866071428571 0.012932924156071899
195 0.27999441964285715 0.6420429636124507 0.011997767857142858 0.01841297676457694
184 0.4765625 0.6166155195089873 0.014508928571428572 0.0070144673388864535
178 0.48060825892857145 0.579351161771153 0.005859375 0.016220955721174924
181 0.41810825892857145 0.5573213502849628 0.010044642857142858 0.00898728627794827
195 0.33168247767857145 0.5574309513371328 0.010463169642857142 0.016220955721174924
189 0.49490792410714285 0.5997369574747917 0.013532366071428572 0.008329679964927663
175 0.5201590401785714 0.599956159579132 0.009347098214285714 0.00920648838228847
14 0.5973772321428571 0.599956159579132 0.009207589285714286 0.009644892590968873
175 0.10365513392857142 0.2759754493643139 0.005859375 0.01183691363437089
182 0.10386439732142858 0.33647523016220954 0.005998883928571429 0.008768084173608066
187 0.10379464285714286 0.4094695309074967 0.005859375 0.004822446295484437
176 0.10379464285714286 0.5302498903989479 0.005859375 0.01578255151249452
186 0.11858258928571429 0.5577597544936431 0.007254464285714286 0.011617711530030689
119 0.14787946428571427 0.5523893029373081 0.010044642857142858 0.018851380973257344
184 0.22998046875 0.5508548882069267 0.004324776785714286 0.022797018851380975
176 0.6812220982142857 0.34612012275317844 0.008370535714285714 0.00920648838228847
192 0.6960797991071429 0.3237615081104779 0.012416294642857142 0.019289785181937746
192 0.6960797991071429 0.2810170977641385 0.0126953125 0.020166593599298552
188 0.6960797991071429 0.16385357299430076 0.008510044642857142 0.006795265234546251
190 0.31912667410714285 0.8432704953967558 0.007114955357142857 0.01052170100832968
186 0.27713448660714285 0.8115957913195967 0.007672991071428571 0.011179307321350284
187 0.25181361607142855 0.8112669881630864 0.0030691964285714285 0.00920648838228847
182 0.2509765625 0.937965804471723 0.006138392857142857 0.00920648838228847
195 0.14320591517857142 0.938075405523893 0.010463169642857142 0.016440157825515125
188 0.31919642857142855 0.7890179745725558 0.008928571428571428 0.006795265234546251
119 0.31605747767857145 0.7133932485751863 0.011858258928571428 0.015124945199473916
178 0.31919642857142855 0.6638535729943007 0.005859375 0.016440157825515125
188 0.31919642857142855 0.6281236299868479 0.008370535714285714 0.0076720736519070585
192 0.2792271205357143 0.38820692678649715 0.0126953125 0.020166593599298552
194 0.30691964285714285 0.38820692678649715 0.011997767857142858 0.018851380973257344
181 0.3277064732142857 0.38831652783866727 0.008649553571428572 0.009425690486628672
192 0.6691545758928571 0.6201227531784305 0.012416294642857142 0.019289785181937746
189 0.6691545758928571 0.5779263480929417 0.007114955357142857 0.021262604120999562
176 0.6692243303571429 0.6644015782551512 0.005859375 0.01446733888645331
176 0.6692243303571429 0.7098860149057431 0.005859375 0.014686540990793511
191 0.6691545758928571 0.7518632178868917 0.0068359375 0.01052170100832968
185 0.35030691964285715 0.44026742656729506 0.014229910714285714 0.006795265234546251
187 0.3461216517857143 0.36716352476983777 0.005859375 0.004822446295484437
193 0.27804129464285715 0.3035949145111793 0.012276785714285714 0.019289785181937746
181 0.22565569196428573 0.3034853134590092 0.009068080357142858 0.009425690486628672
184 0.19893973214285715 0.31017097764138535 0.004464285714285714 0.022797018851380975
195 0.3461216517857143 0.5370451556334941 0.010602678571428572 0.016659359929855327
188 0.3461216517857143 0.5853792196405085 0.008928571428571428 0.008110477860587462
25 0.38316127232142855 0.5989697501096011 0.007952008928571428 0.010740903112669882
191 0.19914899553571427 0.2613985094256905 0.007672991071428571 0.012056115738711091
25 0.18373325892857142 0.1995835160017536 0.007254464285714286 0.011179307321350284
194 0.19852120535714285 0.0920648838228847 0.012276785714285714 0.019289785181937746
192 0.21142578125 0.8307759754493643 0.011858258928571428 0.018851380973257344
60 0.21135602678571427 0.7938404208680403 0.005859375 0.014248136782113108
177 0.21142578125 0.7440815431828146 0.005719866071428571 0.015124945199473916
196 0.21142578125 0.7050635686102587 0.012137276785714286 0.019070583077597545
175 0.21142578125 0.572775098640947 0.005719866071428571 0.01446733888645331
195 0.3729771205357143 0.6614423498465585 0.010184151785714286 0.016440157825515125
102 0.3731166294642857 0.7486847873739588 0.005998883928571429 0.016001753616834723
63 0.7498604910714286 0.8780140289346777 0.005859375 0.016440157825515125
195 0.68212890625 0.8958790004384042 0.010463169642857142 0.016220955721174924
142 0.7499302455357143 0.7857299430074529 0.005719866071428571 0.008110477860587462
14 0.7336077008928571 0.6842393686979396 0.009068080357142858 0.00898728627794827
32 0.7130998883928571 0.6833625602805787 0.009626116071428572 0.010740903112669882
196 0.6825474330357143 0.6843489697501096 0.012416294642857142 0.01972818939061815
179 0.7511160714285714 0.1985971065322227 0.008091517857142858 0.01709776413853573
196 0.7499302455357143 0.24167032003507233 0.012974330357142858 0.020385795703638757
63 0.7324916294642857 0.0920648838228847 0.007672991071428571 0.00920648838228847
175 0.7498604910714286 0.2768522577816747 0.005859375 0.01446733888645331
181 0.7501395089285714 0.3284743533537922 0.005859375 0.013809732573432706
60 0.7499302455357143 0.4047566856641824 0.005719866071428571 0.014248136782113108
186 0.7498604910714286 0.45122753178430514 0.007254464285714286 0.012494519947391494
32 0.7389090401785714 0.471722928540114 0.010463169642857142 0.010960105217010083
102 0.31905691964285715 0.5425252082419991 0.005859375 0.014905743095133712
184 0.13713727678571427 0.7199693117053924 0.004464285714285714 0.02257781674704077
184 0.16761997767857142 0.7199693117053924 0.004603794642857143 0.02257781674704077
142 0.13065011160714285 0.703309951775537 0.005998883928571429 0.008548882069267865
176 0.13065011160714285 0.6707584392810171 0.005719866071428571 0.012275317843051293
32 0.13113839285714285 0.5751863217886892 0.006696428571428571 0.013590530469092503
177 0.13078962053571427 0.5341955282770715 0.005998883928571429 0.011398509425690487
25 0.1298828125 0.49265672950460326 0.007533482142857143 0.014686540990793511
14 0.14564732142857142 0.6422621657167908 0.010323660714285714 0.00920648838228847
184 0.16496930803571427 0.6353572994300746 0.004324776785714286 0.02257781674704077
175 0.22739955357142858 0.6424813678211311 0.009207589285714286 0.00920648838228847
181 0.24679129464285715 0.6422621657167908 0.010044642857142858 0.00920648838228847
196 0.58837890625 0.4074967119684349 0.011858258928571428 0.018851380973257344
195 0.7107282366071429 0.472818939061815 0.010463169642857142 0.016220955721174924
119 0.5853794642857143 0.32135028496273566 0.011997767857142858 0.01709776413853573
182 0.5884486607142857 0.8697939500219202 0.005859375 0.008768084173608066
25 0.5877511160714286 0.7857299430074529 0.006975446428571429 0.011617711530030689
119 0.5853097098214286 0.6999123191582639 0.012137276785714286 0.017536168347216132
190 0.4351283482142857 0.0920648838228847 0.006696428571428571 0.008329679964927663
187 0.4672154017857143 0.0920648838228847 0.0030691964285714285 0.00920648838228847
194 0.521484375 0.0920648838228847 0.012276785714285714 0.019289785181937746
178 0.40004185267857145 0.14741341516878562 0.005998883928571429 0.012056115738711091
185 0.3789760044642857 0.3948925909688733 0.004324776785714286 0.02257781674704077
195 0.44029017857142855 0.26128890837352037 0.011160714285714286 0.017536168347216132
177 0.46505301339285715 0.2613985094256905 0.0087890625 0.00898728627794827
187 0.5210658482142857 0.26128890837352037 0.0030691964285714285 0.00920648838228847
182 0.5796595982142857 0.2613985094256905 0.005859375 0.009425690486628672
192 0.17145647321428573 0.8112669881630864 0.012555803571428572 0.01972818939061815
192 0.17159598214285715 0.8958790004384042 0.011997767857142858 0.018851380973257344
193 0.15764508928571427 0.7472599736957475 0.012555803571428572 0.01972818939061815
102 0.15778459821428573 0.6677992108724243 0.005859375 0.015563349408154318
192 0.15764508928571427 0.6199035510740903 0.011997767857142858 0.018851380973257344
181 0.15757533482142858 0.5861464270056993 0.005719866071428571 0.012275317843051293
32 0.15792410714285715 0.5390179745725558 0.006696428571428571 0.014905743095133712
175 0.15771484375 0.5015344147303814 0.005719866071428571 0.01578255151249452
32 0.6967075892857143 0.36398509425690484 0.006696428571428571 0.013809732573432706
176 0.6960100446428571 0.40925032880315654 0.005859375 0.013590530469092503
60 0.6960797991071429 0.8768084173608066 0.005719866071428571 0.013590530469092503
186 0.6961495535714286 0.7452871547566856 0.006696428571428571 0.01183691363437089
186 0.6962890625 0.7045155633494081 0.007254464285714286 0.012713722051731697