187 0.22481863839285715 0.23744792808594606 0.004603794642857143 0.013593510195132646
187 0.4476841517857143 0.15292698969524227 0.008649553571428572 0.00723525542644157
187 0.3843470982142857 0.5498794124095593 0.004464285714285714 0.013593510195132646
187 0.33530970982142855 0.9250164437623328 0.004603794642857143 0.013593510195132646
187 0.208984375 0.4151501863626398 0.008649553571428572 0.00723525542644157
187 0.6067243303571429 0.7545494409120806 0.008649553571428572 0.00723525542644157
187 0.5669642857142857 0.21968866476649856 0.008649553571428572 0.007016005262003947
196 0.19008091517857142 0.7999342249506687 0.017717633928571428 0.027406270554702915
179 0.2681361607142857 0.7976320982240737 0.015345982142857142 0.0197325147993861
195 0.3099888392857143 0.8625301468976102 0.015904017857142856 0.02499451874588906
191 0.32833426339285715 0.8262442446831835 0.011579241071428572 0.018197763648322735
178 0.4209681919642857 0.8001534751151064 0.015764508928571428 0.013374260030695024
183 0.41190011160714285 0.3129796097347073 0.0166015625 0.00986625739969305
181 0.46205357142857145 0.4247971935978952 0.015625 0.013374260030695024
184 0.31180245535714285 0.24720456040342031 0.006417410714285714 0.03310677483008112
194 0.7058454241071429 0.7374479280859461 0.017996651785714284 0.028283271212453408
195 0.72607421875 0.6409778557333918 0.017996651785714284 0.028283271212453408
175 0.7260044642857143 0.3958561718921289 0.008649553571428572 0.02433676825257619
179 0.7068917410714286 0.3025652269239202 0.017299107142857144 0.018855514141635606
181 0.6734095982142857 0.424906818680114 0.01171875 0.0131550098662574
189 0.54541015625 0.424906818680114 0.019949776785714284 0.012278009208506906
63 0.40757533482142855 0.5736680552510415 0.008510044642857142 0.01907476430607323
195 0.40785435267857145 0.45439596579697433 0.017717633928571428 0.027844770883578163
182 0.38148716517857145 0.36253014689761015 0.0087890625 0.01381276035957027
185 0.36209542410714285 0.3275597456698093 0.021623883928571428 0.010085507564130673
195 0.30740792410714285 0.36242052181539136 0.015485491071428572 0.024117518088138567
189 0.2679966517857143 0.36242052181539136 0.020089285714285716 0.011401008550756413
175 0.22774832589285715 0.3627493970620478 0.014369419642857142 0.013374260030695024
25 0.19022042410714285 0.7381056785792589 0.013811383928571428 0.016005262003946502
184 0.21512276785714285 0.7856829642622232 0.021484375 0.00986625739969305
196 0.208984375 0.8954176715632537 0.018415178571428572 0.02894102170576628
14 0.2696010044642857 0.9251260688445516 0.015764508928571428 0.013374260030695024
185 0.24044363839285715 0.6028283271212453 0.0068359375 0.03354527515895637
189 0.3086635044642857 0.6124753343565008 0.019949776785714284 0.014251260688445516
192 0.34828404017857145 0.6124753343565008 0.017717633928571428 0.027844770883578163
196 0.28857421875 0.8282174961631221 0.017996651785714284 0.028283271212453408
176 0.6326729910714286 0.3001534751151063 0.014229910714285714 0.013593510195132646
185 0.6006556919642857 0.2738434553825915 0.021344866071428572 0.010085507564130673
184 0.5755440848214286 0.24698531023898268 0.006556919642857143 0.03354527515895637
188 0.5567103794642857 0.23744792808594606 0.007672991071428571 0.02499451874588906
119 0.51513671875 0.2445735584301688 0.013253348214285714 0.027844770883578163
142 0.47823660714285715 0.23722867792150845 0.008091517857142858 0.014032010524007894
63 0.5269949776785714 0.7014909011181758 0.008510044642857142 0.02433676825257619
142 0.52734375 0.64207410655558 0.008928571428571428 0.01381276035957027
188 0.5099051339285714 0.6124753343565008 0.0078125 0.027844770883578163
14 0.46805245535714285 0.6122560841920631 0.010881696428571428 0.01381276035957027
183 0.15269252232142858 0.6687130015347511 0.0068359375 0.02587151940363955
189 0.12946428571428573 0.5780530585397939 0.008091517857142858 0.031352773514580136
181 0.15025111607142858 0.48739311554483666 0.013950892857142858 0.0131550098662574
142 0.16915457589285715 0.4375137031352774 0.0087890625 0.01381276035957027
191 0.11676897321428571 0.36242052181539136 0.010323660714285714 0.016224512168384126
63 0.5882393973214286 0.2993860995395747 0.011858258928571428 0.013374260030695024
193 0.4657505580357143 0.29993422495066874 0.017717633928571428 0.02762552071914054
32 0.4882114955357143 0.1992983994737996 0.009905133928571428 0.02236351677263758
192 0.4668666294642857 0.1749616312212234 0.018275669642857144 0.02850252137689103
185 0.4414760044642857 0.3279982459986845 0.021344866071428572 0.010085507564130673
60 0.44754464285714285 0.39136154352115765 0.008649553571428572 0.02455601841701381
186 0.42494419642857145 0.4877219907914931 0.010602678571428572 0.016005262003946502
25 0.38636997767857145 0.4892567419425565 0.011300223214285714 0.016882262661696998
32 0.32896205357142855 0.5131550098662574 0.009765625 0.023898267923700943
175 0.3285435267857143 0.5709274281955712 0.008928571428571428 0.019294014470510854
191 0.40785435267857145 0.8426880070160052 0.011858258928571428 0.018636263977197982
175 0.40771484375 0.7806402104801579 0.009068080357142858 0.02039026529269897
185 0.43875558035714285 0.7278009208506906 0.006417410714285714 0.03354527515895637
188 0.44761439732142855 0.20817803113352334 0.0126953125 0.012935759701819776
194 0.48744419642857145 0.33117737338303005 0.017857142857142856 0.028283271212453408
194 0.24881417410714285 0.8931155448366587 0.017717633928571428 0.027844770883578163
190 0.24881417410714285 0.7280201710151283 0.007672991071428571 0.01512826134619601
182 0.08963448660714286 0.39245779434334577 0.009068080357142858 0.0131550098662574
14 0.08963448660714286 0.5230212672659504 0.008510044642857142 0.018636263977197982
185 0.09598214285714286 0.7020390265292699 0.021205357142857144 0.01052400789300592
192 0.46547154017857145 0.9250164437623328 0.017717633928571428 0.02762552071914054
63 0.42368861607142855 0.9252356939267704 0.011997767857142858 0.013593510195132646
181 0.4872349330357143 0.8380837535628152 0.0087890625 0.016882262661696998
182 0.5510602678571429 0.6749616312212234 0.008370535714285714 0.013374260030695024
178 0.5669642857142857 0.6405393554045166 0.008370535714285714 0.018636263977197982
60 0.5539899553571429 0.6126945845209384 0.013950892857142858 0.01381276035957027
189 0.2696010044642857 0.29993422495066874 0.019949776785714284 0.014909011181758386
181 0.31417410714285715 0.2998245998684499 0.013392857142857142 0.013374260030695024
182 0.3368443080357143 0.29993422495066874 0.0087890625 0.014032010524007894
189 0.5463169642857143 0.7375575531681648 0.020089285714285716 0.013593510195132646
182 0.6066545758928571 0.7146459109844332 0.0087890625 0.012935759701819776
188 0.6990792410714286 0.6124753343565008 0.008649553571428572 0.019951764963823723
175 0.3680943080357143 0.8960754220565665 0.008510044642857142 0.017540013155009866
182 0.3680943080357143 0.779434334575751 0.009347098214285714 0.01447051085288314
196 0.24881417410714285 0.27011620258715197 0.017996651785714284 0.028064021048015787
194 0.24881417410714285 0.33402762552071913 0.019391741071428572 0.030475772856829644
195 0.24881417410714285 0.2057662793247095 0.0185546875 0.029160271870203903
193 0.34946986607142855 0.1749616312212234 0.018136160714285716 0.02850252137689103
25 0.47216796875 0.5484542863407148 0.011858258928571428 0.016005262003946502
179 0.525390625 0.40342030256522693 0.01171875 0.02104801578601184
189 0.6067243303571429 0.32942337206752903 0.010044642857142858 0.031352773514580136
196 0.46630859375 0.36242052181539136 0.017717633928571428 0.028064021048015787
191 0.4214564732142857 0.36242052181539136 0.012276785714285714 0.019294014470510854
182 0.7177036830357143 0.5496601622451217 0.008510044642857142 0.013593510195132646
194 0.6863141741071429 0.5821091865818899 0.0185546875 0.029379522034641527
175 0.5852399553571429 0.6124753343565008 0.014229910714285714 0.01381276035957027