187 0.16287667410714285 0.7647961420429636 0.004045758928571429 0.01183691363437089
187 0.0849609375 0.18182814555019727 0.007533482142857143 0.006356861025865849
187 0.10400390625 0.10488820692678649 0.004045758928571429 0.012056115738711091
187 0.27573939732142855 0.5448268303375713 0.004045758928571429 0.012056115738711091
187 0.6864536830357143 0.10488820692678649 0.004045758928571429 0.012056115738711091
187 0.6099330357142857 0.8917141604559404 0.007533482142857143 0.006137658921525646
187 0.6728515625 0.48980710214818063 0.00390625 0.012056115738711091
187 0.2783203125 0.21481806225339764 0.00390625 0.01183691363437089
187 0.6449497767857143 0.9124287593160895 0.007533482142857143 0.006356861025865849
187 0.7499302455357143 0.1180403331871986 0.007672991071428571 0.006356861025865849
187 0.11990792410714286 0.9061814993423937 0.007672991071428571 0.006137658921525646
187 0.6750139508928571 0.7647961420429636 0.004045758928571429 0.01183691363437089
179 0.15645926339285715 0.5765015344147304 0.010184151785714286 0.01841297676457694
119 0.29080636160714285 0.8556554142919772 0.015206473214285714 0.019508987286277948
60 0.30740792410714285 0.8197062691801841 0.010463169642857142 0.011617711530030689
119 0.2909458705357143 0.8017316966242876 0.015764508928571428 0.017755370451556333
182 0.28452845982142855 0.7095572117492328 0.007672991071428571 0.012275317843051293
188 0.23542131696428573 0.709776413853573 0.005719866071428571 0.014905743095133712
190 0.20152064732142858 0.709776413853573 0.0087890625 0.010083296799649276
193 0.294921875 0.6817185444980272 0.015625 0.024550635686102586
193 0.24093191964285715 0.6547566856641823 0.015625 0.024112231477422183
193 0.17222377232142858 0.6547566856641823 0.015485491071428572 0.024550635686102586
180 0.10874720982142858 0.6546470846120123 0.009905133928571428 0.011617711530030689
188 0.0849609375 0.6932266549758878 0.011997767857142858 0.009425690486628672
183 0.13176618303571427 0.704296361245068 0.005719866071428571 0.022797018851380975
194 0.08489118303571429 0.7375054800526085 0.0166015625 0.026085050416484
177 0.10421316964285714 0.7645769399386234 0.010881696428571428 0.01183691363437089
193 0.15492466517857142 0.4053046909250329 0.015485491071428572 0.024550635686102586
195 0.15492466517857142 0.35028496273564225 0.015485491071428572 0.024550635686102586
25 0.15394810267857142 0.29110039456378783 0.009347098214285714 0.01709776413853573
188 0.14348493303571427 0.2698377904427883 0.0068359375 0.018851380973257344
175 0.08489118303571429 0.23290223586146427 0.007393973214285714 0.019070583077597545
194 0.0849609375 0.2985532661113547 0.016462053571428572 0.025865848312143797
32 0.10498046875 0.3237615081104779 0.013811383928571428 0.01446733888645331
192 0.20856584821428573 0.3248575186321789 0.016183035714285716 0.025427444103463395
180 0.13113839285714285 0.3799868478737396 0.010881696428571428 0.012056115738711091
191 0.18994140625 0.41692240245506357 0.011858258928571428 0.01841297676457694
177 0.20500837053571427 0.4348969750109601 0.011579241071428572 0.01183691363437089
189 0.20661272321428573 0.5447172292854011 0.017578125 0.0131521262604121
178 0.6099330357142857 0.4077159140727751 0.007533482142857143 0.019289785181937746
175 0.5237862723214286 0.3796580447172293 0.011021205357142858 0.01183691363437089
63 0.6097935267857143 0.3486409469530907 0.0078125 0.018632178868917142
175 0.5285295758928571 0.3248575186321789 0.009347098214285714 0.01183691363437089
185 0.11293247767857142 0.42634809294169224 0.005719866071428571 0.029373081981587022
194 0.0849609375 0.5188513809732573 0.016462053571428572 0.025865848312143797
185 0.07952008928571429 0.40190705830775975 0.018694196428571428 0.00898728627794827
185 0.10797991071428571 0.3715475668566418 0.005580357142857143 0.029811486190267425
191 0.11997767857142858 0.13864533099517756 0.011160714285714286 0.017755370451556333
179 0.5617327008928571 0.26742656729504605 0.015485491071428572 0.016659359929855327
25 0.5965401785714286 0.26819377466023675 0.01171875 0.016001753616834723
176 0.6275809151785714 0.26972818939061816 0.009626116071428572 0.011617711530030689
187 0.5398995535714286 0.4072775098640947 0.007533482142857143 0.006137658921525646
178 0.4697963169642857 0.28649715037264356 0.007672991071428571 0.020604997807978958
183 0.47335379464285715 0.3681499342393687 0.014787946428571428 0.00898728627794827
102 0.44935825892857145 0.3245287154756686 0.009765625 0.012056115738711091
193 0.41636439732142855 0.32474791758000876 0.016043526785714284 0.025208241999123193
192 0.38058035714285715 0.3248575186321789 0.015625 0.024550635686102586
186 0.34988839285714285 0.3248575186321789 0.009765625 0.01446733888645331
192 0.2758091517857143 0.32474791758000876 0.015904017857142856 0.025208241999123193
179 0.17138671875 0.5975449364313897 0.015206473214285714 0.016220955721174924
186 0.10567801339285714 0.48980710214818063 0.009626116071428572 0.014248136782113108
175 0.3784877232142857 0.819596668128014 0.010602678571428572 0.01183691363437089
25 0.39892578125 0.6247259973695748 0.009626116071428572 0.02104340201665936
180 0.3998325892857143 0.5147961420429636 0.007533482142857143 0.015563349408154318
142 0.39990234375 0.44969311705392373 0.007952008928571428 0.012494519947391494
178 0.39990234375 0.4181280140289347 0.007393973214285714 0.022139412538360367
102 0.41720145089285715 0.3803156510302499 0.012974330357142858 0.01183691363437089
194 0.6798967633928571 0.29592284085927223 0.016043526785714284 0.02498903989478299
63 0.6584123883928571 0.3802060499780798 0.010463169642857142 0.011617711530030689
186 0.6799665178571429 0.1841297676457694 0.008370535714285714 0.01446733888645331
32 0.6291155133928571 0.8735203857957037 0.0126953125 0.014028934677772907
180 0.60986328125 0.8516001753616834 0.007393973214285714 0.020166593599298552
186 0.6101422991071429 0.6877466023673827 0.007952008928571428 0.016440157825515125
175 0.6906389508928571 0.5449364313897413 0.009347098214285714 0.01183691363437089
183 0.6065848214285714 0.46492766330556773 0.014787946428571428 0.00920648838228847
194 0.22488839285714285 0.734765453748356 0.015625 0.024550635686102586
191 0.22495814732142858 0.6281236299868479 0.0107421875 0.016878562034195528
181 0.31473214285714285 0.8747259973695748 0.011997767857142858 0.012932924156071899
14 0.28236607142857145 0.8751644015782551 0.009486607142857142 0.011617711530030689
102 0.32979910714285715 0.8502849627356422 0.007533482142857143 0.01972818939061815
25 0.32875279017857145 0.802170100832968 0.009626116071428572 0.016001753616834723
195 0.32993861607142855 0.7350942569048663 0.016462053571428572 0.025646646207803596
188 0.31954520089285715 0.709776413853573 0.007114955357142857 0.016220955721174924
181 0.43491908482142855 0.3478737395879 0.007393973214285714 0.020166593599298552
102 0.48165457589285715 0.4348969750109601 0.0107421875 0.01183691363437089
179 0.5734514508928571 0.40245506356861027 0.010463169642857142 0.019289785181937746
193 0.43491908482142855 0.2970188513809733 0.015485491071428572 0.024550635686102586
176 0.4566127232142857 0.26994739149495833 0.013671875 0.012056115738711091
179 0.5182059151785714 0.2675361683472161 0.013253348214285714 0.016440157825515125
193 0.6799665178571429 0.40651030249890396 0.015625 0.024331433581762384
184 0.2652064732142857 0.4099079351161771 0.018973214285714284 0.00920648838228847
190 0.24602399553571427 0.48980710214818063 0.008510044642857142 0.012056115738711091
186 0.26004464285714285 0.35762823323103904 0.008649553571428572 0.015124945199473916
180 0.25990513392857145 0.23465585269618588 0.007533482142857143 0.017755370451556333
191 0.24560546875 0.2698377904427883 0.0107421875 0.01709776413853573
63 0.16999162946428573 0.26961858833844804 0.012974330357142858 0.01183691363437089
32 0.6454380580357143 0.8484217448487505 0.008510044642857142 0.016001753616834723
193 0.6639229910714286 0.8198158702323542 0.015625 0.024112231477422183
180 0.7150530133928571 0.7462735642262166 0.007672991071428571 0.016001753616834723
193 0.7149135044642857 0.5712406839105656 0.015485491071428572 0.024550635686102586
189 0.591796875 0.8747259973695748 0.017578125 0.015124945199473916
178 0.5636858258928571 0.8745067952652346 0.013811383928571428 0.011617711530030689
25 0.5231584821428571 0.8762604120999562 0.010323660714285714 0.015124945199473916
182 0.48856026785714285 0.8749451994739149 0.007533482142857143 0.012056115738711091
196 0.4160853794642857 0.8747259973695748 0.016043526785714284 0.025208241999123193
32 0.34786551339285715 0.8734107847435335 0.011300223214285714 0.013371328364752301
192 0.7499302455357143 0.5189609820254274 0.0166015625 0.026085050416484
189 0.7310267857142857 0.37976764576939936 0.017578125 0.013809732573432706
196 0.7149135044642857 0.35105217010083295 0.016322544642857144 0.025646646207803596
190 0.6531110491071429 0.3248575186321789 0.007114955357142857 0.011398509425690487
184 0.5804268973214286 0.3444761069706269 0.0185546875 0.00898728627794827
178 0.5749860491071429 0.5081104778605875 0.007672991071428571 0.020166593599298552
192 0.294921875 0.5155633494081543 0.015345982142857142 0.024550635686102586
194 0.2763671875 0.48980710214818063 0.016183035714285716 0.025646646207803596
194 0.294921875 0.459776413853573 0.015904017857142856 0.025208241999123193
192 0.2949916294642857 0.4062911003945638 0.0166015625 0.026085050416484
142 0.3041294642857143 0.37976764576939936 0.007533482142857143 0.012056115738711091
176 0.37667410714285715 0.37976764576939936 0.010602678571428572 0.011617711530030689
192 0.294921875 0.5738711091626479 0.015904017857142856 0.02498903989478299
192 0.7499302455357143 0.18862341078474354 0.016043526785714284 0.025208241999123193
185 0.16238839285714285 0.443445857080228 0.005580357142857143 0.029373081981587022
177 0.32979910714285715 0.24068391056554142 0.0078125 0.01972818939061815
177 0.3300083705357143 0.46591407277509866 0.007672991071428571 0.022139412538360367
188 0.5049525669642857 0.2353134590092065 0.009626116071428572 0.009425690486628672
184 0.5103934151785714 0.33888645330995176 0.0185546875 0.008768084173608066
192 0.11997767857142858 0.7904427882507672 0.016183035714285716 0.025427444103463395
191 0.7361188616071429 0.43478737395879 0.011858258928571428 0.018632178868917142
186 0.75 0.5744191144234985 0.009207589285714286 0.015124945199473916
25 0.7509068080357143 0.6756904866286716 0.009347098214285714 0.01994739149495835
192 0.6969168526785714 0.7647961420429636 0.016322544642857144 0.025865848312143797
177 0.5911690848214286 0.4895879000438404 0.012416294642857142 0.012932924156071899