187 0.44900948660714285 0.159798334064007 0.004045758928571429 0.01183691363437089
187 0.7074497767857143 0.159798334064007 0.00390625 0.01183691363437089
187 0.43491908482142855 0.24342393686979394 0.007672991071428571 0.006356861025865849
187 0.39990234375 0.6332748794388426 0.007672991071428571 0.006137658921525646
187 0.7499302455357143 0.17174484875054802 0.007672991071428571 0.006356861025865849
187 0.46993582589285715 0.7710434020166593 0.007672991071428571 0.006356861025865849
187 0.6251395089285714 0.7647961420429636 0.00390625 0.01183691363437089
187 0.0849609375 0.12483559842174485 0.007533482142857143 0.006356861025865849
187 0.15492466517857142 0.8832748794388426 0.007672991071428571 0.006356861025865849
187 0.09933035714285714 0.8198158702323542 0.00390625 0.01183691363437089
187 0.18129185267857142 0.37976764576939936 0.004045758928571429 0.012056115738711091
187 0.5749162946428571 0.8615738711091626 0.007533482142857143 0.006356861025865849
180 0.7150530133928571 0.407606313020605 0.007672991071428571 0.021701008329679965
142 0.68701171875 0.4348969750109601 0.007393973214285714 0.012275317843051293
185 0.7204241071428571 0.572775098640947 0.018694196428571428 0.00920648838228847
119 0.6985909598214286 0.6057650153441473 0.012974330357142858 0.024331433581762384
119 0.6599469866071429 0.6060938185006576 0.012137276785714286 0.02498903989478299
176 0.6312081473214286 0.5998465585269619 0.013253348214285714 0.011617711530030689
193 0.5920758928571429 0.5997369574747917 0.015625 0.024112231477422183
185 0.5506417410714286 0.6082858395440596 0.005859375 0.029373081981587022
25 0.7015206473214286 0.21635247698377905 0.009347098214285714 0.01446733888645331
181 0.5572684151785714 0.15968873301183692 0.009626116071428572 0.011617711530030689
182 0.15471540178571427 0.1939938623410785 0.008091517857142858 0.01183691363437089
187 0.17243303571428573 0.21481806225339764 0.00390625 0.01183691363437089
185 0.16043526785714285 0.3111573871109163 0.018694196428571428 0.00898728627794827
60 0.17543247767857142 0.324967119684349 0.013532366071428572 0.012056115738711091
119 0.22907366071428573 0.3600394563787812 0.015625 0.01994739149495835
194 0.24344308035714285 0.43478737395879 0.015904017857142856 0.024769837790442787
175 0.5400390625 0.732573432704954 0.007533482142857143 0.01709776413853573
184 0.5343889508928571 0.6361245067952652 0.0185546875 0.00920648838228847
14 0.48653738839285715 0.599956159579132 0.0107421875 0.01183691363437089
177 0.4188755580357143 0.599956159579132 0.012416294642857142 0.01183691363437089
102 0.38643973214285715 0.5998465585269619 0.01171875 0.011617711530030689
177 0.11983816964285714 0.7893467777290663 0.007533482142857143 0.015344147303814117
192 0.11990792410714286 0.7355326611135466 0.016043526785714284 0.025208241999123193
191 0.6798967633928571 0.791209995615958 0.011021205357142858 0.01731696624287593
63 0.6222098214285714 0.8197062691801841 0.011439732142857142 0.011617711530030689
175 0.6799665178571429 0.685883384480491 0.007533482142857143 0.01709776413853573
119 0.67578125 0.5800087680841736 0.015625 0.020604997807978958
178 0.6798270089285714 0.45495396755808853 0.007533482142857143 0.01994739149495835
184 0.6721540178571429 0.7182156948706707 0.005580357142857143 0.029592284085927224
60 0.44789341517857145 0.7096668128014029 0.013811383928571428 0.011617711530030689
63 0.42061941964285715 0.709776413853573 0.009486607142857142 0.01183691363437089
180 0.6985909598214286 0.27016659359929857 0.009347098214285714 0.012056115738711091
188 0.6449497767857143 0.17667689609820253 0.012834821428571428 0.010083296799649276
60 0.6449497767857143 0.45780359491451117 0.007533482142857143 0.016878562034195528
63 0.6449497767857143 0.5065760631302061 0.007533482142857143 0.016659359929855327
178 0.6448800223214286 0.5644454186760193 0.007393973214285714 0.020604997807978958
102 0.55712890625 0.7101052170100833 0.009905133928571428 0.012056115738711091
193 0.34640066964285715 0.709776413853573 0.015625 0.022797018851380975
195 0.24072265625 0.7646865409907935 0.013532366071428572 0.020385795703638757
177 0.5237862723214286 0.7098860149057431 0.011021205357142858 0.012056115738711091
183 0.43833705357142855 0.3061157387110916 0.014787946428571428 0.00898728627794827
195 0.43491908482142855 0.3539017974572556 0.013811383928571428 0.021701008329679965
102 0.41531808035714285 0.3798772468215695 0.012834821428571428 0.01183691363437089
119 0.3179408482142857 0.44125383603682594 0.015066964285714286 0.024550635686102586
184 0.23025948660714285 0.7491231915826392 0.018833705357142856 0.009425690486628672
185 0.21937779017857142 0.6786497150372643 0.0185546875 0.008768084173608066
186 0.27573939732142855 0.5997369574747917 0.009347098214285714 0.013590530469092503
192 0.22488839285714285 0.7932924156071899 0.015345982142857142 0.024550635686102586
192 0.22495814732142858 0.8492985532661114 0.0166015625 0.026085050416484
191 0.39990234375 0.5827487943884261 0.011021205357142858 0.01731696624287593
195 0.39990234375 0.5158921525646646 0.013253348214285714 0.021262604120999562
195 0.34730747767857145 0.43478737395879 0.013811383928571428 0.021701008329679965
183 0.7349330357142857 0.2753178430512933 0.005580357142857143 0.022797018851380975
196 0.48611886160714285 0.21481806225339764 0.015764508928571428 0.02498903989478299
194 0.48911830357142855 0.7647961420429636 0.016183035714285716 0.025427444103463395
185 0.5299246651785714 0.7563568610258659 0.005719866071428571 0.029592284085927224
186 0.5604771205357143 0.7649057430951337 0.009626116071428572 0.013809732573432706
192 0.08489118303571429 0.3528057869355546 0.015764508928571428 0.024769837790442787
186 0.20786830357142858 0.15990793511617712 0.010044642857142858 0.012932924156071899
178 0.49100167410714285 0.4346777729066199 0.013253348214285714 0.01183691363437089
175 0.34912109375 0.21470846120122752 0.010184151785714286 0.012056115738711091
181 0.16936383928571427 0.4344585708022797 0.013392857142857142 0.012275317843051293
185 0.20542689732142858 0.42645769399386235 0.005719866071428571 0.029592284085927224
189 0.24393136160714285 0.3248575186321789 0.017717633928571428 0.01578255151249452
119 0.19384765625 0.5222490135905304 0.015485491071428572 0.018632178868917142
182 0.18994140625 0.629329241560719 0.007672991071428571 0.01183691363437089
102 0.19015066964285715 0.7334502411223148 0.007533482142857143 0.016659359929855327
195 0.294921875 0.2970188513809733 0.013392857142857142 0.021481806225339763
192 0.294921875 0.24035510740903113 0.015904017857142856 0.024769837790442787
195 0.27587890625 0.21481806225339764 0.015764508928571428 0.02498903989478299
184 0.3871372767857143 0.3161990355107409 0.005580357142857143 0.02915387987724682
187 0.15492466517857142 0.7372862779482683 0.007672991071428571 0.006356861025865849
25 0.14348493303571427 0.6011617711530031 0.011021205357142858 0.014686540990793511
190 0.0849609375 0.5039456378781236 0.009207589285714286 0.011398509425690487
191 0.10212053571428571 0.48980710214818063 0.009486607142857142 0.014686540990793511
194 0.36495535714285715 0.7360806663743972 0.015625 0.024550635686102586
194 0.34737723214285715 0.7647961420429636 0.015625 0.024112231477422183
142 0.45284598214285715 0.3795484436650592 0.0078125 0.012494519947391494
32 0.4828404017857143 0.3788908373520386 0.013113839285714286 0.013371328364752301
142 0.5047433035714286 0.3058965366067514 0.008091517857142858 0.011617711530030689
32 0.3125697544642857 0.21372205173169662 0.012974330357142858 0.014905743095133712
195 0.22495814732142858 0.29789565979833404 0.016322544642857144 0.025865848312143797
181 0.20228794642857142 0.37976764576939936 0.012834821428571428 0.011617711530030689
190 0.5399693080357143 0.5275098640946954 0.0068359375 0.013371328364752301
188 0.18994140625 0.4066199035510741 0.015206473214285714 0.010083296799649276
192 0.18994140625 0.2954844366505918 0.016880580357142856 0.0263042525208242
195 0.25997488839285715 0.29493643138974135 0.013811383928571428 0.021701008329679965
194 0.32993861607142855 0.24013590530469092 0.015904017857142856 0.024769837790442787
142 0.15464564732142858 0.5301402893467777 0.007672991071428571 0.012056115738711091
176 0.19015066964285715 0.4587900043840421 0.007533482142857143 0.016659359929855327
182 0.5747767857142857 0.7356422621657168 0.008370535714285714 0.012713722051731697
176 0.39976283482142855 0.2366286716352477 0.007952008928571428 0.021262604120999562
188 0.39990234375 0.29526523454625164 0.013253348214285714 0.01183691363437089
194 0.46993582589285715 0.18643138974134152 0.016043526785714284 0.025208241999123193
189 0.46986607142857145 0.1317404647084612 0.009207589285714286 0.02761946514686541
182 0.423828125 0.1046690048224463 0.007533482142857143 0.012056115738711091
192 0.3999720982142857 0.13349408154318282 0.016183035714285716 0.025427444103463395
142 0.39990234375 0.17525208241999124 0.007672991071428571 0.012494519947391494
180 0.46986607142857145 0.3998246383165278 0.0078125 0.020604997807978958
60 0.4697265625 0.4545155633494082 0.0078125 0.02082419991231916
190 0.46993582589285715 0.5223586146427006 0.009626116071428572 0.01446733888645331