187 0.5850306919642857 0.10488820692678649 0.004045758928571429 0.012056115738711091
187 0.11990792410714286 0.448925909688733 0.007672991071428571 0.006137658921525646
187 0.0849609375 0.11080666374397194 0.007533482142857143 0.006356861025865849
187 0.6761300223214286 0.8198158702323542 0.004045758928571429 0.01183691363437089
187 0.7499302455357143 0.8861245067952652 0.007672991071428571 0.006356861025865849
187 0.43491908482142855 0.7753178430512933 0.007672991071428571 0.006137658921525646
187 0.6285574776785714 0.709776413853573 0.004045758928571429 0.01183691363437089
187 0.39990234375 0.6754712845243315 0.007672991071428571 0.006356861025865849
187 0.6449497767857143 0.1180403331871986 0.007533482142857143 0.006356861025865849
187 0.43491908482142855 0.14872862779482682 0.007672991071428571 0.006356861025865849
187 0.5398995535714286 0.501096010521701 0.007533482142857143 0.006137658921525646
187 0.15492466517857142 0.6736080666374398 0.007672991071428571 0.006137658921525646
187 0.15492466517857142 0.13820692678649715 0.007672991071428571 0.006356861025865849
187 0.11990792410714286 0.11475230162209557 0.007672991071428571 0.006356861025865849
187 0.5924246651785714 0.21481806225339764 0.004045758928571429 0.01183691363437089
193 0.6099330357142857 0.24451994739149496 0.015345982142857142 0.024331433581762384
176 0.5748465401785714 0.19640508548882069 0.007672991071428571 0.016659359929855327
60 0.60986328125 0.2904427882507672 0.007672991071428571 0.019289785181937746
178 0.6671316964285714 0.21492766330556773 0.012276785714285714 0.011617711530030689
187 0.5398995535714286 0.24232792634809294 0.007533482142857143 0.006356861025865849
119 0.5524553571428571 0.2637001315212626 0.012555803571428572 0.02498903989478299
178 0.5399693080357143 0.35302498903989477 0.007393973214285714 0.019508987286277948
175 0.5749162946428571 0.29449802718106094 0.007533482142857143 0.01731696624287593
175 0.19008091517857142 0.12264357737834283 0.007393973214285714 0.017755370451556333
102 0.13783482142857142 0.159798334064007 0.010602678571428572 0.01183691363437089
195 0.18994140625 0.18939061814993424 0.012974330357142858 0.021481806225339763
194 0.18987165178571427 0.24287593160894344 0.016183035714285716 0.025427444103463395
185 0.19817243303571427 0.09622972380534853 0.005719866071428571 0.029373081981587022
194 0.294921875 0.1330556773345024 0.016183035714285716 0.025427444103463395
189 0.294921875 0.18851380973257342 0.006696428571428571 0.02761946514686541
188 0.32993861607142855 0.24057430951337133 0.012834821428571428 0.009425690486628672
179 0.34305245535714285 0.32255589653660677 0.015066964285714286 0.016878562034195528
177 0.38595145089285715 0.3248575186321789 0.0107421875 0.01183691363437089
183 0.21142578125 0.31937746602367384 0.005719866071428571 0.023235423060061378
60 0.23597935267857142 0.32474791758000876 0.012974330357142858 0.011617711530030689
192 0.7149135044642857 0.7941692240245506 0.016043526785714284 0.02498903989478299
191 0.6936383928571429 0.8197062691801841 0.01171875 0.01819377466023674
102 0.7150530133928571 0.6832529592284086 0.007393973214285714 0.017536168347216132
189 0.7149135044642857 0.627137220517317 0.0068359375 0.02761946514686541
194 0.6962890625 0.5997369574747917 0.015625 0.024550635686102586
192 0.6270926339285714 0.5997369574747917 0.016462053571428572 0.025865848312143797
14 0.7149832589285714 0.5710214818062254 0.0078125 0.016659359929855327
32 0.6974051339285714 0.4339105655414292 0.010323660714285714 0.013809732573432706
183 0.58740234375 0.44015782551512495 0.005719866071428571 0.023235423060061378
186 0.39962332589285715 0.2947172292854011 0.008510044642857142 0.014686540990793511
182 0.38692801339285715 0.1600175361683472 0.007114955357142857 0.012713722051731697
176 0.28173828125 0.159798334064007 0.012974330357142858 0.01183691363437089
180 0.21051897321428573 0.7096668128014029 0.010044642857142858 0.012056115738711091
196 0.24330357142857142 0.709776413853573 0.015625 0.024112231477422183
195 0.18994140625 0.6817185444980272 0.014090401785714286 0.021920210434020166
191 0.2764369419642857 0.6548662867163525 0.010184151785714286 0.016001753616834723
183 0.33907645089285715 0.6496054362121877 0.005719866071428571 0.02345462516440158
25 0.38643973214285715 0.6530030688294608 0.013671875 0.015344147303814117
189 0.18994140625 0.627137220517317 0.007672991071428571 0.02761946514686541
183 0.18645368303571427 0.5569925471284525 0.0146484375 0.008768084173608066
188 0.23981584821428573 0.2698377904427883 0.006696428571428571 0.017536168347216132
187 0.20744977678571427 0.2698377904427883 0.00390625 0.01183691363437089
184 0.41092354910714285 0.15113985094256904 0.005719866071428571 0.02915387987724682
190 0.32986886160714285 0.6433581762384919 0.005998883928571429 0.008768084173608066
175 0.32993861607142855 0.5827487943884261 0.007533482142857143 0.01994739149495835
188 0.32993861607142855 0.7303814116615519 0.011160714285714286 0.01183691363437089
183 0.4144810267857143 0.7592064883822884 0.005580357142857143 0.023016220955721176
25 0.32924107142857145 0.46383165278386673 0.009765625 0.019289785181937746
181 0.3296595982142857 0.41341516878562035 0.007533482142857143 0.020604997807978958
177 0.6099330357142857 0.7334502411223148 0.007533482142857143 0.015344147303814117
192 0.6099330357142857 0.6270276194651468 0.015904017857142856 0.025208241999123193
188 0.6099330357142857 0.5757343270495396 0.01171875 0.011179307321350284
188 0.6099330357142857 0.46569487067075843 0.010323660714285714 0.009425690486628672
188 0.36488560267857145 0.6341516878562035 0.011579241071428572 0.011398509425690487
175 0.34912109375 0.7093380096448926 0.012974330357142858 0.01183691363437089
181 0.3804408482142857 0.5998465585269619 0.012834821428571428 0.011617711530030689
179 0.49190848214285715 0.5974353353792197 0.013671875 0.016440157825515125
102 0.38351004464285715 0.21481806225339764 0.012834821428571428 0.012275317843051293
178 0.5159040178571429 0.32474791758000876 0.012276785714285714 0.011617711530030689
193 0.45375279017857145 0.21481806225339764 0.016043526785714284 0.02498903989478299
190 0.5315987723214286 0.21481806225339764 0.009626116071428572 0.012713722051731697
102 0.13344029017857142 0.21492766330556773 0.011021205357142858 0.011617711530030689
177 0.7498604910714286 0.7904427882507672 0.007533482142857143 0.021481806225339763
191 0.7499302455357143 0.6734984655852696 0.010184151785714286 0.016001753616834723
119 0.7457449776785714 0.564116615519509 0.015764508928571428 0.019508987286277948
184 0.7443498883928571 0.45583077597544935 0.0185546875 0.00898728627794827
195 0.6967075892857143 0.3798772468215695 0.015625 0.024550635686102586
182 0.6201171875 0.37976764576939936 0.008091517857142858 0.012056115738711091
195 0.6956612723214286 0.21481806225339764 0.013532366071428572 0.021481806225339763
187 0.7499302455357143 0.24232792634809294 0.007672991071428571 0.006356861025865849
189 0.7314453125 0.15990793511617712 0.017578125 0.015124945199473916
102 0.6305106026785714 0.15990793511617712 0.013253348214285714 0.011617711530030689
186 0.5602678571428571 0.15968873301183692 0.009207589285714286 0.013809732573432706
194 0.5216238839285714 0.159798334064007 0.015625 0.024550635686102586
102 0.5048828125 0.2361902674265673 0.007533482142857143 0.01994739149495835
119 0.6410435267857143 0.35181937746602365 0.015904017857142856 0.02367382726874178
195 0.43491908482142855 0.736957474791758 0.013811383928571428 0.021481806225339763
192 0.43491908482142855 0.6802937308198159 0.015764508928571428 0.024769837790442787
184 0.46107700892857145 0.701117930732135 0.005580357142857143 0.02915387987724682
186 0.39990234375 0.6291100394563788 0.0087890625 0.015344147303814117
178 0.3999720982142857 0.5208241999123192 0.0078125 0.017536168347216132
189 0.39990234375 0.4603244191144235 0.0068359375 0.02761946514686541
196 0.3999720982142857 0.4048662867163525 0.015625 0.024550635686102586
119 0.48611886160714285 0.37362998684787374 0.014927455357142858 0.024769837790442787
32 0.5262974330357143 0.3787812362998685 0.013811383928571428 0.015344147303814117
178 0.64453125 0.18610258658483123 0.007533482142857143 0.02235861464270057
182 0.5606166294642857 0.4348969750109601 0.007952008928571428 0.012713722051731697
14 0.5186244419642857 0.43478737395879 0.012137276785714286 0.011617711530030689
142 0.5049525669642857 0.3589434458570802 0.007952008928571428 0.011179307321350284
32 0.6805245535714286 0.6896098202542744 0.008649553571428572 0.021481806225339763
188 0.6798967633928571 0.6365629110039457 0.013532366071428572 0.01183691363437089
190 0.5749162946428571 0.5303594914511179 0.008091517857142858 0.010740903112669882
196 0.5749860491071429 0.5739807102148181 0.0166015625 0.026085050416484
190 0.6799665178571429 0.4053046909250329 0.008370535714285714 0.011398509425690487
189 0.15492466517857142 0.29614204296361246 0.007114955357142857 0.02761946514686541
60 0.15492466517857142 0.40355107409031127 0.007672991071428571 0.016220955721174924
190 0.15492466517857142 0.4738053485313459 0.009626116071428572 0.013809732573432706
119 0.15883091517857142 0.564226216571679 0.015485491071428572 0.024550635686102586
185 0.5508510044642857 0.3332967996492766 0.005998883928571429 0.029592284085927224
142 0.5050223214285714 0.5777071459886015 0.0078125 0.012056115738711091
192 0.20828683035714285 0.159798334064007 0.015625 0.024112231477422183
178 0.24700055803571427 0.159798334064007 0.011300223214285714 0.01183691363437089
187 0.2774135044642857 0.21481806225339764 0.004045758928571429 0.01183691363437089
184 0.12541852678571427 0.17536168347216133 0.018694196428571428 0.008768084173608066