187 0.12946428571428573 0.6313308484981364 0.008649553571428572 0.00723525542644157
187 0.15694754464285715 0.29993422495066874 0.004464285714285714 0.013593510195132646
187 0.09835379464285714 0.1749616312212234 0.004464285714285714 0.013593510195132646
187 0.30684988839285715 0.29993422495066874 0.004603794642857143 0.013593510195132646
187 0.5669642857142857 0.1934882701162026 0.008649553571428572 0.00723525542644157
187 0.48744419642857145 0.7310896733172549 0.008649553571428572 0.00723525542644157
187 0.08970424107142858 0.27987283490462617 0.008649553571428572 0.00723525542644157
187 0.2885044642857143 0.6482131111598334 0.008649553571428572 0.00723525542644157
187 0.6067243303571429 0.21026090769568076 0.008649553571428572 0.007016005262003947
187 0.6862444196428571 0.7856829642622232 0.008649553571428572 0.00723525542644157
187 0.08970424107142858 0.667616750712563 0.008649553571428572 0.007016005262003947
179 0.28683035714285715 0.20532777899583424 0.011997767857142858 0.024775268581451435
182 0.26157924107142855 0.17485200613900462 0.008649553571428572 0.01381276035957027
180 0.23137555803571427 0.17485200613900462 0.012974330357142858 0.013374260030695024
189 0.34912109375 0.23744792808594606 0.019949776785714284 0.013593510195132646
60 0.3681640625 0.27450120587590443 0.008649553571428572 0.018855514141635606
180 0.3892299107142857 0.36242052181539136 0.011439732142857142 0.013593510195132646
181 0.42208426339285715 0.4246875685156764 0.011021205357142858 0.013593510195132646
192 0.6648995535714286 0.48739311554483666 0.018136160714285716 0.02850252137689103
181 0.6226283482142857 0.4876123657092743 0.012834821428571428 0.01447051085288314
193 0.5866350446428571 0.48750274062705545 0.017857142857142856 0.027844770883578163
179 0.68798828125 0.5781626836220127 0.012137276785714286 0.02367901775926332
189 0.6863141741071429 0.6440473580355185 0.009626116071428572 0.031352773514580136
177 0.22781808035714285 0.5497697873273405 0.011160714285714286 0.013374260030695024
190 0.28857421875 0.5567857925893445 0.007672991071428571 0.01644376233282175
25 0.30482700892857145 0.4232624424468318 0.012276785714285714 0.01644376233282175
191 0.34458705357142855 0.424906818680114 0.011439732142857142 0.017978513483885114
196 0.5670340401785714 0.39322516991887746 0.017717633928571428 0.027844770883578163
187 0.50732421875 0.29993422495066874 0.004603794642857143 0.013593510195132646
196 0.46630859375 0.29993422495066874 0.017717633928571428 0.02762552071914054
14 0.23116629464285715 0.6124753343565008 0.014787946428571428 0.013374260030695024
119 0.26416015625 0.6053497040122781 0.016322544642857144 0.028064021048015787
189 0.24881417410714285 0.8944310458232844 0.010463169642857142 0.031352773514580136
63 0.3871372767857143 0.6124753343565008 0.013392857142857142 0.013374260030695024
196 0.18777901785714285 0.17485200613900462 0.017857142857142856 0.028283271212453408
184 0.15053013392857142 0.18482788862091645 0.006417410714285714 0.0328875246656435
186 0.24867466517857142 0.2707739530804648 0.0087890625 0.01841701381276036
180 0.24874441964285715 0.3299714974786231 0.008370535714285714 0.01841701381276036
102 0.48751395089285715 0.4013374260030695 0.008510044642857142 0.016882262661696998
181 0.4873744419642857 0.33852225389169044 0.008510044642857142 0.020171015128261346
190 0.48744419642857145 0.46766060074545057 0.010044642857142858 0.013593510195132646
63 0.48758370535714285 0.5905503179127385 0.008370535714285714 0.019951764963823723
175 0.46261160714285715 0.6123657092742819 0.013113839285714286 0.013593510195132646
119 0.5625 0.6965577724183293 0.017857142857142856 0.021925016443762334
60 0.5437360491071429 0.6749616312212234 0.014090401785714286 0.013374260030695024
178 0.5671037946428571 0.8283271212453409 0.008649553571428572 0.02236351677263758
187 0.5470842633928571 0.8625301468976102 0.004603794642857143 0.013593510195132646
188 0.49832589285714285 0.8624205218153914 0.0078125 0.027844770883578163
189 0.46700613839285715 0.8625301468976102 0.019949776785714284 0.011401008550756413
177 0.5669642857142857 0.644376233282175 0.008370535714285714 0.021486516114887087
193 0.5873325892857143 0.5498794124095593 0.018415178571428572 0.02894102170576628
180 0.6300920758928571 0.5497697873273405 0.012974330357142858 0.013374260030695024
196 0.6465541294642857 0.3318351238763429 0.017996651785714284 0.028283271212453408
185 0.5950753348214286 0.4347730760798071 0.0068359375 0.03332602499451875
14 0.44775390625 0.400460425345319 0.008510044642857142 0.02039026529269897
192 0.4476841517857143 0.32810787108090333 0.017020089285714284 0.027844770883578163
187 0.46756417410714285 0.48739311554483666 0.004603794642857143 0.013593510195132646
186 0.5094866071428571 0.48717386538039903 0.010602678571428572 0.015347511510633634
192 0.5670340401785714 0.2661696996272747 0.017717633928571428 0.028064021048015787
183 0.5414341517857143 0.24369655777241833 0.006417410714285714 0.026090769568077175
192 0.4476841517857143 0.7087261565446175 0.017578125 0.027844770883578163
192 0.38741629464285715 0.7375575531681648 0.018415178571428572 0.02894102170576628
192 0.40785435267857145 0.4532997149747862 0.017438616071428572 0.027844770883578163
181 0.38609095982142855 0.42501644376233283 0.013532366071428572 0.013374260030695024
175 0.44761439732142855 0.7604691953518965 0.008510044642857142 0.024775268581451435
60 0.6665736607142857 0.424906818680114 0.013113839285714286 0.013593510195132646
192 0.3680943080357143 0.39048454286340717 0.018275669642857144 0.02850252137689103
179 0.36976841517857145 0.5271870203902653 0.011858258928571428 0.027844770883578163
142 0.3681640625 0.5721333040999781 0.008649553571428572 0.013374260030695024
177 0.20884486607142858 0.7700065775049332 0.008649553571428572 0.020609515457136594
196 0.20905412946428573 0.7049989037491778 0.016880580357142856 0.027844770883578163
25 0.20793805803571427 0.6491997368998027 0.0107421875 0.020609515457136594
175 0.20905412946428573 0.26375794781846085 0.008510044642857142 0.017540013155009866
176 0.18952287946428573 0.23722867792150845 0.011021205357142858 0.013593510195132646
183 0.27218191964285715 0.23141854856391142 0.006417410714285714 0.026529269896952423
176 0.32847377232142855 0.8874150405612804 0.0087890625 0.022582766937075203
195 0.3490513392857143 0.8625301468976102 0.015625 0.02455601841701381
179 0.42850167410714285 0.8597895198421399 0.015764508928571428 0.018636263977197982
192 0.32833426339285715 0.8279982459986845 0.018275669642857144 0.028721771541328656
195 0.3081752232142857 0.7375575531681648 0.018415178571428572 0.02894102170576628
185 0.23856026785714285 0.7470949353212015 0.006975446428571429 0.03354527515895637
187 0.3482142857142857 0.7375575531681648 0.004464285714285714 0.013593510195132646
14 0.646484375 0.7131111598333699 0.008649553571428572 0.018636263977197982
190 0.6280691964285714 0.7374479280859461 0.007254464285714286 0.01512826134619601
32 0.09033203125 0.33315062486296865 0.009626116071428572 0.023459767594825695
196 0.08970424107142858 0.5206095154571366 0.017578125 0.027844770883578163
119 0.28397042410714285 0.5094277570708178 0.017717633928571428 0.021267265950449463
185 0.5143694196428571 0.24720456040342031 0.006417410714285714 0.03310677483008112
183 0.5310407366071429 0.38566103924577944 0.016880580357142856 0.010085507564130673
185 0.6925223214285714 0.2641964481473361 0.021205357142857144 0.01052400789300592
194 0.32833426339285715 0.39454067090550315 0.017996651785714284 0.028283271212453408
25 0.30308314732142855 0.5513045384784039 0.015485491071428572 0.01644376233282175
142 0.6589704241071429 0.6123657092742819 0.008231026785714286 0.013593510195132646
14 0.5134626116071429 0.6122560841920631 0.012416294642857142 0.013374260030695024
119 0.08517020089285714 0.5723525542644157 0.017438616071428572 0.02565226923920193
194 0.42661830357142855 0.9250164437623328 0.018136160714285716 0.02850252137689103
25 0.3876255580357143 0.9263319447489585 0.011300223214285714 0.016224512168384126
192 0.44761439732142855 0.8921289190966893 0.017996651785714284 0.028064021048015787
186 0.5074637276785714 0.7992764744573558 0.0107421875 0.016005262003946502
193 0.54833984375 0.7374479280859461 0.017717633928571428 0.027844770883578163
176 0.27329799107142855 0.9250164437623328 0.015904017857142856 0.0131550098662574