187 0.11279296875 0.8625301468976102 0.004603794642857143 0.013593510195132646
187 0.7170758928571429 0.11247533435650077 0.004464285714285714 0.013593510195132646
187 0.10393415178571429 0.29993422495066874 0.004464285714285714 0.013593510195132646
187 0.16922433035714285 0.43652707739530805 0.008649553571428572 0.007016005262003947
187 0.2783203125 0.29993422495066874 0.004464285714285714 0.013593510195132646
187 0.49483816964285715 0.1749616312212234 0.004464285714285714 0.013593510195132646
187 0.32833426339285715 0.24972593729445297 0.008510044642857142 0.007016005262003947
181 0.40806361607142855 0.5711466783600088 0.008649553571428572 0.016663012497259374
194 0.40792410714285715 0.39223854417890813 0.018694196428571428 0.029379522034641527
183 0.4574497767857143 0.2311992983994738 0.006417410714285714 0.026090769568077175
25 0.4325474330357143 0.5485639114229336 0.011300223214285714 0.016224512168384126
192 0.50732421875 0.5499890374917781 0.017996651785714284 0.028283271212453408
14 0.5271344866071429 0.580355185266389 0.008510044642857142 0.017978513483885114
188 0.5838448660714286 0.6123657092742819 0.008649553571428572 0.019294014470510854
188 0.28857421875 0.713659285244464 0.014090401785714286 0.013593510195132646
184 0.23332868303571427 0.6847182635386977 0.006556919642857143 0.03332602499451875
60 0.34298270089285715 0.7997149747862311 0.013532366071428572 0.013374260030695024
188 0.3680943080357143 0.8444420083315063 0.0126953125 0.013374260030695024
119 0.28390066964285715 0.6553387415040561 0.017578125 0.020609515457136594
195 0.28857421875 0.5787108090331068 0.018275669642857144 0.028721771541328656
192 0.2885044642857143 0.45538259153694366 0.018415178571428572 0.02894102170576628
196 0.1884765625 0.424906818680114 0.018136160714285716 0.02850252137689103
192 0.32833426339285715 0.8953080464810349 0.017159598214285716 0.027844770883578163
183 0.32449776785714285 0.8292041219030915 0.016741071428571428 0.010085507564130673
60 0.27036830357142855 0.7994957246217934 0.013950892857142858 0.013374260030695024
192 0.18784877232142858 0.7999342249506687 0.019112723214285716 0.030037272527954396
60 0.3861607142857143 0.9252356939267704 0.01171875 0.013593510195132646
179 0.4595424107142857 0.9222758167068625 0.016462053571428572 0.018636263977197982
190 0.15652901785714285 0.8624205218153914 0.008091517857142858 0.012935759701819776
177 0.23046875 0.8625301468976102 0.012555803571428572 0.0131550098662574
188 0.16929408482142858 0.7621135715851787 0.0126953125 0.012716509537382154
192 0.22935267857142858 0.6123657092742819 0.018415178571428572 0.02894102170576628
177 0.3067103794642857 0.6121464591098443 0.015764508928571428 0.014032010524007894
195 0.4287806919642857 0.11236570927428195 0.017717633928571428 0.027406270554702915
194 0.5480608258928571 0.11236570927428195 0.017717633928571428 0.027844770883578163
195 0.5876116071428571 0.11247533435650077 0.018415178571428572 0.02894102170576628
102 0.6273018973214286 0.11236570927428195 0.014927455357142858 0.01381276035957027
182 0.646484375 0.40342030256522693 0.008928571428571428 0.0131550098662574
196 0.6666434151785714 0.36242052181539136 0.017996651785714284 0.028064021048015787
185 0.7322823660714286 0.40462617846963383 0.021205357142857144 0.010743258057443543
194 0.72607421875 0.519184389388292 0.0185546875 0.029379522034641527
63 0.7060546875 0.5498794124095593 0.016183035714285716 0.014032010524007894
188 0.72607421875 0.6556676167507126 0.011858258928571428 0.00986625739969305
119 0.7066824776785714 0.6197105897829424 0.015206473214285714 0.027844770883578163
179 0.6267438616071429 0.6152159614119711 0.013532366071428572 0.018855514141635606
14 0.7262137276785714 0.7597018197763649 0.0087890625 0.024117518088138567
190 0.7010323660714286 0.8625301468976102 0.010044642857142858 0.015786011839508878
63 0.62646484375 0.8624205218153914 0.011858258928571428 0.013374260030695024
183 0.5934709821428571 0.8689980267485201 0.006696428571428571 0.02565226923920193
119 0.6022600446428571 0.8275597456698093 0.018136160714285716 0.02039026529269897
60 0.46595982142857145 0.6126945845209384 0.012834821428571428 0.013374260030695024
187 0.3681640625 0.20620477965358475 0.008649553571428572 0.00723525542644157
178 0.3853236607142857 0.23744792808594606 0.014787946428571428 0.0131550098662574
189 0.34779575892857145 0.23744792808594606 0.020089285714285716 0.017978513483885114
142 0.26060267857142855 0.2376671782503837 0.008370535714285714 0.014032010524007894
195 0.22809709821428573 0.29993422495066874 0.017857142857142856 0.028064021048015787
63 0.66259765625 0.23733830300372724 0.011579241071428572 0.01381276035957027
181 0.5454799107142857 0.23744792808594606 0.015345982142857142 0.0131550098662574
193 0.38650948660714285 0.11247533435650077 0.018275669642857144 0.02850252137689103
195 0.6862444196428571 0.4559307169480377 0.017299107142857144 0.027844770883578163
187 0.6664341517857143 0.424906818680114 0.004464285714285714 0.013593510195132646
195 0.6258370535714286 0.42501644376233283 0.015345982142857142 0.023898267923700943
175 0.6861746651785714 0.3865380399035299 0.008510044642857142 0.02455601841701381
189 0.12946428571428573 0.7039026529269897 0.008649553571428572 0.031352773514580136
187 0.14934430803571427 0.6123657092742819 0.004603794642857143 0.013593510195132646
187 0.5669642857142857 0.3936636702477527 0.008649553571428572 0.00723525542644157
192 0.5873325892857143 0.36242052181539136 0.018136160714285716 0.02850252137689103
186 0.12946428571428573 0.26792370094277573 0.010044642857142858 0.018855514141635606
60 0.12939453125 0.20423152817364612 0.008510044642857142 0.020828765621574215
192 0.19077845982142858 0.17485200613900462 0.018833705357142856 0.029598772199079148
196 0.23025948660714285 0.1749616312212234 0.018275669642857144 0.02850252137689103
102 0.26255580357142855 0.1749616312212234 0.014229910714285714 0.013593510195132646
191 0.3023158482142857 0.17485200613900462 0.011439732142857142 0.01775926331944749
177 0.14669363839285715 0.3622012716509537 0.013253348214285714 0.0131550098662574
192 0.19063895089285715 0.36242052181539136 0.017996651785714284 0.028064021048015787
63 0.208984375 0.3937732953299715 0.008370535714285714 0.01841701381276036
63 0.30894252232142855 0.4246875685156764 0.015764508928571428 0.013593510195132646
32 0.34507533482142855 0.4239201929401447 0.013253348214285714 0.016005262003946502
179 0.6678292410714286 0.6775926331944749 0.015904017857142856 0.018636263977197982
188 0.4476841517857143 0.6352773514580136 0.012276785714285714 0.012058759044069283
195 0.44761439732142855 0.5790396842797632 0.015485491071428572 0.024117518088138567
184 0.44140625 0.5123876342907258 0.021205357142857144 0.010085507564130673
63 0.42417689732142855 0.424906818680114 0.011300223214285714 0.013593510195132646
32 0.39341517857142855 0.67342688007016 0.015904017857142856 0.016005262003946502
183 0.30106026785714285 0.6812102609076957 0.006417410714285714 0.02587151940363955
191 0.4476841517857143 0.7712124534093401 0.012555803571428572 0.019513264634948475
180 0.44761439732142855 0.8239421179565884 0.0087890625 0.01710151282613462
188 0.4476841517857143 0.9012278009208506 0.012276785714285714 0.012058759044069283
186 0.20905412946428573 0.8262442446831835 0.010184151785714286 0.01775926331944749
178 0.20912388392857142 0.7094935321201491 0.008649553571428572 0.02236351677263758
195 0.16929408482142858 0.2046700285025214 0.015485491071428572 0.02433676825257619
102 0.20884486607142858 0.5878096908572682 0.008649553571428572 0.01841701381276036
196 0.646484375 0.8313966235474677 0.017299107142857144 0.028064021048015787
175 0.6466238839285714 0.7727472045604035 0.008649553571428572 0.018197763648322735
181 0.5274135044642857 0.2638675729006797 0.008510044642857142 0.016882262661696998
192 0.5474330357142857 0.29993422495066874 0.017857142857142856 0.028064021048015787
175 0.5839146205357143 0.2993860995395747 0.011021205357142858 0.013374260030695024
180 0.5269949776785714 0.15402324051743038 0.0087890625 0.017320762990572242
60 0.6861746651785714 0.5859460644595483 0.008510044642857142 0.02039026529269897
181 0.68603515625 0.7021486516114888 0.0087890625 0.019513264634948475
192 0.6656668526785714 0.7374479280859461 0.017717633928571428 0.027406270554702915
25 0.34521484375 0.8642841482131112 0.011579241071428572 0.01710151282613462
192 0.3680943080357143 0.7046700285025214 0.018275669642857144 0.02850252137689103
184 0.3618861607142857 0.6437184827888621 0.021205357142857144 0.010085507564130673
192 0.6669921875 0.48739311554483666 0.018136160714285716 0.02850252137689103
60 0.5269949776785714 0.8340276255207192 0.008510044642857142 0.02455601841701381
190 0.5272042410714286 0.6278228458671344 0.010044642857142858 0.01644376233282175
175 0.5272739955357143 0.33304099978074986 0.008510044642857142 0.02367901775926332
183 0.5310407366071429 0.37754878316158735 0.016880580357142856 0.010085507564130673
102 0.5461774553571429 0.42457794343345756 0.012834821428571428 0.013374260030695024
192 0.5871233258928571 0.424906818680114 0.017996651785714284 0.028064021048015787
189 0.6644810267857143 0.1749616312212234 0.020089285714285716 0.01710151282613462
191 0.5486886160714286 0.17485200613900462 0.013950892857142858 0.02170576627932471
192 0.5669642857142857 0.516882262661697 0.016741071428571428 0.027844770883578163
190 0.5105329241071429 0.424906818680114 0.010463169642857142 0.015786011839508878
177 0.7261439732142857 0.895856171892129 0.008649553571428572 0.02104801578601184
183 0.6591099330357143 0.9311554483665863 0.006277901785714286 0.0263100197325148
142 0.5867745535714286 0.9250164437623328 0.008370535714285714 0.013593510195132646
194 0.32833426339285715 0.20401227800920851 0.017717633928571428 0.027844770883578163
196 0.22788783482142858 0.23733830300372724 0.017996651785714284 0.028283271212453408
179 0.19621930803571427 0.23996930497697874 0.0166015625 0.018636263977197982