187 0.08970424107142858 0.2726375794781846 0.008649553571428572 0.00723525542644157
187 0.7260044642857143 0.3217496163122122 0.008649553571428572 0.00723525542644157
187 0.6759905133928571 0.9250164437623328 0.004603794642857143 0.013593510195132646
187 0.32833426339285715 0.20543740407805305 0.008510044642857142 0.007016005262003947
187 0.11083984375 0.1749616312212234 0.004603794642857143 0.013593510195132646
187 0.3993443080357143 0.6749616312212234 0.004603794642857143 0.013374260030695024
187 0.25830078125 0.1749616312212234 0.004603794642857143 0.013593510195132646
63 0.6464146205357143 0.19666739750054812 0.0087890625 0.02324051743038807
186 0.6234654017857143 0.2997149747862311 0.010602678571428572 0.015786011839508878
177 0.6466936383928571 0.3309581232185924 0.0087890625 0.020828765621574215
184 0.6213030133928571 0.24698531023898268 0.006277901785714286 0.03354527515895637
182 0.5773577008928571 0.23722867792150845 0.008231026785714286 0.013593510195132646
196 0.5453404017857143 0.23744792808594606 0.018415178571428572 0.02894102170576628
14 0.47119140625 0.23733830300372724 0.012137276785714286 0.01381276035957027
193 0.11125837053571429 0.29993422495066874 0.017717633928571428 0.02718702039026529
181 0.14481026785714285 0.2998245998684499 0.015066964285714286 0.013374260030695024
178 0.24881417410714285 0.3231747423810568 0.008510044642857142 0.02499451874588906
181 0.11404854910714286 0.4247971935978952 0.012137276785714286 0.013374260030695024
185 0.16106305803571427 0.4152598114448586 0.006556919642857143 0.03332602499451875
119 0.18366350446428573 0.4178908134181101 0.017438616071428572 0.02762552071914054
178 0.23081752232142858 0.42523569392677046 0.0126953125 0.013374260030695024
195 0.26883370535714285 0.424906818680114 0.015904017857142856 0.02499451874588906
188 0.47147042410714285 0.6749616312212234 0.0068359375 0.019951764963823723
179 0.46798270089285715 0.7399693049769788 0.0166015625 0.0197325147993861
183 0.42410714285714285 0.7438061828546372 0.006417410714285714 0.026090769568077175
25 0.6852678571428571 0.34203025652269237 0.010881696428571428 0.01841701381276036
60 0.6861746651785714 0.21344003508002632 0.0087890625 0.019513264634948475
182 0.6602260044642857 0.17485200613900462 0.008510044642857142 0.01381276035957027
175 0.5138113839285714 0.1747423810567858 0.01171875 0.014032010524007894
190 0.6863141741071429 0.9014470510852883 0.007672991071428571 0.01512826134619601
189 0.6863141741071429 0.8290944968208727 0.011300223214285714 0.031352773514580136
102 0.5456891741071429 0.8000438500328875 0.011858258928571428 0.0131550098662574
181 0.5129743303571429 0.7999342249506687 0.013392857142857142 0.013374260030695024
193 0.4658203125 0.8000438500328875 0.018136160714285716 0.02850252137689103
195 0.6862444196428571 0.4545055908791932 0.018415178571428572 0.02894102170576628
183 0.6822684151785714 0.4117518088138566 0.0166015625 0.010085507564130673
63 0.6326032366071429 0.48706424029818024 0.013811383928571428 0.013374260030695024
181 0.6864536830357143 0.5272966454724841 0.009068080357142858 0.0197325147993861
177 0.7047991071428571 0.36253014689761015 0.012555803571428572 0.013374260030695024
180 0.7098911830357143 0.42457794343345756 0.014369419642857142 0.013374260030695024
182 0.7260044642857143 0.44189870642402984 0.008649553571428572 0.012058759044069283
194 0.4258510044642857 0.7999342249506687 0.017717633928571428 0.027844770883578163
102 0.44747488839285715 0.8816049112036835 0.0087890625 0.017978513483885114
184 0.46323939732142855 0.9149309361982021 0.006556919642857143 0.0328875246656435
188 0.4981166294642857 0.924906818680114 0.007393973214285714 0.022144266608199955
14 0.5514787946428571 0.9253453190089893 0.011439732142857142 0.013374260030695024
177 0.50537109375 0.6125849594387196 0.014927455357142858 0.013593510195132646
182 0.5672433035714286 0.7498355623766718 0.008928571428571428 0.012716509537382154
142 0.6302315848214286 0.7377768033326025 0.007952008928571428 0.013593510195132646
60 0.48709542410714285 0.9006796755097566 0.008510044642857142 0.024117518088138567
14 0.40792410714285715 0.9052839289629467 0.008370535714285714 0.02367901775926332
183 0.40401785714285715 0.8169261126945845 0.016741071428571428 0.010085507564130673
32 0.4668666294642857 0.1737557553168165 0.015764508928571428 0.016882262661696998
185 0.45375279017857145 0.21453628590221444 0.021344866071428572 0.00986625739969305
25 0.5281808035714286 0.26715632536724404 0.010881696428571428 0.023459767594825695
188 0.5788225446428571 0.29993422495066874 0.008649553571428572 0.02367901775926332
196 0.28857421875 0.4577943433457575 0.018833705357142856 0.029818022363516772
178 0.27406529017857145 0.48739311554483666 0.014090401785714286 0.013593510195132646
63 0.31026785714285715 0.30026310019732516 0.012834821428571428 0.01381276035957027
194 0.08970424107142858 0.4587809690857268 0.016741071428571428 0.027844770883578163
14 0.14620535714285715 0.5502082876562158 0.01171875 0.013374260030695024
188 0.08970424107142858 0.6454724841043631 0.015904017857142856 0.012716509537382154
196 0.08970424107142858 0.7081780311335234 0.017857142857142856 0.028064021048015787
185 0.09940011160714286 0.7280201710151283 0.006556919642857143 0.033983775487831616
186 0.14899553571428573 0.7371190528392896 0.011439732142857142 0.016224512168384126
60 0.22419084821428573 0.7373383030037273 0.01171875 0.0131550098662574
63 0.34305245535714285 0.36253014689761015 0.011160714285714286 0.013374260030695024
185 0.4170619419642857 0.3525542644156983 0.006556919642857143 0.03332602499451875
193 0.5852399553571429 0.36242052181539136 0.018694196428571428 0.029379522034641527
32 0.5423409598214286 0.3609953957465468 0.0146484375 0.016882262661696998
179 0.47398158482142855 0.3025652269239202 0.015764508928571428 0.018855514141635606
191 0.48744419642857145 0.3915807936855953 0.010881696428571428 0.01710151282613462
192 0.5487583705357143 0.48750274062705545 0.017717633928571428 0.027844770883578163
142 0.2885044642857143 0.8866476649857488 0.008649553571428572 0.0131550098662574
14 0.34109933035714285 0.7375575531681648 0.015066964285714286 0.013593510195132646
180 0.3140345982142857 0.9247971935978953 0.015345982142857142 0.013593510195132646
119 0.34835379464285715 0.9175619381714536 0.014229910714285714 0.028064021048015787
189 0.12946428571428573 0.45461521596141197 0.007254464285714286 0.031352773514580136
119 0.125 0.330629247971936 0.017857142857142856 0.028064021048015787
192 0.12946428571428573 0.2657311992983995 0.018415178571428572 0.02894102170576628
183 0.16524832589285715 0.5938390703793028 0.0166015625 0.00986625739969305
195 0.16922433035714285 0.4540670905503179 0.019252232142857144 0.03025652269239202
184 0.17550223214285715 0.7145362859022144 0.021205357142857144 0.010085507564130673
188 0.16922433035714285 0.8194474895856172 0.011439732142857142 0.011620258715194036
63 0.22963169642857142 0.8622012716509537 0.012276785714285714 0.01381276035957027
193 0.26981026785714285 0.8625301468976102 0.018415178571428572 0.02894102170576628
183 0.45765904017857145 0.6186143389607542 0.006277901785714286 0.026090769568077175
193 0.5272042410714286 0.6454724841043631 0.018136160714285716 0.02850252137689103
195 0.5272042410714286 0.7067529050646788 0.015345982142857142 0.02433676825257619
184 0.5731724330357143 0.8801797851348389 0.021344866071428572 0.010304757728568297
191 0.48744419642857145 0.8287656215742162 0.010881696428571428 0.01710151282613462
175 0.2676478794642857 0.3622012716509537 0.013253348214285714 0.0131550098662574
60 0.431640625 0.6749616312212234 0.014229910714285714 0.013374260030695024
142 0.4476841517857143 0.7831615873711906 0.008649553571428572 0.0131550098662574
192 0.24881417410714285 0.580903310677483 0.017996651785714284 0.028283271212453408
182 0.19280133928571427 0.5497697873273405 0.008928571428571428 0.013374260030695024
32 0.24930245535714285 0.7634290725718045 0.010044642857142858 0.022802017101512827
195 0.26869419642857145 0.7999342249506687 0.016462053571428572 0.02565226923920193
194 0.3096400669642857 0.7999342249506687 0.018833705357142856 0.029598772199079148
193 0.5272042410714286 0.2085069063801798 0.017857142857142856 0.028064021048015787
191 0.22098214285714285 0.36242052181539136 0.012555803571428572 0.0197325147993861
189 0.20905412946428573 0.39454067090550315 0.007672991071428571 0.031352773514580136
32 0.20982142857142858 0.3327121245340934 0.009765625 0.022144266608199955
191 0.20905412946428573 0.20236790177592634 0.011300223214285714 0.017978513483885114
119 0.5227399553571429 0.8352335014251261 0.017299107142857144 0.022144266608199955
32 0.5435965401785714 0.5485639114229336 0.013253348214285714 0.015786011839508878
193 0.5669642857142857 0.5173207629905723 0.016741071428571428 0.027844770883578163
182 0.5670340401785714 0.4613023459767595 0.0087890625 0.012716509537382154
142 0.5669642857142857 0.3793027844770884 0.008928571428571428 0.013593510195132646