187 0.13385881696428573 0.5448268303375713 0.004045758928571429 0.012056115738711091
187 0.31968470982142855 0.9297457255589654 0.004045758928571429 0.012056115738711091
187 0.7011021205357143 0.48980710214818063 0.004045758928571429 0.012056115738711091
187 0.25990513392857145 0.2810170977641385 0.007533482142857143 0.006137658921525646
187 0.43491908482142855 0.18281455501972818 0.007672991071428571 0.006137658921525646
187 0.20975167410714285 0.37976764576939936 0.004045758928571429 0.012056115738711091
187 0.7499302455357143 0.5095352915387987 0.007672991071428571 0.006356861025865849
187 0.7499302455357143 0.864094695309075 0.007672991071428571 0.006137658921525646
187 0.7149135044642857 0.8425032880315652 0.007672991071428571 0.006356861025865849
185 0.1494140625 0.5602805786935554 0.018694196428571428 0.008768084173608066
177 0.17096819196428573 0.5997369574747917 0.010463169642857142 0.01183691363437089
190 0.21372767857142858 0.5997369574747917 0.009486607142857142 0.0131521262604121
178 0.11997767857142858 0.6863217886891714 0.0078125 0.017536168347216132
179 0.12151227678571429 0.7448487505480053 0.010602678571428572 0.020166593599298552
187 0.13741629464285715 0.8198158702323542 0.00390625 0.01183691363437089
177 0.39990234375 0.8993862341078475 0.007672991071428571 0.021481806225339763
195 0.39990234375 0.7919772029811486 0.014927455357142858 0.024550635686102586
63 0.3998325892857143 0.6200131521262604 0.007533482142857143 0.02082419991231916
178 0.5230887276785714 0.5995177553704516 0.011021205357142858 0.01183691363437089
32 0.38455636160714285 0.708680403331872 0.012137276785714286 0.014028934677772907
186 0.31312779017857145 0.7095572117492328 0.009905133928571428 0.01446733888645331
195 0.24107142857142858 0.709776413853573 0.014787946428571428 0.023235423060061378
184 0.16943359375 0.718434896975011 0.005719866071428571 0.02915387987724682
189 0.6099330357142857 0.24331433581762385 0.008091517857142858 0.02761946514686541
192 0.6099330357142857 0.29745725558965364 0.015904017857142856 0.02498903989478299
179 0.5607561383928571 0.21722928540113984 0.015206473214285714 0.016659359929855327
195 0.6099330357142857 0.3539017974572556 0.013113839285714286 0.021262604120999562
188 0.6099330357142857 0.4198816308636563 0.011160714285714286 0.009425690486628672
192 0.66259765625 0.48980710214818063 0.015764508928571428 0.024769837790442787
187 0.20744977678571427 0.3248575186321789 0.00390625 0.01183691363437089
184 0.16043526785714285 0.39774221832529594 0.018694196428571428 0.00898728627794827
194 0.27811104910714285 0.37976764576939936 0.015764508928571428 0.024769837790442787
192 0.31319754464285715 0.3798772468215695 0.016183035714285716 0.025427444103463395
119 0.3340541294642857 0.41144234984655853 0.015764508928571428 0.020604997807978958
195 0.18994140625 0.7356422621657168 0.014090401785714286 0.021920210434020166
192 0.18994140625 0.6820473476545375 0.015764508928571428 0.024769837790442787
191 0.16587611607142858 0.6547566856641823 0.010044642857142858 0.01578255151249452
60 0.19008091517857142 0.6354669004822446 0.007672991071428571 0.01709776413853573
177 0.18987165178571427 0.5765015344147304 0.007533482142857143 0.02104340201665936
195 0.32993861607142855 0.8996054362121877 0.015904017857142856 0.02498903989478299
180 0.3300083705357143 0.8457913195966681 0.007393973214285714 0.01994739149495835
60 0.3770228794642857 0.819596668128014 0.009905133928571428 0.01183691363437089
186 0.3130580357142857 0.8198158702323542 0.009486607142857142 0.014028934677772907
195 0.294921875 0.7900043840420868 0.015345982142857142 0.024550635686102586
196 0.294921875 0.7358614642700569 0.015904017857142856 0.02498903989478299
183 0.2914341517857143 0.6343708899605436 0.014508928571428572 0.008768084173608066
188 0.294921875 0.5781455501972819 0.013950892857142858 0.012056115738711091
196 0.17222377232142858 0.8198158702323542 0.015485491071428572 0.024112231477422183
190 0.24232700892857142 0.7647961420429636 0.006696428571428571 0.0131521262604121
119 0.2719029017857143 0.758658483121438 0.012834821428571428 0.024112231477422183
185 0.6154436383928571 0.61957474791758 0.0185546875 0.00898728627794827
119 0.6139090401785714 0.6755808855765015 0.015764508928571428 0.018851380973257344
194 0.41671316964285715 0.21481806225339764 0.016183035714285716 0.025427444103463395
102 0.40004185267857145 0.24550635686102587 0.007672991071428571 0.020604997807978958
192 0.39990234375 0.29866286716352475 0.015764508928571428 0.024769837790442787
190 0.4541713169642857 0.21481806225339764 0.005998883928571429 0.0131521262604121
177 0.5399693080357143 0.24024550635686104 0.007393973214285714 0.015344147303814117
183 0.5549665178571429 0.2645769399386234 0.005859375 0.023235423060061378
184 0.5869838169642857 0.2611793073213503 0.005998883928571429 0.02915387987724682
14 0.39976283482142855 0.34732573432704955 0.007672991071428571 0.016001753616834723
179 0.42354910714285715 0.327159140727751 0.012834821428571428 0.016440157825515125
102 0.5238560267857143 0.3796580447172293 0.012834821428571428 0.01183691363437089
142 0.5652204241071429 0.32463831652783864 0.007114955357142857 0.012275317843051293
178 0.5906110491071429 0.32507672073651905 0.012974330357142858 0.01183691363437089
192 0.36495535714285715 0.6806225339763262 0.015345982142857142 0.024550635686102586
192 0.38406808035714285 0.6547566856641823 0.015625 0.024112231477422183
186 0.3472377232142857 0.600065760631302 0.010323660714285714 0.014248136782113108
192 0.27615792410714285 0.5998465585269619 0.016043526785714284 0.025208241999123193
194 0.27650669642857145 0.43478737395879 0.015625 0.02257781674704077
195 0.20612444196428573 0.4348969750109601 0.016322544642857144 0.025427444103463395
63 0.13727678571428573 0.5995177553704516 0.010044642857142858 0.012275317843051293
182 0.15492466517857142 0.6950898728627795 0.007672991071428571 0.010960105217010083
177 0.22502790178571427 0.46120122753178433 0.007533482142857143 0.021481806225339763
119 0.6759905133928571 0.7394782989916703 0.015206473214285714 0.022139412538360367
60 0.6614815848214286 0.7096668128014029 0.013253348214285714 0.012056115738711091
177 0.6798270089285714 0.682704953967558 0.007533482142857143 0.019070583077597545
183 0.6764090401785714 0.6209995615957913 0.0146484375 0.009644892590968873
188 0.09912109375 0.5998465585269619 0.007672991071428571 0.015124945199473916
175 0.08489118303571429 0.7389302937308199 0.007672991071428571 0.01972818939061815
185 0.5313895089285714 0.2613985094256905 0.005580357142857143 0.029592284085927224
60 0.3524693080357143 0.4346777729066199 0.010184151785714286 0.01183691363437089
182 0.6607142857142857 0.5444980271810609 0.007533482142857143 0.012713722051731697
179 0.7273297991071429 0.7667689609820254 0.014927455357142858 0.01709776413853573
191 0.6644810267857143 0.7647961420429636 0.010602678571428572 0.016659359929855327
183 0.75341796875 0.7764138535729943 0.0146484375 0.008768084173608066
142 0.22481863839285715 0.23465585269618588 0.007672991071428571 0.012056115738711091
32 0.23695591517857142 0.21372205173169662 0.014369419642857142 0.015344147303814117
192 0.27859933035714285 0.21481806225339764 0.016741071428571428 0.0263042525208242
32 0.34995814732142855 0.2135028496273564 0.012416294642857142 0.01446733888645331
32 0.3798130580357143 0.21339324857518632 0.013532366071428572 0.014686540990793511
192 0.5399693080357143 0.6252740026304252 0.015764508928571428 0.024769837790442787
192 0.5398995535714286 0.5708022797018851 0.015625 0.024550635686102586
194 0.5576869419642857 0.5448268303375713 0.016043526785714284 0.025208241999123193
186 0.5944475446428571 0.5448268303375713 0.010044642857142858 0.013371328364752301
60 0.5401088169642857 0.7884699693117054 0.007672991071428571 0.01841297676457694
63 0.71484375 0.7906619903551074 0.007533482142857143 0.01797457255589654
194 0.6605747767857143 0.8198158702323542 0.015625 0.024550635686102586
119 0.6278599330357143 0.8259535291538799 0.015206473214285714 0.024550635686102586
196 0.5559430803571429 0.8198158702323542 0.015625 0.02367382726874178
180 0.25990513392857145 0.7404647084612013 0.007533482142857143 0.01446733888645331
193 0.25990513392857145 0.6262604120999562 0.016183035714285716 0.025427444103463395
142 0.24839564732142858 0.48980710214818063 0.007393973214285714 0.012056115738711091
176 0.55419921875 0.6548662867163525 0.011858258928571428 0.011617711530030689
194 0.4349888392857143 0.7393686979395002 0.014787946428571428 0.024550635686102586
63 0.42166573660714285 0.7646865409907935 0.009626116071428572 0.011617711530030689
183 0.35756138392857145 0.7702761946514687 0.006138392857142857 0.022797018851380975
182 0.43491908482142855 0.6958570802279702 0.007672991071428571 0.011617711530030689
177 0.4351283482142857 0.6281236299868479 0.007533482142857143 0.01731696624287593
184 0.28955078125 0.41155195089872865 0.018833705357142856 0.009425690486628672
175 0.24288504464285715 0.37976764576939936 0.009207589285714286 0.011617711530030689
181 0.28390066964285715 0.4895879000438404 0.011439732142857142 0.012056115738711091
185 0.6744559151785714 0.5328803156510302 0.0185546875 0.008768084173608066
187 0.6099330357142857 0.7372862779482683 0.007533482142857143 0.006356861025865849
195 0.6798967633928571 0.4607628233231039 0.015206473214285714 0.024550635686102586
191 0.6799665178571429 0.35116177115300307 0.010602678571428572 0.016659359929855327
193 0.6799665178571429 0.2954844366505918 0.016462053571428572 0.025865848312143797
192 0.15492466517857142 0.46317404647084615 0.016880580357142856 0.026742656729504603
102 0.17445591517857142 0.4896975010960105 0.012974330357142858 0.01183691363437089