187 0.09891183035714286 0.0920648838228847 0.0030691964285714285 0.00920648838228847
187 0.26534598214285715 0.09633932485751863 0.005859375 0.005041648399824638
187 0.17257254464285715 0.9381850065760632 0.0030691964285714285 0.00920648838228847
187 0.28208705357142855 0.472818939061815 0.0030691964285714285 0.00920648838228847
187 0.11774553571428571 0.7689609820254274 0.0030691964285714285 0.00920648838228847
187 0.6422991071428571 0.4855326611135467 0.005859375 0.004822446295484437
187 0.29227120535714285 0.9256904866286716 0.005859375 0.004822446295484437
187 0.26534598214285715 0.5330995177553705 0.005859375 0.004822446295484437
179 0.4818638392857143 0.4868478737395879 0.008091517857142858 0.014905743095133712
191 0.44510323660714285 0.5575405523893029 0.009068080357142858 0.014248136782113108
192 0.41336495535714285 0.5574309513371328 0.011997767857142858 0.018851380973257344
183 0.47802734375 0.4633932485751863 0.011300223214285714 0.00657606313020605
192 0.48074776785714285 0.4077159140727751 0.011997767857142858 0.018851380973257344
25 0.4800502232142857 0.3200350723366944 0.006975446428571429 0.014905743095133712
63 0.49769810267857145 0.3034853134590092 0.008510044642857142 0.00898728627794827
186 0.57666015625 0.30370451556334943 0.007393973214285714 0.010740903112669882
32 0.42724609375 0.6205611573871109 0.006556919642857143 0.0131521262604121
25 0.10456194196428571 0.11234107847435336 0.007393973214285714 0.015563349408154318
191 0.12095424107142858 0.1343708899605436 0.007254464285714286 0.011398509425690487
183 0.1064453125 0.15201665935992986 0.011160714285714286 0.007233669443226655
189 0.10379464285714286 0.1995835160017536 0.006696428571428571 0.021262604120999562
60 0.11390904017857142 0.2613985094256905 0.0107421875 0.00898728627794827
63 0.19845145089285715 0.2611793073213503 0.009905133928571428 0.00898728627794827
176 0.22746930803571427 0.2615081104778606 0.0087890625 0.00920648838228847
192 0.2788783482142857 0.26128890837352037 0.012276785714285714 0.019289785181937746
183 0.1064453125 0.2862779482683034 0.011160714285714286 0.0070144673388864535
181 0.10365513392857142 0.3699035510740903 0.005859375 0.016001753616834723
179 0.10491071428571429 0.40124945199473916 0.008091517857142858 0.016440157825515125
175 0.29220145089285715 0.20122753178430514 0.005719866071428571 0.015344147303814117
194 0.29220145089285715 0.24101271372205174 0.012137276785714286 0.019070583077597545
190 0.32254464285714285 0.30370451556334943 0.004743303571428571 0.006795265234546251
188 0.3535853794642857 0.3035949145111793 0.0048828125 0.014028934677772907
192 0.23835100446428573 0.11234107847435336 0.012416294642857142 0.019508987286277948
175 0.20026506696428573 0.09217448487505481 0.009905133928571428 0.00898728627794827
193 0.169921875 0.0920648838228847 0.011997767857142858 0.018851380973257344
194 0.14404296875 0.09217448487505481 0.012137276785714286 0.019070583077597545
175 0.6153738839285714 0.5862560280578694 0.005859375 0.012494519947391494
175 0.6256277901785714 0.5573213502849628 0.008231026785714286 0.00898728627794827
194 0.6153041294642857 0.7059403770276195 0.012137276785714286 0.019070583077597545
60 0.6153738839285714 0.7526304252520825 0.005859375 0.014248136782113108
192 0.615234375 0.8342832091188075 0.01171875 0.018851380973257344
194 0.6153041294642857 0.8754932047347654 0.011579241071428572 0.018851380973257344
181 0.6151646205357143 0.9122095572117492 0.005719866071428571 0.012932924156071899
181 0.62841796875 0.8959886014905744 0.009068080357142858 0.00898728627794827
191 0.6563895089285714 0.8957693993862341 0.008649553571428572 0.013809732573432706
176 0.6781529017857143 0.8959886014905744 0.008370535714285714 0.00898728627794827
187 0.3056640625 0.21898290223586148 0.0030691964285714285 0.00920648838228847
179 0.2841099330357143 0.22084612012275318 0.011021205357142858 0.012494519947391494
176 0.19461495535714285 0.1343708899605436 0.008370535714285714 0.00920648838228847
32 0.7503487723214286 0.9136343708899606 0.006556919642857143 0.014905743095133712
191 0.7499302455357143 0.8688075405523893 0.008510044642857142 0.013371328364752301
195 0.7499302455357143 0.7036387549320473 0.0107421875 0.016659359929855327
188 0.7499302455357143 0.6138754932047348 0.009626116071428572 0.0076720736519070585
14 0.7403738839285714 0.5573213502849628 0.0078125 0.00898728627794827
194 0.7082868303571429 0.5574309513371328 0.012834821428571428 0.020166593599298552
14 0.6858258928571429 0.5576501534414731 0.009486607142857142 0.009644892590968873
181 0.6554129464285714 0.5574309513371328 0.010323660714285714 0.008768084173608066
180 0.35804966517857145 0.21920210434020165 0.007672991071428571 0.00920648838228847
183 0.3389369419642857 0.2232573432704954 0.004324776785714286 0.017755370451556333
180 0.26534598214285715 0.2778386672512056 0.005859375 0.015563349408154318
193 0.6422991071428571 0.5341955282770715 0.011997767857142858 0.018851380973257344
179 0.5212053571428571 0.4323761508110478 0.011997767857142858 0.012932924156071899
192 0.4940708705357143 0.43051293292415604 0.012416294642857142 0.019289785181937746
179 0.6434151785714286 0.6589215256466462 0.008091517857142858 0.016659359929855327
60 0.6422991071428571 0.7075843928101709 0.005859375 0.01578255151249452
181 0.6421595982142857 0.7821131082858396 0.005859375 0.015344147303814117
193 0.6422293526785714 0.8330775975449364 0.012416294642857142 0.019508987286277948
190 0.6256975446428571 0.8534633932485752 0.004743303571428571 0.007233669443226655
182 0.3729771205357143 0.7530688294607628 0.005998883928571429 0.009425690486628672
177 0.36049107142857145 0.7687417799210873 0.009765625 0.00920648838228847
180 0.30643136160714285 0.7688513809732573 0.010184151785714286 0.009864094695309075
119 0.3759068080357143 0.7897851819377466 0.012137276785714286 0.018851380973257344
175 0.373046875 0.8676019289785182 0.005859375 0.01578255151249452
180 0.37283761160714285 0.6578255151249452 0.005998883928571429 0.01446733888645331
188 0.3729771205357143 0.6119026742656729 0.008231026785714286 0.0076720736519070585
195 0.42689732142857145 0.49210872424375274 0.010881696428571428 0.01709776413853573
14 0.46275111607142855 0.43062253397632616 0.009486607142857142 0.00898728627794827
193 0.14467075892857142 0.9381850065760632 0.012276785714285714 0.019289785181937746
188 0.10372488839285714 0.7993204734765453 0.010463169642857142 0.006795265234546251
14 0.10358537946428571 0.752192021043402 0.005998883928571429 0.015124945199473916
186 0.10386439732142858 0.6599079351161771 0.006556919642857143 0.011617711530030689
183 0.10114397321428571 0.5775975449364313 0.011439732142857142 0.0070144673388864535
178 0.11823381696428571 0.8955501972818939 0.009347098214285714 0.009425690486628672
176 0.14787946428571427 0.8957693993862341 0.009207589285714286 0.00898728627794827
32 0.17494419642857142 0.8947829899167032 0.010881696428571428 0.010960105217010083
179 0.20005580357142858 0.8942349846558527 0.009765625 0.013371328364752301
189 0.22579520089285715 0.8958790004384042 0.013532366071428572 0.00920648838228847
191 0.24972098214285715 0.8958790004384042 0.007254464285714286 0.011398509425690487
142 0.38448660714285715 0.9381850065760632 0.005580357142857143 0.010083296799649276
63 0.39990234375 0.9255808855765015 0.005719866071428571 0.013809732573432706
181 0.38650948660714285 0.8957693993862341 0.009347098214285714 0.00898728627794827
192 0.39990234375 0.8743971942130645 0.011858258928571428 0.018851380973257344
142 0.4102260044642857 0.8534633932485752 0.005719866071428571 0.009425690486628672
195 0.5212053571428571 0.8535729943007453 0.011997767857142858 0.018851380973257344
185 0.39571707589285715 0.8312143796580447 0.014369419642857142 0.0070144673388864535
60 0.43959263392857145 0.5997369574747917 0.009207589285714286 0.00920648838228847
184 0.16176060267857142 0.8353792196405085 0.014369419642857142 0.0070144673388864535
195 0.15764508928571427 0.9175800087680842 0.01171875 0.018851380973257344
119 0.22467912946428573 0.7639193336256028 0.011858258928571428 0.018851380973257344
195 0.25244140625 0.7689609820254274 0.010463169642857142 0.015344147303814117
181 0.15750558035714285 0.66297676457694 0.005859375 0.012932924156071899
179 0.17403738839285715 0.6403989478298991 0.011858258928571428 0.012932924156071899
177 0.19677734375 0.6420429636124507 0.009626116071428572 0.008768084173608066
25 0.2782505580357143 0.6410565541429197 0.009905133928571428 0.011617711530030689
188 0.33851841517857145 0.6420429636124507 0.004324776785714286 0.015344147303814117
193 0.36000279017857145 0.6420429636124507 0.012137276785714286 0.019289785181937746
196 0.5884486607142857 0.8733011836913634 0.011997767857142858 0.018851380973257344
119 0.5794503348214286 0.9007014467338886 0.010463169642857142 0.01841297676457694
184 0.5543387276785714 0.9025646646207803 0.004324776785714286 0.02257781674704077
189 0.49379185267857145 0.8958790004384042 0.013532366071428572 0.01052170100832968
178 0.41322544642857145 0.8956597983340641 0.008091517857142858 0.00920648838228847
176 0.5884486607142857 0.7978956597983341 0.005859375 0.013590530469092503
142 0.58837890625 0.716242875931609 0.006277901785714286 0.009425690486628672
178 0.5883091517857143 0.6625383603682595 0.005859375 0.013371328364752301
180 0.5885881696428571 0.6250548005260851 0.005859375 0.013371328364752301
119 0.5500139508928571 0.6046690048224463 0.009905133928571428 0.018632178868917142
192 0.31912667410714285 0.8336256028057869 0.012137276785714286 0.019289785181937746
181 0.36146763392857145 0.8958790004384042 0.008370535714285714 0.008768084173608066
192 0.39990234375 0.49364313897413414 0.012416294642857142 0.01972818939061815
188 0.3589564732142857 0.472818939061815 0.005859375 0.01841297676457694
189 0.3319614955357143 0.472818939061815 0.013532366071428572 0.008329679964927663
195 0.3051060267857143 0.472818939061815 0.012555803571428572 0.01972818939061815
186 0.38741629464285715 0.2613985094256905 0.007533482142857143 0.009864094695309075
119 0.40297154017857145 0.3166374397194213 0.011858258928571428 0.014686540990793511
195 0.4136439732142857 0.43051293292415604 0.011997767857142858 0.018851380973257344
179 0.11690848214285714 0.8518193774660237 0.011439732142857142 0.012713722051731697
188 0.13929966517857142 0.8535729943007453 0.004324776785714286 0.01578255151249452
182 0.1748046875 0.8534633932485752 0.005580357142857143 0.009425690486628672
191 0.275390625 0.8958790004384042 0.006696428571428571 0.01052170100832968
195 0.3858119419642857 0.17678649715037265 0.012137276785714286 0.019070583077597545
180 0.42689732142857145 0.19947391494958353 0.005859375 0.01183691363437089
196 0.4409877232142857 0.2613985094256905 0.011997767857142858 0.018632178868917142
195 0.46812220982142855 0.26128890837352037 0.010463169642857142 0.016220955721174924
25 0.5220424107142857 0.26008329679964926 0.010323660714285714 0.011617711530030689
184 0.43101283482142855 0.2904427882507672 0.014369419642857142 0.00657606313020605
195 0.42689732142857145 0.41111354669004824 0.010323660714285714 0.016440157825515125
195 0.6284877232142857 0.5997369574747917 0.010602678571428572 0.016659359929855327
177 0.18450055803571427 0.876041209995616 0.005719866071428571 0.013809732573432706
176 0.18443080357142858 0.828255151249452 0.005859375 0.016440157825515125
193 0.5345982142857143 0.9177992108724243 0.012276785714285714 0.019289785181937746
192 0.5490373883928571 0.9381850065760632 0.012416294642857142 0.01972818939061815
14 0.6018415178571429 0.8957693993862341 0.008091517857142858 0.009425690486628672
180 0.6153738839285714 0.3711091626479614 0.005859375 0.01446733888645331
176 0.5075334821428571 0.2786058746163963 0.006138392857142857 0.0131521262604121
188 0.4716099330357143 0.21898290223586148 0.004324776785714286 0.01841297676457694
175 0.15771484375 0.11497150372643578 0.005998883928571429 0.012932924156071899
194 0.15757533482142858 0.24057430951337133 0.012137276785714286 0.019070583077597545
14 0.19308035714285715 0.3035949145111793 0.009765625 0.00920648838228847
179 0.25418526785714285 0.3018412976764577 0.010323660714285714 0.012713722051731697
189 0.30629185267857145 0.8958790004384042 0.013532366071428572 0.009644892590968873
177 0.29220145089285715 0.7903331871985971 0.005719866071428571 0.012056115738711091
186 0.4541713169642857 0.6626479614204296 0.006556919642857143 0.011398509425690487
191 0.45382254464285715 0.7102148180622534 0.007533482142857143 0.01183691363437089
188 0.3881138392857143 0.7689609820254274 0.005301339285714286 0.012275317843051293
182 0.45382254464285715 0.7976764576939939 0.005859375 0.00920648838228847
187 0.5749162946428571 0.26128890837352037 0.0030691964285714285 0.00920648838228847
175 0.6056780133928571 0.2613985094256905 0.0087890625 0.00898728627794827
180 0.6256975446428571 0.2613985094256905 0.010881696428571428 0.00898728627794827
142 0.2978515625 0.5574309513371328 0.005580357142857143 0.00920648838228847
184 0.26939174107142855 0.6309732573432705 0.014508928571428572 0.006795265234546251
192 0.26534598214285715 0.6637439719421306 0.012276785714285714 0.019289785181937746
192 0.26527622767857145 0.7058307759754494 0.012416294642857142 0.01972818939061815
192 0.26534598214285715 0.7490135905304691 0.01171875 0.018851380973257344
14 0.30140904017857145 0.5997369574747917 0.010463169642857142 0.00920648838228847
63 0.6602957589285714 0.3035949145111793 0.007533482142857143 0.00920648838228847
196 0.6691545758928571 0.3681499342393687 0.012416294642857142 0.019508987286277948
175 0.6691545758928571 0.40431828145550197 0.005719866071428571 0.012932924156071899
195 0.6691545758928571 0.45232354230600613 0.012137276785714286 0.019070583077597545
196 0.6691545758928571 0.5381411661551951 0.012416294642857142 0.019289785181937746