187 0.10142299107142858 0.23744792808594606 0.004464285714285714 0.013593510195132646
187 0.11104910714285714 0.9250164437623328 0.004464285714285714 0.013593510195132646
187 0.27427455357142855 0.29993422495066874 0.004464285714285714 0.013593510195132646
187 0.10149274553571429 0.8625301468976102 0.004603794642857143 0.013593510195132646
187 0.08970424107142858 0.6445954834466125 0.008649553571428572 0.007016005262003947
187 0.6943359375 0.424906818680114 0.004464285714285714 0.013593510195132646
187 0.6862444196428571 0.7749397062047797 0.008649553571428572 0.00723525542644157
187 0.5272042410714286 0.6513922385441789 0.008649553571428572 0.007016005262003947
187 0.5669642857142857 0.786340714755536 0.008649553571428572 0.00723525542644157
60 0.28843470982142855 0.19765402324051742 0.0087890625 0.018197763648322735
192 0.18763950892857142 0.23744792808594606 0.018694196428571428 0.029379522034641527
179 0.7097516741071429 0.49024336768252574 0.015485491071428572 0.018855514141635606
32 0.6742466517857143 0.54889278666959 0.011997767857142858 0.01512826134619601
63 0.646484375 0.6467879850909888 0.008370535714285714 0.022802017101512827
196 0.7080078125 0.6748520061390046 0.018136160714285716 0.02850252137689103
142 0.6465541294642857 0.7097127822845867 0.0087890625 0.013593510195132646
14 0.12960379464285715 0.7085069063801798 0.008928571428571428 0.01775926331944749
184 0.12325613839285714 0.6304538478403858 0.021065848214285716 0.010304757728568297
32 0.14334542410714285 0.6109405832054374 0.015764508928571428 0.01644376233282175
187 0.14934430803571427 0.5498794124095593 0.004603794642857143 0.013593510195132646
193 0.19022042410714285 0.5499890374917781 0.017717633928571428 0.027844770883578163
176 0.5075334821428571 0.6124753343565008 0.015066964285714286 0.01381276035957027
25 0.48863002232142855 0.6458013593510196 0.010463169642857142 0.022582766937075203
142 0.4873744419642857 0.5792589344442008 0.0087890625 0.012716509537382154
191 0.4873744419642857 0.5252137689103267 0.014090401785714286 0.022144266608199955
189 0.46700613839285715 0.36231089673317257 0.019949776785714284 0.01644376233282175
177 0.38588169642857145 0.36253014689761015 0.014787946428571428 0.013374260030695024
142 0.38051060267857145 0.11214645910984433 0.008231026785714286 0.014251260688445516
175 0.46107700892857145 0.11258495943871957 0.011160714285714286 0.013374260030695024
195 0.3477260044642857 0.8624205218153914 0.015485491071428572 0.02433676825257619
14 0.3680943080357143 0.6976540232405174 0.008510044642857142 0.021925016443762334
194 0.34765625 0.5499890374917781 0.017857142857142856 0.027406270554702915
14 0.30887276785714285 0.550098662573997 0.013671875 0.014032010524007894
191 0.35072544642857145 0.6124753343565008 0.010323660714285714 0.01644376233282175
179 0.19217354910714285 0.6151063363297522 0.016322544642857144 0.01907476430607323
180 0.44775390625 0.13593510195132646 0.008510044642857142 0.02236351677263758
189 0.44761439732142855 0.332931374698531 0.010463169642857142 0.031352773514580136
178 0.5089983258928571 0.4246875685156764 0.013811383928571428 0.013593510195132646
102 0.30245535714285715 0.2997149747862311 0.010881696428571428 0.013593510195132646
102 0.34354073660714285 0.7376671782503836 0.011579241071428572 0.013374260030695024
193 0.26974051339285715 0.42501644376233283 0.018833705357142856 0.029598772199079148
185 0.25502232142857145 0.44847621135715854 0.021205357142857144 0.00986625739969305
25 0.22698102678571427 0.48892786669590005 0.012834821428571428 0.017540013155009866
189 0.32833426339285715 0.8290944968208727 0.009905133928571428 0.031352773514580136
25 0.3138950892857143 0.8019074764306073 0.015066964285714286 0.016882262661696998
195 0.18868582589285715 0.7999342249506687 0.017717633928571428 0.027844770883578163
188 0.28857421875 0.7838193378645034 0.015485491071428572 0.013593510195132646
119 0.28397042410714285 0.7042315281736461 0.017717633928571428 0.02367901775926332
102 0.31312779017857145 0.9250164437623328 0.011300223214285714 0.0131550098662574
196 0.22809709821428573 0.9250164437623328 0.018415178571428572 0.02894102170576628
63 0.23193359375 0.8625301468976102 0.013811383928571428 0.0131550098662574
175 0.20884486607142858 0.8421398816049112 0.008649553571428572 0.020171015128261346
191 0.08970424107142858 0.5812321859241394 0.011160714285714286 0.017540013155009866
192 0.08970424107142858 0.4557114667836001 0.017857142857142856 0.028283271212453408
178 0.08970424107142858 0.3857706643279982 0.008370535714285714 0.022582766937075203
177 0.10944475446428571 0.36253014689761015 0.0146484375 0.013374260030695024
195 0.18931361607142858 0.36242052181539136 0.015904017857142856 0.02499451874588906
188 0.32833426339285715 0.3799605349704012 0.011858258928571428 0.010085507564130673
181 0.32833426339285715 0.3289848717386538 0.008510044642857142 0.017320762990572242
119 0.3071986607142857 0.2445735584301688 0.013950892857142858 0.028283271212453408
14 0.4315708705357143 0.5499890374917781 0.0126953125 0.013374260030695024
192 0.46895926339285715 0.5498794124095593 0.017717633928571428 0.02718702039026529
191 0.6067243303571429 0.5867134400350801 0.012555803571428572 0.0197325147993861
189 0.20905412946428573 0.8915807936855953 0.011300223214285714 0.031352773514580136
102 0.5879603794642857 0.6124753343565008 0.014927455357142858 0.013374260030695024
191 0.2885044642857143 0.3205437404078053 0.012276785714285714 0.019294014470510854
142 0.5272042410714286 0.4660162245121684 0.008649553571428572 0.012935759701819776
60 0.15206473214285715 0.11269458452093839 0.012276785714285714 0.013593510195132646
102 0.12953404017857142 0.3390703793027845 0.008510044642857142 0.022582766937075203
191 0.12953404017857142 0.38664766498574876 0.011579241071428572 0.018197763648322735
179 0.20724051339285715 0.7143170357377768 0.011858258928571428 0.021486516114887087
179 0.5651506696428571 0.4641525981144486 0.01171875 0.028064021048015787
176 0.58544921875 0.6747423810567857 0.012416294642857142 0.013374260030695024
182 0.16908482142857142 0.5166630124972593 0.008928571428571428 0.014251260688445516
192 0.16922433035714285 0.39322516991887746 0.017020089285714284 0.027844770883578163
182 0.6862444196428571 0.2547686910765183 0.009207589285714286 0.0131550098662574
176 0.6863141741071429 0.2104801578601184 0.009068080357142858 0.0197325147993861
119 0.6690150669642857 0.1193817145362859 0.015764508928571428 0.027844770883578163
189 0.5456194196428571 0.11236570927428195 0.020089285714285716 0.012058759044069283
189 0.5060686383928571 0.5498794124095593 0.019949776785714284 0.01710151282613462
181 0.70556640625 0.6124753343565008 0.014090401785714286 0.014251260688445516
189 0.5272042410714286 0.14404735803551852 0.010044642857142858 0.031572023679017756
182 0.5269252232142857 0.3494847621135716 0.008649553571428572 0.013593510195132646
14 0.5271344866071429 0.39684279763209823 0.0087890625 0.01710151282613462
176 0.501953125 0.36209164656873494 0.013113839285714286 0.013374260030695024
192 0.24874441964285715 0.7090550317912738 0.018415178571428572 0.02894102170576628
187 0.24874441964285715 0.8312869984652489 0.008649553571428572 0.00723525542644157
176 0.42354910714285715 0.42501644376233283 0.015066964285714286 0.01381276035957027
196 0.3872767857142857 0.424906818680114 0.018136160714285716 0.02850252137689103
195 0.5476422991071429 0.29993422495066874 0.017996651785714284 0.028064021048015787
190 0.6177455357142857 0.424906818680114 0.008649553571428572 0.012278009208506906
119 0.5890066964285714 0.43192282394211795 0.014787946428571428 0.02762552071914054