187 0.11432756696428571 0.9250164437623328 0.004603794642857143 0.013593510195132646
187 0.48744419642857145 0.9085726814295111 0.008649553571428572 0.007016005262003947
187 0.14285714285714285 0.8000438500328875 0.004464285714285714 0.013593510195132646
187 0.7260044642857143 0.12288971716728787 0.008649553571428572 0.00723525542644157
187 0.119140625 0.36242052181539136 0.004464285714285714 0.013593510195132646
187 0.40792410714285715 0.13297522473141854 0.008649553571428572 0.00723525542644157
187 0.35323660714285715 0.11247533435650077 0.004464285714285714 0.013593510195132646
184 0.15638950892857142 0.9344442008331506 0.006417410714285714 0.033764525323393996
63 0.208984375 0.841701381276036 0.008649553571428572 0.025433019074764307
194 0.26953125 0.7375575531681648 0.018415178571428572 0.02894102170576628
175 0.20891462053571427 0.7011620258715194 0.008510044642857142 0.0197325147993861
63 0.19635881696428573 0.42501644376233283 0.012416294642857142 0.013374260030695024
191 0.14278738839285715 0.424906818680114 0.012137276785714286 0.018855514141635606
176 0.6287667410714286 0.48750274062705545 0.014508928571428572 0.014251260688445516
184 0.6403459821428571 0.4613023459767595 0.021205357142857144 0.010085507564130673
190 0.6170479910714286 0.424906818680114 0.007254464285714286 0.013593510195132646
195 0.5866350446428571 0.424906818680114 0.018136160714285716 0.02850252137689103
180 0.5045340401785714 0.424906818680114 0.011858258928571428 0.0131550098662574
60 0.6465541294642857 0.32646349484762116 0.008510044642857142 0.02324051743038807
175 0.646484375 0.27219907914930935 0.008649553571428572 0.02170576627932471
186 0.7259347098214286 0.20861653146239859 0.009626116071428572 0.018197763648322735
181 0.7032645089285714 0.2377768033326025 0.014508928571428572 0.013374260030695024
178 0.7262137276785714 0.26189432142074104 0.008510044642857142 0.025213768910326683
184 0.7323521205357143 0.32843674632755976 0.021065848214285716 0.010085507564130673
63 0.28857421875 0.7705547029160272 0.008510044642857142 0.018636263977197982
182 0.3485630580357143 0.8627493970620478 0.0087890625 0.013593510195132646
196 0.28857421875 0.6415259811444859 0.018275669642857144 0.02850252137689103
142 0.28878348214285715 0.5674194255645691 0.009207589285714286 0.014032010524007894
190 0.3511439732142857 0.36242052181539136 0.010881696428571428 0.01710151282613462
14 0.5669642857142857 0.6379083534312651 0.008649553571428572 0.023898267923700943
175 0.5671037946428571 0.7761455821091866 0.008649553571428572 0.0197325147993861
193 0.5669642857142857 0.8320543740407805 0.018136160714285716 0.02850252137689103
176 0.5094866071428571 0.8624205218153914 0.01171875 0.014251260688445516
192 0.5450613839285714 0.48739311554483666 0.018136160714285716 0.02850252137689103
184 0.4970005580357143 0.4972593729445297 0.006556919642857143 0.03332602499451875
182 0.44775390625 0.44770883578162685 0.009068080357142858 0.012716509537382154
186 0.3846958705357143 0.8628590221442666 0.011021205357142858 0.01512826134619601
63 0.48744419642857145 0.8274501205875905 0.008370535714285714 0.020609515457136594
192 0.5076032366071429 0.8000438500328875 0.017717633928571428 0.02718702039026529
189 0.5488978794642857 0.7999342249506687 0.019949776785714284 0.014251260688445516
192 0.6067243303571429 0.7659504494628371 0.017299107142857144 0.027844770883578163
193 0.48744419642857145 0.7668274501205876 0.016741071428571428 0.027844770883578163
192 0.4667271205357143 0.5499890374917781 0.017996651785714284 0.028283271212453408
191 0.40792410714285715 0.5115106336329752 0.010044642857142858 0.015786011839508878
184 0.38978794642857145 0.49682087261565444 0.006417410714285714 0.03420302565226924
195 0.6067243303571429 0.5155667616750712 0.017299107142857144 0.027844770883578163
181 0.6067243303571429 0.648980486735365 0.008649553571428572 0.017978513483885114
181 0.6067243303571429 0.7151940363955273 0.008370535714285714 0.021486516114887087
60 0.19370814732142858 0.9247971935978953 0.013811383928571428 0.013593510195132646
178 0.12960379464285715 0.8904845428634072 0.008649553571428572 0.023459767594825695
176 0.08984375 0.8353431265073449 0.008370535714285714 0.020171015128261346
176 0.14334542410714285 0.8627493970620478 0.013253348214285714 0.013593510195132646
180 0.26388113839285715 0.862639771979829 0.011300223214285714 0.013374260030695024
175 0.34305245535714285 0.6123657092742819 0.015904017857142856 0.013593510195132646
179 0.32631138392857145 0.45198421398816047 0.011439732142857142 0.023898267923700943
192 0.24874441964285715 0.2659504494628371 0.018415178571428572 0.02894102170576628
193 0.22719029017857142 0.23744792808594606 0.017717633928571428 0.02718702039026529
189 0.18798828125 0.23744792808594606 0.019949776785714284 0.012278009208506906
25 0.13044084821428573 0.6336329752247314 0.010323660714285714 0.019294014470510854
175 0.12925502232142858 0.6956807717605789 0.008510044642857142 0.019294014470510854
14 0.7260044642857143 0.39640429730322296 0.008649553571428572 0.018855514141635606
195 0.7054966517857143 0.42501644376233283 0.015345982142857142 0.02433676825257619
181 0.35079520089285715 0.48717386538039903 0.014927455357142858 0.013593510195132646
175 0.32840401785714285 0.3966235474676606 0.008649553571428572 0.02455601841701381
179 0.3265904017857143 0.3261346196009647 0.011997767857142858 0.02170576627932471
194 0.30740792410714285 0.23744792808594606 0.017717633928571428 0.026748520061390047
194 0.2666713169642857 0.23733830300372724 0.017996651785714284 0.028283271212453408
192 0.5871930803571429 0.23733830300372724 0.018973214285714284 0.029598772199079148
185 0.6353236607142857 0.22769129576847183 0.006417410714285714 0.03354527515895637
119 0.5797293526785714 0.2924797193597895 0.013532366071428572 0.028064021048015787
63 0.5439453125 0.23711905283928963 0.011997767857142858 0.013374260030695024
178 0.5846819196428571 0.4879412409559307 0.012555803571428572 0.013374260030695024
194 0.12946428571428573 0.83117737338303 0.018694196428571428 0.029379522034641527
191 0.16929408482142858 0.5274062705547029 0.012974330357142858 0.02039026529269897
185 0.36195591517857145 0.4549440912080684 0.021344866071428572 0.01052400789300592
192 0.40785435267857145 0.8332602499451874 0.017996651785714284 0.028283271212453408
184 0.35972377232142855 0.7472045604034203 0.006277901785714286 0.03332602499451875
175 0.5669642857142857 0.3318351238763429 0.008649553571428572 0.01907476430607323
181 0.12932477678571427 0.21464591098443322 0.008649553571428572 0.019294014470510854
186 0.3075474330357143 0.4247971935978952 0.011021205357142858 0.01644376233282175
190 0.20905412946428573 0.2877658408243806 0.007672991071428571 0.011620258715194036
189 0.208984375 0.3315062486296865 0.009486607142857142 0.031572023679017756
194 0.20905412946428573 0.3947599210699408 0.017996651785714284 0.028283271212453408
175 0.15408761160714285 0.5498794124095593 0.011300223214285714 0.0131550098662574
180 0.14732142857142858 0.23722867792150845 0.012555803571428572 0.0131550098662574
180 0.2490234375 0.3947599210699408 0.008370535714285714 0.019513264634948475
186 0.40785435267857145 0.2059855294891471 0.010184151785714286 0.017320762990572242
32 0.4717494419642857 0.2359131769348827 0.013532366071428572 0.016224512168384126
181 0.3443080357142857 0.23755755316816488 0.015345982142857142 0.013374260030695024
194 0.40792410714285715 0.2705547029160272 0.018415178571428572 0.02894102170576628
181 0.5059291294642857 0.29993422495066874 0.0126953125 0.0131550098662574
177 0.46533203125 0.424906818680114 0.012137276785714286 0.0131550098662574
188 0.40785435267857145 0.32887524665643497 0.013253348214285714 0.011401008550756413
189 0.646484375 0.7674852006139005 0.010881696428571428 0.031352773514580136
63 0.6467633928571429 0.700833150624863 0.008928571428571428 0.025213768910326683
186 0.6256975446428571 0.6747423810567857 0.011439732142857142 0.014251260688445516
188 0.6240234375 0.8624205218153914 0.008649553571428572 0.02565226923920193
182 0.5768694196428571 0.8620916465687349 0.008649553571428572 0.013593510195132646
189 0.5272042410714286 0.6417452313089235 0.007254464285714286 0.031572023679017756
176 0.5272042410714286 0.44957246217934665 0.008370535714285714 0.02302126726595045
190 0.43324497767857145 0.36242052181539136 0.008231026785714286 0.010085507564130673
181 0.38560267857142855 0.42523569392677046 0.01171875 0.01381276035957027
25 0.2738560267857143 0.11050208287656216 0.011160714285714286 0.01710151282613462