187 0.6862444196428571 0.15084411313308485 0.008649553571428572 0.007016005262003947
187 0.60205078125 0.29993422495066874 0.004603794642857143 0.013593510195132646
187 0.4603794642857143 0.23744792808594606 0.004464285714285714 0.013593510195132646
187 0.4476841517857143 0.761346196009647 0.008649553571428572 0.00723525542644157
187 0.26220703125 0.8000438500328875 0.004603794642857143 0.013593510195132646
187 0.6273018973214286 0.424906818680114 0.004603794642857143 0.013593510195132646
187 0.5956333705357143 0.8625301468976102 0.004603794642857143 0.013593510195132646
187 0.32833426339285715 0.7465468099101075 0.008510044642857142 0.007016005262003947
187 0.09926060267857142 0.11247533435650077 0.004603794642857143 0.013593510195132646
187 0.34946986607142855 0.29993422495066874 0.004464285714285714 0.013593510195132646
187 0.7260044642857143 0.16191624643718483 0.008649553571428572 0.00723525542644157
186 0.6306501116071429 0.48816049112036836 0.010184151785714286 0.015566761675071256
186 0.6703404017857143 0.6119272089454068 0.011160714285714286 0.014909011181758386
193 0.7067522321428571 0.6124753343565008 0.017857142857142856 0.027844770883578163
195 0.72607421875 0.5810129357597018 0.015764508928571428 0.02455601841701381
192 0.72607421875 0.5160052620039465 0.017438616071428572 0.027844770883578163
177 0.40799386160714285 0.26901995176496385 0.008510044642857142 0.021925016443762334
119 0.38448660714285715 0.24468318351238763 0.015904017857142856 0.028064021048015787
142 0.2885044642857143 0.2707739530804648 0.008649553571428572 0.0131550098662574
175 0.2886439732142857 0.19677702258276694 0.008649553571428572 0.02170576627932471
181 0.26681082589285715 0.17485200613900462 0.011021205357142858 0.01381276035957027
192 0.22830636160714285 0.17485200613900462 0.017996651785714284 0.028283271212453408
181 0.19663783482142858 0.1749616312212234 0.013253348214285714 0.013593510195132646
187 0.50732421875 0.6123657092742819 0.004603794642857143 0.013593510195132646
14 0.46254185267857145 0.7374479280859461 0.012137276785714286 0.013374260030695024
186 0.48758370535714285 0.4505590879193159 0.010044642857142858 0.01710151282613462
176 0.46365792410714285 0.36242052181539136 0.013811383928571428 0.01447051085288314
60 0.27001953125 0.5503179127384346 0.013532366071428572 0.014032010524007894
63 0.34144810267857145 0.550098662573997 0.013811383928571428 0.0131550098662574
177 0.3681640625 0.4514360885770664 0.008649553571428572 0.02324051743038807
193 0.3681640625 0.39136154352115765 0.018415178571428572 0.02894102170576628
187 0.32833426339285715 0.6437184827888621 0.008510044642857142 0.007016005262003947
25 0.32938058035714285 0.7076299057224293 0.010602678571428572 0.02170576627932471
179 0.380859375 0.7349265511949133 0.015904017857142856 0.019294014470510854
196 0.34995814732142855 0.48750274062705545 0.017717633928571428 0.027844770883578163
187 0.38797433035714285 0.5498794124095593 0.004464285714285714 0.013593510195132646
187 0.08970424107142858 0.20620477965358475 0.008649553571428572 0.00723525542644157
102 0.16901506696428573 0.3344661258495944 0.0087890625 0.019513264634948475
63 0.16943359375 0.4024336768252576 0.008510044642857142 0.02302126726595045
192 0.19008091517857142 0.424906818680114 0.017996651785714284 0.028064021048015787
60 0.22154017857142858 0.4247971935978952 0.014229910714285714 0.013374260030695024
177 0.26806640625 0.4247971935978952 0.011858258928571428 0.013374260030695024
178 0.40799386160714285 0.20938390703793028 0.008510044642857142 0.020171015128261346
190 0.38539341517857145 0.17485200613900462 0.009068080357142858 0.010743258057443543
186 0.4076450892857143 0.3919096689322517 0.008928571428571428 0.018197763648322735
183 0.6903599330357143 0.21344003508002632 0.016322544642857144 0.010304757728568297
184 0.6603655133928571 0.24698531023898268 0.006277901785714286 0.03354527515895637
14 0.6280691964285714 0.23733830300372724 0.014787946428571428 0.013374260030695024
181 0.5945870535714286 0.23755755316816488 0.015345982142857142 0.01381276035957027
176 0.6862444196428571 0.5287217715413287 0.008370535714285714 0.023459767594825695
189 0.6862444196428571 0.4558210918658189 0.010881696428571428 0.031572023679017756
184 0.21526227678571427 0.3269019951764964 0.021205357142857144 0.010085507564130673
196 0.23081752232142858 0.36242052181539136 0.017717633928571428 0.026748520061390047
190 0.44761439732142855 0.7011620258715194 0.010463169642857142 0.01710151282613462
184 0.47279575892857145 0.6652049989037492 0.006417410714285714 0.03332602499451875
184 0.5055803571428571 0.6649857487393116 0.006417410714285714 0.0328875246656435
102 0.54638671875 0.6750712563034422 0.014927455357142858 0.013593510195132646
175 0.44775390625 0.5869326901995177 0.0087890625 0.016663012497259374
180 0.45961216517857145 0.48717386538039903 0.011300223214285714 0.013593510195132646
180 0.5458286830357143 0.4872834904626179 0.011021205357142858 0.013374260030695024
63 0.12939453125 0.7111379083534313 0.0087890625 0.022144266608199955
194 0.10944475446428571 0.6124753343565008 0.017996651785714284 0.028283271212453408
175 0.14460100446428573 0.8002631001973252 0.015206473214285714 0.013593510195132646
180 0.24909319196428573 0.6372506029379522 0.008510044642857142 0.02302126726595045
142 0.24860491071428573 0.7239640429730322 0.008649553571428572 0.014032010524007894
190 0.24881417410714285 0.7438061828546372 0.006277901785714286 0.014251260688445516
191 0.24881417410714285 0.19776364832273624 0.011579241071428572 0.01841701381276036
182 0.27859933035714285 0.2997149747862311 0.008091517857142858 0.014032010524007894
185 0.31863839285714285 0.2901775926331945 0.006696428571428571 0.03354527515895637
196 0.18868582589285715 0.36242052181539136 0.017717633928571428 0.026748520061390047
142 0.14362444196428573 0.36242052181539136 0.0087890625 0.013593510195132646
181 0.4268275669642857 0.17452313089234817 0.0126953125 0.013593510195132646
185 0.6129324776785714 0.441789081341811 0.021344866071428572 0.010085507564130673
195 0.6067940848214286 0.2669370752028064 0.015485491071428572 0.02433676825257619
191 0.08970424107142858 0.699079149309362 0.01171875 0.018197763648322735
192 0.08970424107142858 0.7688007016005262 0.017857142857142856 0.027844770883578163
182 0.10093470982142858 0.7999342249506687 0.0087890625 0.014251260688445516
25 0.08872767857142858 0.530256522692392 0.010323660714285714 0.02039026529269897
176 0.11397879464285714 0.42534531900898925 0.011160714285714286 0.013593510195132646
183 0.14229910714285715 0.41865818899364177 0.006417410714285714 0.026090769568077175
189 0.6067243303571429 0.8322736242052181 0.007254464285714286 0.031572023679017756
189 0.6067243303571429 0.6428414821311116 0.010044642857142858 0.031572023679017756
102 0.5871233258928571 0.6124753343565008 0.013532366071428572 0.013374260030695024
32 0.56787109375 0.5851786888840167 0.009905133928571428 0.024117518088138567
193 0.5851004464285714 0.7375575531681648 0.018415178571428572 0.02894102170576628
192 0.5066266741071429 0.7374479280859461 0.018275669642857144 0.028721771541328656
175 0.38755580357142855 0.6123657092742819 0.014508928571428572 0.013593510195132646
25 0.12841796875 0.27559745669809255 0.0107421875 0.018855514141635606
32 0.13044084821428573 0.21179565884674414 0.009765625 0.021486516114887087
190 0.12953404017857142 0.14218373163779874 0.010463169642857142 0.012935759701819776
178 0.19056919642857142 0.11203683402762551 0.015345982142857142 0.013593510195132646
181 0.12946428571428573 0.3965139223854418 0.008370535714285714 0.020828765621574215
184 0.14871651785714285 0.4775268581451436 0.006417410714285714 0.0328875246656435
183 0.5232282366071429 0.5881385661039246 0.0166015625 0.010304757728568297
180 0.32833426339285715 0.2615654461740846 0.008510044642857142 0.020609515457136594
190 0.32833426339285715 0.1654242490681868 0.0068359375 0.01512826134619601
194 0.6651088169642857 0.36242052181539136 0.017717633928571428 0.02762552071914054
142 0.6195591517857143 0.3627493970620478 0.008928571428571428 0.01381276035957027
102 0.72607421875 0.21409778557333917 0.0087890625 0.022582766937075203
63 0.7138671875 0.5498794124095593 0.01171875 0.0131550098662574
192 0.58544921875 0.48739311554483666 0.017717633928571428 0.02762552071914054
179 0.54296875 0.6151063363297522 0.017020089285714284 0.018636263977197982
63 0.11286272321428571 0.550098662573997 0.014229910714285714 0.013593510195132646