187 0.17640904017857142 0.11247533435650077 0.004603794642857143 0.013593510195132646
187 0.4658203125 0.6749616312212234 0.004464285714285714 0.013374260030695024
187 0.11244419642857142 0.29993422495066874 0.004464285714285714 0.013593510195132646
187 0.12220982142857142 0.9250164437623328 0.004464285714285714 0.013593510195132646
187 0.6202566964285714 0.424906818680114 0.004464285714285714 0.013593510195132646
187 0.6971958705357143 0.11247533435650077 0.004603794642857143 0.013593510195132646
187 0.08970424107142858 0.38204341153255866 0.008649553571428572 0.00723525542644157
187 0.3681640625 0.8937732953299715 0.008649553571428572 0.00723525542644157
14 0.43296595982142855 0.8624205218153914 0.012416294642857142 0.013374260030695024
176 0.4717494419642857 0.862639771979829 0.011021205357142858 0.013374260030695024
182 0.26534598214285715 0.736899802674852 0.008370535714285714 0.013593510195132646
25 0.23479352678571427 0.7389826792370094 0.01171875 0.017320762990572242
194 0.40792410714285715 0.2705547029160272 0.018415178571428572 0.02894102170576628
63 0.3929966517857143 0.3000438500328875 0.010881696428571428 0.013374260030695024
191 0.40785435267857145 0.2171672878754659 0.010463169642857142 0.01644376233282175
119 0.40359933035714285 0.15533874150405613 0.017857142857142856 0.02170576627932471
183 0.6354631696428571 0.18121026090769568 0.006417410714285714 0.026090769568077175
195 0.6250697544642857 0.23733830300372724 0.017996651785714284 0.028283271212453408
193 0.42745535714285715 0.23744792808594606 0.018136160714285716 0.02850252137689103
63 0.38643973214285715 0.23711905283928963 0.015066964285714286 0.01381276035957027
190 0.16922433035714285 0.7169480377110283 0.008091517857142858 0.010085507564130673
186 0.16922433035714285 0.5824380618285464 0.009486607142857142 0.01644376233282175
180 0.18756975446428573 0.5498794124095593 0.011858258928571428 0.013593510195132646
195 0.23074776785714285 0.5499890374917781 0.015625 0.024775268581451435
189 0.3086635044642857 0.5499890374917781 0.019949776785714284 0.01512826134619601
177 0.18680245535714285 0.8625301468976102 0.014787946428571428 0.0131550098662574
186 0.22942243303571427 0.8625301468976102 0.011579241071428572 0.014909011181758386
60 0.32833426339285715 0.14349923262442446 0.008510044642857142 0.02302126726595045
25 0.31473214285714285 0.11433896075422056 0.013671875 0.01775926331944749
63 0.2743443080357143 0.11214645910984433 0.014927455357142858 0.013374260030695024
32 0.35205078125 0.11148870861653146 0.016322544642857144 0.015566761675071256
183 0.39041573660714285 0.1062267046700285 0.006556919642857143 0.026090769568077175
182 0.6863141741071429 0.7540013155009866 0.0087890625 0.013593510195132646
177 0.6067243303571429 0.7684718263538698 0.008370535714285714 0.021486516114887087
176 0.58642578125 0.8001534751151064 0.0146484375 0.013374260030695024
182 0.5272042410714286 0.7688007016005262 0.008649553571428572 0.014251260688445516
25 0.6732700892857143 0.6770445077833809 0.015625 0.017540013155009866
184 0.62890625 0.6848278886209165 0.006417410714285714 0.03310677483008112
176 0.5875418526785714 0.6124753343565008 0.014369419642857142 0.013374260030695024
177 0.5470842633928571 0.6124753343565008 0.015206473214285714 0.013374260030695024
188 0.5272042410714286 0.6406489804867354 0.011439732142857142 0.013593510195132646
188 0.6619698660714286 0.8000438500328875 0.008091517857142858 0.02499451874588906
119 0.4628208705357143 0.7302126726595045 0.017717633928571428 0.027844770883578163
179 0.5115792410714286 0.7344880508660382 0.017020089285714284 0.018855514141635606
32 0.44845145089285715 0.8353431265073449 0.009905133928571428 0.0197325147993861
184 0.43833705357142855 0.9346634509975883 0.006417410714285714 0.03332602499451875
185 0.39878627232142855 0.9347730760798071 0.006277901785714286 0.03310677483008112
179 0.43191964285714285 0.35978951984213986 0.014787946428571428 0.018855514141635606
186 0.44789341517857145 0.3255864941898706 0.010184151785714286 0.01710151282613462
189 0.44761439732142855 0.2684718263538698 0.008231026785714286 0.031352773514580136
186 0.40792410714285715 0.5138127603595702 0.010044642857142858 0.01775926331944749
25 0.48876953125 0.14317035737776804 0.011300223214285714 0.016224512168384126
191 0.48744419642857145 0.32854637140977855 0.010323660714285714 0.016005262003946502
182 0.48744419642857145 0.3757947818460864 0.008649553571428572 0.012716509537382154
178 0.42647879464285715 0.42501644376233283 0.013392857142857142 0.013374260030695024
194 0.34765625 0.42501644376233283 0.017857142857142856 0.027844770883578163
196 0.32833426339285715 0.3930059197544398 0.018833705357142856 0.029598772199079148
14 0.32833426339285715 0.3289848717386538 0.008510044642857142 0.02170576627932471
177 0.5060686383928571 0.17441350581012935 0.011021205357142858 0.01381276035957027
25 0.5496651785714286 0.1729883797412848 0.010881696428571428 0.015786011839508878
119 0.36349051339285715 0.7805305853979391 0.017717633928571428 0.025433019074764307
177 0.3680943080357143 0.6490901118175839 0.008510044642857142 0.021267265950449463
175 0.24881417410714285 0.4630563472922605 0.008510044642857142 0.02236351677263758
175 0.2691127232142857 0.1747423810567858 0.014787946428571428 0.013593510195132646
191 0.3535853794642857 0.7999342249506687 0.011300223214285714 0.01775926331944749
177 0.5492466517857143 0.8623108967331725 0.014229910714285714 0.013593510195132646
119 0.5920061383928571 0.6823065117298838 0.014090401785714286 0.02762552071914054
182 0.08977399553571429 0.5628151721113791 0.0087890625 0.0131550098662574
185 0.08356584821428571 0.4414602060951546 0.021484375 0.010304757728568297
181 0.11369977678571429 0.42501644376233283 0.015625 0.013374260030695024
14 0.14215959821428573 0.42501644376233283 0.013671875 0.01381276035957027
181 0.18345424107142858 0.42501644376233283 0.013950892857142858 0.013374260030695024
175 0.22488839285714285 0.424906818680114 0.010044642857142858 0.01447051085288314
63 0.08977399553571429 0.7739530804648104 0.008510044642857142 0.02104801578601184
60 0.10923549107142858 0.8001534751151064 0.012834821428571428 0.013374260030695024
191 0.54443359375 0.7374479280859461 0.012974330357142858 0.02039026529269897
195 0.50537109375 0.7999342249506687 0.017717633928571428 0.027844770883578163
177 0.427734375 0.7997149747862311 0.014508928571428572 0.01381276035957027
193 0.38650948660714285 0.8000438500328875 0.017717633928571428 0.026748520061390047
192 0.208984375 0.1454724841043631 0.017299107142857144 0.027844770883578163
60 0.30691964285714285 0.23744792808594606 0.013392857142857142 0.014032010524007894
188 0.34326171875 0.23744792808594606 0.008231026785714286 0.02718702039026529
102 0.2647181919642857 0.36209164656873494 0.013253348214285714 0.013374260030695024
142 0.16915457589285715 0.4540670905503179 0.0087890625 0.0131550098662574
32 0.16978236607142858 0.3939925454944091 0.010044642857142858 0.024117518088138567
189 0.6644810267857143 0.9250164437623328 0.020089285714285716 0.015786011839508878
189 0.6265345982142857 0.8624205218153914 0.020089285714285716 0.012058759044069283
193 0.6863141741071429 0.8301907476430608 0.017438616071428572 0.027844770883578163
119 0.6418805803571429 0.6502959877219908 0.017578125 0.02587151940363955
186 0.6467633928571429 0.4560403420302565 0.010323660714285714 0.016663012497259374
178 0.66943359375 0.23711905283928963 0.016043526785714284 0.014251260688445516
142 0.6862444196428571 0.21409778557333917 0.008649553571428572 0.013374260030695024
25 0.6852678571428571 0.14613023459767596 0.011439732142857142 0.02302126726595045
195 0.12953404017857142 0.6427318570488928 0.015206473214285714 0.02433676825257619
191 0.12946428571428573 0.583205437404078 0.009765625 0.015347511510633634
185 0.1376953125 0.5402324051743039 0.006417410714285714 0.03332602499451875
102 0.10630580357142858 0.5497697873273405 0.014229910714285714 0.013374260030695024
186 0.32833426339285715 0.5837535628151721 0.0107421875 0.01775926331944749
25 0.3271484375 0.5237886428414821 0.011160714285714286 0.020609515457136594
184 0.3345424107142857 0.713001534751151 0.021205357142857144 0.010085507564130673
175 0.40792410714285715 0.33687787765840826 0.008370535714285714 0.023459767594825695
142 0.39083426339285715 0.36242052181539136 0.0087890625 0.013593510195132646
196 0.66455078125 0.17485200613900462 0.017996651785714284 0.028283271212453408
184 0.7320731026785714 0.38796316597237446 0.021623883928571428 0.00986625739969305
184 0.32205636160714285 0.26266169699627273 0.021065848214285716 0.010085507564130673