187 0.20277622767857142 0.29993422495066874 0.004603794642857143 0.013593510195132646
187 0.6862444196428571 0.1363736022802017 0.008649553571428572 0.007016005262003947
187 0.5669642857142857 0.895198421398816 0.008649553571428572 0.007016005262003947
187 0.08970424107142858 0.34049550537162904 0.008649553571428572 0.007016005262003947
187 0.21979631696428573 0.9250164437623328 0.004603794642857143 0.013593510195132646
187 0.49183872767857145 0.9250164437623328 0.004603794642857143 0.013593510195132646
187 0.4476841517857143 0.27943433457575095 0.008649553571428572 0.00723525542644157
32 0.42459542410714285 0.3611050208287656 0.013532366071428572 0.016663012497259374
102 0.4476841517857143 0.3326024994518746 0.008649553571428572 0.02324051743038807
181 0.46463448660714285 0.30026310019732516 0.0107421875 0.013374260030695024
183 0.33984375 0.36866915150186363 0.006417410714285714 0.026090769568077175
194 0.26792689732142855 0.36242052181539136 0.017996651785714284 0.028064021048015787
102 0.20891462053571427 0.27570708178031134 0.0087890625 0.019951764963823723
14 0.20884486607142858 0.3310677483008112 0.008649553571428572 0.017540013155009866
178 0.22300502232142858 0.36231089673317257 0.0146484375 0.013374260030695024
192 0.20905412946428573 0.3958561718921289 0.017996651785714284 0.028283271212453408
192 0.18889508928571427 0.424906818680114 0.018415178571428572 0.02894102170576628
60 0.6864536830357143 0.20784915588686692 0.008510044642857142 0.02324051743038807
178 0.5549665178571429 0.29960534970401226 0.013950892857142858 0.013374260030695024
195 0.5057896205357143 0.29993422495066874 0.015485491071428572 0.024117518088138567
183 0.6711774553571429 0.4309361982021487 0.006417410714285714 0.026529269896952423
25 0.6473214285714286 0.46349484762113574 0.010602678571428572 0.01710151282613462
180 0.6466238839285714 0.524446393334795 0.008649553571428572 0.02236351677263758
25 0.42027064732142855 0.7359131769348827 0.011021205357142858 0.016882262661696998
176 0.40792410714285715 0.7162902872177154 0.008370535714285714 0.022802017101512827
14 0.38609095982142855 0.6749616312212234 0.0146484375 0.013374260030695024
142 0.40785435267857145 0.39147116860337644 0.0087890625 0.012935759701819776
63 0.14571707589285715 0.23755755316816488 0.013811383928571428 0.013374260030695024
60 0.12932477678571427 0.3375356281517211 0.008649553571428572 0.02170576627932471
185 0.18729073660714285 0.227581670686253 0.006277901785714286 0.03332602499451875
176 0.24874441964285715 0.2593729445297084 0.008370535714285714 0.016663012497259374
195 0.40792410714285715 0.3286559964919974 0.018136160714285716 0.02850252137689103
60 0.5669642857142857 0.841043630782723 0.008370535714285714 0.021925016443762334
182 0.5670340401785714 0.7101512826134619 0.0087890625 0.0131550098662574
14 0.5669642857142857 0.5770664327998246 0.008649553571428572 0.02367901775926332
189 0.58740234375 0.5499890374917781 0.019949776785714284 0.012058759044069283
187 0.08970424107142858 0.26869107651830737 0.008649553571428572 0.00723525542644157
182 0.11418805803571429 0.1749616312212234 0.0087890625 0.013593510195132646
176 0.14299665178571427 0.17430388072791056 0.013392857142857142 0.013593510195132646
119 0.3726283482142857 0.1483227362420522 0.017578125 0.02302126726595045
182 0.30238560267857145 0.1749616312212234 0.008510044642857142 0.013593510195132646
63 0.353515625 0.23722867792150845 0.013392857142857142 0.013593510195132646
192 0.3881138392857143 0.11236570927428195 0.019252232142857144 0.030475772856829644
182 0.45751953125 0.11269458452093839 0.0087890625 0.013593510195132646
190 0.4873744419642857 0.14733611050208287 0.009068080357142858 0.015786011839508878
32 0.4877232142857143 0.2056566542424907 0.009765625 0.0197325147993861
186 0.5034877232142857 0.36242052181539136 0.010881696428571428 0.015786011839508878
196 0.34737723214285715 0.29993422495066874 0.018415178571428572 0.02894102170576628
142 0.12946428571428573 0.7185924139443105 0.008649553571428572 0.01381276035957027
14 0.12946428571428573 0.8375356281517211 0.008370535714285714 0.021486516114887087
186 0.12953404017857142 0.8968427976320982 0.009068080357142858 0.017320762990572242
185 0.14641462053571427 0.9152598114448586 0.006277901785714286 0.03354527515895637
180 0.19217354910714285 0.9251260688445516 0.011021205357142858 0.013374260030695024
188 0.12946428571428573 0.6523788642841483 0.01171875 0.010743258057443543
192 0.12946428571428573 0.5169918877439158 0.018415178571428572 0.02894102170576628
194 0.30894252232142855 0.7374479280859461 0.017717633928571428 0.027406270554702915
14 0.35219029017857145 0.7373383030037273 0.011021205357142858 0.013593510195132646
188 0.28857421875 0.6999561499671125 0.013532366071428572 0.011620258715194036
177 0.2886439732142857 0.6379083534312651 0.008370535714285714 0.022144266608199955
189 0.28857421875 0.5173207629905723 0.011300223214285714 0.031352773514580136
191 0.28857421875 0.45746546809910105 0.011858258928571428 0.018636263977197982
193 0.6261858258928571 0.8624205218153914 0.017717633928571428 0.027844770883578163
184 0.6803152901785714 0.8355623766717825 0.021623883928571428 0.01052400789300592
181 0.6863839285714286 0.6395527296645472 0.008649553571428572 0.022802017101512827
191 0.46358816964285715 0.7999342249506687 0.012555803571428572 0.019513264634948475
191 0.4476841517857143 0.7632098224073668 0.012276785714285714 0.019294014470510854
183 0.46219308035714285 0.66882262661697 0.006696428571428571 0.026090769568077175
181 0.44775390625 0.8919096689322517 0.008510044642857142 0.02455601841701381
189 0.4686802455357143 0.924906818680114 0.019949776785714284 0.014251260688445516
192 0.46812220982142855 0.7374479280859461 0.017996651785714284 0.028283271212453408
178 0.5082310267857143 0.7372286779215085 0.013113839285714286 0.01381276035957027
142 0.5970284598214286 0.7374479280859461 0.0087890625 0.01381276035957027
60 0.6194196428571429 0.7374479280859461 0.014229910714285714 0.01381276035957027
195 0.6863141741071429 0.8961850471387853 0.017438616071428572 0.027844770883578163
175 0.6688058035714286 0.9250164437623328 0.013950892857142858 0.0131550098662574
186 0.6259765625 0.4247971935978952 0.010602678571428572 0.014689761017320764
177 0.5108816964285714 0.42523569392677046 0.011439732142857142 0.013374260030695024
188 0.6465541294642857 0.8415917561938171 0.014090401785714286 0.012935759701819776
190 0.6227678571428571 0.6749616312212234 0.008649553571428572 0.015566761675071256
193 0.5856584821428571 0.6749616312212234 0.018136160714285716 0.028721771541328656
32 0.4882114955357143 0.7707739530804648 0.009905133928571428 0.018636263977197982
102 0.48751395089285715 0.8362201271650954 0.0087890625 0.022802017101512827
177 0.5108816964285714 0.8624205218153914 0.014787946428571428 0.013374260030695024
176 0.48744419642857145 0.5883578162683623 0.008370535714285714 0.02433676825257619
185 0.48116629464285715 0.5287217715413287 0.021205357142857144 0.00986625739969305
63 0.20870535714285715 0.8892786669590003 0.008928571428571428 0.021925016443762334
102 0.208984375 0.7594825696119272 0.008370535714285714 0.021486516114887087
176 0.27315848214285715 0.7998245998684499 0.01171875 0.0131550098662574
191 0.32833426339285715 0.31922823942117956 0.011021205357142858 0.01710151282613462
184 0.22091238839285715 0.30969085726814294 0.006556919642857143 0.03310677483008112
119 0.4297572544642857 0.4321420741065556 0.013811383928571428 0.02762552071914054
119 0.48277064732142855 0.38982679237009427 0.017438616071428572 0.02587151940363955
187 0.48744419642857145 0.33117737338303005 0.008649553571428572 0.00723525542644157
14 0.6292550223214286 0.6121464591098443 0.011300223214285714 0.014032010524007894
185 0.45382254464285715 0.6385661039245779 0.021205357142857144 0.00986625739969305
195 0.4476841517857143 0.5804648103486078 0.017299107142857144 0.027844770883578163
181 0.4473353794642857 0.4653584740188555 0.008510044642857142 0.01907476430607323
179 0.16755022321428573 0.3976101732076299 0.01171875 0.026090769568077175
195 0.6863141741071429 0.5175400131550099 0.017438616071428572 0.027844770883578163
183 0.16531808035714285 0.7079587809690857 0.016741071428571428 0.010085507564130673
179 0.16768973214285715 0.5793685595264196 0.011997767857142858 0.023898267923700943
192 0.16929408482142858 0.5166630124972593 0.017717633928571428 0.027844770883578163