187 0.08970424107142858 0.12848059636044726 0.008649553571428572 0.007016005262003947
187 0.32017299107142855 0.7375575531681648 0.004464285714285714 0.013593510195132646
187 0.15352957589285715 0.8000438500328875 0.004603794642857143 0.013593510195132646
187 0.71435546875 0.29993422495066874 0.004603794642857143 0.013593510195132646
187 0.47391183035714285 0.36242052181539136 0.004464285714285714 0.013593510195132646
187 0.18052455357142858 0.9250164437623328 0.004464285714285714 0.013593510195132646
187 0.1240234375 0.9250164437623328 0.004464285714285714 0.013593510195132646
187 0.4476841517857143 0.13955272966454724 0.008649553571428572 0.00723525542644157
187 0.18687220982142858 0.11247533435650077 0.004603794642857143 0.013593510195132646
187 0.48074776785714285 0.8625301468976102 0.004464285714285714 0.013593510195132646
195 0.5472237723214286 0.36242052181539136 0.016043526785714284 0.025433019074764307
60 0.4873744419642857 0.45998684499013376 0.008510044642857142 0.017540013155009866
179 0.48911830357142855 0.5072352554264415 0.01171875 0.02170576627932471
189 0.12946428571428573 0.39410217057662794 0.008649553571428572 0.031352773514580136
32 0.12995256696428573 0.45625959219469414 0.009905133928571428 0.022802017101512827
181 0.12946428571428573 0.5246656434992326 0.008649553571428572 0.019294014470510854
184 0.19210379464285715 0.540122780092085 0.006696428571428571 0.03310677483008112
177 0.22649274553571427 0.2377768033326025 0.011858258928571428 0.013374260030695024
14 0.24874441964285715 0.2659504494628371 0.008370535714285714 0.0197325147993861
60 0.24881417410714285 0.33819337864503396 0.009068080357142858 0.016882262661696998
185 0.25502232142857145 0.3767814075860557 0.021205357142857144 0.010743258057443543
102 0.22746930803571427 0.550098662573997 0.012974330357142858 0.014032010524007894
102 0.32833426339285715 0.831725498794124 0.008510044642857142 0.019513264634948475
142 0.32861328125 0.7796535847401885 0.009347098214285714 0.0131550098662574
188 0.2774135044642857 0.7999342249506687 0.008231026785714286 0.020828765621574215
191 0.32833426339285715 0.718263538697654 0.011021205357142858 0.017540013155009866
191 0.32833426339285715 0.6467879850909888 0.013253348214285714 0.020609515457136594
195 0.32833426339285715 0.5784915588686691 0.016043526785714284 0.025213768910326683
178 0.10616629464285714 0.23744792808594606 0.014229910714285714 0.013593510195132646
177 0.22774832589285715 0.1749616312212234 0.012416294642857142 0.014032010524007894
192 0.34995814732142855 0.17485200613900462 0.017717633928571428 0.027844770883578163
102 0.3819056919642857 0.17485200613900462 0.012137276785714286 0.013374260030695024
195 0.16922433035714285 0.3958561718921289 0.017578125 0.027844770883578163
180 0.16915457589285715 0.45658846744135057 0.008510044642857142 0.019513264634948475
188 0.40785435267857145 0.45614996711247535 0.016322544642857144 0.012058759044069283
186 0.4076450892857143 0.5161148870861653 0.009486607142857142 0.01710151282613462
189 0.26820591517857145 0.5498794124095593 0.019949776785714284 0.013593510195132646
181 0.72607421875 0.38763429072571803 0.008510044642857142 0.01710151282613462
195 0.72607421875 0.2669370752028064 0.017717633928571428 0.027844770883578163
186 0.7261439732142857 0.20456040342030257 0.010881696428571428 0.01841701381276036
185 0.7322823660714286 0.4571365928524446 0.021205357142857144 0.010085507564130673
187 0.7260044642857143 0.7062047796535847 0.008649553571428572 0.007016005262003947
175 0.7088448660714286 0.7375575531681648 0.012276785714285714 0.013593510195132646
191 0.28857421875 0.5122780092085069 0.012416294642857142 0.019513264634948475
184 0.34005301339285715 0.3526638894979171 0.006277901785714286 0.03354527515895637
185 0.38071986607142855 0.35277351458013595 0.006696428571428571 0.033764525323393996
186 0.20877511160714285 0.524446393334795 0.009905133928571428 0.016663012497259374
182 0.20891462053571427 0.40100855075641306 0.009068080357142858 0.012716509537382154
192 0.28857421875 0.5817803113352334 0.017717633928571428 0.027844770883578163
184 0.30224609375 0.8722867792150845 0.006556919642857143 0.03310677483008112
176 0.5885184151785714 0.36231089673317257 0.011300223214285714 0.013374260030695024
189 0.6067243303571429 0.2684718263538698 0.008649553571428572 0.031352773514580136
189 0.5858677455357143 0.23744792808594606 0.019949776785714284 0.013593510195132646
184 0.5608956473214286 0.22210041657531243 0.021344866071428572 0.010085507564130673
195 0.5071847098214286 0.17485200613900462 0.017996651785714284 0.028283271212453408
14 0.5670340401785714 0.8991449243586933 0.008510044642857142 0.0197325147993861
102 0.55224609375 0.7375575531681648 0.011021205357142858 0.013593510195132646
177 0.6247907366071429 0.7998245998684499 0.014927455357142858 0.0131550098662574
102 0.6464146205357143 0.7593729445297084 0.0087890625 0.02039026529269897
119 0.5624302455357143 0.7065336549002412 0.017438616071428572 0.02433676825257619
185 0.5606166294642857 0.5883578162683623 0.020786830357142856 0.00986625739969305
186 0.5673130580357143 0.4598772199079149 0.009626116071428572 0.01775926331944749
119 0.5412946428571429 0.4320324490243368 0.015904017857142856 0.027844770883578163
179 0.5069754464285714 0.4276474457355843 0.015345982142857142 0.018636263977197982
196 0.12946428571428573 0.8918000438500329 0.017857142857142856 0.028283271212453408
178 0.15485491071428573 0.8625301468976102 0.013113839285714286 0.0131550098662574
195 0.19015066964285715 0.8625301468976102 0.015345982142857142 0.02367901775926332
192 0.208984375 0.8300811225608419 0.018136160714285716 0.02850252137689103
195 0.20905412946428573 0.7678140758605569 0.017996651785714284 0.028064021048015787
193 0.20905412946428573 0.6418548563911423 0.017438616071428572 0.027844770883578163
194 0.18826729910714285 0.6124753343565008 0.017996651785714284 0.028283271212453408
189 0.16922433035714285 0.5782723087042315 0.008649553571428572 0.031352773514580136
177 0.48744419642857145 0.2039026529269897 0.008928571428571428 0.017978513483885114
63 0.16936383928571427 0.7098224073668056 0.009207589285714286 0.018636263977197982
32 0.16999162946428573 0.6421837316377987 0.009905133928571428 0.02104801578601184
196 0.6067243303571429 0.831835123876343 0.018415178571428572 0.02894102170576628
60 0.5538504464285714 0.924906818680114 0.014787946428571428 0.013374260030695024
192 0.6067940848214286 0.580903310677483 0.018833705357142856 0.029598772199079148
176 0.6067243303571429 0.5272966454724841 0.008649553571428572 0.02367901775926332
180 0.6293247767857143 0.4246875685156764 0.012276785714285714 0.013593510195132646
184 0.4935825892857143 0.6976540232405174 0.021205357142857144 0.010085507564130673
32 0.48800223214285715 0.650186362639772 0.009765625 0.019951764963823723
192 0.4667271205357143 0.7999342249506687 0.017717633928571428 0.026529269896952423
60 0.4341517857142857 0.8001534751151064 0.015904017857142856 0.013374260030695024
179 0.35219029017857145 0.8651611488708617 0.015206473214285714 0.01841701381276036
184 0.08356584821428571 0.32745012058759043 0.021484375 0.00986625739969305
189 0.08970424107142858 0.2658408243806183 0.009486607142857142 0.031352773514580136
25 0.09075055803571429 0.513922385441789 0.0107421875 0.02324051743038807
195 0.14976283482142858 0.48750274062705545 0.015485491071428572 0.02433676825257619
192 0.18952287946428573 0.48739311554483666 0.017717633928571428 0.02762552071914054
183 0.6285574776785714 0.3062924797193598 0.006277901785714286 0.02587151940363955
192 0.5848214285714286 0.29993422495066874 0.018415178571428572 0.02894102170576628
176 0.6467633928571429 0.3272308704231528 0.008370535714285714 0.020828765621574215
178 0.58251953125 0.424906818680114 0.012416294642857142 0.0131550098662574
184 0.419921875 0.24698531023898268 0.006417410714285714 0.03354527515895637
177 0.43038504464285715 0.3001534751151063 0.015345982142857142 0.013593510195132646
63 0.40785435267857145 0.32010524007893004 0.008510044642857142 0.024117518088138567
187 0.3482142857142857 0.23744792808594606 0.004464285714285714 0.013593510195132646
187 0.26869419642857145 0.23744792808594606 0.004464285714285714 0.013593510195132646
32 0.4086216517857143 0.2772418329313747 0.009765625 0.021267265950449463
14 0.36837332589285715 0.3949791712343784 0.008510044642857142 0.020828765621574215
189 0.40792410714285715 0.14152598114448586 0.010881696428571428 0.031352773514580136
32 0.2640904017857143 0.11115983336987503 0.012276785714285714 0.016224512168384126
192 0.22732979910714285 0.11247533435650077 0.018275669642857144 0.02850252137689103
179 0.48597935267857145 0.8408243806182855 0.012137276785714286 0.02455601841701381
185 0.52099609375 0.7105897829423372 0.021344866071428572 0.010085507564130673
194 0.5484095982142857 0.6749616312212234 0.018136160714285716 0.028721771541328656
177 0.42550223214285715 0.7374479280859461 0.015345982142857142 0.013374260030695024
180 0.24867466517857142 0.765402324051743 0.008510044642857142 0.02104801578601184
60 0.24881417410714285 0.7184827888620916 0.008510044642857142 0.022802017101512827
14 0.24860491071428573 0.6451436088577066 0.008649553571428572 0.021267265950449463
14 0.2679966517857143 0.612913834685376 0.011439732142857142 0.013374260030695024
184 0.5089983258928571 0.8722867792150845 0.006277901785714286 0.03310677483008112
183 0.5232282366071429 0.5350800263100197 0.0166015625 0.010743258057443543
175 0.7008231026785714 0.42501644376233283 0.012137276785714286 0.01381276035957027
189 0.7043805803571429 0.36231089673317257 0.020089285714285716 0.014251260688445516
32 0.701171875 0.23646130234597676 0.012834821428571428 0.01512826134619601
63 0.6607840401785714 0.23733830300372724 0.012974330357142858 0.013374260030695024
182 0.62255859375 0.23722867792150845 0.0087890625 0.013593510195132646
188 0.6862444196428571 0.7757070817803113 0.014508928571428572 0.011401008550756413
189 0.6863141741071429 0.8333698750274062 0.008231026785714286 0.031572023679017756
188 0.6609235491071429 0.8624205218153914 0.007672991071428571 0.027844770883578163
193 0.6260463169642857 0.8625301468976102 0.0185546875 0.029379522034641527
180 0.6863839285714286 0.6462398596798947 0.008928571428571428 0.02039026529269897
180 0.6635044642857143 0.4872834904626179 0.013671875 0.01381276035957027
186 0.11160714285714286 0.3000438500328875 0.011160714285714286 0.01644376233282175
142 0.14634486607142858 0.3000438500328875 0.009207589285714286 0.014251260688445516