187 0.5175083705357143 0.21481806225339764 0.004045758928571429 0.01183691363437089
187 0.5749162946428571 0.8922621657167908 0.007533482142857143 0.006356861025865849
187 0.7499302455357143 0.7405743095133713 0.007672991071428571 0.006356861025865849
187 0.25990513392857145 0.15223586146427007 0.007533482142857143 0.006356861025865849
187 0.16810825892857142 0.159798334064007 0.00390625 0.01183691363437089
187 0.3838588169642857 0.10488820692678649 0.004045758928571429 0.012056115738711091
187 0.0849609375 0.8874397194213064 0.007533482142857143 0.006356861025865849
187 0.6099330357142857 0.8979614204296361 0.007533482142857143 0.006356861025865849
189 0.43491908482142855 0.6256028057869355 0.009626116071428572 0.02761946514686541
195 0.27657645089285715 0.5998465585269619 0.013811383928571428 0.021701008329679965
178 0.43491908482142855 0.5757343270495396 0.007393973214285714 0.021701008329679965
186 0.43491908482142855 0.4568171854449803 0.008510044642857142 0.015344147303814117
184 0.42947823660714285 0.41955282770714597 0.018833705357142856 0.008768084173608066
188 0.5398995535714286 0.41911442349846556 0.013671875 0.010083296799649276
177 0.5398297991071429 0.5175361683472162 0.007672991071428571 0.01797457255589654
32 0.3779296875 0.3787812362998685 0.011160714285714286 0.014028934677772907
191 0.34409877232142855 0.37976764576939936 0.0087890625 0.013809732573432706
183 0.15150669642857142 0.669552827707146 0.014787946428571428 0.00898728627794827
119 0.24379185267857142 0.5937088996054362 0.012416294642857142 0.025208241999123193
142 0.15492466517857142 0.5854888206926786 0.007672991071428571 0.01183691363437089
175 0.15492466517857142 0.45550197281893906 0.007393973214285714 0.01578255151249452
195 0.13692801339285715 0.4348969750109601 0.015485491071428572 0.024550635686102586
183 0.5784737723214286 0.5180841736080667 0.0146484375 0.00898728627794827
194 0.4872349330357143 0.4348969750109601 0.016322544642857144 0.025427444103463395
188 0.45738002232142855 0.37976764576939936 0.0068359375 0.02082419991231916
186 0.5749162946428571 0.29186760192897854 0.008370535714285714 0.016001753616834723
189 0.5049525669642857 0.1325076720736519 0.0068359375 0.027838667251205613
25 0.5232282366071429 0.1582639193336256 0.009905133928571428 0.014905743095133712
196 0.5574776785714286 0.159798334064007 0.015625 0.024112231477422183
25 0.6810128348214286 0.23443665059184568 0.009626116071428572 0.016001753616834723
196 0.24295479910714285 0.7647961420429636 0.016043526785714284 0.02498903989478299
32 0.5753348214285714 0.8471065322227094 0.008649553571428572 0.01731696624287593
178 0.5750558035714286 0.7901139850942569 0.007533482142857143 0.01731696624287593
175 0.6667829241071429 0.7098860149057431 0.011021205357142858 0.012056115738711091
14 0.7367466517857143 0.7095572117492328 0.011997767857142858 0.012275317843051293
195 0.5565011160714286 0.8748355984217449 0.015625 0.024550635686102586
60 0.529296875 0.8749451994739149 0.011160714285714286 0.012056115738711091
192 0.48702566964285715 0.8748355984217449 0.015625 0.024550635686102586
178 0.3999720982142857 0.8488601490574309 0.0078125 0.01731696624287593
60 0.3999720982142857 0.7978956597983341 0.007533482142857143 0.01578255151249452
195 0.7499302455357143 0.5704734765453748 0.016043526785714284 0.025208241999123193
119 0.7459542410714286 0.5117273125822008 0.015625 0.020385795703638757
195 0.7317243303571429 0.5447172292854011 0.015625 0.024550635686102586
185 0.7373046875 0.6634151687856203 0.005859375 0.02915387987724682
32 0.6623186383928571 0.6540990793511617 0.010463169642857142 0.013590530469092503
187 0.5574079241071429 0.6547566856641823 0.004045758928571429 0.01183691363437089
183 0.5142299107142857 0.6600175361683472 0.005580357142857143 0.02367382726874178
142 0.48465401785714285 0.6547566856641823 0.007533482142857143 0.01183691363437089
184 0.23549107142857142 0.16845681718544497 0.005580357142857143 0.02915387987724682
187 0.20744977678571427 0.159798334064007 0.00390625 0.01183691363437089
177 0.25997488839285715 0.29636124506795264 0.007393973214285714 0.01709776413853573
186 0.25990513392857145 0.3574090311266988 0.008370535714285714 0.014686540990793511
142 0.17473493303571427 0.43478737395879 0.007114955357142857 0.012056115738711091
119 0.27852957589285715 0.3187198597106532 0.0126953125 0.02498903989478299
191 0.5611746651785714 0.10488820692678649 0.010184151785714286 0.016001753616834723
195 0.6286272321428571 0.159798334064007 0.014229910714285714 0.02235861464270057
186 0.6100725446428571 0.19289785181937746 0.008370535714285714 0.015344147303814117
175 0.4569614955357143 0.159798334064007 0.010463169642857142 0.012713722051731697
25 0.4335239955357143 0.14007014467338885 0.009905133928571428 0.020166593599298552
177 0.419921875 0.10488820692678649 0.009486607142857142 0.012056115738711091
186 0.2797154017857143 0.7646865409907935 0.010323660714285714 0.012932924156071899
119 0.3690708705357143 0.8509425690486628 0.015206473214285714 0.024550635686102586
180 0.36502511160714285 0.899934239368698 0.007672991071428571 0.01731696624287593
196 0.27559988839285715 0.9297457255589654 0.015764508928571428 0.024769837790442787
175 0.24574497767857142 0.9299649276633055 0.011300223214285714 0.011617711530030689
102 0.48842075892857145 0.10488820692678649 0.010323660714285714 0.012494519947391494
193 0.38218470982142855 0.15990793511617712 0.016043526785714284 0.025208241999123193
192 0.294921875 0.18939061814993424 0.016462053571428572 0.025865848312143797
194 0.7149135044642857 0.29844366505918457 0.015485491071428572 0.024331433581762384
191 0.7011021205357143 0.3248575186321789 0.0107421875 0.01709776413853573
191 0.6449497767857143 0.1972818939061815 0.009207589285714286 0.01446733888645331
60 0.7149135044642857 0.403222270933801 0.007393973214285714 0.021262604120999562
142 0.7149135044642857 0.45780359491451117 0.007672991071428571 0.011617711530030689
32 0.26039341517857145 0.6797457255589654 0.0087890625 0.019289785181937746
192 0.17145647321428573 0.7647961420429636 0.015625 0.024550635686102586
175 0.27280970982142855 0.6547566856641823 0.011579241071428572 0.01183691363437089
186 0.3148716517857143 0.6547566856641823 0.010602678571428572 0.014028934677772907
63 0.0849609375 0.8410784743533538 0.007533482142857143 0.02104340201665936
195 0.0849609375 0.6795265234546252 0.015625 0.024550635686102586
119 0.08091517857142858 0.6214379658044717 0.015345982142857142 0.022797018851380975
175 0.09946986607142858 0.600065760631302 0.009765625 0.012056115738711091
190 0.13037109375 0.5998465585269619 0.0068359375 0.015124945199473916
102 0.08489118303571429 0.5647742218325296 0.007393973214285714 0.01731696624287593
176 0.08503069196428571 0.511946514686541 0.007672991071428571 0.017755370451556333
119 0.18589564732142858 0.7925252082419991 0.015764508928571428 0.02389302937308198
176 0.20968191964285715 0.8200350723366945 0.011997767857142858 0.01183691363437089
32 0.24595424107142858 0.8186102586584831 0.012276785714285714 0.013809732573432706
192 0.27880859375 0.8197062691801841 0.015764508928571428 0.024769837790442787
196 0.294921875 0.7906619903551074 0.015904017857142856 0.02498903989478299
181 0.3759765625 0.7646865409907935 0.011439732142857142 0.011617711530030689
32 0.41190011160714285 0.7634809294169224 0.011579241071428572 0.014028934677772907
196 0.43491908482142855 0.8494081543182814 0.015485491071428572 0.024550635686102586
192 0.7499302455357143 0.46043402016659357 0.015485491071428572 0.024331433581762384
178 0.6452287946428571 0.2920868040333187 0.007533482142857143 0.020385795703638757
180 0.7009626116071429 0.48980710214818063 0.009626116071428572 0.011617711530030689
102 0.5606863839285714 0.48980710214818063 0.011439732142857142 0.011617711530030689
102 0.62939453125 0.3796580447172293 0.012137276785714286 0.01183691363437089
191 0.5399693080357143 0.19410346339324858 0.011858258928571428 0.018632178868917142
189 0.5398995535714286 0.24309513371328365 0.006417410714285714 0.02761946514686541
187 0.5398995535714286 0.2973476545374836 0.007533482142857143 0.006356861025865849
175 0.5398297991071429 0.3563130206049978 0.007672991071428571 0.016001753616834723
184 0.28941127232142855 0.507562472599737 0.0185546875 0.00898728627794827
184 0.30043247767857145 0.615190705830776 0.0185546875 0.00898728627794827
180 0.29464285714285715 0.7387110916264796 0.007533482142857143 0.018851380973257344
175 0.3173130580357143 0.4346777729066199 0.011300223214285714 0.01183691363437089
102 0.384765625 0.4346777729066199 0.012555803571428572 0.01183691363437089
193 0.36495535714285715 0.3509425690486629 0.015066964285714286 0.024550635686102586
178 0.36502511160714285 0.24451994739149496 0.007672991071428571 0.021262604120999562
176 0.28187779017857145 0.15968873301183692 0.011021205357142858 0.011617711530030689
60 0.4507533482142857 0.48980710214818063 0.011439732142857142 0.012056115738711091
185 0.49204799107142855 0.48114861902674266 0.005859375 0.029373081981587022
188 0.5236467633928571 0.48980710214818063 0.0068359375 0.02082419991231916
184 0.6563895089285714 0.3164182376150811 0.005580357142857143 0.029592284085927224
14 0.6448102678571429 0.24287593160894344 0.008091517857142858 0.015344147303814117
190 0.6449497767857143 0.44234984655852694 0.006417410714285714 0.014028934677772907
60 0.3651646205357143 0.578255151249452 0.007393973214285714 0.014905743095133712
63 0.3646763392857143 0.5193993862341079 0.0078125 0.016440157825515125
180 0.6097237723214286 0.8580666374397194 0.007952008928571428 0.016878562034195528
14 0.60986328125 0.7898947829899167 0.007672991071428571 0.017755370451556333
179 0.6084681919642857 0.7356422621657168 0.010463169642857142 0.018851380973257344
184 0.4965122767857143 0.7183252959228409 0.005580357142857143 0.029373081981587022
195 0.18994140625 0.24342393686979394 0.016043526785714284 0.025208241999123193
190 0.19782366071428573 0.37976764576939936 0.006417410714285714 0.009425690486628672
184 0.5871233258928571 0.2610697062691802 0.005719866071428571 0.02893467777290662
25 0.5857282366071429 0.32321350284962735 0.009905133928571428 0.014686540990793511
184 0.6612723214285714 0.27849627356422624 0.005580357142857143 0.02915387987724682
195 0.6798967633928571 0.3535729943007453 0.015206473214285714 0.024550635686102586
142 0.6800362723214286 0.4005918456817185 0.007672991071428571 0.012056115738711091