187 0.16922433035714285 0.13790835343126506 0.008649553571428572 0.007016005262003947
187 0.646484375 0.6829642622231966 0.008649553571428572 0.007016005262003947
187 0.12946428571428573 0.1398816049112037 0.008649553571428572 0.007016005262003947
187 0.12946428571428573 0.3976101732076299 0.008649553571428572 0.00723525542644157
187 0.6765485491071429 0.29993422495066874 0.004603794642857143 0.013593510195132646
187 0.12200055803571429 0.9250164437623328 0.004603794642857143 0.013593510195132646
187 0.6067243303571429 0.712453409340057 0.008649553571428572 0.00723525542644157
194 0.5669642857142857 0.7057662793247095 0.018415178571428572 0.02894102170576628
25 0.5809849330357143 0.6732076299057225 0.013253348214285714 0.016882262661696998
176 0.5490373883928571 0.8001534751151064 0.012137276785714286 0.013374260030695024
102 0.5060686383928571 0.7997149747862311 0.011579241071428572 0.01381276035957027
189 0.4258510044642857 0.8000438500328875 0.019949776785714284 0.011401008550756413
193 0.38783482142857145 0.8000438500328875 0.018415178571428572 0.02894102170576628
196 0.5875418526785714 0.6124753343565008 0.019112723214285716 0.030037272527954396
178 0.6067243303571429 0.5885770664327998 0.008370535714285714 0.01907476430607323
142 0.5274832589285714 0.34071475553606667 0.008649553571428572 0.0131550098662574
176 0.5272739955357143 0.2639771979828985 0.0087890625 0.021486516114887087
175 0.5150669642857143 0.17518088138566104 0.011160714285714286 0.013593510195132646
188 0.5272042410714286 0.38873054154790615 0.017857142857142856 0.010085507564130673
185 0.4229213169642857 0.2470949353212015 0.0068359375 0.03332602499451875
192 0.26988002232142855 0.6749616312212234 0.017717633928571428 0.027406270554702915
185 0.31068638392857145 0.6650953738215304 0.006417410714285714 0.03310677483008112
191 0.24881417410714285 0.8843455382591537 0.011579241071428572 0.018197763648322735
178 0.28857421875 0.7635386976540233 0.008510044642857142 0.02170576627932471
119 0.28397042410714285 0.6407586055689541 0.017717633928571428 0.026529269896952423
142 0.314453125 0.8000438500328875 0.008649553571428572 0.013593510195132646
176 0.35121372767857145 0.7999342249506687 0.012416294642857142 0.01381276035957027
32 0.22698102678571427 0.7989475992106994 0.011997767857142858 0.015786011839508878
195 0.16922433035714285 0.20916465687349264 0.015625 0.02455601841701381
182 0.16929408482142858 0.2792150844113133 0.0087890625 0.01381276035957027
32 0.18275669642857142 0.23613242709932034 0.013392857142857142 0.016224512168384126
185 0.2647181919642857 0.227581670686253 0.006556919642857143 0.03332602499451875
178 0.26088169642857145 0.3000438500328875 0.011997767857142858 0.013374260030695024
119 0.35226004464285715 0.29291821968866477 0.015904017857142856 0.028064021048015787
25 0.14397321428571427 0.9228239421179566 0.013950892857142858 0.017978513483885114
183 0.12562779017857142 0.8966235474676606 0.016880580357142856 0.00986625739969305
187 0.14934430803571427 0.8625301468976102 0.004603794642857143 0.013593510195132646
183 0.08579799107142858 0.3757947818460864 0.016741071428571428 0.010085507564130673
14 0.10365513392857142 0.36209164656873494 0.015066964285714286 0.013374260030695024
191 0.08970424107142858 0.6430607322955493 0.009765625 0.015347511510633634
32 0.09068080357142858 0.7024775268581451 0.009765625 0.02236351677263758
188 0.08970424107142858 0.7535628151721114 0.015904017857142856 0.010085507564130673
176 0.3861607142857143 0.7375575531681648 0.012834821428571428 0.013593510195132646
188 0.40785435267857145 0.7101512826134619 0.013253348214285714 0.010085507564130673
192 0.32840401785714285 0.6428414821311116 0.018415178571428572 0.02894102170576628
188 0.5078822544642857 0.6749616312212234 0.008231026785714286 0.02433676825257619
179 0.2504185267857143 0.5700504275378206 0.011997767857142858 0.02455601841701381
185 0.36209542410714285 0.5267485200613901 0.021623883928571428 0.010304757728568297
32 0.3687220982142857 0.45538259153694366 0.010044642857142858 0.021486516114887087
175 0.27615792410714285 0.424906818680114 0.015485491071428572 0.013593510195132646
177 0.22691127232142858 0.4246875685156764 0.012974330357142858 0.013593510195132646
142 0.6349051339285714 0.674632755974567 0.008928571428571428 0.013593510195132646
119 0.6270926339285714 0.4946283709712782 0.016183035714285716 0.02762552071914054
194 0.5856584821428571 0.48739311554483666 0.01953125 0.030695023021267268
178 0.5028599330357143 0.36209164656873494 0.013811383928571428 0.01381276035957027
175 0.40792410714285715 0.26825257618943216 0.008649553571428572 0.02170576627932471
180 0.47119140625 0.362639771979829 0.012416294642857142 0.0131550098662574
178 0.40792410714285715 0.5271870203902653 0.008649553571428572 0.022144266608199955
193 0.32833426339285715 0.3307388730541548 0.017717633928571428 0.027844770883578163
177 0.32875279017857145 0.27285682964262226 0.0087890625 0.019951764963823723
188 0.35581752232142855 0.1749616312212234 0.007672991071428571 0.021486516114887087
195 0.4281529017857143 0.1749616312212234 0.016183035714285716 0.025433019074764307
142 0.31661551339285715 0.3622012716509537 0.0087890625 0.013593510195132646
189 0.16929408482142858 0.3927866695900022 0.010463169642857142 0.031352773514580136
184 0.17550223214285715 0.4556018417013813 0.021205357142857144 0.010085507564130673
182 0.12960379464285715 0.22319666739750055 0.008928571428571428 0.013593510195132646
188 0.14362444196428573 0.29993422495066874 0.0068359375 0.021486516114887087
183 0.6425083705357143 0.31725498794124096 0.0166015625 0.010085507564130673
185 0.6316266741071429 0.3721771541328656 0.006556919642857143 0.03354527515895637
185 0.5842633928571429 0.3720675290506468 0.006417410714285714 0.033764525323393996
195 0.6465541294642857 0.4576847182635387 0.018833705357142856 0.029598772199079148
60 0.6861746651785714 0.21749616312212233 0.008510044642857142 0.02324051743038807
102 0.6709681919642857 0.17463275597456698 0.013532366071428572 0.01381276035957027
195 0.6862444196428571 0.14327998245998685 0.017020089285714284 0.027844770883578163
60 0.6692940848214286 0.11170795878096909 0.015206473214285714 0.013374260030695024
175 0.6314174107142857 0.11225608419206315 0.014229910714285714 0.013593510195132646
185 0.5457589285714286 0.12223196667397501 0.006417410714285714 0.03310677483008112
63 0.5516880580357143 0.17452313089234817 0.0146484375 0.014032010524007894
176 0.32833426339285715 0.7127822845867134 0.008510044642857142 0.020609515457136594
25 0.32686941964285715 0.5291602718702039 0.011439732142857142 0.019951764963823723
196 0.6465541294642857 0.20686253014689762 0.017438616071428572 0.027844770883578163
186 0.6464146205357143 0.2673755755316817 0.010184151785714286 0.016882262661696998
25 0.6327427455357143 0.4269896952422714 0.011858258928571428 0.017320762990572242
186 0.5858677455357143 0.3001534751151063 0.010463169642857142 0.015786011839508878
25 0.5546177455357143 0.3016882262661697 0.012974330357142858 0.016663012497259374
181 0.4292689732142857 0.29993422495066874 0.015625 0.0131550098662574
177 0.38441685267857145 0.2997149747862311 0.011858258928571428 0.014032010524007894
194 0.12953404017857142 0.7714317035737777 0.017717633928571428 0.027844770883578163
186 0.12946428571428573 0.8336987502740627 0.009765625 0.016882262661696998
177 0.12918526785714285 0.7024775268581451 0.008649553571428572 0.02236351677263758
192 0.12946428571428573 0.6422933567200175 0.018136160714285716 0.028721771541328656
184 0.20277622767857142 0.4499013374260031 0.021065848214285716 0.010085507564130673
60 0.5936104910714286 0.5498794124095593 0.012555803571428572 0.013593510195132646
192 0.5456194196428571 0.5499890374917781 0.017857142857142856 0.028283271212453408
194 0.5069056919642857 0.5499890374917781 0.017996651785714284 0.028283271212453408
178 0.46847098214285715 0.5497697873273405 0.016183035714285716 0.013374260030695024
177 0.6862444196428571 0.6462398596798947 0.008370535714285714 0.020828765621574215
186 0.6863141741071429 0.39322516991887746 0.009626116071428572 0.017320762990572242
181 0.44761439732142855 0.2697873273404955 0.008510044642857142 0.019951764963823723
175 0.44754464285714285 0.21398816049112038 0.008649553571428572 0.018855514141635606
60 0.4478236607142857 0.1531462398596799 0.008649553571428572 0.019513264634948475
177 0.46449497767857145 0.11258495943871957 0.013253348214285714 0.013374260030695024
185 0.45382254464285715 0.31539136154352115 0.021205357142857144 0.010743258057443543
185 0.47879464285714285 0.4151501863626398 0.006417410714285714 0.03310677483008112
179 0.5467354910714286 0.42260469195351896 0.014229910714285714 0.01907476430607323
14 0.5671037946428571 0.2700065775049331 0.008370535714285714 0.020828765621574215
184 0.5731026785714286 0.31846086384564787 0.021484375 0.00986625739969305
187 0.6664341517857143 0.23744792808594606 0.004464285714285714 0.013593510195132646
184 0.7199358258928571 0.21727691295768473 0.021344866071428572 0.010085507564130673
185 0.7200753348214286 0.1502959877219908 0.021623883928571428 0.00986625739969305
63 0.7259347098214286 0.3272308704231528 0.0087890625 0.022144266608199955
119 0.7306082589285714 0.40221442666081997 0.017857142857142856 0.02302126726595045
195 0.72607421875 0.5829861872396405 0.017717633928571428 0.028064021048015787
60 0.20891462053571427 0.33238324928743695 0.008510044642857142 0.017540013155009866
187 0.208984375 0.8937732953299715 0.008649553571428572 0.00723525542644157
187 0.208984375 0.8312869984652489 0.008649553571428572 0.00723525542644157
32 0.20954241071428573 0.7117956588467441 0.009765625 0.02433676825257619
188 0.208984375 0.5708178031133523 0.014508928571428572 0.010743258057443543
63 0.3681640625 0.20795878096908574 0.008649553571428572 0.02302126726595045
182 0.20891462053571427 0.37667178250383687 0.0087890625 0.014032010524007894
178 0.208984375 0.5231308923481692 0.008370535714285714 0.02367901775926332