187 0.10330636160714286 0.11247533435650077 0.004603794642857143 0.013593510195132646
187 0.6507393973214286 0.6123657092742819 0.004603794642857143 0.013593510195132646
187 0.42173549107142855 0.8625301468976102 0.004464285714285714 0.013593510195132646
187 0.11614118303571429 0.5498794124095593 0.004603794642857143 0.013593510195132646
196 0.16929408482142858 0.20927428195571146 0.017717633928571428 0.027844770883578163
102 0.16915457589285715 0.27789958342468757 0.0087890625 0.02039026529269897
192 0.3480747767857143 0.1749616312212234 0.018136160714285716 0.02850252137689103
32 0.30859375 0.17353650515237887 0.014508928571428572 0.016005262003946502
60 0.40771484375 0.15095373821530367 0.008510044642857142 0.018197763648322735
32 0.3936244419642857 0.11126945845209384 0.012974330357142858 0.016005262003946502
190 0.35267857142857145 0.11236570927428195 0.0078125 0.01644376233282175
196 0.40785435267857145 0.20730103047577286 0.017996651785714284 0.028283271212453408
14 0.31396484375 0.23755755316816488 0.014090401785714286 0.013374260030695024
63 0.24874441964285715 0.27647445735584303 0.008370535714285714 0.017978513483885114
142 0.25669642857142855 0.30026310019732516 0.008649553571428572 0.01381276035957027
190 0.24881417410714285 0.2237447928085946 0.010463169642857142 0.01644376233282175
189 0.24881417410714285 0.14152598114448586 0.010463169642857142 0.031352773514580136
195 0.46651785714285715 0.6749616312212234 0.015345982142857142 0.02433676825257619
14 0.4873744419642857 0.5819995614996711 0.008510044642857142 0.016882262661696998
181 0.4696568080357143 0.4877219907914931 0.011300223214285714 0.01381276035957027
179 0.42940848214285715 0.5526200394650296 0.016183035714285716 0.018636263977197982
188 0.24874441964285715 0.6502959877219908 0.010881696428571428 0.013593510195132646
176 0.27267020089285715 0.550098662573997 0.013253348214285714 0.0131550098662574
189 0.31019810267857145 0.5498794124095593 0.019949776785714284 0.01710151282613462
119 0.24407087053571427 0.46546809910107434 0.017717633928571428 0.022802017101512827
63 0.19447544642857142 0.42501644376233283 0.015345982142857142 0.014251260688445516
176 0.24867466517857142 0.7058759044069283 0.008510044642857142 0.023459767594825695
179 0.25048828125 0.8328217496163122 0.011858258928571428 0.02696777022582767
187 0.24874441964285715 0.8937732953299715 0.008649553571428572 0.00723525542644157
180 0.5533621651785714 0.2998245998684499 0.012416294642857142 0.013374260030695024
176 0.5017438616071429 0.3000438500328875 0.012137276785714286 0.013374260030695024
180 0.5671037946428571 0.21672878754659067 0.008649553571428572 0.019513264634948475
190 0.5153459821428571 0.17485200613900462 0.010044642857142858 0.010743258057443543
185 0.46212332589285715 0.18460863845647885 0.006556919642857143 0.03332602499451875
181 0.15164620535714285 0.424906818680114 0.015066964285714286 0.013593510195132646
60 0.11307198660714286 0.3629686472264854 0.0126953125 0.013374260030695024
102 0.11509486607142858 0.4872834904626179 0.013671875 0.01381276035957027
175 0.14571707589285715 0.4876123657092743 0.015764508928571428 0.013593510195132646
186 0.16915457589285715 0.5834246875685157 0.009347098214285714 0.017978513483885114
14 0.22272600446428573 0.6123657092742819 0.015206473214285714 0.013593510195132646
193 0.48744419642857145 0.7678140758605569 0.018694196428571428 0.029379522034641527
184 0.46512276785714285 0.7473141854856391 0.006696428571428571 0.03310677483008112
184 0.49365234375 0.8866476649857488 0.021065848214285716 0.010085507564130673
175 0.42410714285714285 0.9247971935978953 0.014787946428571428 0.013593510195132646
196 0.50927734375 0.7374479280859461 0.017717633928571428 0.027844770883578163
188 0.6465541294642857 0.9015566761675071 0.017717633928571428 0.013593510195132646
190 0.5196707589285714 0.6124753343565008 0.008649553571428572 0.015566761675071256
192 0.20905412946428573 0.7049989037491778 0.017717633928571428 0.027844770883578163
181 0.208984375 0.6434992326244244 0.008370535714285714 0.02367901775926332
142 0.30538504464285715 0.6750712563034422 0.008091517857142858 0.013593510195132646
195 0.38888113839285715 0.6749616312212234 0.017717633928571428 0.02696777022582767
176 0.42368861607142855 0.6749616312212234 0.015066964285714286 0.013374260030695024
188 0.6465541294642857 0.5037272527954396 0.014927455357142858 0.00986625739969305
25 0.625 0.4891471168603376 0.015066964285714286 0.01710151282613462
178 0.60693359375 0.7753782065336549 0.008510044642857142 0.023898267923700943
184 0.6402762276785714 0.4691953518965139 0.021065848214285716 0.010085507564130673
191 0.5795200892857143 0.36242052181539136 0.012276785714285714 0.019294014470510854
175 0.6248604910714286 0.23744792808594606 0.011439732142857142 0.013593510195132646
195 0.646484375 0.33424687568515676 0.015625 0.024775268581451435
142 0.5147879464285714 0.36242052181539136 0.008928571428571428 0.013593510195132646
189 0.42752511160714285 0.42501644376233283 0.019949776785714284 0.01644376233282175
60 0.38525390625 0.362639771979829 0.014927455357142858 0.013593510195132646
32 0.32896205357142855 0.14996711247533437 0.009765625 0.02367901775926332
195 0.32833426339285715 0.20795878096908574 0.014927455357142858 0.02433676825257619
176 0.12960379464285715 0.1399912299934225 0.008649553571428572 0.01907476430607323
196 0.12953404017857142 0.20883578162683622 0.017717633928571428 0.027844770883578163
188 0.12946428571428573 0.32766937075202807 0.011439732142857142 0.012935759701819776
14 0.12939453125 0.39026529269896953 0.0087890625 0.020171015128261346
180 0.60693359375 0.3926770445077834 0.0087890625 0.019294014470510854
183 0.6026785714285714 0.34159175619381715 0.016462053571428572 0.01052400789300592
177 0.546875 0.550098662573997 0.015066964285714286 0.013593510195132646
25 0.5147181919642857 0.5515237886428415 0.014090401785714286 0.016882262661696998
176 0.4478236607142857 0.5907695680771761 0.008649553571428572 0.02433676825257619
175 0.4478236607142857 0.6341811006358254 0.008649553571428572 0.019951764963823723
60 0.2885044642857143 0.2566323174742381 0.008649553571428572 0.01775926331944749
183 0.29248046875 0.3363297522473142 0.0166015625 0.010085507564130673
189 0.31019810267857145 0.36242052181539136 0.019949776785714284 0.012716509537382154
189 0.34995814732142855 0.3622012716509537 0.019949776785714284 0.015786011839508878
195 0.32833426339285715 0.5795878096908572 0.017717633928571428 0.027844770883578163
182 0.32826450892857145 0.4030914273185705 0.008649553571428572 0.013374260030695024
195 0.6465541294642857 0.20653365490024117 0.017996651785714284 0.028064021048015787
185 0.5565011160714286 0.2470949353212015 0.006417410714285714 0.03332602499451875
192 0.26834542410714285 0.6124753343565008 0.017717633928571428 0.027844770883578163
142 0.23618861607142858 0.8000438500328875 0.008928571428571428 0.013593510195132646
190 0.28857421875 0.5667616750712563 0.011021205357142858 0.010085507564130673
185 0.29917689732142855 0.47785573339180004 0.006556919642857143 0.03354527515895637
195 0.32833426339285715 0.8926770445077834 0.0146484375 0.02433676825257619
188 0.32833426339285715 0.7624424468318352 0.0126953125 0.012058759044069283
189 0.3067103794642857 0.7374479280859461 0.019949776785714284 0.014251260688445516
189 0.34877232142857145 0.8624205218153914 0.020089285714285716 0.01644376233282175
193 0.32833426339285715 0.7047796535847402 0.017717633928571428 0.027844770883578163
176 0.40792410714285715 0.46119272089454066 0.008370535714285714 0.021267265950449463
179 0.5009765625 0.6723306292479719 0.015066964285714286 0.018636263977197982
63 0.5465959821428571 0.6749616312212234 0.01171875 0.013374260030695024
32 0.13016183035714285 0.5882481911861434 0.010044642857142858 0.022802017101512827
185 0.26339285714285715 0.7276912957684718 0.006417410714285714 0.03332602499451875
178 0.4476841517857143 0.3225169918877439 0.008649553571428572 0.0197325147993861
189 0.44761439732142855 0.39454067090550315 0.008231026785714286 0.031352773514580136
185 0.3378208705357143 0.4347730760798071 0.0068359375 0.03332602499451875
178 0.625 0.17518088138566104 0.012276785714285714 0.013593510195132646
32 0.6866629464285714 0.2727472045604034 0.010044642857142858 0.020609515457136594
192 0.6863141741071429 0.39410217057662794 0.019112723214285716 0.030037272527954396
190 0.6808035714285714 0.48739311554483666 0.006417410714285714 0.015786011839508878
175 0.5864955357142857 0.1749616312212234 0.011997767857142858 0.0131550098662574
187 0.32833426339285715 0.33117737338303005 0.008510044642857142 0.00723525542644157
187 0.16922433035714285 0.7062047796535847 0.008649553571428572 0.007016005262003947