187 0.12946428571428573 0.2254987941240956 0.008649553571428572 0.00723525542644157
187 0.12946428571428573 0.700833150624863 0.008649553571428572 0.00723525542644157
187 0.2885044642857143 0.9063801797851349 0.008649553571428572 0.007016005262003947
187 0.14892578125 0.8000438500328875 0.004603794642857143 0.013593510195132646
187 0.5669642857142857 0.8192282394211796 0.008649553571428572 0.00723525542644157
187 0.16922433035714285 0.6006358254768691 0.008649553571428572 0.00723525542644157
187 0.6630161830357143 0.1749616312212234 0.004603794642857143 0.013593510195132646
194 0.20905412946428573 0.4577943433457575 0.017717633928571428 0.028064021048015787
25 0.21023995535714285 0.5086603814952861 0.010881696428571428 0.017978513483885114
25 0.18610491071428573 0.5517430388072792 0.015345982142857142 0.016882262661696998
32 0.23416573660714285 0.4232624424468318 0.014369419642857142 0.01644376233282175
63 0.7262137276785714 0.6498574873931156 0.0087890625 0.019294014470510854
119 0.7214704241071429 0.5286121464591098 0.017717633928571428 0.020609515457136594
176 0.7002650669642857 0.424906818680114 0.012137276785714286 0.0131550098662574
142 0.7260044642857143 0.8216399912299934 0.008649553571428572 0.014251260688445516
190 0.7162388392857143 0.9250164437623328 0.007254464285714286 0.01710151282613462
142 0.6755022321428571 0.924906818680114 0.008649553571428572 0.01381276035957027
178 0.5863560267857143 0.924906818680114 0.015625 0.013374260030695024
177 0.12932477678571427 0.27176057882043414 0.008649553571428572 0.02170576627932471
102 0.11579241071428571 0.3627493970620478 0.013950892857142858 0.013374260030695024
176 0.18429129464285715 0.2376671782503837 0.014787946428571428 0.013593510195132646
182 0.267578125 0.23744792808594606 0.008928571428571428 0.01447051085288314
119 0.13413783482142858 0.3993641745231309 0.017717633928571428 0.021267265950449463
189 0.12953404017857142 0.4577943433457575 0.010463169642857142 0.031572023679017756
60 0.14153180803571427 0.4872834904626179 0.013532366071428572 0.013374260030695024
142 0.5920758928571429 0.3627493970620478 0.008928571428571428 0.01381276035957027
187 0.5470842633928571 0.1749616312212234 0.004603794642857143 0.013593510195132646
187 0.46756417410714285 0.23744792808594606 0.004603794642857143 0.013593510195132646
102 0.5096958705357143 0.17518088138566104 0.011021205357142858 0.013593510195132646
193 0.46644810267857145 0.17485200613900462 0.017717633928571428 0.027406270554702915
183 0.15743582589285715 0.3563911422933567 0.006277901785714286 0.026529269896952423
32 0.23381696428571427 0.29828984871738656 0.016741071428571428 0.016005262003946502
60 0.22928292410714285 0.4876123657092743 0.0126953125 0.013593510195132646
175 0.2734375 0.48717386538039903 0.013113839285714286 0.013593510195132646
195 0.28857421875 0.5184170138127604 0.015206473214285714 0.02433676825257619
178 0.2886439732142857 0.7113571585178688 0.008649553571428572 0.022582766937075203
188 0.6649693080357143 0.424906818680114 0.008231026785714286 0.020609515457136594
184 0.5209263392857143 0.3375356281517211 0.021205357142857144 0.010304757728568297
183 0.5233677455357143 0.2837097127822846 0.016880580357142856 0.01052400789300592
14 0.72607421875 0.39804867353650514 0.0087890625 0.022144266608199955
196 0.72607421875 0.32942337206752903 0.017438616071428572 0.027844770883578163
142 0.6778738839285714 0.29993422495066874 0.009207589285714286 0.013593510195132646
178 0.40785435267857145 0.7144266608199956 0.008510044642857142 0.021267265950449463
119 0.4032505580357143 0.639662354746766 0.017717633928571428 0.027844770883578163
181 0.3681640625 0.4576847182635387 0.008649553571428572 0.023898267923700943
186 0.44754464285714285 0.39519842139881606 0.009207589285714286 0.018197763648322735
119 0.12493024553571429 0.5841920631440474 0.017438616071428572 0.026090769568077175
142 0.154296875 0.5495505371629029 0.008091517857142858 0.014251260688445516
188 0.12946428571428573 0.5224731418548564 0.011439732142857142 0.011401008550756413
176 0.14348493303571427 0.424906818680114 0.014927455357142858 0.014032010524007894
175 0.19391741071428573 0.36285902214426663 0.012834821428571428 0.013593510195132646
190 0.24874441964285715 0.4117518088138566 0.007254464285714286 0.012716509537382154
142 0.30287388392857145 0.362639771979829 0.008649553571428572 0.014032010524007894
191 0.34242466517857145 0.8624205218153914 0.011300223214285714 0.01775926331944749
14 0.3681640625 0.9013374260030695 0.008649553571428572 0.019294014470510854
177 0.3895786830357143 0.9252356939267704 0.014369419642857142 0.013593510195132646
182 0.42068917410714285 0.9252356939267704 0.008510044642857142 0.014032010524007894
175 0.5052315848214286 0.9246875685156764 0.014369419642857142 0.01381276035957027
195 0.5476422991071429 0.924906818680114 0.017717633928571428 0.027844770883578163
179 0.3300083705357143 0.3243806182854637 0.011858258928571428 0.023898267923700943
186 0.4301060267857143 0.1747423810567858 0.010881696428571428 0.014909011181758386
180 0.42801339285714285 0.36209164656873494 0.013392857142857142 0.01381276035957027
25 0.2650669642857143 0.8017978513483885 0.013113839285714286 0.01710151282613462
14 0.22991071428571427 0.8000438500328875 0.01171875 0.0131550098662574
176 0.24895368303571427 0.7012716509537382 0.008510044642857142 0.02302126726595045
180 0.24874441964285715 0.5179785134838851 0.008370535714285714 0.017320762990572242
102 0.6465541294642857 0.33117737338303005 0.008510044642857142 0.01907476430607323
183 0.6346958705357143 0.24369655777241833 0.0068359375 0.026090769568077175
175 0.40792410714285715 0.39070379302784475 0.008649553571428572 0.021486516114887087
189 0.40792410714285715 0.32887524665643497 0.008649553571428572 0.031572023679017756
184 0.40150669642857145 0.2704450778338084 0.020926339285714284 0.00986625739969305
187 0.38797433035714285 0.23744792808594606 0.004464285714285714 0.013593510195132646
182 0.31689453125 0.23722867792150845 0.0087890625 0.013593510195132646
184 0.35030691964285715 0.8098004823503617 0.006417410714285714 0.03310677483008112
119 0.32386997767857145 0.713659285244464 0.017438616071428572 0.021486516114887087
176 0.3285435267857143 0.6428414821311116 0.008649553571428572 0.021925016443762334
187 0.32833426339285715 0.5812321859241394 0.008510044642857142 0.007016005262003947
192 0.30796595982142855 0.48739311554483666 0.017717633928571428 0.02762552071914054
176 0.44740513392857145 0.6464591098443324 0.008649553571428572 0.023459767594825695
142 0.44754464285714285 0.5872615654461741 0.008928571428571428 0.013374260030695024
25 0.36704799107142855 0.3994737996053497 0.010044642857142858 0.021486516114887087
182 0.3681640625 0.6311115983336988 0.008649553571428572 0.013374260030695024
14 0.28857421875 0.3406051304538478 0.008510044642857142 0.01775926331944749
25 0.2694614955357143 0.3017978513483885 0.0107421875 0.017320762990572242
192 0.20905412946428573 0.33315062486296865 0.019112723214285716 0.030037272527954396
191 0.4476841517857143 0.27099320324490245 0.012276785714285714 0.019294014470510854
181 0.431640625 0.23755755316816488 0.015345982142857142 0.013374260030695024
192 0.48744419642857145 0.2705547029160272 0.018415178571428572 0.02894102170576628
25 0.5113002232142857 0.29850909888182414 0.014508928571428572 0.017320762990572242
63 0.5406668526785714 0.2997149747862311 0.014090401785714286 0.0131550098662574
182 0.5671735491071429 0.691515018636264 0.0087890625 0.013593510195132646
186 0.5073939732142857 0.6749616312212234 0.010881696428571428 0.015566761675071256
192 0.42640904017857145 0.6749616312212234 0.017717633928571428 0.027844770883578163
185 0.39467075892857145 0.6848278886209165 0.006417410714285714 0.03310677483008112
32 0.5471540178571429 0.7362420521815392 0.012834821428571428 0.015786011839508878
178 0.5099748883928571 0.7373383030037273 0.012974330357142858 0.013593510195132646
192 0.46700613839285715 0.7374479280859461 0.017717633928571428 0.02696777022582767
185 0.6924525669642857 0.3205437404078053 0.021344866071428572 0.010085507564130673
185 0.08342633928571429 0.4652488489366367 0.021205357142857144 0.010085507564130673
184 0.08349609375 0.4086823065117299 0.021344866071428572 0.010085507564130673
190 0.5669642857142857 0.3984871738653804 0.010044642857142858 0.012058759044069283
191 0.6863141741071429 0.4623985967989476 0.012416294642857142 0.0197325147993861