187 0.13413783482142858 0.8000438500328875 0.004603794642857143 0.013593510195132646
187 0.24874441964285715 0.5591975443981583 0.008649553571428572 0.00723525542644157
187 0.29666573660714285 0.29993422495066874 0.004603794642857143 0.013593510195132646
187 0.29568917410714285 0.8625301468976102 0.004603794642857143 0.013593510195132646
187 0.48744419642857145 0.8714097785573339 0.008649553571428572 0.00723525542644157
187 0.6862444196428571 0.13703135277351458 0.008649553571428572 0.007016005262003947
187 0.10665457589285714 0.23744792808594606 0.004603794642857143 0.013593510195132646
181 0.32833426339285715 0.21080903310677482 0.008510044642857142 0.022582766937075203
142 0.32826450892857145 0.38105678579258934 0.008649553571428572 0.0131550098662574
192 0.32833426339285715 0.4568077176057882 0.017159598214285716 0.027844770883578163
175 0.5667550223214286 0.2058759044069283 0.008510044642857142 0.021925016443762334
63 0.5488978794642857 0.2377768033326025 0.011021205357142858 0.013374260030695024
142 0.5667550223214286 0.28151721113790834 0.008510044642857142 0.0131550098662574
60 0.5528738839285714 0.17507125630344222 0.012276785714285714 0.013374260030695024
190 0.5022321428571429 0.29993422495066874 0.010044642857142858 0.012716509537382154
60 0.46805245535714285 0.29993422495066874 0.012555803571428572 0.0131550098662574
142 0.40799386160714285 0.2743915807936856 0.0087890625 0.013374260030695024
183 0.4038783482142857 0.19008989256741943 0.016462053571428572 0.010085507564130673
192 0.34828404017857145 0.8624205218153914 0.017717633928571428 0.026529269896952423
32 0.38853236607142855 0.8614338960754221 0.012834821428571428 0.015347511510633634
182 0.42647879464285715 0.8625301468976102 0.008370535714285714 0.013593510195132646
189 0.32833426339285715 0.7056566542424907 0.007393973214285714 0.031352773514580136
180 0.30350167410714285 0.6123657092742819 0.013811383928571428 0.013593510195132646
63 0.28871372767857145 0.5753124314843236 0.009068080357142858 0.02367901775926332
183 0.2845982142857143 0.5280640210480158 0.016741071428571428 0.010743258057443543
193 0.28857421875 0.45461521596141197 0.017438616071428572 0.027844770883578163
181 0.30210658482142855 0.36231089673317257 0.011579241071428572 0.013374260030695024
192 0.28857421875 0.6427318570488928 0.017438616071428572 0.027844770883578163
142 0.22049386160714285 0.7998245998684499 0.008510044642857142 0.013593510195132646
119 0.19287109375 0.8066213549660163 0.014927455357142858 0.02850252137689103
185 0.31117466517857145 0.7903968427976321 0.006277901785714286 0.033764525323393996
25 0.35037667410714285 0.7982898487173865 0.013532366071428572 0.01710151282613462
179 0.42613002232142855 0.7973032229774172 0.014090401785714286 0.018636263977197982
189 0.44761439732142855 0.8336987502740627 0.010463169642857142 0.031352773514580136
177 0.208984375 0.3301907476430607 0.008370535714285714 0.02324051743038807
177 0.18931361607142858 0.36231089673317257 0.010323660714285714 0.013374260030695024
195 0.14927455357142858 0.36242052181539136 0.018694196428571428 0.029379522034641527
178 0.18422154017857142 0.424906818680114 0.014369419642857142 0.013593510195132646
192 0.14850725446428573 0.424906818680114 0.017717633928571428 0.02718702039026529
119 0.11021205357142858 0.4320324490243368 0.014787946428571428 0.027406270554702915
193 0.24881417410714285 0.3927866695900022 0.017438616071428572 0.027844770883578163
179 0.26255580357142855 0.35967989475992107 0.015625 0.018636263977197982
188 0.22586495535714285 0.48739311554483666 0.007254464285714286 0.019294014470510854
191 0.10993303571428571 0.48750274062705545 0.012834821428571428 0.019951764963823723
192 0.08970424107142858 0.4538478403858803 0.017857142857142856 0.028064021048015787
196 0.6067243303571429 0.8920192940144706 0.017578125 0.027844770883578163
190 0.5995396205357143 0.8625301468976102 0.009068080357142858 0.014909011181758386
102 0.5510602678571429 0.8623108967331725 0.013392857142857142 0.0131550098662574
192 0.48744419642857145 0.1411971058978294 0.018694196428571428 0.029379522034641527
60 0.34779575892857145 0.11247533435650077 0.012276785714285714 0.014032010524007894
191 0.6067243303571429 0.5298180223635168 0.011439732142857142 0.01775926331944749
179 0.6278599330357143 0.4846524884893664 0.017438616071428572 0.018636263977197982
178 0.66650390625 0.4872834904626179 0.014927455357142858 0.013374260030695024
187 0.6067243303571429 0.7062047796535847 0.008649553571428572 0.007016005262003947
63 0.6284877232142857 0.8624205218153914 0.013392857142857142 0.013374260030695024
192 0.66748046875 0.8624205218153914 0.017717633928571428 0.027406270554702915
175 0.6065848214285714 0.46009647007235255 0.008649553571428572 0.017320762990572242
192 0.5865652901785714 0.29993422495066874 0.017717633928571428 0.026748520061390047
191 0.48744419642857145 0.6328655996491998 0.013950892857142858 0.02170576627932471
175 0.5127650669642857 0.6123657092742819 0.012137276785714286 0.013593510195132646
187 0.46756417410714285 0.48739311554483666 0.004603794642857143 0.013593510195132646
60 0.435546875 0.48739311554483666 0.013671875 0.0131550098662574
14 0.20884486607142858 0.2773514580135935 0.008649553571428572 0.019294014470510854
180 0.208984375 0.20653365490024117 0.008370535714285714 0.02367901775926332
194 0.22956194196428573 0.17485200613900462 0.017996651785714284 0.028283271212453408
186 0.6627371651785714 0.23744792808594606 0.011300223214285714 0.015347511510633634
102 0.46463448660714285 0.2376671782503837 0.010463169642857142 0.013593510195132646
63 0.5048130580357143 0.17507125630344222 0.013532366071428572 0.01381276035957027
194 0.5272042410714286 0.3965139223854418 0.018136160714285716 0.028721771541328656
186 0.5500139508928571 0.424906818680114 0.010184151785714286 0.015347511510633634
185 0.7322823660714286 0.8844551633413725 0.021205357142857144 0.01052400789300592
185 0.7084263392857143 0.9348827011620259 0.006417410714285714 0.0328875246656435
193 0.6653878348214286 0.9250164437623328 0.017717633928571428 0.02762552071914054
194 0.7260044642857143 0.8287656215742162 0.018415178571428572 0.02894102170576628
14 0.7262834821428571 0.7046700285025214 0.008928571428571428 0.02104801578601184
189 0.7260044642857143 0.6425126068844552 0.008649553571428572 0.031352773514580136
186 0.72607421875 0.5131550098662574 0.010184151785714286 0.017320762990572242
192 0.72607421875 0.3309581232185924 0.017159598214285716 0.027844770883578163
195 0.10972377232142858 0.36242052181539136 0.018275669642857144 0.02850252137689103
184 0.14773995535714285 0.2901775926331945 0.006417410714285714 0.03354527515895637
196 0.3472377232142857 0.29993422495066874 0.018694196428571428 0.029379522034641527
195 0.26736886160714285 0.17485200613900462 0.0166015625 0.026090769568077175
192 0.34988839285714285 0.1749616312212234 0.018415178571428572 0.02894102170576628
178 0.5272739955357143 0.15073448805086603 0.008510044642857142 0.02039026529269897
191 0.42843191964285715 0.23744792808594606 0.012276785714285714 0.019294014470510854
193 0.6261858258928571 0.6123657092742819 0.017717633928571428 0.02718702039026529
185 0.6800362723214286 0.4459548344661258 0.021065848214285716 0.010085507564130673
60 0.6864536830357143 0.3897171672878755 0.008510044642857142 0.022582766937075203
119 0.6703404017857143 0.36976540232405175 0.015904017857142856 0.027844770883578163
119 0.6418805803571429 0.3269019951764964 0.017578125 0.024117518088138567
142 0.6861746651785714 0.6985310238982679 0.0087890625 0.012716509537382154
102 0.6637137276785714 0.7999342249506687 0.011858258928571428 0.01381276035957027
181 0.36802455357142855 0.2568515676386757 0.008649553571428572 0.020828765621574215
102 0.27364676339285715 0.6748520061390046 0.015206473214285714 0.013593510195132646
32 0.13023158482142858 0.40265292698969524 0.009905133928571428 0.02170576627932471
60 0.18889508928571427 0.1749616312212234 0.013113839285714286 0.0131550098662574
187 0.46756417410714285 0.8000438500328875 0.004603794642857143 0.013593510195132646
32 0.5274832589285714 0.8199956149967113 0.009765625 0.025433019074764307
195 0.5272042410714286 0.8955272966454725 0.018136160714285716 0.028721771541328656
189 0.5475027901785714 0.9250164437623328 0.019949776785714284 0.013593510195132646
178 0.5885184151785714 0.9251260688445516 0.011858258928571428 0.01381276035957027
60 0.40799386160714285 0.7793247094935322 0.009068080357142858 0.018636263977197982
177 0.40799386160714285 0.6465687349265512 0.008510044642857142 0.019294014470510854
63 0.4702845982142857 0.6124753343565008 0.010881696428571428 0.01381276035957027
196 0.5850306919642857 0.424906818680114 0.018275669642857144 0.02850252137689103
188 0.12946428571428573 0.3244902433676825 0.01171875 0.013593510195132646
32 0.12995256696428573 0.4580135935101951 0.009905133928571428 0.021486516114887087
181 0.72607421875 0.26989695242271433 0.008510044642857142 0.01841701381276036
188 0.7108677455357143 0.23744792808594606 0.007672991071428571 0.020609515457136594
195 0.5885184151785714 0.48750274062705545 0.017996651785714284 0.028283271212453408
142 0.30712890625 0.42534531900898925 0.007672991071428571 0.013593510195132646
181 0.27650669642857145 0.4247971935978952 0.015066964285714286 0.013374260030695024
60 0.22837611607142858 0.42501644376233283 0.015066964285714286 0.013374260030695024