187 0.6704799107142857 0.6123657092742819 0.004464285714285714 0.013593510195132646
187 0.208984375 0.9171234378425784 0.008649553571428572 0.007016005262003947
187 0.7260044642857143 0.12135496601622452 0.008649553571428572 0.00723525542644157
187 0.5272042410714286 0.8365490024117518 0.008649553571428572 0.00723525542644157
187 0.2885044642857143 0.5758605568954177 0.008649553571428572 0.00723525542644157
187 0.24874441964285715 0.13648322736242052 0.008649553571428572 0.00723525542644157
187 0.16922433035714285 0.2191405393554045 0.008649553571428572 0.00723525542644157
187 0.4476841517857143 0.12650734488050866 0.008649553571428572 0.007016005262003947
187 0.08970424107142858 0.907476430607323 0.008649553571428572 0.007016005262003947
187 0.45472935267857145 0.8625301468976102 0.004603794642857143 0.013593510195132646
14 0.3955775669642857 0.36253014689761015 0.012974330357142858 0.013374260030695024
190 0.4476841517857143 0.3874150405612804 0.007254464285714286 0.012278009208506906
32 0.5470145089285714 0.42381056785792587 0.014508928571428572 0.015786011839508878
194 0.42661830357142855 0.48750274062705545 0.017857142857142856 0.028283271212453408
185 0.4139927455357143 0.518636263977198 0.021344866071428572 0.010304757728568297
186 0.3856724330357143 0.5503179127384346 0.011300223214285714 0.015786011839508878
192 0.5669642857142857 0.5188555141416356 0.018973214285714284 0.029598772199079148
14 0.42320033482142855 0.4246875685156764 0.011300223214285714 0.0131550098662574
175 0.5823800223214286 0.23722867792150845 0.0107421875 0.013593510195132646
176 0.6270926339285714 0.23733830300372724 0.012276785714285714 0.013374260030695024
194 0.208984375 0.8307388730541548 0.018136160714285716 0.02850252137689103
178 0.18722098214285715 0.7997149747862311 0.014229910714285714 0.01381276035957027
192 0.20905412946428573 0.7679237009427757 0.017717633928571428 0.027844770883578163
176 0.22886439732142858 0.6124753343565008 0.012974330357142858 0.013374260030695024
176 0.23367745535714285 0.5497697873273405 0.015625 0.013374260030695024
102 0.7260044642857143 0.2180442885332164 0.008649553571428572 0.025213768910326683
190 0.5588030133928571 0.23733830300372724 0.007393973214285714 0.01644376233282175
185 0.7322823660714286 0.31308923481692613 0.021205357142857144 0.010085507564130673
179 0.7277483258928571 0.4614119710589783 0.011858258928571428 0.024775268581451435
14 0.7262137276785714 0.520938390703793 0.008510044642857142 0.019294014470510854
180 0.7072405133928571 0.5497697873273405 0.0126953125 0.013374260030695024
178 0.5494559151785714 0.5498794124095593 0.014927455357142858 0.0131550098662574
181 0.47328404017857145 0.5502082876562158 0.011021205357142858 0.013374260030695024
14 0.08984375 0.708945406709055 0.008649553571428572 0.018636263977197982
185 0.14229910714285715 0.7901775926331944 0.006417410714285714 0.03332602499451875
142 0.23416573660714285 0.7373383030037273 0.0087890625 0.014032010524007894
195 0.24881417410714285 0.708397281297961 0.015764508928571428 0.02455601841701381
32 0.26381138392857145 0.6736461302345976 0.015625 0.01644376233282175
193 0.30991908482142855 0.6749616312212234 0.017717633928571428 0.02696777022582767
183 0.34500558035714285 0.5436307827230871 0.006417410714285714 0.026090769568077175
14 0.3680943080357143 0.3992545494409121 0.0087890625 0.024117518088138567
190 0.3217075892857143 0.1749616312212234 0.006417410714285714 0.015786011839508878
179 0.24714006696428573 0.6440473580355185 0.012137276785714286 0.020828765621574215
193 0.24874441964285715 0.770664327998246 0.018415178571428572 0.02894102170576628
184 0.16315569196428573 0.5656654242490682 0.021344866071428572 0.010085507564130673
63 0.18582589285714285 0.5498794124095593 0.013113839285714286 0.0131550098662574
14 0.6466238839285714 0.5791493093619821 0.008649553571428572 0.02302126726595045
193 0.646484375 0.516334137250603 0.018136160714285716 0.02850252137689103
190 0.5228097098214286 0.7374479280859461 0.009068080357142858 0.014251260688445516
14 0.47056361607142855 0.7374479280859461 0.014229910714285714 0.013374260030695024
176 0.08956473214285714 0.5100855075641306 0.008649553571428572 0.019513264634948475
195 0.11104910714285714 0.48739311554483666 0.015625 0.02455601841701381
25 0.18561662946428573 0.4859679894759921 0.013532366071428572 0.016005262003946502
181 0.20905412946428573 0.5258715194036395 0.008510044642857142 0.024775268581451435
186 0.08970424107142858 0.3270116202587152 0.010044642857142858 0.016882262661696998
195 0.16922433035714285 0.2658408243806183 0.017020089285714284 0.027844770883578163
195 0.19084821428571427 0.23744792808594606 0.015904017857142856 0.02499451874588906
25 0.20779854910714285 0.13593510195132646 0.0107421875 0.018855514141635606
185 0.15862165178571427 0.12223196667397501 0.006417410714285714 0.03310677483008112
192 0.3680943080357143 0.6451436088577066 0.017996651785714284 0.028283271212453408
190 0.35707310267857145 0.7375575531681648 0.009905133928571428 0.011401008550756413
188 0.30454799107142855 0.7374479280859461 0.007254464285714286 0.017320762990572242
186 0.12960379464285715 0.6451436088577066 0.009207589285714286 0.01775926331944749
195 0.5272042410714286 0.704341153255865 0.017857142857142856 0.027844770883578163
187 0.50732421875 0.6749616312212234 0.004603794642857143 0.013374260030695024
187 0.4278041294642857 0.6749616312212234 0.004603794642857143 0.013374260030695024
196 0.5272042410714286 0.6431703573777681 0.017857142857142856 0.028283271212453408
195 0.5272042410714286 0.5185266388949792 0.017857142857142856 0.028064021048015787
196 0.24874441964285715 0.2059855294891471 0.018415178571428572 0.028721771541328656
188 0.23828125 0.23733830300372724 0.008649553571428572 0.027844770883578163
185 0.2822963169642857 0.5233501425126069 0.021065848214285716 0.010085507564130673
175 0.22272600446428573 0.48750274062705545 0.012416294642857142 0.013374260030695024
175 0.16908482142857142 0.5202806402104801 0.008649553571428572 0.02236351677263758
175 0.271484375 0.3001534751151063 0.013113839285714286 0.014032010524007894
193 0.3896484375 0.1749616312212234 0.018415178571428572 0.02894102170576628
188 0.18994140625 0.36242052181539136 0.008231026785714286 0.02367901775926332
175 0.3124302455357143 0.36253014689761015 0.015485491071428572 0.013374260030695024
175 0.44740513392857145 0.20620477965358475 0.008928571428571428 0.01775926331944749
185 0.16294642857142858 0.7174961631221224 0.020926339285714284 0.00986625739969305
32 0.4297572544642857 0.5484542863407148 0.014090401785714286 0.016005262003946502
14 0.38643973214285715 0.2376671782503837 0.014229910714285714 0.013593510195132646
195 0.12953404017857142 0.7039026529269897 0.0166015625 0.026090769568077175
14 0.4478236607142857 0.7109186581889937 0.008649553571428572 0.01775926331944749
196 0.38685825892857145 0.6749616312212234 0.018694196428571428 0.029160271870203903
177 0.40799386160714285 0.45198421398816047 0.008510044642857142 0.023898267923700943
60 0.12946428571428573 0.3955272966454725 0.008370535714285714 0.01841701381276036
32 0.1298828125 0.4537382153036615 0.009765625 0.022582766937075203
196 0.12946428571428573 0.5215961411971058 0.018415178571428572 0.02894102170576628
25 0.11153738839285714 0.5517430388072792 0.011300223214285714 0.016882262661696998
189 0.12946428571428573 0.2693488270116203 0.007254464285714286 0.031352773514580136
32 0.44845145089285715 0.5782723087042315 0.009905133928571428 0.018197763648322735
189 0.32833426339285715 0.5176496382372286 0.009068080357142858 0.031572023679017756