187 0.208984375 0.6477746108309581 0.008649553571428572 0.00723525542644157
187 0.11063058035714286 0.9250164437623328 0.004464285714285714 0.013593510195132646
187 0.5179966517857143 0.36242052181539136 0.004464285714285714 0.013593510195132646
187 0.6067243303571429 0.1917342688007016 0.008649553571428572 0.00723525542644157
187 0.11732700892857142 0.36242052181539136 0.004464285714285714 0.013593510195132646
187 0.5335518973214286 0.9250164437623328 0.004603794642857143 0.013593510195132646
187 0.09549386160714286 0.11247533435650077 0.004603794642857143 0.013593510195132646
187 0.6995675223214286 0.8625301468976102 0.004603794642857143 0.013593510195132646
187 0.646484375 0.7085069063801798 0.008649553571428572 0.00723525542644157
187 0.5669642857142857 0.201381276035957 0.008649553571428572 0.00723525542644157
187 0.5272042410714286 0.7286779215084411 0.008649553571428572 0.00723525542644157
187 0.1748046875 0.9250164437623328 0.004464285714285714 0.013593510195132646
142 0.2275390625 0.6123657092742819 0.008091517857142858 0.013593510195132646
191 0.20905412946428573 0.5776145582109187 0.010184151785714286 0.016005262003946502
192 0.20905412946428573 0.5165533874150405 0.018833705357142856 0.029818022363516772
195 0.208984375 0.4538478403858803 0.018136160714285716 0.02850252137689103
192 0.18826729910714285 0.42501644376233283 0.017717633928571428 0.027844770883578163
178 0.3075474330357143 0.5495505371629029 0.012137276785714286 0.013374260030695024
182 0.5272042410714286 0.40561280420960316 0.009207589285714286 0.013593510195132646
180 0.5271344866071429 0.32196886647664985 0.008510044642857142 0.02039026529269897
195 0.50634765625 0.23733830300372724 0.015485491071428572 0.023898267923700943
102 0.42696707589285715 0.23733830300372724 0.012974330357142858 0.013374260030695024
178 0.12960379464285715 0.8851129138346854 0.008649553571428572 0.02367901775926332
175 0.20884486607142858 0.8406051304538479 0.008649553571428572 0.02455601841701381
63 0.20891462053571427 0.7685814514360886 0.0087890625 0.022582766937075203
194 0.10888671875 0.8624205218153914 0.017717633928571428 0.027844770883578163
175 0.08963448660714286 0.8330409997807499 0.008510044642857142 0.022582766937075203
185 0.08328683035714286 0.6513922385441789 0.020926339285714284 0.01052400789300592
102 0.08970424107142858 0.5843016882262662 0.008649553571428572 0.019294014470510854
177 0.08977399553571429 0.4502302126726595 0.009068080357142858 0.02170576627932471
192 0.11111886160714286 0.42501644376233283 0.017717633928571428 0.027844770883578163
188 0.40792410714285715 0.21903091427318572 0.010881696428571428 0.01052400789300592
187 0.40792410714285715 0.26869107651830737 0.008649553571428572 0.00723525542644157
60 0.39034598214285715 0.2993860995395747 0.012834821428571428 0.013374260030695024
195 0.30740792410714285 0.29993422495066874 0.017996651785714284 0.028064021048015787
194 0.16922433035714285 0.7663889497917123 0.018694196428571428 0.029160271870203903
179 0.16755022321428573 0.7125630344222759 0.01171875 0.02499451874588906
181 0.18352399553571427 0.6124753343565008 0.0146484375 0.013374260030695024
63 0.16929408482142858 0.575093181319886 0.008510044642857142 0.020609515457136594
190 0.16922433035714285 0.4579039684279763 0.010881696428571428 0.010743258057443543
194 0.6067243303571429 0.27132207849155887 0.017578125 0.027844770883578163
177 0.6065848214285714 0.3965139223854418 0.008649553571428572 0.01775926331944749
25 0.5143694196428571 0.48903749177811884 0.011439732142857142 0.01644376233282175
14 0.47433035714285715 0.4251260688445516 0.011160714285714286 0.01447051085288314
196 0.15115792410714285 0.424906818680114 0.017717633928571428 0.02762552071914054
25 0.13058035714285715 0.5253233939925455 0.010881696428571428 0.01841701381276036
179 0.13120814732142858 0.582657311992984 0.011858258928571428 0.022582766937075203
187 0.12946428571428573 0.7062047796535847 0.008649553571428572 0.007016005262003947
195 0.12946428571428573 0.2705547029160272 0.018415178571428572 0.02894102170576628
189 0.12946428571428573 0.3336987502740627 0.011439732142857142 0.031572023679017756
189 0.15108816964285715 0.23733830300372724 0.020089285714285716 0.01644376233282175
60 0.18484933035714285 0.23744792808594606 0.013113839285714286 0.0131550098662574
195 0.22942243303571427 0.23733830300372724 0.0166015625 0.026090769568077175
119 0.3418666294642857 0.2303222977417233 0.014369419642857142 0.027406270554702915
194 0.7048688616071429 0.924906818680114 0.017717633928571428 0.027844770883578163
179 0.59033203125 0.9277570708178031 0.0146484375 0.018197763648322735
196 0.7260044642857143 0.5805744354308265 0.018415178571428572 0.02894102170576628
180 0.7122628348214286 0.4872834904626179 0.012974330357142858 0.01381276035957027
180 0.5885184151785714 0.424906818680114 0.012416294642857142 0.0131550098662574
184 0.5435965401785714 0.43466345099758824 0.006556919642857143 0.03354527515895637
175 0.5671037946428571 0.8264634948476212 0.008649553571428572 0.02302126726595045
32 0.5449916294642857 0.67342688007016 0.016043526785714284 0.017320762990572242
176 0.5888671875 0.7998245998684499 0.014787946428571428 0.013593510195132646
186 0.62646484375 0.7999342249506687 0.0107421875 0.01512826134619601
25 0.6635044642857143 0.7982898487173865 0.010602678571428572 0.016663012497259374
185 0.6802455357142857 0.7789958342468757 0.021484375 0.010085507564130673
176 0.5518275669642857 0.6125849594387196 0.013532366071428572 0.0131550098662574
102 0.40792410714285715 0.57564130673098 0.008370535714285714 0.020828765621574215
183 0.24469866071428573 0.6267265950449463 0.016462053571428572 0.00986625739969305
142 0.24874441964285715 0.8373163779872835 0.008649553571428572 0.0131550098662574
194 0.28857421875 0.26901995176496385 0.018275669642857144 0.02850252137689103
185 0.29478236607142855 0.3194474895856172 0.021205357142857144 0.010085507564130673
14 0.28857421875 0.39114229335672 0.0087890625 0.018855514141635606
194 0.22802734375 0.424906818680114 0.017717633928571428 0.02718702039026529
190 0.44761439732142855 0.513374260030695 0.0068359375 0.014251260688445516
192 0.4476841517857143 0.4556018417013813 0.018415178571428572 0.02894102170576628
14 0.5 0.6749616312212234 0.012276785714285714 0.013374260030695024
196 0.40785435267857145 0.39322516991887746 0.017438616071428572 0.027844770883578163
193 0.66455078125 0.6749616312212234 0.017717633928571428 0.027406270554702915
193 0.6255580357142857 0.6749616312212234 0.018415178571428572 0.028721771541328656
189 0.6863141741071429 0.5810129357597018 0.007672991071428571 0.031572023679017756
195 0.24881417410714285 0.20445077833808376 0.015206473214285714 0.02433676825257619
176 0.34263392857142855 0.17518088138566104 0.015904017857142856 0.013593510195132646
142 0.1416015625 0.9250164437623328 0.008370535714285714 0.013593510195132646
175 0.4654017857142857 0.4876123657092743 0.010602678571428572 0.013593510195132646
14 0.6463448660714286 0.6450339837754878 0.008649553571428572 0.019294014470510854
191 0.6862444196428571 0.27757070817803114 0.011160714285714286 0.017540013155009866
175 0.6236746651785714 0.2377768033326025 0.013532366071428572 0.013374260030695024
63 0.68603515625 0.46196009647007236 0.0087890625 0.017540013155009866
184 0.5606863839285714 0.37546590659942997 0.020926339285714284 0.00986625739969305
186 0.5463169642857143 0.36242052181539136 0.01171875 0.016224512168384126
192 0.5669642857142857 0.330629247971936 0.018415178571428572 0.02894102170576628
102 0.5535016741071429 0.29993422495066874 0.013253348214285714 0.0131550098662574
25 0.4686802455357143 0.3015786011839509 0.011021205357142858 0.016005262003946502
189 0.5669642857142857 0.26671782503836877 0.011439732142857142 0.031352773514580136
102 0.5274135044642857 0.647226485419864 0.0087890625 0.024117518088138567
14 0.5270647321428571 0.5915369436527077 0.008649553571428572 0.01841701381276036
185 0.16301618303571427 0.4003508002631002 0.021065848214285716 0.010085507564130673
187 0.18910435267857142 0.29993422495066874 0.004603794642857143 0.013593510195132646
14 0.38511439732142855 0.48783161587371193 0.0146484375 0.0131550098662574
188 0.4224330357142857 0.48739311554483666 0.007254464285714286 0.019294014470510854
192 0.3680943080357143 0.4549440912080684 0.017996651785714284 0.028064021048015787
185 0.37758091517857145 0.4151501863626398 0.006556919642857143 0.03310677483008112
184 0.37430245535714285 0.6951326463494848 0.021205357142857144 0.00986625739969305
178 0.4478236607142857 0.259592194694146 0.008649553571428572 0.02455601841701381
192 0.5077427455357143 0.424906818680114 0.017996651785714284 0.028064021048015787