187 0.37674386160714285 0.29993422495066874 0.004603794642857143 0.013593510195132646
187 0.43603515625 0.1749616312212234 0.004603794642857143 0.013593510195132646
187 0.6610630580357143 0.6123657092742819 0.004603794642857143 0.013593510195132646
187 0.6199079241071429 0.9250164437623328 0.004603794642857143 0.013593510195132646
187 0.24874441964285715 0.5838631878973909 0.008649553571428572 0.007016005262003947
187 0.4476841517857143 0.8955272966454725 0.008649553571428572 0.00723525542644157
187 0.08970424107142858 0.3431265073448805 0.008649553571428572 0.007016005262003947
177 0.6066545758928571 0.5206095154571366 0.008510044642857142 0.01775926331944749
102 0.6282784598214286 0.48750274062705545 0.014369419642857142 0.013374260030695024
182 0.646484375 0.4576847182635387 0.008649553571428572 0.013374260030695024
194 0.58642578125 0.48750274062705545 0.017996651785714284 0.028283271212453408
186 0.47140066964285715 0.48706424029818024 0.011439732142857142 0.014251260688445516
192 0.40785435267857145 0.26649857487393114 0.017438616071428572 0.027844770883578163
14 0.4214564732142857 0.2376671782503837 0.014508928571428572 0.013593510195132646
187 0.46756417410714285 0.23744792808594606 0.004603794642857143 0.013593510195132646
195 0.6863141741071429 0.4552729664547248 0.015206473214285714 0.02433676825257619
184 0.6262555803571429 0.4348827011620259 0.006417410714285714 0.03310677483008112
192 0.6863141741071429 0.5217057662793247 0.019112723214285716 0.030037272527954396
195 0.6660853794642857 0.5499890374917781 0.017717633928571428 0.027844770883578163
25 0.6474609375 0.5890155667616751 0.010323660714285714 0.021267265950449463
189 0.6252790178571429 0.6124753343565008 0.020089285714285716 0.01512826134619601
181 0.6463448660714286 0.33578162683622015 0.008649553571428572 0.020828765621574215
176 0.6464146205357143 0.2789958342468757 0.008510044642857142 0.022582766937075203
14 0.5825892857142857 0.17463275597456698 0.011997767857142858 0.01381276035957027
191 0.5103934151785714 0.17485200613900462 0.0126953125 0.019951764963823723
180 0.5271344866071429 0.14240298180223634 0.008510044642857142 0.02433676825257619
186 0.5052315848214286 0.11258495943871957 0.011021205357142858 0.015566761675071256
190 0.5272042410714286 0.21080903310677482 0.009207589285714286 0.011620258715194036
119 0.5086495535714286 0.3070598552948915 0.014508928571428572 0.028283271212453408
195 0.5475725446428571 0.29993422495066874 0.015904017857142856 0.02499451874588906
63 0.08998325892857142 0.45088796316597235 0.008649553571428572 0.023898267923700943
184 0.11565290178571429 0.4151501863626398 0.006417410714285714 0.03310677483008112
184 0.10184151785714286 0.6026090769568078 0.006417410714285714 0.03310677483008112
184 0.10944475446428571 0.5402324051743039 0.006556919642857143 0.03332602499451875
175 0.18973214285714285 0.5496601622451217 0.012276785714285714 0.013593510195132646
188 0.22119140625 0.5499890374917781 0.008231026785714286 0.020828765621574215
179 0.5289481026785714 0.7610173207629906 0.011858258928571428 0.0263100197325148
190 0.5272042410714286 0.8165972374479281 0.0078125 0.012058759044069283
175 0.5078125 0.862639771979829 0.011160714285714286 0.013374260030695024
32 0.5280412946428571 0.7025871519403639 0.009765625 0.02433676825257619
185 0.43631417410714285 0.5596360447270335 0.006277901785714286 0.03354527515895637
176 0.3838588169642857 0.5498794124095593 0.009905133928571428 0.0131550098662574
63 0.42613002232142855 0.11247533435650077 0.011300223214285714 0.0131550098662574
191 0.34068080357142855 0.11247533435650077 0.013392857142857142 0.02104801578601184
195 0.30740792410714285 0.11236570927428195 0.0185546875 0.029160271870203903
60 0.54150390625 0.11225608419206315 0.015206473214285714 0.013593510195132646
14 0.5669642857142857 0.1344003508002631 0.008370535714285714 0.021486516114887087
194 0.5669642857142857 0.2688007016005262 0.018415178571428572 0.02894102170576628
175 0.40792410714285715 0.8184608638456479 0.008928571428571428 0.02104801578601184
184 0.43275669642857145 0.852773514580136 0.006696428571428571 0.03354527515895637
182 0.40785435267857145 0.7021486516114888 0.0087890625 0.013374260030695024
63 0.32833426339285715 0.5762990572242929 0.008510044642857142 0.02302126726595045
195 0.4873744419642857 0.27022582766937076 0.017717633928571428 0.027844770883578163
63 0.48765345982142855 0.31933786450339835 0.0087890625 0.022582766937075203
195 0.72607421875 0.39443104582328437 0.018275669642857144 0.02850252137689103
192 0.72607421875 0.2678140758605569 0.017717633928571428 0.027844770883578163
179 0.7244001116071429 0.20335452751589564 0.011858258928571428 0.027406270554702915
190 0.6716657366071429 0.17485200613900462 0.010463169642857142 0.01644376233282175
63 0.7260044642857143 0.4584520938390704 0.008649553571428572 0.022802017101512827
191 0.72607421875 0.5122780092085069 0.013532366071428572 0.021267265950449463
183 0.7103794642857143 0.5561280420960316 0.006696428571428571 0.026090769568077175
60 0.6590401785714286 0.9251260688445516 0.01171875 0.013374260030695024
196 0.6465541294642857 0.8933347950010962 0.017717633928571428 0.027844770883578163
102 0.6466238839285714 0.7594825696119272 0.008649553571428572 0.016663012497259374
176 0.6316964285714286 0.7996053497040123 0.01171875 0.01447051085288314
192 0.5468052455357143 0.8000438500328875 0.017717633928571428 0.026748520061390047
177 0.42564174107142855 0.8001534751151064 0.010881696428571428 0.013374260030695024
188 0.44761439732142855 0.5906599429949573 0.016322544642857144 0.012716509537382154
176 0.5062081473214286 0.6125849594387196 0.011300223214285714 0.0131550098662574
181 0.5924944196428571 0.6126945845209384 0.013392857142857142 0.013374260030695024
179 0.330078125 0.203135277351458 0.011997767857142858 0.024775268581451435
196 0.3496791294642857 0.23733830300372724 0.017996651785714284 0.028283271212453408
119 0.38511439732142855 0.22988379741284806 0.016322544642857144 0.028283271212453408
14 0.15059988839285715 0.36285902214426663 0.013532366071428572 0.014032010524007894
25 0.36690848214285715 0.5860556895417671 0.010881696428571428 0.02236351677263758
193 0.3680943080357143 0.7692392019294014 0.018275669642857144 0.028721771541328656
188 0.42459542410714285 0.6749616312212234 0.0068359375 0.025213768910326683
25 0.6079799107142857 0.4472703354527516 0.010881696428571428 0.02455601841701381
32 0.6324637276785714 0.5485639114229336 0.015206473214285714 0.016224512168384126
183 0.6026785714285714 0.3985967989475992 0.016462053571428572 0.01052400789300592
195 0.6067940848214286 0.2059855294891471 0.017717633928571428 0.027844770883578163
186 0.7086356026785714 0.8625301468976102 0.010463169642857142 0.015347511510633634
32 0.6260463169642857 0.8609953957465468 0.013811383928571428 0.016224512168384126
175 0.5934709821428571 0.8624205218153914 0.015066964285714286 0.01381276035957027
179 0.5496651785714286 0.8651611488708617 0.013392857142857142 0.018855514141635606
178 0.72607421875 0.8309581232185924 0.008510044642857142 0.0197325147993861
179 0.7245396205357143 0.7622231966673975 0.012137276785714286 0.02565226923920193
195 0.7047991071428571 0.6749616312212234 0.015625 0.024775268581451435
182 0.6463448660714286 0.5376014032010524 0.008649553571428572 0.0131550098662574
179 0.30643136160714285 0.7973032229774172 0.013811383928571428 0.018636263977197982
192 0.34898158482142855 0.7999342249506687 0.017717633928571428 0.027406270554702915
119 0.28397042410714285 0.7760359570269678 0.017717633928571428 0.025213768910326683
182 0.28857421875 0.7101512826134619 0.0087890625 0.012716509537382154
186 0.26869419642857145 0.6749616312212234 0.011439732142857142 0.01644376233282175
189 0.22767857142857142 0.6749616312212234 0.020089285714285716 0.01644376233282175
178 0.20891462053571427 0.4671124753343565 0.008510044642857142 0.025213768910326683
192 0.208984375 0.33030037272527957 0.018136160714285716 0.028721771541328656
175 0.208984375 0.27768033326024993 0.008649553571428572 0.018197763648322735
60 0.26388113839285715 0.36242052181539136 0.015764508928571428 0.0131550098662574
196 0.28857421875 0.3958561718921289 0.018275669642857144 0.028721771541328656
195 0.28857421875 0.5190747643060732 0.015485491071428572 0.02433676825257619
191 0.72607421875 0.5698311773733831 0.012137276785714286 0.018855514141635606
176 0.71240234375 0.2997149747862311 0.015485491071428572 0.0131550098662574
195 0.72607421875 0.6445954834466125 0.017438616071428572 0.028064021048015787
189 0.20905412946428573 0.14218373163779874 0.010463169642857142 0.031352773514580136
192 0.23011997767857142 0.11236570927428195 0.017717633928571428 0.027406270554702915
180 0.12946428571428573 0.3962946722210042 0.008649553571428572 0.019513264634948475
177 0.12953404017857142 0.5760798070598553 0.0087890625 0.022582766937075203
179 0.13127790178571427 0.7021486516114888 0.011997767857142858 0.028283271212453408
119 0.14529854910714285 0.7302126726595045 0.016880580357142856 0.027844770883578163
182 0.23095703125 0.7372286779215085 0.008510044642857142 0.014251260688445516
195 0.27036830357142855 0.7374479280859461 0.016462053571428572 0.02565226923920193
32 0.27308872767857145 0.48618723964042976 0.012137276785714286 0.015566761675071256
177 0.12918526785714285 0.5203902652926989 0.008649553571428572 0.018197763648322735
187 0.4476841517857143 0.7686910765183074 0.008649553571428572 0.007016005262003947
194 0.4476841517857143 0.6433896075422056 0.016741071428571428 0.027844770883578163
195 0.16922433035714285 0.5213768910326683 0.018136160714285716 0.02850252137689103
192 0.28857421875 0.6414163560622671 0.017438616071428572 0.027844770883578163
188 0.349609375 0.48739311554483666 0.0078125 0.01710151282613462
186 0.39041573660714285 0.4869546152159614 0.0107421875 0.014909011181758386