187 0.21923828125 0.1749616312212234 0.004603794642857143 0.013593510195132646
187 0.7009626116071429 0.11247533435650077 0.004603794642857143 0.013593510195132646
187 0.6067243303571429 0.7649638237228678 0.008649553571428572 0.007016005262003947
187 0.6279994419642857 0.9250164437623328 0.004603794642857143 0.013593510195132646
187 0.4476841517857143 0.8101293575970182 0.008649553571428572 0.007016005262003947
187 0.7260044642857143 0.2077395308046481 0.008649553571428572 0.00723525542644157
187 0.12241908482142858 0.8625301468976102 0.004603794642857143 0.013593510195132646
187 0.4476841517857143 0.3842359131769349 0.008649553571428572 0.00723525542644157
179 0.21072823660714285 0.2561938171453629 0.012137276785714286 0.02696777022582767
190 0.20326450892857142 0.36242052181539136 0.007254464285714286 0.012278009208506906
192 0.12946428571428573 0.39443104582328437 0.018694196428571428 0.029379522034641527
186 0.28836495535714285 0.1475553606665205 0.009765625 0.017540013155009866
186 0.26904296875 0.11258495943871957 0.011021205357142858 0.014689761017320764
178 0.2333984375 0.11258495943871957 0.015066964285714286 0.01381276035957027
63 0.10463169642857142 0.11258495943871957 0.012276785714285714 0.013374260030695024
142 0.2885044642857143 0.1992983994737996 0.008649553571428572 0.0131550098662574
175 0.15352957589285715 0.23744792808594606 0.015485491071428572 0.0131550098662574
193 0.08970424107142858 0.2705547029160272 0.018415178571428572 0.02894102170576628
189 0.40792410714285715 0.5162245121683842 0.010044642857142858 0.031352773514580136
177 0.40792410714285715 0.4557114667836001 0.008370535714285714 0.018636263977197982
186 0.42710658482142855 0.36242052181539136 0.011021205357142858 0.01447051085288314
195 0.40785435267857145 0.3308484981363736 0.017996651785714284 0.028064021048015787
175 0.43198939732142855 0.3000438500328875 0.012137276785714286 0.013374260030695024
186 0.390625 0.362639771979829 0.011160714285714286 0.01710151282613462
25 0.34730747767857145 0.3646130234597676 0.014927455357142858 0.016663012497259374
142 0.3011997767857143 0.36242052181539136 0.008370535714285714 0.013593510195132646
25 0.23549107142857142 0.3645033983775488 0.011160714285714286 0.01644376233282175
182 0.5023018973214286 0.3001534751151063 0.0087890625 0.013593510195132646
60 0.50146484375 0.362639771979829 0.014369419642857142 0.013593510195132646
14 0.46400669642857145 0.3622012716509537 0.011997767857142858 0.0131550098662574
192 0.5470842633928571 0.11247533435650077 0.017717633928571428 0.026748520061390047
180 0.6701311383928571 0.11258495943871957 0.011300223214285714 0.013374260030695024
177 0.32833426339285715 0.7748300811225608 0.008510044642857142 0.020609515457136594
192 0.32840401785714285 0.5174303880727911 0.018415178571428572 0.02894102170576628
179 0.31019810267857145 0.4276474457355843 0.0126953125 0.018636263977197982
178 0.23458426339285715 0.424906818680114 0.015764508928571428 0.013593510195132646
14 0.19642857142857142 0.42457794343345756 0.015066964285714286 0.013374260030695024
176 0.11495535714285714 0.6123657092742819 0.011997767857142858 0.013593510195132646
176 0.10435267857142858 0.5499890374917781 0.014229910714285714 0.01381276035957027
181 0.15213448660714285 0.5502082876562158 0.014090401785714286 0.013374260030695024
188 0.10735212053571429 0.8000438500328875 0.0068359375 0.02499451874588906
193 0.14983258928571427 0.8000438500328875 0.018415178571428572 0.02894102170576628
142 0.19670758928571427 0.8000438500328875 0.008649553571428572 0.013593510195132646
180 0.26478794642857145 0.8001534751151064 0.013950892857142858 0.013374260030695024
177 0.54736328125 0.48750274062705545 0.011858258928571428 0.01381276035957027
183 0.59521484375 0.4934224950668713 0.0068359375 0.026529269896952423
102 0.6067243303571429 0.713001534751151 0.008370535714285714 0.024117518088138567
177 0.6067940848214286 0.4591098443323833 0.008510044642857142 0.02499451874588906
176 0.5852399553571429 0.3627493970620478 0.012555803571428572 0.01381276035957027
175 0.5475725446428571 0.36242052181539136 0.015066964285714286 0.0131550098662574
191 0.6232561383928571 0.23733830300372724 0.012974330357142858 0.02039026529269897
182 0.5275530133928571 0.5729006796755097 0.0087890625 0.0131550098662574
63 0.5270647321428571 0.64207410655558 0.008649553571428572 0.020828765621574215
63 0.5526646205357143 0.6749616312212234 0.0146484375 0.013374260030695024
191 0.5272042410714286 0.4577943433457575 0.010881696428571428 0.01710151282613462
185 0.6924525669642857 0.895856171892129 0.021344866071428572 0.010085507564130673
194 0.6644810267857143 0.924906818680114 0.017857142857142856 0.028283271212453408
192 0.6863141741071429 0.5800263100197325 0.017717633928571428 0.027844770883578163
142 0.6862444196428571 0.5319008989256742 0.008649553571428572 0.012716509537382154
192 0.6863141741071429 0.45549221661916245 0.017438616071428572 0.027844770883578163
181 0.44775390625 0.7784477088357816 0.008510044642857142 0.02302126726595045
14 0.4478236607142857 0.708397281297961 0.008649553571428572 0.01710151282613462
192 0.4678431919642857 0.7374479280859461 0.017717633928571428 0.027844770883578163
63 0.5004185267857143 0.7376671782503836 0.012834821428571428 0.01381276035957027
195 0.5472237723214286 0.7374479280859461 0.015764508928571428 0.024775268581451435
102 0.5897739955357143 0.7375575531681648 0.011579241071428572 0.013593510195132646
196 0.4476841517857143 0.5162245121683842 0.018136160714285716 0.028721771541328656
183 0.6555524553571429 0.2434773076079807 0.006975446428571429 0.026529269896952423
14 0.22293526785714285 0.2998245998684499 0.014508928571428572 0.013374260030695024
195 0.24881417410714285 0.4583424687568516 0.016043526785714284 0.025213768910326683
187 0.24874441964285715 0.518636263977198 0.008649553571428572 0.00723525542644157
175 0.3018275669642857 0.5499890374917781 0.014927455357142858 0.013374260030695024
193 0.34884207589285715 0.5499890374917781 0.019112723214285716 0.030037272527954396
63 0.12939453125 0.5114010085507564 0.0087890625 0.019951764963823723
25 0.18198939732142858 0.5481254110940583 0.013253348214285714 0.016663012497259374
102 0.28857421875 0.8290944968208727 0.008510044642857142 0.023898267923700943
195 0.22774832589285715 0.8624205218153914 0.017717633928571428 0.027844770883578163
191 0.14976283482142858 0.8624205218153914 0.012974330357142858 0.02039026529269897
178 0.275390625 0.7372286779215085 0.015345982142857142 0.01381276035957027
177 0.19105747767857142 0.7376671782503836 0.015764508928571428 0.01381276035957027
25 0.16789899553571427 0.7079587809690857 0.0107421875 0.018855514141635606
14 0.6863839285714286 0.4019951764963824 0.008928571428571428 0.017320762990572242
182 0.6861049107142857 0.3221881166410875 0.008928571428571428 0.012935759701819776
193 0.22816685267857142 0.6124753343565008 0.017717633928571428 0.027406270554702915
119 0.2533482142857143 0.7678140758605569 0.017578125 0.02367901775926332
185 0.25502232142857145 0.8396185047138786 0.021205357142857144 0.010743258057443543
183 0.5708705357142857 0.7617846963385223 0.016741071428571428 0.00986625739969305
102 0.5021623883928571 0.7998245998684499 0.010463169642857142 0.013593510195132646
32 0.5675920758928571 0.6392238544178909 0.009626116071428572 0.022582766937075203
194 0.5465959821428571 0.6124753343565008 0.018136160714285716 0.028721771541328656
183 0.5000697544642857 0.6185047138785355 0.007114955357142857 0.0263100197325148
178 0.3843470982142857 0.5498794124095593 0.012834821428571428 0.0131550098662574
181 0.4872349330357143 0.4465029598772199 0.0087890625 0.018197763648322735
142 0.1689453125 0.3267923700942776 0.008649553571428572 0.014251260688445516
195 0.16922433035714285 0.3958561718921289 0.015625 0.024775268581451435
187 0.16922433035714285 0.26869107651830737 0.008649553571428572 0.00723525542644157
185 0.16301618303571427 0.22440254330190748 0.021065848214285716 0.00986625739969305
183 0.20500837053571427 0.6448147336110502 0.0166015625 0.010085507564130673
194 0.20905412946428573 0.516882262661697 0.019112723214285716 0.030037272527954396
196 0.12946428571428573 0.2707739530804648 0.018694196428571428 0.029379522034641527
14 0.44775390625 0.327121245340934 0.008510044642857142 0.0197325147993861
192 0.46888950892857145 0.23733830300372724 0.017857142857142856 0.028283271212453408
63 0.10574776785714286 0.4247971935978952 0.014229910714285714 0.01381276035957027
191 0.08970424107142858 0.3402762552071914 0.012555803571428572 0.0197325147993861
182 0.16922433035714285 0.5843016882262662 0.008649553571428572 0.013593510195132646
177 0.646484375 0.893444420083315 0.008928571428571428 0.017540013155009866
189 0.6465541294642857 0.8303003727252796 0.010463169642857142 0.031572023679017756
175 0.6206752232142857 0.8620916465687349 0.01171875 0.014032010524007894
183 0.5866350446428571 0.8687787765840824 0.006417410714285714 0.026090769568077175
192 0.5669642857142857 0.8299714974786231 0.018136160714285716 0.028721771541328656
142 0.6466936383928571 0.5946064459548345 0.0087890625 0.014032010524007894
184 0.12339564732142858 0.7005042753782066 0.021344866071428572 0.01052400789300592
14 0.12925502232142858 0.6470072352554265 0.0087890625 0.022802017101512827