187 0.5548967633928571 0.11247533435650077 0.004603794642857143 0.013593510195132646
187 0.6861746651785714 0.8540890155667616 0.008510044642857142 0.00723525542644157
187 0.1220703125 0.8625301468976102 0.004464285714285714 0.013593510195132646
187 0.16922433035714285 0.8790835343126507 0.008649553571428572 0.00723525542644157
187 0.10232979910714286 0.11247533435650077 0.004603794642857143 0.013593510195132646
187 0.4476841517857143 0.9131769348827011 0.008649553571428572 0.007016005262003947
187 0.19391741071428573 0.1749616312212234 0.004464285714285714 0.013593510195132646
187 0.24874441964285715 0.8467441350581013 0.008649553571428572 0.007016005262003947
187 0.23744419642857142 0.9250164437623328 0.004464285714285714 0.013593510195132646
180 0.646484375 0.3869765402324052 0.008370535714285714 0.022802017101512827
102 0.6466936383928571 0.3224073668055251 0.008510044642857142 0.019513264634948475
175 0.6466238839285714 0.4448585836439377 0.008649553571428572 0.02324051743038807
25 0.552734375 0.48859899144924357 0.013671875 0.01644376233282175
193 0.48744419642857145 0.27033545275158954 0.018136160714285716 0.02850252137689103
60 0.46693638392857145 0.3001534751151063 0.015066964285714286 0.013593510195132646
60 0.4873046875 0.33051962288971715 0.008649553571428572 0.02039026529269897
181 0.5106724330357143 0.36231089673317257 0.015485491071428572 0.013374260030695024
102 0.5899832589285714 0.36242052181539136 0.012834821428571428 0.0131550098662574
183 0.7222377232142857 0.5058101293575971 0.017020089285714284 0.010085507564130673
188 0.646484375 0.5310238982679237 0.014508928571428572 0.012716509537382154
32 0.5674525669642857 0.5076737557553168 0.010184151785714286 0.023898267923700943
175 0.30538504464285715 0.11247533435650077 0.01171875 0.0131550098662574
195 0.3681640625 0.2087261565446174 0.018415178571428572 0.02894102170576628
25 0.38832310267857145 0.2981802236351677 0.011300223214285714 0.016663012497259374
119 0.2676478794642857 0.11982021486516115 0.015764508928571428 0.027844770883578163
194 0.22726004464285715 0.11247533435650077 0.018415178571428572 0.02894102170576628
14 0.18331473214285715 0.11258495943871957 0.013392857142857142 0.013374260030695024
32 0.3412388392857143 0.5487831615873712 0.014229910714285714 0.015347511510633634
178 0.24867466517857142 0.26518307388730544 0.008510044642857142 0.024775268581451435
183 0.6823381696428571 0.39070379302784475 0.016741071428571428 0.01052400789300592
180 0.6640625 0.48739311554483666 0.014229910714285714 0.014032010524007894
178 0.6864536830357143 0.3344661258495944 0.0087890625 0.02039026529269897
14 0.6863141741071429 0.27483008112256085 0.008510044642857142 0.019951764963823723
180 0.6862444196428571 0.14152598114448586 0.008649553571428572 0.019513264634948475
190 0.68017578125 0.11236570927428195 0.009626116071428572 0.01644376233282175
195 0.6646902901785714 0.7374479280859461 0.015764508928571428 0.024775268581451435
14 0.6861746651785714 0.71771541328656 0.008510044642857142 0.018197763648322735
177 0.6701311383928571 0.6750712563034422 0.0126953125 0.013593510195132646
186 0.5878208705357143 0.6758386318789739 0.010463169642857142 0.016005262003946502
177 0.2885044642857143 0.5851786888840167 0.008649553571428572 0.02455601841701381
182 0.2885044642857143 0.3965139223854418 0.008649553571428572 0.013374260030695024
187 0.2885044642857143 0.6437184827888621 0.008649553571428572 0.007016005262003947
196 0.28857421875 0.7062047796535847 0.017996651785714284 0.028064021048015787
176 0.12960379464285715 0.45439596579697433 0.008649553571428572 0.020828765621574215
179 0.15171595982142858 0.42271431703573775 0.016043526785714284 0.019294014470510854
190 0.12946428571428573 0.5016443762332822 0.010881696428571428 0.01710151282613462
176 0.12939453125 0.5874808156106117 0.008510044642857142 0.01775926331944749
187 0.12946428571428573 0.7686910765183074 0.008649553571428572 0.007016005262003947
175 0.15066964285714285 0.8000438500328875 0.012276785714285714 0.0131550098662574
14 0.15234375 0.5497697873273405 0.012276785714285714 0.013374260030695024
14 0.22719029017857142 0.5497697873273405 0.011021205357142858 0.013374260030695024
186 0.14571707589285715 0.8623108967331725 0.011300223214285714 0.014909011181758386
195 0.19035993303571427 0.8624205218153914 0.016880580357142856 0.026529269896952423
188 0.23367745535714285 0.8625301468976102 0.006696428571428571 0.021486516114887087
193 0.2696010044642857 0.8625301468976102 0.0185546875 0.029379522034641527
176 0.30747767857142855 0.8623108967331725 0.012276785714285714 0.013593510195132646
142 0.35135323660714285 0.8625301468976102 0.008510044642857142 0.013593510195132646
191 0.39208984375 0.8624205218153914 0.011858258928571428 0.018636263977197982
195 0.4287806919642857 0.8624205218153914 0.018833705357142856 0.029598772199079148
181 0.6642020089285714 0.8002631001973252 0.013671875 0.013593510195132646
177 0.6466238839285714 0.7028064021048016 0.008370535714285714 0.02302126726595045
189 0.646484375 0.6418548563911423 0.007254464285714286 0.031352773514580136
185 0.7035435267857143 0.47774610830958125 0.006417410714285714 0.03332602499451875
183 0.20514787946428573 0.5669809252356939 0.016880580357142856 0.01052400789300592
192 0.5669642857142857 0.1454724841043631 0.017857142857142856 0.028283271212453408
194 0.546875 0.1749616312212234 0.018136160714285716 0.02850252137689103
177 0.46798270089285715 0.17485200613900462 0.0126953125 0.013374260030695024
183 0.4384068080357143 0.18121026090769568 0.006556919642857143 0.026090769568077175
195 0.30678013392857145 0.1749616312212234 0.015625 0.02455601841701381
182 0.26953125 0.17518088138566104 0.008649553571428572 0.013593510195132646
186 0.4476841517857143 0.7071914053935541 0.010044642857142858 0.016882262661696998
25 0.4605189732142857 0.6727691295768472 0.013950892857142858 0.016882262661696998
142 0.44761439732142855 0.6465687349265512 0.0087890625 0.01447051085288314
181 0.3056640625 0.5497697873273405 0.014787946428571428 0.013374260030695024
188 0.44761439732142855 0.2684718263538698 0.015485491071428572 0.010743258057443543
185 0.5002092633928571 0.5400131550098662 0.006556919642857143 0.0328875246656435
189 0.40792410714285715 0.5157860118395089 0.007254464285714286 0.031352773514580136
194 0.40792410714285715 0.45439596579697433 0.018136160714285716 0.028721771541328656
183 0.5106026785714286 0.6183950887963165 0.006417410714285714 0.026529269896952423
183 0.5563616071428571 0.6687130015347511 0.006417410714285714 0.02587151940363955
179 0.21058872767857142 0.2612365709274282 0.012137276785714286 0.022582766937075203
175 0.4478236607142857 0.8270116202587152 0.008649553571428572 0.02455601841701381
185 0.46079799107142855 0.852773514580136 0.006696428571428571 0.03354527515895637
175 0.5465959821428571 0.8628590221442666 0.013392857142857142 0.01381276035957027
192 0.5876813616071429 0.8624205218153914 0.017717633928571428 0.027844770883578163
25 0.6058175223214286 0.8256961192720894 0.010463169642857142 0.020171015128261346
183 0.6029575892857143 0.75553606665205 0.017020089285714284 0.010085507564130673
187 0.50732421875 0.8000438500328875 0.004603794642857143 0.013593510195132646
119 0.5623604910714286 0.7651830738873054 0.017578125 0.021925016443762334
191 0.5899832589285714 0.7374479280859461 0.011160714285714286 0.017320762990572242
191 0.28857421875 0.27176057882043414 0.011579241071428572 0.018197763648322735
177 0.2652064732142857 0.23755755316816488 0.015904017857142856 0.013374260030695024
177 0.3076869419642857 0.23722867792150845 0.015206473214285714 0.013593510195132646
189 0.32833426339285715 0.27022582766937076 0.007393973214285714 0.031352773514580136
180 0.6065848214285714 0.648980486735365 0.008649553571428572 0.02324051743038807
186 0.26625279017857145 0.30026310019732516 0.010463169642857142 0.015566761675071256