187 0.46993582589285715 0.3730819815870232 0.007672991071428571 0.006137658921525646
187 0.6143275669642857 0.48980710214818063 0.004045758928571429 0.012056115738711091
187 0.7149135044642857 0.1829241560718983 0.007672991071428571 0.006356861025865849
187 0.6503208705357143 0.159798334064007 0.004045758928571429 0.01183691363437089
187 0.6688755580357143 0.9297457255589654 0.004045758928571429 0.012056115738711091
187 0.0849609375 0.12669881630863655 0.007533482142857143 0.006137658921525646
187 0.42794363839285715 0.37976764576939936 0.004045758928571429 0.012056115738711091
187 0.15492466517857142 0.8678211310828584 0.007672991071428571 0.006137658921525646
187 0.7499302455357143 0.7514248136782113 0.007672991071428571 0.006137658921525646
187 0.6967075892857143 0.6547566856641823 0.00390625 0.01183691363437089
185 0.4457310267857143 0.33351600175361684 0.005580357142857143 0.02915387987724682
192 0.46993582589285715 0.29679964927663305 0.015485491071428572 0.024550635686102586
196 0.4511021205357143 0.2698377904427883 0.015764508928571428 0.02498903989478299
192 0.4159458705357143 0.2698377904427883 0.016043526785714284 0.02498903989478299
177 0.3441685267857143 0.2695089872862779 0.009765625 0.012056115738711091
184 0.32442801339285715 0.25789127575624726 0.0185546875 0.00898728627794827
178 0.24323381696428573 0.3248575186321789 0.013811383928571428 0.01183691363437089
187 0.25990513392857145 0.3523673827268742 0.007533482142857143 0.006356861025865849
195 0.25990513392857145 0.4090311266988163 0.015625 0.024550635686102586
193 0.25997488839285715 0.4637220517316966 0.015206473214285714 0.024331433581762384
179 0.24176897321428573 0.49210872424375274 0.012834821428571428 0.016659359929855327
179 0.25844029017857145 0.3069925471284524 0.010463169642857142 0.020385795703638757
195 0.25990513392857145 0.131521262604121 0.013392857142857142 0.021481806225339763
25 0.24553571428571427 0.10620341955282771 0.010881696428571428 0.015124945199473916
25 0.21351841517857142 0.1060938185006576 0.009905133928571428 0.014905743095133712
183 0.17508370535714285 0.11036825953529154 0.005580357142857143 0.023016220955721176
182 0.6450892857142857 0.6753616834721613 0.0078125 0.012713722051731697
32 0.7354213169642857 0.7083516001753617 0.013811383928571428 0.014686540990793511
188 0.39990234375 0.22928540113985094 0.009626116071428572 0.008768084173608066
60 0.39969308035714285 0.2947172292854011 0.008091517857142858 0.020385795703638757
175 0.3998325892857143 0.19421306444541866 0.007533482142857143 0.021481806225339763
195 0.3999720982142857 0.13217886891714162 0.013950892857142858 0.021920210434020166
181 0.3877650669642857 0.1049978079789566 0.011021205357142858 0.01183691363437089
192 0.3115234375 0.10477860587461639 0.016183035714285716 0.025427444103463395
32 0.2816685267857143 0.10357299430074529 0.013392857142857142 0.014248136782113108
181 0.6798967633928571 0.7929636124506795 0.007672991071428571 0.015563349408154318
182 0.6800362723214286 0.7414511179307322 0.007672991071428571 0.010740903112669882
188 0.6261858258928571 0.8197062691801841 0.0068359375 0.02082419991231916
195 0.5923549107142857 0.8198158702323542 0.016183035714285716 0.025427444103463395
180 0.5567103794642857 0.8197062691801841 0.011021205357142858 0.011617711530030689
186 0.19008091517857142 0.6775537045155634 0.008231026785714286 0.014905743095133712
183 0.16796875 0.6603463393248575 0.005859375 0.023016220955721176
186 0.18994140625 0.7377246821569488 0.009626116071428572 0.015563349408154318
184 0.23032924107142858 0.5191801841297676 0.018694196428571428 0.009425690486628672
176 0.22488839285714285 0.45550197281893906 0.0078125 0.020166593599298552
179 0.18854631696428573 0.36321788689171414 0.0107421875 0.023235423060061378
178 0.22502790178571427 0.3528057869355546 0.007533482142857143 0.018632178868917142
63 0.3443080357142857 0.8747259973695748 0.011997767857142858 0.011617711530030689
181 0.31459263392857145 0.8749451994739149 0.012834821428571428 0.011617711530030689
183 0.2822265625 0.8802060499780798 0.005580357142857143 0.023016220955721176
188 0.3999720982142857 0.7830995177553705 0.015625 0.009425690486628672
193 0.39990234375 0.5698158702323542 0.016043526785714284 0.025208241999123193
180 0.38588169642857145 0.5450460324419114 0.010044642857142858 0.012056115738711091
175 0.3510044642857143 0.5449364313897413 0.012834821428571428 0.01183691363437089
102 0.34249441964285715 0.8197062691801841 0.011439732142857142 0.011617711530030689
193 0.18994140625 0.6266988163086366 0.015485491071428572 0.024550635686102586
142 0.19029017857142858 0.5875712406839105 0.0078125 0.012056115738711091
186 0.5249720982142857 0.3245287154756686 0.010044642857142858 0.013371328364752301
142 0.6549944196428571 0.21459886014905744 0.0078125 0.012275317843051293
102 0.58837890625 0.21492766330556773 0.011021205357142858 0.011617711530030689
181 0.5290178571428571 0.21470846120122752 0.010323660714285714 0.012056115738711091
184 0.44698660714285715 0.2234765453748356 0.005580357142857143 0.02915387987724682
176 0.3881138392857143 0.21481806225339764 0.01171875 0.01183691363437089
184 0.4995814732142857 0.6364533099517755 0.018973214285714284 0.009425690486628672
32 0.5623604910714286 0.5989697501096011 0.010044642857142858 0.012932924156071899
175 0.5912388392857143 0.5998465585269619 0.013113839285714286 0.011617711530030689
181 0.42320033482142855 0.7096668128014029 0.0126953125 0.012056115738711091
195 0.3461216517857143 0.709776413853573 0.015625 0.02367382726874178
192 0.5048828125 0.7946076282332311 0.016183035714285716 0.025427444103463395
180 0.5208565848214286 0.8745067952652346 0.011021205357142858 0.012056115738711091
186 0.6282784598214286 0.8747259973695748 0.009626116071428572 0.012932924156071899
182 0.6584123883928571 0.599956159579132 0.007114955357142857 0.01183691363437089
177 0.7150530133928571 0.45769399386234105 0.007672991071428571 0.018851380973257344
190 0.7149135044642857 0.42295046032441913 0.007114955357142857 0.009425690486628672
192 0.294921875 0.8461201227531784 0.016183035714285716 0.025427444103463395
180 0.2754603794642857 0.7095572117492328 0.013253348214285714 0.012275317843051293
186 0.21030970982142858 0.7101052170100833 0.010463169642857142 0.013371328364752301
102 0.2949916294642857 0.6877466023673827 0.007952008928571428 0.01994739149495835
102 0.2792271205357143 0.6550854888206927 0.012974330357142858 0.012056115738711091
102 0.20389229910714285 0.5997369574747917 0.012974330357142858 0.012275317843051293
119 0.5934709821428571 0.6611135466900482 0.011997767857142858 0.024550635686102586
179 0.5555245535714286 0.6573871109162648 0.015066964285714286 0.016659359929855327
63 0.6448800223214286 0.2993204734765454 0.007393973214285714 0.016878562034195528
189 0.25990513392857145 0.5146865409907935 0.007533482142857143 0.02761946514686541
190 0.25997488839285715 0.6342612889083735 0.0068359375 0.009425690486628672
192 0.17250279017857142 0.2698377904427883 0.017159598214285716 0.027181060938185005
177 0.13999720982142858 0.37976764576939936 0.009347098214285714 0.011617711530030689
176 0.10128348214285714 0.37976764576939936 0.013392857142857142 0.011617711530030689
102 0.13392857142857142 0.4895879000438404 0.010323660714285714 0.012056115738711091
119 0.08112444196428571 0.4058526961858834 0.015485491071428572 0.02389302937308198
196 0.0849609375 0.34984655852696184 0.015625 0.024550635686102586
195 0.0849609375 0.29526523454625164 0.013671875 0.021481806225339763
119 0.08077566964285714 0.24638316527838666 0.015625 0.01841297676457694
178 0.09695870535714286 0.1600175361683472 0.012834821428571428 0.012713722051731697
186 0.24197823660714285 0.26972818939061816 0.009626116071428572 0.013809732573432706
183 0.22147042410714285 0.24627356422621657 0.0146484375 0.00898728627794827
102 0.21156529017857142 0.21503726435773785 0.012416294642857142 0.01183691363437089
189 0.294921875 0.2989916703200351 0.007254464285714286 0.02761946514686541
63 0.11990792410714286 0.3574090311266988 0.007393973214285714 0.018632178868917142
196 0.15492466517857142 0.5697062691801841 0.015485491071428572 0.024550635686102586
187 0.11990792410714286 0.6822665497588777 0.007672991071428571 0.006356861025865849
187 0.13741629464285715 0.8198158702323542 0.00390625 0.01183691363437089
181 0.34354073660714285 0.21492766330556773 0.010184151785714286 0.011617711530030689
193 0.2421875 0.21481806225339764 0.016183035714285716 0.025427444103463395
192 0.32993861607142855 0.29844366505918457 0.015345982142857142 0.024331433581762384
181 0.3300083705357143 0.34688733011836914 0.007672991071428571 0.01731696624287593
175 0.6099330357142857 0.19015782551512495 0.007533482142857143 0.021262604120999562
184 0.6229771205357143 0.15113985094256904 0.005719866071428571 0.02915387987724682
178 0.5751255580357143 0.6182595352915388 0.007672991071428571 0.01819377466023674
185 0.13678850446428573 0.2613985094256905 0.005998883928571429 0.029592284085927224
119 0.13853236607142858 0.5386891714160456 0.01171875 0.024769837790442787
192 0.17278180803571427 0.5448268303375713 0.015764508928571428 0.024769837790442787
193 0.20849609375 0.5448268303375713 0.016043526785714284 0.025208241999123193
193 0.20870535714285715 0.3248575186321789 0.016741071428571428 0.0263042525208242
188 0.18994140625 0.17536168347216133 0.015206473214285714 0.010083296799649276
176 0.13246372767857142 0.159798334064007 0.010184151785714286 0.01183691363437089
175 0.3111049107142857 0.7095572117492328 0.012555803571428572 0.012275317843051293
188 0.3443080357142857 0.6547566856641823 0.007533482142857143 0.020604997807978958
176 0.15492466517857142 0.7932924156071899 0.007393973214285714 0.016220955721174924
119 0.15073939732142858 0.7364094695309075 0.015485491071428572 0.020385795703638757
196 0.11990792410714286 0.6257124068391057 0.015485491071428572 0.024331433581762384
192 0.7499302455357143 0.6801841297676458 0.015485491071428572 0.024550635686102586
185 0.7237723214285714 0.6633055677334503 0.005580357142857143 0.029373081981587022
177 0.7499302455357143 0.6263700131521263 0.007393973214285714 0.01819377466023674
182 0.7499302455357143 0.5706926786497151 0.007672991071428571 0.012056115738711091
188 0.7499302455357143 0.4689829022358615 0.014927455357142858 0.009425690486628672
185 0.7442801339285714 0.35302498903989477 0.018415178571428572 0.00898728627794827
183 0.27085658482142855 0.15453748355984218 0.005719866071428571 0.023235423060061378
63 0.31215122767857145 0.1600175361683472 0.010463169642857142 0.01183691363437089