187 0.6067243303571429 0.5108528831396624 0.008649553571428572 0.007016005262003947
187 0.7015206473214286 0.11247533435650077 0.004603794642857143 0.013593510195132646
187 0.24874441964285715 0.5833150624862968 0.008649553571428572 0.00723525542644157
187 0.7260044642857143 0.2076299057224293 0.008649553571428572 0.007016005262003947
187 0.5669642857142857 0.1392238544178908 0.008649553571428572 0.007016005262003947
187 0.5669642857142857 0.8438938829204122 0.008649553571428572 0.007016005262003947
187 0.08970424107142858 0.6540232405174304 0.008649553571428572 0.007016005262003947
187 0.12946428571428573 0.6573119929839948 0.008649553571428572 0.007016005262003947
187 0.5218331473214286 0.11247533435650077 0.004603794642857143 0.013593510195132646
195 0.5848214285714286 0.42501644376233283 0.017857142857142856 0.027844770883578163
14 0.5093470982142857 0.4246875685156764 0.015345982142857142 0.013593510195132646
178 0.6210239955357143 0.29960534970401226 0.014927455357142858 0.01381276035957027
196 0.5860072544642857 0.2998245998684499 0.017717633928571428 0.027844770883578163
185 0.6402064732142857 0.261346196009647 0.020926339285714284 0.010085507564130673
192 0.6465541294642857 0.20532777899583424 0.017996651785714284 0.028283271212453408
182 0.6463448660714286 0.15632536724402543 0.008928571428571428 0.01447051085288314
60 0.48744419642857145 0.8962946722210041 0.008370535714285714 0.020171015128261346
188 0.48744419642857145 0.838741504056128 0.015066964285714286 0.010743258057443543
63 0.4637974330357143 0.8000438500328875 0.011021205357142858 0.0131550098662574
184 0.48123604910714285 0.7842578381933787 0.021344866071428572 0.010085507564130673
25 0.4863978794642857 0.7122341591756194 0.011021205357142858 0.02170576627932471
180 0.5099051339285714 0.674632755974567 0.012555803571428572 0.014032010524007894
25 0.5412946428571429 0.6729883797412848 0.013950892857142858 0.017320762990572242
14 0.50146484375 0.8000438500328875 0.011579241071428572 0.013593510195132646
192 0.6281389508928571 0.8625301468976102 0.0185546875 0.029379522034641527
195 0.6666434151785714 0.8625301468976102 0.015485491071428572 0.02367901775926332
119 0.6819196428571429 0.8256961192720894 0.017578125 0.02367901775926332
187 0.24874441964285715 0.45614996711247535 0.008649553571428572 0.00723525542644157
193 0.2696010044642857 0.36253014689761015 0.020228794642857144 0.031791273843455384
175 0.6862444196428571 0.7143170357377768 0.008649553571428572 0.02324051743038807
179 0.6847098214285714 0.6372506029379522 0.011997767857142858 0.022144266608199955
195 0.6862444196428571 0.5179785134838851 0.015904017857142856 0.025213768910326683
191 0.6309291294642857 0.48750274062705545 0.011579241071428572 0.018197763648322735
14 0.6861746651785714 0.39618504713878533 0.008510044642857142 0.01841701381276036
142 0.7066127232142857 0.29993422495066874 0.008091517857142858 0.013593510195132646
187 0.7260044642857143 0.33117737338303005 0.008649553571428572 0.00723525542644157
176 0.7075892857142857 0.424906818680114 0.011160714285714286 0.014032010524007894
25 0.669921875 0.4267704450778338 0.013392857142857142 0.016882262661696998
179 0.6242327008928571 0.4276474457355843 0.014927455357142858 0.018636263977197982
194 0.5669642857142857 0.20784915588686692 0.018415178571428572 0.02894102170576628
32 0.5676618303571429 0.2774610830958123 0.009765625 0.021267265950449463
102 0.5669642857142857 0.3326024994518746 0.008370535714285714 0.01841701381276036
188 0.6863141741071429 0.9011181758386319 0.011300223214285714 0.011401008550756413
63 0.6657366071428571 0.9252356939267704 0.013392857142857142 0.0131550098662574
184 0.6350446428571429 0.9345538259153694 0.006417410714285714 0.03354527515895637
179 0.6740373883928571 0.8023459767594826 0.016880580357142856 0.01907476430607323
188 0.24874441964285715 0.777022582766937 0.014508928571428572 0.011401008550756413
188 0.26402064732142855 0.7374479280859461 0.007393973214285714 0.017320762990572242
195 0.24881417410714285 0.7052181539136154 0.017438616071428572 0.027844770883578163
32 0.19398716517857142 0.6110502082876562 0.014927455357142858 0.016663012497259374
191 0.2611607142857143 0.9250164437623328 0.010881696428571428 0.01710151282613462
183 0.31236049107142855 0.9186581889936417 0.006417410714285714 0.02587151940363955
14 0.35030691964285715 0.9252356939267704 0.013671875 0.013593510195132646
194 0.46561104910714285 0.36242052181539136 0.018275669642857144 0.02850252137689103
185 0.6005859375 0.20708178031133523 0.021205357142857144 0.00986625739969305
188 0.6067243303571429 0.14788423591317693 0.013671875 0.012935759701819776
63 0.5472935267857143 0.23744792808594606 0.015625 0.013593510195132646
14 0.46421595982142855 0.2377768033326025 0.011300223214285714 0.01381276035957027
176 0.38943917410714285 0.23733830300372724 0.015485491071428572 0.013374260030695024
179 0.23388671875 0.49002411751808816 0.017717633928571428 0.018855514141635606
184 0.29471261160714285 0.4640429730322298 0.021344866071428572 0.010304757728568297
142 0.2886439732142857 0.5264196448147336 0.008928571428571428 0.0131550098662574
195 0.32833426339285715 0.45812321859241395 0.017717633928571428 0.027844770883578163
60 0.42138671875 0.424906818680114 0.013532366071428572 0.013593510195132646
194 0.6677594866071429 0.6124753343565008 0.018275669642857144 0.028721771541328656
176 0.44775390625 0.8227362420521815 0.008510044642857142 0.023898267923700943
183 0.41978236607142855 0.8062924797193598 0.006417410714285714 0.026090769568077175
119 0.30252511160714285 0.7449024336768253 0.014090401785714286 0.02696777022582767
182 0.11865234375 0.6124753343565008 0.008510044642857142 0.01381276035957027
188 0.16929408482142858 0.5883578162683623 0.017717633928571428 0.012058759044069283
190 0.16922433035714285 0.5020828765621574 0.009486607142857142 0.012278009208506906
184 0.16301618303571427 0.4575750931813199 0.021065848214285716 0.010085507564130673
187 0.18910435267857142 0.424906818680114 0.004603794642857143 0.013593510195132646
184 0.23311941964285715 0.4151501863626398 0.006696428571428571 0.03310677483008112
188 0.24874441964285715 0.2531243148432361 0.010881696428571428 0.013374260030695024
178 0.22823660714285715 0.29993422495066874 0.014229910714285714 0.0131550098662574
25 0.22732979910714285 0.23920192940144705 0.012137276785714286 0.016663012497259374
189 0.14836774553571427 0.23733830300372724 0.019949776785714284 0.014251260688445516
175 0.08998325892857142 0.2135496601622451 0.008928571428571428 0.021925016443762334
14 0.44775390625 0.4617408463056347 0.008510044642857142 0.020609515457136594
195 0.46923828125 0.48739311554483666 0.016043526785714284 0.025433019074764307
195 0.5078822544642857 0.48750274062705545 0.015485491071428572 0.02433676825257619
179 0.44935825892857145 0.526200394650296 0.01171875 0.025433019074764307
192 0.44761439732142855 0.5833150624862968 0.017996651785714284 0.028283271212453408
181 0.4478236607142857 0.63560622670467 0.009207589285714286 0.024117518088138567
178 0.34884207589285715 0.8001534751151064 0.013253348214285714 0.013374260030695024
196 0.32833426339285715 0.7044507783380838 0.017996651785714284 0.028064021048015787
179 0.32666015625 0.5735584301688226 0.011858258928571428 0.0263100197325148
183 0.3470982142857143 0.41876781407586056 0.006417410714285714 0.0263100197325148
25 0.0908203125 0.5862749397062048 0.010602678571428572 0.0197325147993861
192 0.18959263392857142 0.5499890374917781 0.017857142857142856 0.026529269896952423
190 0.23807198660714285 0.5498794124095593 0.008231026785714286 0.01710151282613462
14 0.08963448660714286 0.46667397500548125 0.008510044642857142 0.02433676825257619
63 0.10581752232142858 0.29993422495066874 0.014369419642857142 0.0131550098662574
188 0.14299665178571427 0.29993422495066874 0.006417410714285714 0.024117518088138567
14 0.10226004464285714 0.1749616312212234 0.014508928571428572 0.014032010524007894
182 0.6067243303571429 0.6385661039245779 0.008928571428571428 0.01381276035957027
175 0.6467633928571429 0.8960754220565665 0.008928571428571428 0.02455601841701381
32 0.34444754464285715 0.2988379741284806 0.013113839285714286 0.015347511510633634
191 0.2637416294642857 0.29993422495066874 0.0126953125 0.020171015128261346
195 0.24874441964285715 0.33402762552071913 0.018415178571428572 0.028721771541328656
32 0.32889229910714285 0.3372067529050647 0.009905133928571428 0.021925016443762334
176 0.4081333705357143 0.5814514360885771 0.0087890625 0.021486516114887087
25 0.3911830357142857 0.11061170795878097 0.012834821428571428 0.017320762990572242
191 0.28857421875 0.27965358474018853 0.010463169642857142 0.01644376233282175