187 0.5472237723214286 0.11247533435650077 0.004603794642857143 0.013593510195132646
187 0.7260044642857143 0.8435650076737558 0.008649553571428572 0.00723525542644157
187 0.5272042410714286 0.7598114448585837 0.008649553571428572 0.00723525542644157
187 0.12241908482142858 0.1749616312212234 0.004603794642857143 0.013593510195132646
187 0.12946428571428573 0.36976540232405175 0.008649553571428572 0.00723525542644157
187 0.6710379464285714 0.8625301468976102 0.004464285714285714 0.013593510195132646
195 0.40792410714285715 0.5174303880727911 0.018136160714285716 0.02850252137689103
192 0.42857142857142855 0.424906818680114 0.017857142857142856 0.028064021048015787
184 0.4140625 0.661258495943872 0.021205357142857144 0.010085507564130673
14 0.46030970982142855 0.7374479280859461 0.014927455357142858 0.013374260030695024
192 0.6862444196428571 0.3927866695900022 0.017020089285714284 0.027844770883578163
102 0.6861746651785714 0.44540670905503177 0.008510044642857142 0.01644376233282175
189 0.7077985491071429 0.5498794124095593 0.019949776785714284 0.01710151282613462
191 0.72607421875 0.568625301468976 0.011579241071428572 0.018197763648322735
63 0.2886439732142857 0.26441569831177375 0.008649553571428572 0.017978513483885114
175 0.27225167410714285 0.23755755316816488 0.011300223214285714 0.013374260030695024
192 0.28857421875 0.33205437404078053 0.017996651785714284 0.028283271212453408
188 0.23402622767857142 0.36242052181539136 0.007672991071428571 0.02718702039026529
184 0.17857142857142858 0.3721771541328656 0.006417410714285714 0.03354527515895637
182 0.5494559151785714 0.42523569392677046 0.008231026785714286 0.01381276035957027
194 0.46568080357142855 0.424906818680114 0.018415178571428572 0.02894102170576628
187 0.5868443080357143 0.424906818680114 0.004603794642857143 0.013593510195132646
186 0.5672433035714286 0.5143608857706643 0.009765625 0.01841701381276036
189 0.5669642857142857 0.5812321859241394 0.007254464285714286 0.031572023679017756
178 0.5484095982142857 0.6123657092742819 0.015625 0.013593510195132646
190 0.72607421875 0.712453409340057 0.008231026785714286 0.01644376233282175
190 0.72607421875 0.6638894979171235 0.011021205357142858 0.012278009208506906
177 0.6298130580357143 0.6747423810567857 0.015485491071428572 0.013374260030695024
185 0.671875 0.4971497478623109 0.006417410714285714 0.03354527515895637
183 0.578125 0.4935321201490901 0.006417410714285714 0.0263100197325148
179 0.3301478794642857 0.21442666081999562 0.012137276785714286 0.02587151940363955
142 0.35372488839285715 0.23722867792150845 0.008231026785714286 0.014032010524007894
102 0.44789341517857145 0.7771322078491559 0.0087890625 0.021267265950449463
196 0.4476841517857143 0.8946502959877219 0.017578125 0.027844770883578163
190 0.6260463169642857 0.6124753343565008 0.006277901785714286 0.015566761675071256
191 0.6712472098214286 0.6124753343565008 0.014090401785714286 0.022144266608199955
14 0.28857421875 0.46086384564788424 0.008510044642857142 0.0197325147993861
14 0.28836495535714285 0.509318131988599 0.008649553571428572 0.01710151282613462
188 0.35811941964285715 0.6124753343565008 0.007254464285714286 0.019951764963823723
183 0.205078125 0.33611050208287657 0.016741071428571428 0.010085507564130673
175 0.20884486607142858 0.26945845209383906 0.008649553571428572 0.02367901775926332
14 0.11383928571428571 0.5497697873273405 0.013113839285714286 0.013374260030695024
184 0.12074497767857142 0.6656434992326244 0.006277901785714286 0.03420302565226924
179 0.1708984375 0.7149747862310897 0.011997767857142858 0.022802017101512827
142 0.16922433035714285 0.44222758167068627 0.008649553571428572 0.012716509537382154
177 0.18687220982142858 0.4247971935978952 0.014927455357142858 0.01381276035957027
182 0.22600446428571427 0.4247971935978952 0.009207589285714286 0.01381276035957027
187 0.26869419642857145 0.424906818680114 0.004464285714285714 0.013593510195132646
194 0.22844587053571427 0.1749616312212234 0.017717633928571428 0.02718702039026529
176 0.27308872767857145 0.30037272527954395 0.013253348214285714 0.013593510195132646
184 0.23716517857142858 0.24676606007454505 0.006417410714285714 0.033983775487831616
182 0.39278738839285715 0.6123657092742819 0.008510044642857142 0.013593510195132646
185 0.5469447544642857 0.29006796755097564 0.006556919642857143 0.03332602499451875
184 0.48123604910714285 0.6562157421618067 0.021344866071428572 0.010085507564130673
194 0.48744419642857145 0.5790396842797632 0.018973214285714284 0.029818022363516772
177 0.48744419642857145 0.7010524007893006 0.008649553571428572 0.018636263977197982
192 0.46644810267857145 0.7999342249506687 0.017996651785714284 0.028283271212453408
193 0.5272042410714286 0.45439596579697433 0.017299107142857144 0.027844770883578163
142 0.24860491071428573 0.20839728129796098 0.008649553571428572 0.012935759701819776
183 0.15206473214285715 0.18121026090769568 0.006696428571428571 0.026090769568077175
185 0.19161551339285715 0.3098004823503618 0.006277901785714286 0.0328875246656435
195 0.14906529017857142 0.29993422495066874 0.017996651785714284 0.028064021048015787
63 0.20891462053571427 0.39717167287875466 0.008510044642857142 0.01907476430607323
175 0.23646763392857142 0.9247971935978953 0.011439732142857142 0.013593510195132646
180 0.24867466517857142 0.8335891251918439 0.008510044642857142 0.021486516114887087
175 0.39271763392857145 0.8000438500328875 0.010323660714285714 0.0131550098662574
179 0.43003627232142855 0.7974128480596361 0.014927455357142858 0.018855514141635606
178 0.24916294642857142 0.7626616969962727 0.008370535714285714 0.02302126726595045
191 0.22935267857142858 0.6749616312212234 0.010881696428571428 0.017320762990572242
185 0.181640625 0.6848278886209165 0.006696428571428571 0.03310677483008112
192 0.150390625 0.36242052181539136 0.018136160714285716 0.02850252137689103
178 0.12960379464285715 0.27296645472484105 0.008370535714285714 0.018855514141635606
192 0.23039899553571427 0.29993422495066874 0.018833705357142856 0.029818022363516772
142 0.12939453125 0.22319666739750055 0.0087890625 0.0131550098662574
189 0.16922433035714285 0.14240298180223634 0.007254464285714286 0.031352773514580136
179 0.2704380580357143 0.10940583205437404 0.015485491071428572 0.018855514141635606
14 0.5272739955357143 0.5712563034422276 0.008510044642857142 0.017320762990572242
63 0.5272739955357143 0.39640429730322296 0.0087890625 0.020609515457136594
184 0.5149274553571429 0.3722867792150844 0.006417410714285714 0.03332602499451875
60 0.646484375 0.3275597456698093 0.008370535714285714 0.0197325147993861
195 0.646484375 0.3966235474676606 0.018415178571428572 0.02894102170576628
188 0.6465541294642857 0.2615654461740846 0.016322544642857144 0.012278009208506906
178 0.5830078125 0.23744792808594606 0.015625 0.0131550098662574
180 0.5413643973214286 0.23733830300372724 0.015485491071428572 0.013374260030695024
175 0.4702845982142857 0.23733830300372724 0.010881696428571428 0.013374260030695024
195 0.6465541294642857 0.5184170138127604 0.017438616071428572 0.027844770883578163
63 0.12946428571428573 0.7768033326024995 0.008370535714285714 0.022802017101512827
14 0.12925502232142858 0.885880289410217 0.008510044642857142 0.017320762990572242
179 0.12779017857142858 0.5105240078930059 0.01171875 0.027406270554702915
189 0.2705078125 0.924906818680114 0.020089285714285716 0.014251260688445516
63 0.14815848214285715 0.5499890374917781 0.013392857142857142 0.01381276035957027
187 0.5669642857142857 0.33117737338303005 0.008649553571428572 0.00723525542644157
187 0.208984375 0.7062047796535847 0.008649553571428572 0.007016005262003947
190 0.18038504464285715 0.5499890374917781 0.010044642857142858 0.012058759044069283
25 0.4091099330357143 0.3827011620258715 0.0107421875 0.022144266608199955
195 0.40785435267857145 0.33008112256084193 0.014927455357142858 0.02433676825257619
194 0.40785435267857145 0.2680333260249945 0.017438616071428572 0.027844770883578163