187 0.5198102678571429 0.8625301468976102 0.004464285714285714 0.013593510195132646
187 0.5669642857142857 0.8755755316816488 0.008649553571428572 0.00723525542644157
187 0.10016741071428571 0.8625301468976102 0.004464285714285714 0.013593510195132646
187 0.5272042410714286 0.8994737996053497 0.008649553571428572 0.00723525542644157
187 0.49727957589285715 0.1749616312212234 0.004603794642857143 0.013593510195132646
187 0.4476841517857143 0.53782065336549 0.008649553571428572 0.007016005262003947
187 0.7089146205357143 0.9250164437623328 0.004603794642857143 0.013593510195132646
63 0.5270647321428571 0.8199956149967113 0.008370535714285714 0.02367901775926332
192 0.5061383928571429 0.7374479280859461 0.018136160714285716 0.028721771541328656
183 0.46888950892857145 0.743915807936856 0.006417410714285714 0.02587151940363955
179 0.38588169642857145 0.7399693049769788 0.015066964285714286 0.018855514141635606
178 0.54638671875 0.862639771979829 0.0166015625 0.013374260030695024
14 0.6298130580357143 0.862639771979829 0.012416294642857142 0.013374260030695024
179 0.08796037946428571 0.3892786669590002 0.011858258928571428 0.022582766937075203
175 0.11418805803571429 0.3000438500328875 0.0146484375 0.013374260030695024
196 0.08970424107142858 0.45636921727691293 0.017578125 0.027844770883578163
181 0.08956473214285714 0.5171015128261346 0.008649553571428572 0.023459767594825695
180 0.18401227678571427 0.6125849594387196 0.010881696428571428 0.0131550098662574
195 0.5670340401785714 0.6417452313089235 0.017717633928571428 0.028064021048015787
185 0.5608258928571429 0.5754220565665424 0.021205357142857144 0.010304757728568297
32 0.5926339285714286 0.54889278666959 0.012555803571428572 0.015566761675071256
182 0.6376255580357143 0.5499890374917781 0.0087890625 0.01381276035957027
195 0.6681082589285714 0.5498794124095593 0.015904017857142856 0.02499451874588906
192 0.3475864955357143 0.6124753343565008 0.017996651785714284 0.028283271212453408
25 0.30454799107142855 0.614119710589783 0.014229910714285714 0.018855514141635606
188 0.26688058035714285 0.6124753343565008 0.008649553571428572 0.023459767594825695
194 0.2670200892857143 0.8625301468976102 0.018136160714285716 0.02850252137689103
187 0.18910435267857142 0.8625301468976102 0.004603794642857143 0.013593510195132646
14 0.12946428571428573 0.21771541328655997 0.008370535714285714 0.022802017101512827
142 0.12018694196428571 0.1747423810567858 0.008231026785714286 0.013593510195132646
189 0.12946428571428573 0.3327121245340934 0.008649553571428572 0.031352773514580136
185 0.13581194196428573 0.38105678579258934 0.021065848214285716 0.010085507564130673
193 0.12946428571428573 0.5192940144705108 0.017578125 0.027844770883578163
190 0.5272042410714286 0.1437184827888621 0.010323660714285714 0.01644376233282175
181 0.5272042410714286 0.2076299057224293 0.008370535714285714 0.020171015128261346
194 0.5272042410714286 0.27110282832712124 0.017299107142857144 0.027844770883578163
181 0.5919363839285714 0.17485200613900462 0.013113839285714286 0.013374260030695024
176 0.6247209821428571 0.1749616312212234 0.011997767857142858 0.0131550098662574
195 0.6678989955357143 0.1749616312212234 0.018275669642857144 0.02850252137689103
176 0.6993582589285714 0.1747423810567858 0.014508928571428572 0.014032010524007894
195 0.72607421875 0.20741065555799168 0.017717633928571428 0.028064021048015787
60 0.66455078125 0.29993422495066874 0.013532366071428572 0.0131550098662574
194 0.12946428571428573 0.8305196228897171 0.017857142857142856 0.028064021048015787
177 0.14760044642857142 0.7993860995395746 0.014787946428571428 0.014032010524007894
184 0.12332589285714286 0.7856829642622232 0.021205357142857144 0.00986625739969305
189 0.5087890625 0.2998245998684499 0.020089285714285716 0.01644376233282175
60 0.5491768973214286 0.3001534751151063 0.011300223214285714 0.013593510195132646
185 0.5526646205357143 0.22769129576847183 0.006277901785714286 0.03354527515895637
142 0.4561244419642857 0.23755755316816488 0.007952008928571428 0.01381276035957027
190 0.4476841517857143 0.21387853540890156 0.009486607142857142 0.01512826134619601
186 0.4476841517857143 0.14591098443323833 0.009765625 0.018197763648322735
142 0.4247349330357143 0.11225608419206315 0.008510044642857142 0.014032010524007894
196 0.3866489955357143 0.11236570927428195 0.0185546875 0.029160271870203903
102 0.3447963169642857 0.11258495943871957 0.014090401785714286 0.013374260030695024
177 0.5050920758928571 0.8000438500328875 0.012974330357142858 0.0131550098662574
181 0.48744419642857145 0.6978732734049551 0.008370535714285714 0.02104801578601184
184 0.48116629464285715 0.6481034860776146 0.021205357142857144 0.010085507564130673
186 0.48744419642857145 0.580903310677483 0.009486607142857142 0.016882262661696998
102 0.4691685267857143 0.48739311554483666 0.014508928571428572 0.0131550098662574
185 0.09577287946428571 0.7849155886866915 0.021623883928571428 0.010085507564130673
195 0.08970424107142858 0.7053277789958342 0.015625 0.02455601841701381
177 0.6067940848214286 0.20653365490024117 0.008510044642857142 0.024117518088138567
192 0.4476841517857143 0.3307388730541548 0.017578125 0.027844770883578163
177 0.42417689732142855 0.3001534751151063 0.011300223214285714 0.0131550098662574
102 0.39125279017857145 0.29960534970401226 0.0126953125 0.01381276035957027
14 0.35121372767857145 0.30026310019732516 0.0126953125 0.01381276035957027
179 0.5080915178571429 0.10984433238324928 0.015345982142857142 0.018855514141635606
180 0.3681640625 0.32284586713440033 0.008649553571428572 0.018197763648322735
188 0.34688895089285715 0.36242052181539136 0.008231026785714286 0.02587151940363955
25 0.27525111607142855 0.3641745231308923 0.014229910714285714 0.016663012497259374
142 0.5669642857142857 0.14722648541986408 0.008649553571428572 0.013374260030695024
195 0.08970424107142858 0.27011620258715197 0.015625 0.02455601841701381
184 0.08356584821428571 0.15994299495724623 0.021484375 0.00986625739969305
176 0.18826729910714285 0.11247533435650077 0.014369419642857142 0.014032010524007894
196 0.6862444196428571 0.33040999780749836 0.018415178571428572 0.02894102170576628
177 0.5668247767857143 0.2058759044069283 0.008649553571428572 0.02324051743038807
179 0.6482979910714286 0.33698750274062705 0.01171875 0.0263100197325148
102 0.7262137276785714 0.8874150405612804 0.0087890625 0.019951764963823723
195 0.72607421875 0.640868230651173 0.015485491071428572 0.024117518088138567
177 0.72607421875 0.57564130673098 0.008510044642857142 0.023898267923700943
32 0.7022879464285714 0.5490024117518089 0.011997767857142858 0.015786011839508878
185 0.7197963169642857 0.5335452751589563 0.021065848214285716 0.010304757728568297
192 0.72607421875 0.4530804648103486 0.017996651785714284 0.028283271212453408
192 0.7048688616071429 0.36242052181539136 0.019112723214285716 0.029818022363516772
192 0.2684849330357143 0.29993422495066874 0.017996651785714284 0.028064021048015787
192 0.18812779017857142 0.2998245998684499 0.017717633928571428 0.027844770883578163
102 0.32847377232142855 0.31966673975005483 0.0087890625 0.017540013155009866
191 0.32833426339285715 0.398158298618724 0.013532366071428572 0.02104801578601184
32 0.34047154017857145 0.48629686472264855 0.012416294642857142 0.015786011839508878
14 0.39090401785714285 0.48717386538039903 0.012276785714285714 0.013593510195132646
184 0.6801060267857143 0.20653365490024117 0.021205357142857144 0.01052400789300592
14 0.6861746651785714 0.5769568077176058 0.008510044642857142 0.020828765621574215
60 0.6862444196428571 0.7732953299714975 0.008370535714285714 0.022802017101512827
181 0.6466936383928571 0.8240517430388072 0.008510044642857142 0.02302126726595045
63 0.20919363839285715 0.4024336768252576 0.0087890625 0.01907476430607323
176 0.20905412946428573 0.45154571365928525 0.008510044642857142 0.023898267923700943
194 0.5866350446428571 0.23733830300372724 0.018973214285714284 0.030037272527954396
192 0.6067243303571429 0.14240298180223634 0.018136160714285716 0.028721771541328656
192 0.7050083705357143 0.48750274062705545 0.017996651785714284 0.028283271212453408
63 0.5931222098214286 0.4877219907914931 0.011021205357142858 0.013374260030695024
175 0.501953125 0.48739311554483666 0.013671875 0.013593510195132646
185 0.24253627232142858 0.2531243148432361 0.021065848214285716 0.00986625739969305
63 0.24888392857142858 0.14075860556895417 0.008649553571428572 0.021486516114887087
179 0.21079799107142858 0.27493970620477964 0.012276785714285714 0.0263100197325148
25 0.14808872767857142 0.1767156325367244 0.012137276785714286 0.016663012497259374
60 0.20905412946428573 0.6975443981582986 0.008510044642857142 0.022144266608199955
176 0.3032924107142857 0.7994957246217934 0.013392857142857142 0.01381276035957027
25 0.27427455357142855 0.8015786011839509 0.011997767857142858 0.016224512168384126
191 0.72607421875 0.1549002411751809 0.013532366071428572 0.021267265950449463
193 0.70458984375 0.23733830300372724 0.018833705357142856 0.029598772199079148