187 0.15025111607142858 0.36242052181539136 0.004464285714285714 0.013593510195132646
187 0.30824497767857145 0.11247533435650077 0.004603794642857143 0.013593510195132646
187 0.08970424107142858 0.13220784915588688 0.008649553571428572 0.007016005262003947
187 0.12046595982142858 0.5498794124095593 0.004603794642857143 0.013593510195132646
187 0.7260044642857143 0.7001754001315501 0.008649553571428572 0.00723525542644157
187 0.4476841517857143 0.6286998465248849 0.008649553571428572 0.00723525542644157
187 0.208984375 0.8251479938609954 0.008649553571428572 0.00723525542644157
176 0.19391741071428573 0.5502082876562158 0.013392857142857142 0.01381276035957027
180 0.23039899553571427 0.550098662573997 0.014090401785714286 0.014032010524007894
102 0.5274135044642857 0.5245560184170138 0.008510044642857142 0.019951764963823723
32 0.5279715401785714 0.4664547248410436 0.010184151785714286 0.019513264634948475
60 0.5080915178571429 0.5503179127384346 0.015625 0.013593510195132646
192 0.42599051339285715 0.5499890374917781 0.017996651785714284 0.028283271212453408
188 0.5669642857142857 0.2715413286559965 0.012834821428571428 0.00986625739969305
195 0.546875 0.11247533435650077 0.018136160714285716 0.02850252137689103
60 0.5033482142857143 0.11203683402762551 0.015345982142857142 0.0131550098662574
194 0.4658900669642857 0.11236570927428195 0.017717633928571428 0.027844770883578163
119 0.4317103794642857 0.1193817145362859 0.016043526785714284 0.028721771541328656
190 0.40792410714285715 0.1259592194694146 0.008649553571428572 0.010743258057443543
195 0.34695870535714285 0.23744792808594606 0.015625 0.02455601841701381
192 0.32833426339285715 0.8921289190966893 0.018275669642857144 0.02850252137689103
32 0.3291015625 0.8407147555360667 0.010044642857142858 0.020828765621574215
195 0.30650111607142855 0.7999342249506687 0.017857142857142856 0.028283271212453408
192 0.30831473214285715 0.9250164437623328 0.018136160714285716 0.02850252137689103
191 0.27280970982142855 0.924906818680114 0.0126953125 0.019951764963823723
187 0.22893415178571427 0.9250164437623328 0.004464285714285714 0.013593510195132646
177 0.32840401785714285 0.763100197325148 0.008370535714285714 0.026090769568077175
176 0.32833426339285715 0.7158517868888402 0.0087890625 0.0197325147993861
63 0.3466099330357143 0.6749616312212234 0.013253348214285714 0.013374260030695024
187 0.3681640625 0.5812321859241394 0.008649553571428572 0.007016005262003947
175 0.2885044642857143 0.885880289410217 0.008928571428571428 0.017320762990572242
184 0.28236607142857145 0.7592633194474896 0.021205357142857144 0.010085507564130673
182 0.28871372767857145 0.6465687349265512 0.009068080357142858 0.01447051085288314
119 0.35428292410714285 0.11960096470072352 0.013253348214285714 0.027844770883578163
189 0.38734654017857145 0.29993422495066874 0.019949776785714284 0.015786011839508878
195 0.48744419642857145 0.20883578162683622 0.016462053571428572 0.02565226923920193
32 0.48807198660714285 0.2584959438719579 0.009626116071428572 0.0197325147993861
185 0.09598214285714286 0.8403858802894102 0.021205357142857144 0.010085507564130673
194 0.11139787946428571 0.9250164437623328 0.017717633928571428 0.02718702039026529
176 0.14215959821428573 0.924906818680114 0.012555803571428572 0.014251260688445516
183 0.18973214285714285 0.9188774391580794 0.006696428571428571 0.0263100197325148
192 0.18924386160714285 0.7999342249506687 0.018833705357142856 0.029598772199079148
195 0.22970145089285715 0.7999342249506687 0.015485491071428572 0.023898267923700943
60 0.26318359375 0.8000438500328875 0.011579241071428572 0.013593510195132646
193 0.08970424107142858 0.7057662793247095 0.018415178571428572 0.02894102170576628
32 0.18171037946428573 0.6736461302345976 0.015764508928571428 0.016005262003946502
182 0.20905412946428573 0.5927428195571147 0.0087890625 0.01381276035957027
119 0.33321707589285715 0.13242709932032448 0.017159598214285716 0.02236351677263758
175 0.3505161830357143 0.1749616312212234 0.014927455357142858 0.0131550098662574
14 0.38602120535714285 0.17507125630344222 0.01171875 0.013374260030695024
32 0.43129185267857145 0.17364613023459768 0.0146484375 0.016663012497259374
142 0.30308314732142855 0.1747423810567858 0.0087890625 0.013593510195132646
190 0.24874441964285715 0.26331944748958563 0.007254464285714286 0.01447051085288314
190 0.24469866071428573 0.29993422495066874 0.009207589285714286 0.013593510195132646
195 0.12946428571428573 0.5829861872396405 0.015066964285714286 0.024117518088138567
179 0.13106863839285715 0.7100416575312432 0.012137276785714286 0.026090769568077175
180 0.12953404017857142 0.7628809471607104 0.008510044642857142 0.018636263977197982
63 0.12925502232142858 0.8272308704231528 0.008510044642857142 0.0197325147993861
190 0.18568638392857142 0.48750274062705545 0.010044642857142858 0.010743258057443543
175 0.22781808035714285 0.4876123657092743 0.011439732142857142 0.0131550098662574
25 0.24762834821428573 0.4520938390703793 0.011160714285714286 0.017978513483885114
180 0.24867466517857142 0.32668274501205874 0.008510044642857142 0.021925016443762334
179 0.23284040178571427 0.24018855514141635 0.016183035714285716 0.018636263977197982
188 0.18024553571428573 0.23744792808594606 0.006417410714285714 0.020609515457136594
193 0.14801897321428573 0.23744792808594606 0.018415178571428572 0.02894102170576628
194 0.11042131696428571 0.17485200613900462 0.017717633928571428 0.027844770883578163
102 0.20891462053571427 0.3263538697654023 0.008510044642857142 0.02302126726595045
192 0.6067243303571429 0.5802455601841702 0.017299107142857144 0.027844770883578163
185 0.6005859375 0.5310238982679237 0.021205357142857144 0.010085507564130673
195 0.54541015625 0.48750274062705545 0.017996651785714284 0.028283271212453408
182 0.6065848214285714 0.3290944968208726 0.008928571428571428 0.013593510195132646
194 0.16922433035714285 0.3908134181100636 0.017299107142857144 0.027844770883578163
63 0.16936383928571427 0.7755974566980925 0.008649553571428572 0.01775926331944749
32 0.5280412946428571 0.27954395965796974 0.010044642857142858 0.020171015128261346
14 0.5080217633928571 0.23755755316816488 0.011300223214285714 0.013374260030695024
182 0.4760044642857143 0.1747423810567858 0.008370535714285714 0.013593510195132646
119 0.5520368303571429 0.3696557772418329 0.013671875 0.02762552071914054
63 0.328125 0.57564130673098 0.008928571428571428 0.01775926331944749
192 0.3485630580357143 0.5499890374917781 0.019112723214285716 0.030037272527954396
195 0.11083984375 0.29993422495066874 0.017717633928571428 0.02762552071914054
184 0.6969866071428571 0.5593071694803771 0.006417410714285714 0.03420302565226924
180 0.7035435267857143 0.6125849594387196 0.011160714285714286 0.013593510195132646
14 0.6253487723214286 0.6122560841920631 0.011858258928571428 0.01381276035957027
102 0.5502232142857143 0.6124753343565008 0.011160714285714286 0.013374260030695024
63 0.5096958705357143 0.6123657092742819 0.013253348214285714 0.013593510195132646
142 0.72607421875 0.4089015566761675 0.0087890625 0.013593510195132646
181 0.40799386160714285 0.8220784915588687 0.008510044642857142 0.02170576627932471
176 0.38399832589285715 0.8620916465687349 0.0107421875 0.014032010524007894
195 0.38706752232142855 0.8000438500328875 0.018275669642857144 0.02850252137689103
196 0.46840122767857145 0.7374479280859461 0.017717633928571428 0.027844770883578163
63 0.4873046875 0.7067529050646788 0.008370535714285714 0.02302126726595045
192 0.48744419642857145 0.5805744354308265 0.018415178571428572 0.02894102170576628
193 0.34716796875 0.36231089673317257 0.017996651785714284 0.028283271212453408
175 0.2753208705357143 0.362639771979829 0.011579241071428572 0.013593510195132646
191 0.22384207589285715 0.36242052181539136 0.010184151785714286 0.016224512168384126
177 0.46372767857142855 0.3629686472264854 0.014508928571428572 0.013374260030695024
181 0.44747488839285715 0.3413725060293795 0.0087890625 0.020171015128261346
193 0.4258510044642857 0.29993422495066874 0.018275669642857144 0.02850252137689103
193 0.44761439732142855 0.39410217057662794 0.017996651785714284 0.028283271212453408
192 0.44761439732142855 0.4576847182635387 0.017717633928571428 0.027844770883578163
195 0.46895926339285715 0.48739311554483666 0.015485491071428572 0.02367901775926332
188 0.40785435267857145 0.5901118175838632 0.017717633928571428 0.012935759701819776
179 0.4061802455357143 0.5108528831396624 0.012137276785714286 0.020609515457136594
185 0.40164620535714285 0.44507783380837534 0.021205357142857144 0.010085507564130673
102 0.40792410714285715 0.3877439158079369 0.008649553571428572 0.02433676825257619
102 0.40771484375 0.3437842578381934 0.0087890625 0.02455601841701381
191 0.4242466517857143 0.36242052181539136 0.010881696428571428 0.01710151282613462
195 0.6862444196428571 0.520938390703793 0.018415178571428572 0.02894102170576628
183 0.6901506696428571 0.6539136154352115 0.016741071428571428 0.010304757728568297
182 0.6863839285714286 0.3333698750274063 0.008928571428571428 0.012935759701819776
175 0.6861746651785714 0.21267265950449463 0.008510044642857142 0.02104801578601184
186 0.5848911830357143 0.1749616312212234 0.011021205357142858 0.015786011839508878
195 0.20905412946428573 0.2059855294891471 0.015485491071428572 0.02433676825257619
181 0.44761439732142855 0.5915369436527077 0.008510044642857142 0.018855514141635606
63 0.44754464285714285 0.5224731418548564 0.008649553571428572 0.017978513483885114
182 0.45668247767857145 0.42523569392677046 0.008231026785714286 0.01381276035957027
178 0.40785435267857145 0.6490901118175839 0.008510044642857142 0.025213768910326683
193 0.26841517857142855 0.7374479280859461 0.018136160714285716 0.028721771541328656
178 0.24874441964285715 0.7690199517649638 0.008370535714285714 0.01907476430607323
25 0.24979073660714285 0.8844551633413725 0.0107421875 0.020171015128261346