187 0.5159737723214286 0.1749616312212234 0.004603794642857143 0.013593510195132646
187 0.11369977678571429 0.1749616312212234 0.004464285714285714 0.013593510195132646
187 0.7136579241071429 0.8625301468976102 0.004603794642857143 0.013593510195132646
187 0.10791015625 0.29993422495066874 0.004603794642857143 0.013593510195132646
187 0.46365792410714285 0.36242052181539136 0.004603794642857143 0.013593510195132646
187 0.45298549107142855 0.11247533435650077 0.004464285714285714 0.013593510195132646
187 0.08970424107142858 0.9139443104582329 0.008649553571428572 0.00723525542644157
187 0.40792410714285715 0.3808375356281517 0.008649553571428572 0.007016005262003947
185 0.4937220982142857 0.15555799166849374 0.020926339285714284 0.010304757728568297
25 0.5280412946428571 0.2583863187897391 0.010602678571428572 0.02039026529269897
176 0.5416434151785714 0.36253014689761015 0.014927455357142858 0.013374260030695024
185 0.5460379464285714 0.4152598114448586 0.006417410714285714 0.03332602499451875
192 0.5877511160714286 0.424906818680114 0.018136160714285716 0.02850252137689103
189 0.28857421875 0.8296426222319667 0.009068080357142858 0.031572023679017756
186 0.28836495535714285 0.772418329313747 0.010044642857142858 0.01710151282613462
183 0.28452845982142855 0.6568734926551195 0.0166015625 0.010085507564130673
189 0.28857421875 0.5806840605130453 0.008231026785714286 0.031352773514580136
194 0.18812779017857142 0.5499890374917781 0.017717633928571428 0.027406270554702915
63 0.4873046875 0.8331506248629686 0.008370535714285714 0.018855514141635606
182 0.4873046875 0.7591536943652708 0.008928571428571428 0.01381276035957027
185 0.43924386160714285 0.8095812321859241 0.006556919642857143 0.03354527515895637
187 0.30845424107142855 0.8000438500328875 0.004464285714285714 0.013593510195132646
60 0.5092075892857143 0.7374479280859461 0.012555803571428572 0.013374260030695024
188 0.6180943080357143 0.7374479280859461 0.006277901785714286 0.018636263977197982
185 0.6647600446428571 0.7276912957684718 0.006417410714285714 0.03332602499451875
191 0.08970424107142858 0.3973909230431923 0.012834821428571428 0.02039026529269897
195 0.14913504464285715 0.1749616312212234 0.015345982142857142 0.02367901775926332
192 0.7260044642857143 0.8320543740407805 0.018415178571428572 0.02894102170576628
14 0.7259347098214286 0.7725279543959658 0.0087890625 0.019951764963823723
182 0.6941964285714286 0.6752905064678798 0.008649553571428572 0.014032010524007894
191 0.6643415178571429 0.6749616312212234 0.011160714285714286 0.017320762990572242
183 0.6373465401785714 0.6811006358254769 0.006556919642857143 0.026090769568077175
14 0.7262137276785714 0.644376233282175 0.008510044642857142 0.022802017101512827
142 0.6545758928571429 0.6120368340276255 0.008928571428571428 0.01381276035957027
192 0.6249302455357143 0.6124753343565008 0.017996651785714284 0.028283271212453408
181 0.5271344866071429 0.5305853979390485 0.008510044642857142 0.021486516114887087
190 0.24881417410714285 0.3260249945187459 0.009626116071428572 0.010085507564130673
178 0.23346819196428573 0.1749616312212234 0.011300223214285714 0.013593510195132646
188 0.24881417410714285 0.3807279105459329 0.014927455357142858 0.010743258057443543
119 0.22426060267857142 0.30684060513045386 0.015764508928571428 0.028283271212453408
25 0.24776785714285715 0.13483885112913835 0.010323660714285714 0.021486516114887087
190 0.12946428571428573 0.46941460206095154 0.010881696428571428 0.014909011181758386
192 0.16929408482142858 0.5210480157860118 0.017996651785714284 0.028283271212453408
189 0.72607421875 0.3931155448366586 0.008231026785714286 0.031572023679017756
175 0.62744140625 0.36231089673317257 0.013811383928571428 0.013374260030695024
181 0.7259347098214286 0.5806840605130453 0.0087890625 0.02302126726595045
175 0.23200334821428573 0.7998245998684499 0.01171875 0.0131550098662574
177 0.48758370535714285 0.5166630124972593 0.008370535714285714 0.02039026529269897
63 0.54296875 0.48739311554483666 0.012555803571428572 0.0131550098662574
181 0.48744419642857145 0.6323174742381057 0.008370535714285714 0.02324051743038807
192 0.48744419642857145 0.4529708397281298 0.019252232142857144 0.03025652269239202
194 0.18924386160714285 0.9250164437623328 0.018275669642857144 0.02850252137689103
195 0.23074776785714285 0.9250164437623328 0.016183035714285716 0.025433019074764307
119 0.16455078125 0.7595921946941461 0.017717633928571428 0.026090769568077175
182 0.16915457589285715 0.7134400350800263 0.0087890625 0.014032010524007894
191 0.18226841517857142 0.6124753343565008 0.012974330357142858 0.02039026529269897
187 0.22893415178571427 0.6123657092742819 0.004464285714285714 0.013593510195132646
190 0.18136160714285715 0.424906818680114 0.010044642857142858 0.012278009208506906
195 0.6465541294642857 0.32964262223196666 0.017438616071428572 0.027844770883578163
181 0.5871233258928571 0.29993422495066874 0.011579241071428572 0.013593510195132646
182 0.32833426339285715 0.7644156983117737 0.008510044642857142 0.013374260030695024
196 0.32833426339285715 0.5807936855952642 0.018275669642857144 0.02850252137689103
177 0.30684988839285715 0.5497697873273405 0.012137276785714286 0.013374260030695024
60 0.20891462053571427 0.5153475115106336 0.008510044642857142 0.018636263977197982
179 0.20724051339285715 0.45340934005700506 0.011858258928571428 0.02324051743038807
185 0.20291573660714285 0.3965139223854418 0.021344866071428572 0.00986625739969305
195 0.08970424107142858 0.5184170138127604 0.017857142857142856 0.027844770883578163
183 0.12060546875 0.4811444858583644 0.006277901785714286 0.026090769568077175
183 0.15715680803571427 0.5439596579697434 0.006556919642857143 0.026748520061390047
192 0.3680943080357143 0.32810787108090333 0.018833705357142856 0.029598772199079148
32 0.3685825892857143 0.44781846086384564 0.010044642857142858 0.02302126726595045
185 0.37430245535714285 0.5247752685814514 0.021205357142857144 0.00986625739969305
186 0.35093470982142855 0.5499890374917781 0.011300223214285714 0.01644376233282175
192 0.18736049107142858 0.23744792808594606 0.018136160714285716 0.02850252137689103
196 0.12946428571428573 0.14042973032229775 0.017578125 0.027844770883578163
193 0.15073939732142858 0.11236570927428195 0.017996651785714284 0.028283271212453408
119 0.3154994419642857 0.3071694803771103 0.0166015625 0.02762552071914054
178 0.2660435267857143 0.29960534970401226 0.014787946428571428 0.013374260030695024
194 0.6067243303571429 0.456917342688007 0.018694196428571428 0.029379522034641527
191 0.5855189732142857 0.48739311554483666 0.011160714285714286 0.017540013155009866
14 0.5670340401785714 0.13494847621135717 0.008510044642857142 0.018636263977197982
102 0.5466657366071429 0.11236570927428195 0.014927455357142858 0.013374260030695024
63 0.5668247767857143 0.2659504494628371 0.008649553571428572 0.02455601841701381
14 0.5272042410714286 0.46283709712782284 0.008649553571428572 0.02236351677263758
60 0.42417689732142855 0.9252356939267704 0.012974330357142858 0.014032010524007894
14 0.4476841517857143 0.5764086823065118 0.008649553571428572 0.02324051743038807
183 0.4365234375 0.4934224950668713 0.006696428571428571 0.026529269896952423
185 0.13567243303571427 0.5224731418548564 0.021344866071428572 0.010085507564130673