187 0.47677176339285715 0.709776413853573 0.004045758928571429 0.01183691363437089
187 0.10721261160714286 0.10488820692678649 0.004045758928571429 0.012056115738711091
187 0.11453683035714286 0.8747259973695748 0.00390625 0.012056115738711091
187 0.4100864955357143 0.5997369574747917 0.004045758928571429 0.01183691363437089
187 0.09305245535714286 0.5448268303375713 0.00390625 0.012056115738711091
187 0.6799665178571429 0.5615957913195967 0.007533482142857143 0.006137658921525646
196 0.46993582589285715 0.900043840420868 0.016043526785714284 0.02498903989478299
119 0.4585658482142857 0.8811924594476107 0.015066964285714286 0.024112231477422183
183 0.46644810267857145 0.7776194651468654 0.0146484375 0.00898728627794827
186 0.6452287946428571 0.575076720736519 0.008928571428571428 0.015124945199473916
184 0.6394391741071429 0.5036168347216133 0.0185546875 0.00898728627794827
184 0.6395089285714286 0.4476106970626918 0.018694196428571428 0.008768084173608066
194 0.6626674107142857 0.3798772468215695 0.015625 0.024550635686102586
32 0.6455078125 0.6846777729066199 0.008649553571428572 0.02257781674704077
181 0.6450892857142857 0.729395002192021 0.0078125 0.02082419991231916
193 0.6266741071428571 0.7647961420429636 0.015625 0.024112231477422183
188 0.5399693080357143 0.7848531345900921 0.015206473214285714 0.009425690486628672
175 0.5399693080357143 0.7322446295484437 0.007393973214285714 0.017755370451556333
196 0.5398995535714286 0.6806225339763262 0.015625 0.024550635686102586
102 0.5048130580357143 0.507562472599737 0.007393973214285714 0.018632178868917142
181 0.5179268973214286 0.6548662867163525 0.011858258928571428 0.011617711530030689
176 0.5397600446428571 0.5836256028057869 0.007533482142857143 0.01731696624287593
192 0.5398995535714286 0.5155633494081543 0.015625 0.024550635686102586
180 0.12004743303571429 0.13974134151687856 0.007672991071428571 0.017755370451556333
182 0.11962890625 0.3077597544936431 0.007672991071428571 0.011398509425690487
176 0.13225446428571427 0.1049978079789566 0.010044642857142858 0.01183691363437089
25 0.16887555803571427 0.10401139850942569 0.012416294642857142 0.014686540990793511
176 0.23974609375 0.1046690048224463 0.0126953125 0.012056115738711091
181 0.13434709821428573 0.21459886014905744 0.013392857142857142 0.01183691363437089
194 0.17264229910714285 0.21481806225339764 0.015485491071428572 0.024112231477422183
179 0.20396205357142858 0.21240683910565542 0.014787946428571428 0.016659359929855327
177 0.3090122767857143 0.26972818939061816 0.01171875 0.011617711530030689
190 0.34926060267857145 0.2698377904427883 0.007672991071428571 0.0131521262604121
60 0.37827845982142855 0.26961858833844804 0.010184151785714286 0.012275317843051293
25 0.11879185267857142 0.5123849188952214 0.009347098214285714 0.01731696624287593
192 0.11997767857142858 0.4048662867163525 0.016183035714285716 0.025427444103463395
187 0.13741629464285715 0.37976764576939936 0.00390625 0.012056115738711091
178 0.11990792410714286 0.3556554142919772 0.007672991071428571 0.01994739149495835
14 0.30908203125 0.15990793511617712 0.013811383928571428 0.011617711530030689
182 0.3461216517857143 0.159798334064007 0.007254464285714286 0.01183691363437089
177 0.41538783482142855 0.159798334064007 0.011579241071428572 0.01183691363437089
14 0.46993582589285715 0.6218763700131521 0.007393973214285714 0.016659359929855327
196 0.5935407366071429 0.6547566856641823 0.015764508928571428 0.02498903989478299
179 0.5235770089285714 0.711968434896975 0.013671875 0.016220955721174924
195 0.3999720982142857 0.6268084173608066 0.014229910714285714 0.022139412538360367
196 0.3999720982142857 0.5712406839105656 0.015625 0.024550635686102586
60 0.4541713169642857 0.48991670320035074 0.010184151785714286 0.012275317843051293
192 0.46993582589285715 0.4644892590968873 0.015485491071428572 0.024550635686102586
63 0.310546875 0.21481806225339764 0.012276785714285714 0.01183691363437089
195 0.27699497767857145 0.21481806225339764 0.014369419642857142 0.022797018851380975
25 0.15597098214285715 0.297786058746164 0.009207589285714286 0.015563349408154318
180 0.3819056919642857 0.21492766330556773 0.013253348214285714 0.011617711530030689
180 0.3998325892857143 0.3045813239807102 0.007533482142857143 0.017755370451556333
180 0.43519810267857145 0.41231915826391935 0.007672991071428571 0.01797457255589654
178 0.4541713169642857 0.15990793511617712 0.011021205357142858 0.011617711530030689
189 0.5749162946428571 0.3524769837790443 0.007254464285714286 0.02761946514686541
183 0.5202985491071429 0.11025865848312144 0.005998883928571429 0.023235423060061378
175 0.4488002232142857 0.10488820692678649 0.010323660714285714 0.011617711530030689
102 0.3784877232142857 0.1049978079789566 0.012834821428571428 0.01183691363437089
189 0.3115234375 0.10488820692678649 0.017578125 0.010740903112669882
63 0.18994140625 0.298882069267865 0.007393973214285714 0.017755370451556333
25 0.17808314732142858 0.3263919333625603 0.010184151785714286 0.014905743095133712
175 0.20207868303571427 0.2698377904427883 0.0107421875 0.01183691363437089
102 0.40018136160714285 0.9093599298553267 0.007393973214285714 0.019070583077597545
176 0.3999720982142857 0.7339982463831652 0.007533482142857143 0.016878562034195528
189 0.39990234375 0.6810609381850066 0.007672991071428571 0.02761946514686541
196 0.38169642857142855 0.8198158702323542 0.016183035714285716 0.025427444103463395
192 0.3115931919642857 0.8197062691801841 0.015764508928571428 0.024769837790442787
191 0.294921875 0.7843051293292416 0.011439732142857142 0.01797457255589654
63 0.24267578125 0.7645769399386234 0.009626116071428572 0.012275317843051293
192 0.20682198660714285 0.7647961420429636 0.016322544642857144 0.025865848312143797
188 0.5537109375 0.5997369574747917 0.005580357142857143 0.01578255151249452
194 0.5749162946428571 0.6285620341955283 0.015904017857142856 0.025208241999123193
195 0.5749162946428571 0.6848969750109601 0.013113839285714286 0.021262604120999562
192 0.7149135044642857 0.4078255151249452 0.015764508928571428 0.024769837790442787
180 0.71484375 0.5116177115300307 0.007533482142857143 0.01797457255589654
191 0.6907087053571429 0.5448268303375713 0.010323660714285714 0.016440157825515125
63 0.6619001116071429 0.5449364313897413 0.011579241071428572 0.01183691363437089
142 0.6099330357142857 0.5670758439281017 0.007533482142857143 0.011398509425690487
185 0.5914481026785714 0.6085050416483998 0.005719866071428571 0.02893467777290662
182 0.7149135044642857 0.3582858395440596 0.007672991071428571 0.012056115738711091
63 0.7147739955357143 0.18763700131521263 0.007672991071428571 0.02104340201665936
182 0.6522739955357143 0.10477860587461639 0.007393973214285714 0.012275317843051293
196 0.6270228794642857 0.10477860587461639 0.015485491071428572 0.024550635686102586
142 0.3999720982142857 0.33724243752740024 0.0078125 0.012932924156071899
189 0.3999720982142857 0.4644892590968873 0.008370535714285714 0.02761946514686541
182 0.11976841517857142 0.8501753616834722 0.007952008928571428 0.012056115738711091
194 0.11990792410714286 0.7916483998246383 0.015764508928571428 0.024769837790442787
195 0.13853236607142858 0.7647961420429636 0.015625 0.024112231477422183
182 0.11983816964285714 0.7364094695309075 0.0078125 0.011617711530030689
195 0.11990792410714286 0.6257124068391057 0.014090401785714286 0.022139412538360367
181 0.15499441964285715 0.5118369136343709 0.0078125 0.020166593599298552
192 0.15492466517857142 0.4056334940815432 0.015764508928571428 0.024769837790442787
195 0.5749162946428571 0.9033318719859711 0.016183035714285716 0.025427444103463395
187 0.13741629464285715 0.8747259973695748 0.00390625 0.012056115738711091
32 0.15562220982142858 0.690157825515125 0.008510044642857142 0.02082419991231916
181 0.3095703125 0.5998465585269619 0.011997767857142858 0.012056115738711091
60 0.36488560267857145 0.7958132398071022 0.007393973214285714 0.021701008329679965
189 0.36495535714285715 0.9042086804033319 0.006417410714285714 0.02761946514686541
60 0.37841796875 0.9297457255589654 0.010463169642857142 0.012056115738711091
190 0.36488560267857145 0.6408373520385796 0.007952008928571428 0.012494519947391494
179 0.36349051339285715 0.5740903112669882 0.010463169642857142 0.017536168347216132
178 0.3759068080357143 0.5448268303375713 0.012416294642857142 0.011617711530030689
177 0.41566685267857145 0.5447172292854011 0.013253348214285714 0.012275317843051293
193 0.294921875 0.4615300306882946 0.015904017857142856 0.024769837790442787
176 0.27657645089285715 0.5447172292854011 0.009905133928571428 0.01183691363437089
102 0.2949916294642857 0.34568171854449803 0.007393973214285714 0.01972818939061815
191 0.27476283482142855 0.3248575186321789 0.009068080357142858 0.014028934677772907
191 0.23849051339285715 0.3248575186321789 0.0107421875 0.01709776413853573
63 0.43477957589285715 0.1852257781674704 0.007672991071428571 0.01797457255589654
60 0.41441127232142855 0.21503726435773785 0.011300223214285714 0.01183691363437089
177 0.6799665178571429 0.4048662867163525 0.007533482142857143 0.016659359929855327
14 0.5871233258928571 0.5449364313897413 0.010463169642857142 0.01183691363437089
179 0.5602678571428571 0.5469092503288031 0.012555803571428572 0.016659359929855327
192 0.6099330357142857 0.6248355984217449 0.015904017857142856 0.024769837790442787
180 0.5749860491071429 0.5759535291538799 0.007393973214285714 0.015124945199473916
184 0.6268136160714286 0.5910784743533538 0.005580357142857143 0.02915387987724682
192 0.4859095982142857 0.43478737395879 0.015904017857142856 0.025208241999123193
194 0.5399693080357143 0.13217886891714162 0.015764508928571428 0.02498903989478299
186 0.48423549107142855 0.21492766330556773 0.009486607142857142 0.013809732573432706
175 0.4541015625 0.21459886014905744 0.011439732142857142 0.012275317843051293