187 0.29227120535714285 0.9277729066199035 0.005859375 0.005041648399824638
187 0.29227120535714285 0.4815870232354231 0.005859375 0.004822446295484437
187 0.7127511160714286 0.8112669881630864 0.0030691964285714285 0.00920648838228847
187 0.22488839285714285 0.0920648838228847 0.0030691964285714285 0.00920648838228847
187 0.51416015625 0.8535729943007453 0.003208705357142857 0.00920648838228847
187 0.48074776785714285 0.24813678211310827 0.005859375 0.004822446295484437
187 0.43526785714285715 0.3035949145111793 0.0030691964285714285 0.00920648838228847
190 0.33565848214285715 0.2613985094256905 0.006138392857142857 0.0076720736519070585
188 0.32749720982142855 0.3035949145111793 0.005161830357142857 0.013590530469092503
177 0.29234095982142855 0.8726435773783429 0.005719866071428571 0.017536168347216132
25 0.29164341517857145 0.8331871985971065 0.007393973214285714 0.01183691363437089
119 0.2891322544642857 0.7527400263042525 0.012137276785714286 0.01797457255589654
179 0.22767857142857142 0.7282989916703201 0.010602678571428572 0.013371328364752301
60 0.22677176339285715 0.6843489697501096 0.009626116071428572 0.008768084173608066
189 0.19733537946428573 0.6843489697501096 0.013532366071428572 0.00789127575624726
176 0.08705357142857142 0.6842393686979396 0.010323660714285714 0.00898728627794827
195 0.29220145089285715 0.6627575624725998 0.010463169642857142 0.016440157825515125
175 0.26534598214285715 0.5343051293292416 0.005859375 0.012056115738711091
32 0.2529994419642857 0.5142481367821131 0.007672991071428571 0.01052170100832968
188 0.19803292410714285 0.5151249451994739 0.004603794642857143 0.0131521262604121
32 0.17619977678571427 0.5145769399386234 0.008928571428571428 0.010740903112669882
182 0.14948381696428573 0.5154537483559842 0.005440848214285714 0.009425690486628672
178 0.7058454241071429 0.43051293292415604 0.009347098214285714 0.008768084173608066
177 0.6691545758928571 0.27893467777290665 0.005719866071428571 0.014686540990793511
180 0.6255580357142857 0.26128890837352037 0.008091517857142858 0.00920648838228847
175 0.6067940848214286 0.2613985094256905 0.007672991071428571 0.00898728627794827
119 0.5797991071428571 0.2661113546690048 0.010323660714285714 0.018851380973257344
193 0.4940708705357143 0.26128890837352037 0.012416294642857142 0.019289785181937746
193 0.6960797991071429 0.368478737395879 0.0126953125 0.01972818939061815
142 0.6958705357142857 0.45199473914949584 0.005859375 0.008768084173608066
181 0.6537388392857143 0.4308417360806664 0.0078125 0.009425690486628672
179 0.55126953125 0.4322665497588777 0.010184151785714286 0.012713722051731697
181 0.07666015625 0.7137220517316967 0.005998883928571429 0.015344147303814117
179 0.07784598214285714 0.783757124068391 0.008370535714285714 0.01731696624287593
175 0.07679966517857142 0.8364752301622096 0.005719866071428571 0.014028934677772907
25 0.08844866071428571 0.8947829899167032 0.009207589285714286 0.010960105217010083
185 0.13804408482142858 0.889193336256028 0.004603794642857143 0.02257781674704077
142 0.17340959821428573 0.8956597983340641 0.005580357142857143 0.00920648838228847
14 0.1982421875 0.8958790004384042 0.0078125 0.008768084173608066
189 0.25258091517857145 0.8958790004384042 0.013532366071428572 0.008329679964927663
191 0.07686941964285714 0.3727531784305129 0.008649553571428572 0.013371328364752301
142 0.07693917410714286 0.29186760192897854 0.005998883928571429 0.008110477860587462
193 0.07679966517857142 0.23980710214818063 0.012137276785714286 0.019289785181937746
176 0.07672991071428571 0.20517316966242877 0.005859375 0.016659359929855327
184 0.08426339285714286 0.1701008329679965 0.004464285714285714 0.02235861464270057
14 0.11432756696428571 0.17678649715037265 0.008510044642857142 0.00898728627794827
184 0.40415736607142855 0.19519947391494957 0.014229910714285714 0.006795265234546251
177 0.41259765625 0.21898290223586148 0.008231026785714286 0.00920648838228847
185 0.40401785714285715 0.2883603682595353 0.014508928571428572 0.006795265234546251
102 0.35574776785714285 0.30370451556334943 0.007533482142857143 0.00898728627794827
177 0.13071986607142858 0.6247259973695748 0.005859375 0.01446733888645331
142 0.130859375 0.5437308198158702 0.006138392857142857 0.00898728627794827
192 0.13071986607142858 0.4074967119684349 0.012276785714285714 0.019289785181937746
175 0.13058035714285715 0.2894563787812363 0.005859375 0.016440157825515125
102 0.14508928571428573 0.21898290223586148 0.0078125 0.00920648838228847
179 0.16734095982142858 0.21722928540113984 0.009347098214285714 0.012713722051731697
189 0.29227120535714285 0.3655195089872863 0.005859375 0.021262604120999562
119 0.28920200892857145 0.32288469969311706 0.011997767857142858 0.017536168347216132
181 0.3570033482142857 0.26128890837352037 0.010881696428571428 0.00920648838228847
63 0.6689453125 0.7079131959666812 0.005859375 0.015563349408154318
176 0.6692243303571429 0.620670758439281 0.005580357142857143 0.012932924156071899
190 0.6691545758928571 0.5027400263042525 0.007114955357142857 0.011617711530030689
32 0.49267578125 0.5562253397632617 0.011300223214285714 0.011617711530030689
192 0.5221819196428571 0.5574309513371328 0.012834821428571428 0.020166593599298552
192 0.48067801339285715 0.4510083296799649 0.012137276785714286 0.019070583077597545
63 0.48074776785714285 0.3248575186321789 0.006138392857142857 0.013590530469092503
183 0.35386439732142855 0.4770933800964489 0.004603794642857143 0.017755370451556333
188 0.32742745535714285 0.472818939061815 0.005580357142857143 0.018851380973257344
187 0.3056640625 0.472818939061815 0.0030691964285714285 0.00920648838228847
32 0.31961495535714285 0.23388864533099518 0.006696428571428571 0.013590530469092503
193 0.31919642857142855 0.28255151249451993 0.012276785714285714 0.019289785181937746
190 0.31912667410714285 0.20309074967119684 0.007114955357142857 0.011617711530030689
192 0.31919642857142855 0.15431828145550197 0.011997767857142858 0.018851380973257344
196 0.31919642857142855 0.11157387110916264 0.012276785714285714 0.019289785181937746
181 0.25174386160714285 0.0922840859272249 0.008231026785714286 0.00920648838228847
177 0.5076032366071429 0.61957474791758 0.005998883928571429 0.012932924156071899
175 0.6025390625 0.7688513809732573 0.007533482142857143 0.00898728627794827
183 0.6233258928571429 0.7649057430951337 0.004464285714285714 0.01819377466023674
60 0.6540178571428571 0.7687417799210873 0.0078125 0.00920648838228847
187 0.45382254464285715 0.28255151249451993 0.005859375 0.004822446295484437
192 0.4125279017857143 0.26128890837352037 0.011997767857142858 0.018851380973257344
196 0.21142578125 0.7918676019289785 0.012416294642857142 0.019508987286277948
180 0.21142578125 0.8788908373520385 0.005719866071428571 0.013371328364752301
102 0.21135602678571427 0.7552608505041648 0.005859375 0.015124945199473916
181 0.21149553571428573 0.6577159140727751 0.005859375 0.014248136782113108
14 0.2744140625 0.4727093380096449 0.009765625 0.00898728627794827
192 0.2529296875 0.3035949145111793 0.011997767857142858 0.01797457255589654
195 0.7499302455357143 0.4083735203857957 0.012137276785714286 0.018851380973257344
192 0.7499302455357143 0.3241999123191583 0.012416294642857142 0.019289785181937746
190 0.6122349330357143 0.5574309513371328 0.005161830357142857 0.01052170100832968
183 0.10107421875 0.1973914949583516 0.011300223214285714 0.006795265234546251
187 0.10379464285714286 0.24024550635686104 0.005859375 0.004822446295484437
177 0.14515904017857142 0.2611793073213503 0.010184151785714286 0.00898728627794827
192 0.22537667410714285 0.26128890837352037 0.012416294642857142 0.019289785181937746
192 0.279296875 0.26128890837352037 0.011997767857142858 0.018851380973257344
119 0.10686383928571429 0.32606313020605 0.011997767857142858 0.016878562034195528
188 0.10372488839285714 0.39894782989916705 0.007672991071428571 0.008329679964927663
185 0.20438058035714285 0.46624287593160896 0.004464285714285714 0.022797018851380975
176 0.58837890625 0.8313239807102148 0.005719866071428571 0.013371328364752301
192 0.5744977678571429 0.8535729943007453 0.011997767857142858 0.018851380973257344
185 0.5842633928571429 0.7434239368697939 0.014508928571428572 0.006795265234546251
175 0.5745675223214286 0.6418237615081105 0.009626116071428572 0.009644892590968873
191 0.5249720982142857 0.6420429636124507 0.007533482142857143 0.01183691363437089
63 0.58837890625 0.6285620341955283 0.005719866071428571 0.016001753616834723
60 0.58837890625 0.5871328364752302 0.005719866071428571 0.016878562034195528
185 0.5841936383928571 0.5440596229723805 0.014369419642857142 0.0070144673388864535
192 0.373046875 0.1972818939061815 0.01171875 0.018851380973257344
183 0.37569754464285715 0.22753178430512933 0.011160714285714286 0.007452871547566856
196 0.17020089285714285 0.17667689609820253 0.011997767857142858 0.018851380973257344
14 0.14501953125 0.17678649715037265 0.007672991071428571 0.00898728627794827
60 0.21142578125 0.2371766768960982 0.005719866071428571 0.013590530469092503
177 0.21156529017857142 0.1557430951337133 0.005719866071428571 0.012494519947391494
63 0.2652064732142857 0.10850504164839983 0.005859375 0.012713722051731697
192 0.23835100446428573 0.11321788689171416 0.012137276785714286 0.019070583077597545
193 0.23842075892857142 0.1985971065322227 0.011997767857142858 0.018851380973257344
194 0.23842075892857142 0.24068391056554142 0.011997767857142858 0.018851380973257344
187 0.23842075892857142 0.28255151249451993 0.005859375 0.004822446295484437
177 0.5345982142857143 0.8301183691363437 0.005859375 0.01446733888645331
176 0.5345982142857143 0.7526304252520825 0.005859375 0.012494519947391494
185 0.5303431919642857 0.6996931170539237 0.014369419642857142 0.0070144673388864535
188 0.5614536830357143 0.5437308198158702 0.008510044642857142 0.006795265234546251
60 0.6422293526785714 0.49068391056554145 0.005719866071428571 0.015563349408154318
180 0.6421595982142857 0.5381411661551951 0.005580357142857143 0.01446733888645331
14 0.6422293526785714 0.4582419991231916 0.005998883928571429 0.013809732573432706
186 0.41517857142857145 0.0919552827707146 0.006975446428571429 0.009864094695309075
181 0.3607700892857143 0.0920648838228847 0.008091517857142858 0.00920648838228847
185 0.43101283482142855 0.24309513371328365 0.014369419642857142 0.0070144673388864535
185 0.30691964285714285 0.1833625602805787 0.004464285714285714 0.02257781674704077
193 0.2504185267857143 0.17667689609820253 0.011997767857142858 0.018851380973257344
195 0.31912667410714285 0.3256247259973696 0.011021205357142858 0.01731696624287593
181 0.46351841517857145 0.6842393686979396 0.010463169642857142 0.00898728627794827
191 0.5990513392857143 0.7266549758877685 0.009207589285714286 0.01446733888645331
184 0.6919642857142857 0.7384918895221394 0.014508928571428572 0.0070144673388864535
189 0.6960797991071429 0.7052827707145989 0.007114955357142857 0.021262604120999562
185 0.6919642857142857 0.6317404647084612 0.014508928571428572 0.0070144673388864535
193 0.6960797991071429 0.577268741779921 0.0126953125 0.01994739149495835
178 0.6960797991071429 0.48991670320035074 0.005719866071428571 0.01709776413853573
185 0.15345982142857142 0.15486628671635247 0.014508928571428572 0.006795265234546251
195 0.17110770089285715 0.1343708899605436 0.010463169642857142 0.016220955721174924
188 0.42689732142857145 0.6133274879438843 0.011997767857142858 0.00920648838228847
179 0.46512276785714285 0.5978737395879 0.009486607142857142 0.012494519947391494
25 0.4261997767857143 0.5734327049539676 0.007254464285714286 0.01183691363437089
60 0.4379185267857143 0.43051293292415604 0.008649553571428572 0.009644892590968873
191 0.46944754464285715 0.43051293292415604 0.008370535714285714 0.0131521262604121
63 0.42689732142857145 0.7452871547566856 0.005859375 0.01578255151249452
192 0.42689732142857145 0.832529592284086 0.011997767857142858 0.018851380973257344
195 0.3857421875 0.8958790004384042 0.011997767857142858 0.01797457255589654
182 0.3545619419642857 0.8962078035949145 0.005998883928571429 0.009425690486628672
14 0.3374720982142857 0.8956597983340641 0.008370535714285714 0.00920648838228847