187 0.48074776785714285 0.48071021481806225 0.005859375 0.004822446295484437
187 0.13071986607142858 0.9078255151249452 0.005859375 0.005041648399824638
187 0.25390625 0.0920648838228847 0.0030691964285714285 0.00920648838228847
187 0.6806640625 0.1343708899605436 0.0030691964285714285 0.00920648838228847
187 0.373046875 0.9231696624287593 0.005859375 0.005041648399824638
187 0.6153738839285714 0.8415168785620342 0.005859375 0.004822446295484437
187 0.31919642857142855 0.1435773783428321 0.005859375 0.004822446295484437
187 0.5615234375 0.14248136782113108 0.005859375 0.004822446295484437
187 0.5179966517857143 0.1343708899605436 0.0030691964285714285 0.00920648838228847
187 0.26534598214285715 0.14555019728189392 0.005859375 0.004822446295484437
187 0.6960797991071429 0.7084612012275318 0.005719866071428571 0.004822446295484437
187 0.15764508928571427 0.9191144234984656 0.005859375 0.004822446295484437
192 0.48067801339285715 0.4502411223147742 0.012416294642857142 0.01972818939061815
25 0.4799107142857143 0.4125383603682595 0.007254464285714286 0.015344147303814117
183 0.4639369419642857 0.3925909688733012 0.004324776785714286 0.017536168347216132
181 0.4384765625 0.38820692678649715 0.009486607142857142 0.00920648838228847
14 0.40966796875 0.38831652783866727 0.009626116071428572 0.00898728627794827
195 0.46707589285714285 0.472818939061815 0.011997767857142858 0.018851380973257344
185 0.38120814732142855 0.47950460324419114 0.004603794642857143 0.02257781674704077
63 0.3091517857142857 0.4727093380096449 0.009765625 0.00898728627794827
177 0.28006417410714285 0.472818939061815 0.0087890625 0.008768084173608066
193 0.13071986607142858 0.8750548005260851 0.011997767857142858 0.018851380973257344
186 0.19859095982142858 0.8957693993862341 0.007672991071428571 0.009425690486628672
193 0.13065011160714285 0.7460543621218764 0.012137276785714286 0.019070583077597545
178 0.14271763392857142 0.6846777729066199 0.009486607142857142 0.009425690486628672
175 0.17201450892857142 0.6842393686979396 0.0078125 0.009425690486628672
32 0.19977678571428573 0.6834721613327488 0.009486607142857142 0.01052170100832968
191 0.30161830357142855 0.6843489697501096 0.0078125 0.012275317843051293
192 0.6820591517857143 0.17667689609820253 0.012555803571428572 0.01972818939061815
102 0.6960797991071429 0.19224024550635685 0.005719866071428571 0.0131521262604121
14 0.6961495535714286 0.2859491451117931 0.005859375 0.012056115738711091
181 0.6960797991071429 0.32628233231039017 0.005719866071428571 0.013371328364752301
32 0.6963588169642857 0.3691363437088996 0.006556919642857143 0.014028934677772907
25 0.69677734375 0.4073871109162648 0.007114955357142857 0.012494519947391494
184 0.7002650669642857 0.45517316966242877 0.014369419642857142 0.006795265234546251
179 0.6598074776785714 0.4744629548443665 0.010463169642857142 0.012932924156071899
32 0.5525948660714286 0.47194213064445417 0.008370535714285714 0.01052170100832968
185 0.5233677455357143 0.479395002192021 0.004324776785714286 0.022797018851380975
192 0.49281529017857145 0.472818939061815 0.012974330357142858 0.020166593599298552
32 0.7352120535714286 0.6833625602805787 0.010602678571428572 0.010740903112669882
186 0.7500697544642857 0.6220955721174923 0.007393973214285714 0.012713722051731697
191 0.7499302455357143 0.5706926786497151 0.009068080357142858 0.014248136782113108
175 0.7499302455357143 0.5394563787812363 0.005719866071428571 0.0131521262604121
192 0.7499302455357143 0.49331433581762385 0.012416294642857142 0.019508987286277948
182 0.7386300223214286 0.472818939061815 0.005719866071428571 0.00920648838228847
175 0.7061244419642857 0.47303814116615517 0.007672991071428571 0.00920648838228847
175 0.5489676339285714 0.5998465585269619 0.0078125 0.00898728627794827
177 0.49546595982142855 0.5998465585269619 0.009626116071428572 0.00898728627794827
185 0.18031529017857142 0.4987943884261289 0.014369419642857142 0.006795265234546251
195 0.14320591517857142 0.38831652783866727 0.010463169642857142 0.016440157825515125
192 0.1845703125 0.5368259535291539 0.011997767857142858 0.018851380973257344
63 0.18443080357142858 0.6182595352915388 0.005859375 0.015563349408154318
178 0.146484375 0.6418237615081105 0.008370535714285714 0.00920648838228847
195 0.11704799107142858 0.6420429636124507 0.012276785714285714 0.019289785181937746
176 0.09556361607142858 0.6420429636124507 0.009207589285714286 0.00920648838228847
32 0.18491908482142858 0.6647303814116615 0.006556919642857143 0.015563349408154318
185 0.18854631696428573 0.7161332748794389 0.0146484375 0.00657606313020605
186 0.16852678571428573 0.7692897851819378 0.007533482142857143 0.010740903112669882
183 0.13330078125 0.4480491012713722 0.011300223214285714 0.0070144673388864535
193 0.17131696428571427 0.472818939061815 0.012276785714285714 0.019289785181937746
176 0.20047433035714285 0.47303814116615517 0.009207589285714286 0.00920648838228847
193 0.22607421875 0.472818939061815 0.012416294642857142 0.019289785181937746
192 0.13071986607142858 0.36530030688294607 0.012555803571428572 0.01994739149495835
25 0.12995256696428573 0.15946953090749671 0.007114955357142857 0.015563349408154318
186 0.14243861607142858 0.0920648838228847 0.007533482142857143 0.010083296799649276
187 0.17103794642857142 0.0920648838228847 0.0030691964285714285 0.00920648838228847
189 0.19873046875 0.0920648838228847 0.013532366071428572 0.010083296799649276
195 0.22502790178571427 0.0920648838228847 0.010602678571428572 0.016659359929855327
183 0.07952008928571429 0.7379438842612889 0.011160714285714286 0.007233669443226655
194 0.09068080357142858 0.7689609820254274 0.011997767857142858 0.01841297676457694
177 0.11558314732142858 0.7692897851819378 0.007114955357142857 0.009425690486628672
178 0.07679966517857142 0.5805567733450241 0.005998883928571429 0.015563349408154318
189 0.07679966517857142 0.493533537921964 0.007672991071428571 0.021262604120999562
189 0.07679966517857142 0.45013152126260414 0.007393973214285714 0.021262604120999562
184 0.08572823660714286 0.889193336256028 0.004324776785714286 0.02257781674704077
182 0.12353515625 0.8955501972818939 0.005719866071428571 0.009425690486628672
184 0.3687220982142857 0.6954186760192897 0.014229910714285714 0.006795265234546251
189 0.3876255580357143 0.5997369574747917 0.013532366071428572 0.012275317843051293
179 0.37416294642857145 0.7498903989478299 0.008091517857142858 0.01446733888645331
32 0.37332589285714285 0.827159140727751 0.006696428571428571 0.013371328364752301
14 0.36083984375 0.8536825953529154 0.009626116071428572 0.00898728627794827
186 0.34633091517857145 0.8735203857957037 0.006277901785714286 0.01183691363437089
180 0.3090122767857143 0.8960982025427444 0.0078125 0.00920648838228847
192 0.373046875 0.5780359491451118 0.012276785714285714 0.019289785181937746
102 0.373046875 0.49430074528715473 0.005859375 0.012275317843051293
177 0.37290736607142855 0.4502411223147742 0.005859375 0.01709776413853573
178 0.4268275669642857 0.4159359929855327 0.005719866071428571 0.016001753616834723
177 0.42689732142857145 0.4488163086365629 0.005859375 0.013371328364752301
195 0.4268275669642857 0.49419114423498467 0.012137276785714286 0.019070583077597545
180 0.38595145089285715 0.2615081104778606 0.007672991071428571 0.00920648838228847
176 0.40011160714285715 0.741341516878562 0.005859375 0.012275317843051293
180 0.36300223214285715 0.8111573871109162 0.008370535714285714 0.009425690486628672
178 0.33238002232142855 0.8114861902674265 0.009905133928571428 0.00920648838228847
187 0.3056640625 0.8112669881630864 0.0030691964285714285 0.00920648838228847
189 0.2509068080357143 0.8112669881630864 0.013532366071428572 0.010083296799649276
191 0.6153041294642857 0.7549320473476545 0.009347098214285714 0.01446733888645331
195 0.6153041294642857 0.7036387549320473 0.012416294642857142 0.019289785181937746
180 0.6237444196428571 0.6844585708022797 0.0078125 0.00898728627794827
14 0.6153738839285714 0.6275756247259974 0.005859375 0.014028934677772907
191 0.6153041294642857 0.5393467777290663 0.007952008928571428 0.012494519947391494
193 0.6009347098214286 0.5151249451994739 0.012137276785714286 0.019289785181937746
32 0.5721261160714286 0.5141385357299431 0.010323660714285714 0.010740903112669882
191 0.5469447544642857 0.5151249451994739 0.009626116071428572 0.014905743095133712
191 0.51708984375 0.5151249451994739 0.007672991071428571 0.012275317843051293
190 0.6960797991071429 0.6686760192897852 0.005161830357142857 0.011179307321350284
14 0.6962193080357143 0.6292196405085488 0.005998883928571429 0.012932924156071899
182 0.6961495535714286 0.5812143796580447 0.005859375 0.00898728627794827
25 0.68408203125 0.6008329679964928 0.008510044642857142 0.011398509425690487
175 0.3192661830357143 0.20111793073213502 0.005998883928571429 0.011179307321350284
195 0.31919642857142855 0.28277071459886016 0.010881696428571428 0.01709776413853573
14 0.3348911830357143 0.3035949145111793 0.010184151785714286 0.00920648838228847
180 0.35728236607142855 0.3034853134590092 0.009765625 0.009425690486628672
142 0.36551339285714285 0.34612012275317844 0.006138392857142857 0.009644892590968873
181 0.38148716517857145 0.3460105217010083 0.009068080357142858 0.00898728627794827
175 0.4169224330357143 0.3459009206488382 0.008510044642857142 0.00920648838228847
176 0.42696707589285715 0.3677115300306883 0.005719866071428571 0.012932924156071899
185 0.5656389508928571 0.18884261288908374 0.014369419642857142 0.006795265234546251
175 0.5770089285714286 0.21920210434020165 0.010044642857142858 0.009644892590968873
195 0.5614536830357143 0.24210872424375274 0.010184151785714286 0.016440157825515125
177 0.49672154017857145 0.30370451556334943 0.0107421875 0.009425690486628672
175 0.46763392857142855 0.3035949145111793 0.008370535714285714 0.00920648838228847
184 0.5145089285714286 0.43719859710653225 0.004464285714285714 0.02257781674704077
192 0.49400111607142855 0.43051293292415604 0.011997767857142858 0.01797457255589654
183 0.2626255580357143 0.864094695309075 0.011300223214285714 0.0070144673388864535
176 0.2652064732142857 0.8379000438404208 0.005859375 0.013809732573432706
195 0.25111607142857145 0.7689609820254274 0.011997767857142858 0.018851380973257344
192 0.26527622767857145 0.7038579570363875 0.011858258928571428 0.018851380973257344
182 0.2652064732142857 0.6510302498903989 0.005859375 0.008768084173608066
178 0.19405691964285715 0.6420429636124507 0.009207589285714286 0.008768084173608066
32 0.6158621651785714 0.19969311705392373 0.006556919642857143 0.013590530469092503
60 0.6153041294642857 0.3657387110916265 0.005719866071428571 0.013371328364752301
181 0.6153738839285714 0.4116615519508987 0.005859375 0.01578255151249452
175 0.6007952008928571 0.430403331871986 0.009905133928571428 0.00898728627794827
178 0.07686941964285714 0.28726435773783426 0.005859375 0.012494519947391494
179 0.07561383928571429 0.15530469092503288 0.008091517857142858 0.01819377466023674
119 0.07366071428571429 0.10729943007452872 0.011997767857142858 0.01731696624287593
186 0.11983816964285714 0.0920648838228847 0.006975446428571429 0.01052170100832968
195 0.34605189732142855 0.1982683033757124 0.010463169642857142 0.016440157825515125
188 0.3461216517857143 0.24002630425252083 0.008370535714285714 0.008768084173608066
192 0.3876953125 0.1343708899605436 0.012276785714285714 0.019289785181937746
142 0.40938895089285715 0.1343708899605436 0.005719866071428571 0.009644892590968873
190 0.44412667410714285 0.1343708899605436 0.007393973214285714 0.009644892590968873
181 0.47119140625 0.13448049101271373 0.009347098214285714 0.00898728627794827
190 0.49720982142857145 0.13448049101271373 0.006696428571428571 0.011617711530030689
192 0.07686941964285714 0.36716352476983777 0.01171875 0.018851380973257344
63 0.09172712053571429 0.4725997369574748 0.0087890625 0.00920648838228847
14 0.12018694196428571 0.4727093380096449 0.009068080357142858 0.00898728627794827
189 0.41259765625 0.2613985094256905 0.013532366071428572 0.0076720736519070585
25 0.4116908482142857 0.42941692240245505 0.010044642857142858 0.010960105217010083
182 0.20424107142857142 0.17689609820254273 0.005859375 0.00920648838228847
193 0.26527622767857145 0.19848750548005262 0.012137276785714286 0.019070583077597545
14 0.20277622767857142 0.21909250328803156 0.007672991071428571 0.00898728627794827
183 0.16448102678571427 0.22314774221832528 0.004464285714285714 0.01797457255589654
25 0.14041573660714285 0.22018851380973256 0.010184151785714286 0.011617711530030689
188 0.26527622767857145 0.24331433581762385 0.007672991071428571 0.008768084173608066
25 0.26576450892857145 0.36562911003945636 0.006696428571428571 0.011398509425690487
189 0.41273716517857145 0.6843489697501096 0.013532366071428572 0.010083296799649276
181 0.3843470982142857 0.6841297676457694 0.009486607142857142 0.00920648838228847
188 0.42689732142857145 0.6242875931608943 0.01171875 0.00920648838228847
14 0.23849051339285715 0.754384042086804 0.005719866071428571 0.014686540990793511
188 0.23835100446428573 0.7098860149057431 0.011021205357142858 0.007233669443226655
185 0.6838030133928571 0.2255589653660675 0.004603794642857143 0.022797018851380975
180 0.15764508928571427 0.8734107847435335 0.005859375 0.012932924156071899
192 0.15757533482142858 0.8309951775537046 0.011579241071428572 0.018851380973257344
178 0.15778459821428573 0.7897851819377466 0.005580357142857143 0.016220955721174924
60 0.15757533482142858 0.7469311705392372 0.005719866071428571 0.014248136782113108
178 0.15764508928571427 0.710872424375274 0.005859375 0.013590530469092503
191 0.15764508928571427 0.5293730819815871 0.007533482142857143 0.01183691363437089
14 0.21142578125 0.15990793511617712 0.005719866071428571 0.013809732573432706
193 0.21149553571428573 0.11288908373520386 0.01171875 0.018851380973257344
177 0.21149553571428573 0.19848750548005262 0.005859375 0.012932924156071899
175 0.21135602678571427 0.3305567733450241 0.005859375 0.012713722051731697
187 0.5615234375 0.5786935554581324 0.005859375 0.004822446295484437
195 0.29227120535714285 0.44980271810609385 0.011997767857142858 0.018851380973257344
14 0.29213169642857145 0.417360806663744 0.005859375 0.014905743095133712
25 0.29171316964285715 0.37373958790004386 0.006975446428571429 0.015344147303814117
192 0.29227120535714285 0.32332310390179747 0.012834821428571428 0.020166593599298552
191 0.3016880580357143 0.5997369574747917 0.007393973214285714 0.011398509425690487
184 0.33970424107142855 0.5929416922402455 0.004185267857142857 0.02235861464270057