187 0.189453125 0.9250164437623328 0.004464285714285714 0.013593510195132646
187 0.08970424107142858 0.9094496820872615 0.008649553571428572 0.007016005262003947
187 0.6067243303571429 0.6939267704450778 0.008649553571428572 0.007016005262003947
187 0.4476841517857143 0.33622012716509536 0.008649553571428572 0.00723525542644157
187 0.6862444196428571 0.7834904626178469 0.008649553571428572 0.00723525542644157
187 0.5272042410714286 0.8072791054593291 0.008649553571428572 0.007016005262003947
187 0.2885044642857143 0.8918000438500329 0.008649553571428572 0.00723525542644157
187 0.45445033482142855 0.8625301468976102 0.004603794642857143 0.013593510195132646
184 0.48116629464285715 0.7114667836000877 0.021205357142857144 0.010085507564130673
182 0.48744419642857145 0.6429511072133304 0.008928571428571428 0.01381276035957027
60 0.5026506696428571 0.5499890374917781 0.013950892857142858 0.013374260030695024
175 0.5408063616071429 0.5499890374917781 0.011579241071428572 0.01381276035957027
183 0.5386439732142857 0.7313089234816926 0.006696428571428571 0.026090769568077175
195 0.6281389508928571 0.7999342249506687 0.017996651785714284 0.028283271212453408
142 0.6462053571428571 0.7752685814514361 0.008649553571428572 0.0131550098662574
102 0.15478515625 0.2998245998684499 0.011021205357142858 0.013374260030695024
32 0.13002232142857142 0.38445516334137253 0.009765625 0.021267265950449463
14 0.14585658482142858 0.42446831835123877 0.014090401785714286 0.013593510195132646
179 0.18129185267857142 0.17222100416575312 0.014369419642857142 0.018636263977197982
193 0.3096400669642857 0.11236570927428195 0.018833705357142856 0.029598772199079148
14 0.35135323660714285 0.11236570927428195 0.011021205357142858 0.013374260030695024
177 0.44775390625 0.2059855294891471 0.0087890625 0.016882262661696998
60 0.11139787946428571 0.8625301468976102 0.013532366071428572 0.0131550098662574
177 0.08977399553571429 0.8319447489585617 0.008510044642857142 0.017320762990572242
192 0.08970424107142858 0.7680333260249945 0.018136160714285716 0.02850252137689103
176 0.08970424107142858 0.7125630344222759 0.008370535714285714 0.02367901775926332
178 0.19126674107142858 0.862639771979829 0.013113839285714286 0.01381276035957027
180 0.20891462053571427 0.8374260030695023 0.0087890625 0.02170576627932471
102 0.7066824776785714 0.42523569392677046 0.012974330357142858 0.01381276035957027
195 0.6648297991071429 0.424906818680114 0.017996651785714284 0.028064021048015787
180 0.7260044642857143 0.6319885989914492 0.008649553571428572 0.01907476430607323
179 0.7243303571428571 0.278228458671344 0.01171875 0.02324051743038807
177 0.5851004464285714 0.23722867792150845 0.011160714285714286 0.013593510195132646
177 0.42508370535714285 0.23744792808594606 0.011160714285714286 0.0131550098662574
187 0.38797433035714285 0.23744792808594606 0.004464285714285714 0.013593510195132646
195 0.3076869419642857 0.17485200613900462 0.017996651785714284 0.028283271212453408
14 0.46693638392857145 0.2376671782503837 0.012555803571428572 0.0131550098662574
179 0.29024832589285715 0.8308484981363736 0.011858258928571428 0.022582766937075203
187 0.22893415178571427 0.8000438500328875 0.004464285714285714 0.013593510195132646
178 0.18736049107142858 0.7374479280859461 0.015066964285714286 0.013374260030695024
25 0.14501953125 0.7394211795658847 0.012416294642857142 0.017320762990572242
189 0.42710658482142855 0.7999342249506687 0.019949776785714284 0.012935759701819776
179 0.44594029017857145 0.7657311992983995 0.011858258928571428 0.02170576627932471
184 0.39878627232142855 0.7470949353212015 0.006277901785714286 0.03354527515895637
14 0.44747488839285715 0.5805744354308265 0.0087890625 0.019294014470510854
179 0.3916015625 0.5525104143828108 0.016741071428571428 0.019294014470510854
119 0.35232979910714285 0.557005042753782 0.013253348214285714 0.027844770883578163
179 0.26185825892857145 0.5472484104363078 0.014229910714285714 0.017978513483885114
176 0.23186383928571427 0.7375575531681648 0.015345982142857142 0.013593510195132646
190 0.25279017857142855 0.7374479280859461 0.0078125 0.01644376233282175
186 0.6066545758928571 0.265402324051743 0.010184151785714286 0.017320762990572242
183 0.5929129464285714 0.43115544836658626 0.006417410714285714 0.026090769568077175
192 0.6067940848214286 0.6429511072133304 0.017996651785714284 0.028283271212453408
194 0.6067243303571429 0.5792589344442008 0.018694196428571428 0.029379522034641527
191 0.5808454241071429 0.5498794124095593 0.011021205357142858 0.01710151282613462
182 0.5758231026785714 0.674632755974567 0.0087890625 0.014032010524007894
182 0.54833984375 0.6749616312212234 0.008510044642857142 0.013374260030695024
183 0.4961635044642857 0.6812102609076957 0.0068359375 0.02587151940363955
190 0.6067243303571429 0.4775268581451436 0.008091517857142858 0.011401008550756413
182 0.6863141741071429 0.3307388730541548 0.0087890625 0.013374260030695024
185 0.6800362723214286 0.19710589782942337 0.021065848214285716 0.010085507564130673
179 0.6658063616071429 0.17737338303003727 0.015485491071428572 0.018855514141635606
188 0.5887974330357143 0.1749616312212234 0.007672991071428571 0.01710151282613462
180 0.52734375 0.15194036395527297 0.008370535714285714 0.021486516114887087
176 0.5047433035714286 0.11247533435650077 0.014787946428571428 0.013593510195132646
60 0.5271344866071429 0.199079149309362 0.008510044642857142 0.017540013155009866
184 0.5336216517857143 0.26660819995615 0.020926339285714284 0.01052400789300592
186 0.5272042410714286 0.3335891251918439 0.010044642857142858 0.016882262661696998
195 0.5272042410714286 0.39410217057662794 0.015345982142857142 0.02433676825257619
192 0.5472237723214286 0.42501644376233283 0.017717633928571428 0.027844770883578163
194 0.6863141741071429 0.7051085288313966 0.017996651785714284 0.028064021048015787
175 0.6863141741071429 0.6365928524446394 0.0087890625 0.02039026529269897
191 0.6655970982142857 0.5499890374917781 0.013113839285714286 0.020828765621574215
178 0.6863141741071429 0.4595483446612585 0.0087890625 0.02455601841701381
185 0.23409598214285715 0.8526638894979172 0.006417410714285714 0.03332602499451875
194 0.31026785714285715 0.8624205218153914 0.017857142857142856 0.028283271212453408
189 0.32833426339285715 0.8285463714097786 0.007672991071428571 0.031572023679017756
119 0.4677036830357143 0.16794562595921947 0.016322544642857144 0.028064021048015787
181 0.4873046875 0.27143170357377766 0.008649553571428572 0.02324051743038807
196 0.32840401785714285 0.45921946941460207 0.018415178571428572 0.028721771541328656
180 0.32833426339285715 0.5110721333041 0.008510044642857142 0.017978513483885114
63 0.3281947544642857 0.39454067090550315 0.0087890625 0.021267265950449463
195 0.34981863839285715 0.424906818680114 0.015764508928571428 0.02455601841701381
177 0.28857421875 0.5845209383907038 0.008510044642857142 0.018855514141635606
177 0.40799386160714285 0.825367244025433 0.008510044642857142 0.021267265950449463
179 0.40625 0.7157421618066213 0.011997767857142858 0.026529269896952423
119 0.40345982142857145 0.6448147336110502 0.017578125 0.02104801578601184
25 0.40645926339285715 0.5816706862530147 0.011579241071428572 0.016663012497259374
181 0.46303013392857145 0.549440912080684 0.012834821428571428 0.014032010524007894
25 0.17034040178571427 0.8834685376014032 0.010602678571428572 0.019951764963823723
32 0.169921875 0.5310238982679237 0.009765625 0.018855514141635606
182 0.16957310267857142 0.47390923043192285 0.0087890625 0.012058759044069283
189 0.5857282366071429 0.36242052181539136 0.019949776785714284 0.012716509537382154
192 0.50634765625 0.36242052181539136 0.017717633928571428 0.028064021048015787
181 0.4872349330357143 0.21201490901118175 0.008510044642857142 0.017978513483885114
185 0.10281808035714286 0.4151501863626398 0.006417410714285714 0.03310677483008112
189 0.08970424107142858 0.3930059197544398 0.010323660714285714 0.031352773514580136
179 0.08796037946428571 0.3403858802894102 0.011858258928571428 0.02696777022582767
192 0.08970424107142858 0.456917342688007 0.018136160714285716 0.02850252137689103
25 0.1025390625 0.5480157860118395 0.012834821428571428 0.016882262661696998
192 0.15108816964285715 0.5498794124095593 0.018415178571428572 0.02894102170576628
182 0.19942801339285715 0.5502082876562158 0.008510044642857142 0.014251260688445516
189 0.32833426339285715 0.20752028064021047 0.008231026785714286 0.031352773514580136
60 0.32826450892857145 0.2658408243806183 0.008649553571428572 0.022582766937075203
180 0.26967075892857145 0.17540013155009868 0.015066964285714286 0.014032010524007894
193 0.10832868303571429 0.17485200613900462 0.017996651785714284 0.028283271212453408
175 0.20905412946428573 0.21015128261346197 0.0087890625 0.02170576627932471
181 0.22530691964285715 0.36209164656873494 0.011997767857142858 0.013374260030695024
102 0.27015904017857145 0.36253014689761015 0.012137276785714286 0.013374260030695024
190 0.30684988839285715 0.36242052181539136 0.0068359375 0.012716509537382154
196 0.24874441964285715 0.5195132646349485 0.017299107142857144 0.027844770883578163
185 0.4725864955357143 0.12201271650953738 0.006556919642857143 0.03354527515895637
194 0.5669642857142857 0.2661696996272747 0.017020089285714284 0.028064021048015787
25 0.5679408482142857 0.33808375356281517 0.010602678571428572 0.016663012497259374
192 0.32833426339285715 0.6453628590221443 0.017996651785714284 0.028283271212453408
194 0.32833426339285715 0.7080684060513045 0.018833705357142856 0.029598772199079148
186 0.24888392857142858 0.7115764086823065 0.009486607142857142 0.017320762990572242
176 0.5668247767857143 0.5310238982679237 0.008370535714285714 0.02236351677263758
187 0.7061941964285714 0.48739311554483666 0.004464285714285714 0.013593510195132646