187 0.43491908482142855 0.2535072336694432 0.007672991071428571 0.006356861025865849
187 0.5749162946428571 0.796690048224463 0.007533482142857143 0.006356861025865849
187 0.15492466517857142 0.11069706269180184 0.007672991071428571 0.006137658921525646
187 0.17236328125 0.5997369574747917 0.004045758928571429 0.01183691363437089
187 0.18994140625 0.1180403331871986 0.007672991071428571 0.006356861025865849
187 0.11000279017857142 0.159798334064007 0.004045758928571429 0.01183691363437089
187 0.46993582589285715 0.9016878562034195 0.007672991071428571 0.006356861025865849
187 0.42068917410714285 0.9297457255589654 0.004045758928571429 0.012056115738711091
187 0.43491908482142855 0.6379877246821569 0.007672991071428571 0.006356861025865849
14 0.5931222098214286 0.26972818939061816 0.0126953125 0.011617711530030689
60 0.5746372767857143 0.2867163524769838 0.0078125 0.021481806225339763
180 0.34361049107142855 0.7647961420429636 0.010044642857142858 0.01183691363437089
119 0.38525390625 0.2761946514686541 0.014369419642857142 0.024550635686102586
179 0.43624441964285715 0.3586146427005699 0.010881696428571428 0.019289785181937746
142 0.3544921875 0.4350065760631302 0.0078125 0.012056115738711091
189 0.3120814732142857 0.43478737395879 0.017578125 0.011179307321350284
195 0.6798967633928571 0.682704953967558 0.016043526785714284 0.025208241999123193
192 0.6799665178571429 0.5708022797018851 0.015345982142857142 0.024550635686102586
192 0.6799665178571429 0.4068391056554143 0.016183035714285716 0.025427444103463395
179 0.6785016741071429 0.35116177115300307 0.0107421875 0.023235423060061378
194 0.11990792410714286 0.18829460762823322 0.016043526785714284 0.02498903989478299
193 0.10170200892857142 0.21481806225339764 0.016183035714285716 0.025427444103463395
187 0.11990792410714286 0.2973476545374836 0.007672991071428571 0.006356861025865849
188 0.10804966517857142 0.4348969750109601 0.007114955357142857 0.024550635686102586
196 0.17340959821428573 0.43478737395879 0.015904017857142856 0.025208241999123193
176 0.2753208705357143 0.4351161771153003 0.009626116071428572 0.012275317843051293
176 0.6306501116071429 0.4345681718544498 0.0107421875 0.011617711530030689
190 0.5963309151785714 0.4348969750109601 0.009626116071428572 0.01446733888645331
63 0.5587332589285714 0.4351161771153003 0.013671875 0.01183691363437089
102 0.6799665178571429 0.29405962297238053 0.007533482142857143 0.01819377466023674
191 0.6798967633928571 0.2376150811047786 0.010184151785714286 0.016220955721174924
119 0.6625279017857143 0.22117492327926347 0.012834821428571428 0.024550635686102586
63 0.5749162946428571 0.6910346339324858 0.007533482142857143 0.018632178868917142
189 0.5559430803571429 0.5997369574747917 0.017578125 0.0131521262604121
178 0.4940708705357143 0.5995177553704516 0.010184151785714286 0.01183691363437089
188 0.44747488839285715 0.5996273564226217 0.0068359375 0.015124945199473916
102 0.5749162946428571 0.5820911880754055 0.007533482142857143 0.016440157825515125
190 0.5749162946428571 0.45210434020166596 0.007533482142857143 0.009425690486628672
192 0.32993861607142855 0.46427005699254714 0.015625 0.024550635686102586
190 0.38692801339285715 0.15990793511617712 0.007114955357142857 0.015124945199473916
102 0.2603236607142857 0.6356861025865849 0.007533482142857143 0.01709776413853573
25 0.25892857142857145 0.582639193336256 0.009486607142857142 0.01578255151249452
179 0.2583705357142857 0.5158921525646646 0.010602678571428572 0.02345462516440158
187 0.6449497767857143 0.2973476545374836 0.007533482142857143 0.006356861025865849
60 0.6448800223214286 0.3516001753616835 0.007393973214285714 0.019289785181937746
182 0.4575892857142857 0.1590311266988163 0.0078125 0.012056115738711091
181 0.40004185267857145 0.5078912757562473 0.007672991071428571 0.016220955721174924
194 0.39990234375 0.460872424375274 0.016880580357142856 0.0265234546251644
176 0.3999720982142857 0.4090311266988163 0.0078125 0.014905743095133712
183 0.15150669642857142 0.183691363437089 0.014787946428571428 0.00920648838228847
188 0.10184151785714286 0.37976764576939936 0.007533482142857143 0.015124945199473916
119 0.1240234375 0.4622972380534853 0.015625 0.019289785181937746
142 0.11969866071428571 0.5579789565979834 0.007533482142857143 0.012056115738711091
193 0.13818359375 0.5998465585269619 0.017159598214285716 0.026961858833844804
119 0.16943359375 0.7585488820692678 0.011858258928571428 0.02389302937308198
102 0.32986886160714285 0.3444761069706269 0.007393973214285714 0.016878562034195528
196 0.32993861607142855 0.29712845243314334 0.015904017857142856 0.025208241999123193
176 0.34207589285714285 0.10488820692678649 0.011997767857142858 0.012056115738711091
185 0.4823521205357143 0.5533757124068391 0.005998883928571429 0.02915387987724682
185 0.4501255580357143 0.553266111354669 0.005719866071428571 0.029373081981587022
193 0.3999720982142857 0.24112231477422183 0.016183035714285716 0.025427444103463395
175 0.3998325892857143 0.1949802718106094 0.007533482142857143 0.017755370451556333
102 0.6610630580357143 0.5449364313897413 0.010184151785714286 0.01183691363437089
196 0.22495814732142858 0.6286716352476984 0.016043526785714284 0.02498903989478299
178 0.22481863839285715 0.7448487505480053 0.007672991071428571 0.01972818939061815
176 0.22467912946428573 0.5095352915387987 0.007393973214285714 0.01819377466023674
32 0.6104213169642857 0.4084831214379658 0.008510044642857142 0.01819377466023674
176 0.6099330357142857 0.5242218325295923 0.007533482142857143 0.015563349408154318
63 0.6099330357142857 0.23958790004384042 0.007533482142857143 0.02104340201665936
14 0.6100027901785714 0.1975010960105217 0.007672991071428571 0.01972818939061815
180 0.08482142857142858 0.6273564226216571 0.007533482142857143 0.017536168347216132
180 0.16838727678571427 0.159798334064007 0.011997767857142858 0.01183691363437089
14 0.19015066964285715 0.18434896975010961 0.0078125 0.021481806225339763
119 0.20472935267857142 0.2639193336256028 0.013253348214285714 0.024550635686102586
184 0.24469866071428573 0.26161771153003066 0.005859375 0.03003068829460763
119 0.19405691964285715 0.2893467777290662 0.015625 0.021481806225339763
186 0.3101283482142857 0.324967119684349 0.009765625 0.012494519947391494
182 0.47007533482142855 0.7826611135466901 0.007952008928571428 0.011617711530030689
194 0.5234375 0.7647961420429636 0.016183035714285716 0.025427444103463395
119 0.5220424107142857 0.6487286277948269 0.011439732142857142 0.024769837790442787
63 0.5601283482142857 0.6542086804033319 0.012276785714285714 0.011617711530030689
179 0.3817661830357143 0.9274441034633932 0.015206473214285714 0.016659359929855327
187 0.32993861607142855 0.7372862779482683 0.007533482142857143 0.006356861025865849
188 0.32993861607142855 0.6307540552389302 0.011997767857142858 0.012056115738711091
187 0.32993861607142855 0.5722270933800965 0.007533482142857143 0.006356861025865849
193 0.294921875 0.4615300306882946 0.016183035714285716 0.025646646207803596
183 0.2984095982142857 0.5221394125383604 0.014508928571428572 0.008768084173608066
184 0.27852957589285715 0.6631959666812801 0.005719866071428571 0.029592284085927224
186 0.38462611607142855 0.1053266111354669 0.008928571428571428 0.013371328364752301
102 0.47000558035714285 0.17963612450679525 0.007533482142857143 0.01731696624287593
119 0.59375 0.3735203857957036 0.015066964285714286 0.024550635686102586
180 0.5749860491071429 0.40497588776852256 0.007393973214285714 0.019070583077597545
188 0.43491908482142855 0.5161113546690048 0.014369419642857142 0.009425690486628672
178 0.3779994419642857 0.5447172292854011 0.014090401785714286 0.012275317843051293