187 0.42933872767857145 0.8625301468976102 0.004603794642857143 0.013593510195132646
187 0.18024553571428573 0.9250164437623328 0.004464285714285714 0.013593510195132646
187 0.14153180803571427 0.8000438500328875 0.004603794642857143 0.013593510195132646
187 0.17926897321428573 0.29993422495066874 0.004464285714285714 0.013593510195132646
187 0.6969866071428571 0.11247533435650077 0.004464285714285714 0.013593510195132646
187 0.08970424107142858 0.4078053058539794 0.008649553571428572 0.007016005262003947
187 0.22900390625 0.11247533435650077 0.004603794642857143 0.013593510195132646
187 0.6109793526785714 0.23744792808594606 0.004603794642857143 0.013593510195132646
187 0.7260044642857143 0.292808594606446 0.008649553571428572 0.00723525542644157
187 0.5514090401785714 0.11247533435650077 0.004603794642857143 0.013593510195132646
187 0.6700613839285714 0.29993422495066874 0.004464285714285714 0.013593510195132646
175 0.44775390625 0.772966454724841 0.008510044642857142 0.01907476430607323
184 0.43826729910714285 0.6846086384564788 0.0068359375 0.03354527515895637
195 0.3866489955357143 0.6749616312212234 0.017717633928571428 0.027844770883578163
183 0.46986607142857145 0.7937952203464153 0.006975446428571429 0.026090769568077175
191 0.5033482142857143 0.7999342249506687 0.014229910714285714 0.022582766937075203
63 0.40792410714285715 0.7131111598333699 0.008370535714285714 0.023898267923700943
192 0.40785435267857145 0.5781626836220127 0.017996651785714284 0.028064021048015787
189 0.30650111607142855 0.7374479280859461 0.020089285714285716 0.015566761675071256
188 0.24881417410714285 0.8426880070160052 0.016880580357142856 0.012935759701819776
185 0.30078125 0.852773514580136 0.006417410714285714 0.03354527515895637
188 0.38643973214285715 0.8625301468976102 0.006417410714285714 0.021486516114887087
196 0.5853097098214286 0.42501644376233283 0.019112723214285716 0.030037272527954396
175 0.5458984375 0.4251260688445516 0.012276785714285714 0.013593510195132646
195 0.6067243303571429 0.32942337206752903 0.017299107142857144 0.027844770883578163
25 0.5934012276785714 0.30114010085507564 0.012416294642857142 0.016882262661696998
184 0.5557338169642857 0.24720456040342031 0.0068359375 0.03310677483008112
183 0.6107700892857143 0.4556018417013813 0.016462053571428572 0.010085507564130673
188 0.6067243303571429 0.5072352554264415 0.015904017857142856 0.012935759701819776
32 0.5017438616071429 0.5490024117518089 0.012974330357142858 0.014909011181758386
14 0.4686802455357143 0.5498794124095593 0.011300223214285714 0.013593510195132646
195 0.42640904017857145 0.5499890374917781 0.015485491071428572 0.02433676825257619
25 0.17027064732142858 0.8310677483008112 0.010463169642857142 0.020828765621574215
191 0.16929408482142858 0.7617846963385223 0.010463169642857142 0.01644376233282175
191 0.16922433035714285 0.7085069063801798 0.010602678571428572 0.016882262661696998
179 0.23158482142857142 0.6724402543301907 0.017299107142857144 0.018855514141635606
179 0.30343191964285715 0.6726595044946284 0.013392857142857142 0.0197325147993861
184 0.33900669642857145 0.7901775926331944 0.006417410714285714 0.03332602499451875
176 0.32833426339285715 0.7629905722429292 0.008510044642857142 0.019294014470510854
14 0.32840401785714285 0.7165095373821531 0.008649553571428572 0.017540013155009866
187 0.32833426339285715 0.6437184827888621 0.008510044642857142 0.007016005262003947
192 0.306640625 0.5498794124095593 0.018136160714285716 0.02850252137689103
195 0.22774832589285715 0.5499890374917781 0.017996651785714284 0.028283271212453408
195 0.7260044642857143 0.7664985748739311 0.018415178571428572 0.02894102170576628
187 0.7260044642857143 0.6437184827888621 0.008649553571428572 0.007016005262003947
191 0.7008231026785714 0.6124753343565008 0.0107421875 0.016882262661696998
196 0.6651785714285714 0.6124753343565008 0.018136160714285716 0.028721771541328656
182 0.5412946428571429 0.612913834685376 0.008370535714285714 0.01381276035957027
119 0.7214704241071429 0.46546809910107434 0.017717633928571428 0.024117518088138567
182 0.6226981026785714 0.4247971935978952 0.007672991071428571 0.01381276035957027
191 0.3680943080357143 0.14360885770664328 0.013253348214285714 0.020609515457136594
191 0.3681640625 0.2058759044069283 0.013671875 0.021486516114887087
192 0.26820591517857145 0.23733830300372724 0.017996651785714284 0.028283271212453408
63 0.22516741071428573 0.23733830300372724 0.012555803571428572 0.013374260030695024
184 0.6349748883928571 0.10260907695680772 0.006556919642857143 0.03332602499451875
192 0.6673409598214286 0.11236570927428195 0.017996651785714284 0.028283271212453408
181 0.5667550223214286 0.33051962288971715 0.008510044642857142 0.020828765621574215
181 0.10539899553571429 0.3627493970620478 0.014369419642857142 0.01381276035957027
183 0.1552734375 0.3561718921289191 0.006696428571428571 0.026090769568077175
175 0.10539899553571429 0.1747423810567858 0.013253348214285714 0.013593510195132646
179 0.15520368303571427 0.17244025433019075 0.012974330357142858 0.01907476430607323
183 0.17864118303571427 0.16882262661696995 0.006556919642857143 0.0263100197325148
119 0.23346819196428573 0.16794562595921947 0.016043526785714284 0.02762552071914054
190 0.32833426339285715 0.14613023459767596 0.006277901785714286 0.015566761675071256
176 0.6463448660714286 0.8834685376014032 0.008649553571428572 0.02170576627932471
60 0.6463448660714286 0.6505152378864284 0.008649553571428572 0.017978513483885114
142 0.6192801339285714 0.8619820214865161 0.008928571428571428 0.01381276035957027
14 0.46205357142857145 0.6749616312212234 0.015066964285714286 0.013374260030695024
32 0.24944196428571427 0.20609515457136593 0.009765625 0.018855514141635606
196 0.5669642857142857 0.7678140758605569 0.017857142857142856 0.028064021048015787
60 0.34500558035714285 0.5498794124095593 0.011439732142857142 0.0131550098662574
192 0.24881417410714285 0.5811225608419206 0.018833705357142856 0.029598772199079148
14 0.24867466517857142 0.38642841482131113 0.008510044642857142 0.02433676825257619
142 0.43875558035714285 0.11247533435650077 0.008091517857142858 0.013593510195132646
176 0.447265625 0.14909011181758386 0.008649553571428572 0.02104801578601184
14 0.35184151785714285 0.17463275597456698 0.013950892857142858 0.01381276035957027
194 0.40792410714285715 0.33391800043850034 0.018136160714285716 0.02850252137689103
192 0.46693638392857145 0.7374479280859461 0.018136160714285716 0.028721771541328656
186 0.42529296875 0.7374479280859461 0.0107421875 0.01644376233282175
186 0.5472237723214286 0.7999342249506687 0.0107421875 0.016005262003946502
182 0.5846819196428571 0.8002631001973252 0.008370535714285714 0.014032010524007894
193 0.6067940848214286 0.8957465468099101 0.017717633928571428 0.027844770883578163
25 0.10553850446428571 0.9232624424468319 0.012974330357142858 0.016663012497259374
192 0.14976283482142858 0.9250164437623328 0.017717633928571428 0.02762552071914054
191 0.08970424107142858 0.8214207410655558 0.010044642857142858 0.015566761675071256
179 0.08796037946428571 0.7674852006139005 0.011858258928571428 0.023459767594825695
177 0.15178571428571427 0.7374479280859461 0.011997767857142858 0.013374260030695024
190 0.1884765625 0.7374479280859461 0.0078125 0.014251260688445516
185 0.22028459821428573 0.7276912957684718 0.006417410714285714 0.03332602499451875
185 0.27183314732142855 0.3098004823503618 0.006556919642857143 0.0328875246656435
195 0.28857421875 0.2658408243806183 0.015206473214285714 0.02433676825257619
186 0.2885044642857143 0.3324928743696558 0.009765625 0.016882262661696998
183 0.29248046875 0.5240078930059198 0.0166015625 0.010085507564130673
179 0.48583984375 0.2161806621354966 0.012137276785714286 0.02455601841701381
60 0.4872349330357143 0.14898048673536504 0.008510044642857142 0.02170576627932471
190 0.46909877232142855 0.11247533435650077 0.010463169642857142 0.01710151282613462
194 0.6465541294642857 0.2700065775049331 0.019112723214285716 0.030037272527954396
192 0.6465541294642857 0.39530804648103485 0.017996651785714284 0.028064021048015787
179 0.48890904017857145 0.45121683841262883 0.012137276785714286 0.02455601841701381
187 0.48744419642857145 0.5812321859241394 0.008649553571428572 0.007016005262003947
185 0.48130580357142855 0.3873054154790616 0.021484375 0.010743258057443543
177 0.4873744419642857 0.3299714974786231 0.008510044642857142 0.020609515457136594
14 0.7066127232142857 0.23733830300372724 0.01171875 0.013374260030695024
175 0.7260044642857143 0.2179346634509976 0.008649553571428572 0.01841701381276036
193 0.6652483258928571 0.17485200613900462 0.019112723214285716 0.030037272527954396
187 0.646484375 0.1437184827888621 0.008649553571428572 0.00723525542644157
189 0.6259765625 0.17485200613900462 0.020089285714285716 0.014251260688445516
177 0.5892159598214286 0.17507125630344222 0.013811383928571428 0.013374260030695024
179 0.5417829241071429 0.17737338303003727 0.017438616071428572 0.018855514141635606
191 0.646484375 0.1963385222538917 0.010044642857142858 0.015566761675071256