187 0.27294921875 0.8747259973695748 0.004045758928571429 0.012056115738711091
187 0.42333984375 0.159798334064007 0.004045758928571429 0.01183691363437089
187 0.13636997767857142 0.159798334064007 0.004045758928571429 0.01183691363437089
187 0.7149135044642857 0.8122533976326173 0.007672991071428571 0.006356861025865849
187 0.5836356026785714 0.10488820692678649 0.004045758928571429 0.012056115738711091
187 0.6799665178571429 0.7952652345462516 0.007533482142857143 0.006137658921525646
195 0.294921875 0.8467777290661991 0.013950892857142858 0.021920210434020166
176 0.2949916294642857 0.7433143358176239 0.007393973214285714 0.01797457255589654
102 0.2948521205357143 0.6790881192459448 0.007672991071428571 0.016659359929855327
180 0.41713169642857145 0.5996273564226217 0.012834821428571428 0.012056115738711091
14 0.44691685267857145 0.32463831652783864 0.011858258928571428 0.01183691363437089
182 0.43491908482142855 0.31280140289346775 0.007672991071428571 0.010960105217010083
181 0.45689174107142855 0.27005699254712845 0.012555803571428572 0.012275317843051293
180 0.4916294642857143 0.26961858833844804 0.01171875 0.01183691363437089
196 0.5223911830357143 0.2698377904427883 0.016043526785714284 0.02498903989478299
119 0.4388950892857143 0.4136343708899605 0.015625 0.021920210434020166
142 0.40004185267857145 0.566308636562911 0.007672991071428571 0.012056115738711091
193 0.15492466517857142 0.18741779921087243 0.015485491071428572 0.024550635686102586
190 0.15492466517857142 0.30830775975449365 0.0068359375 0.011179307321350284
192 0.15492466517857142 0.3523673827268742 0.0166015625 0.026085050416484
180 0.15492466517857142 0.3990574309513371 0.007393973214285714 0.01819377466023674
142 0.16531808035714285 0.4348969750109601 0.007254464285714286 0.012275317843051293
183 0.3431919642857143 0.9352257781674704 0.005859375 0.023016220955721176
192 0.34584263392857145 0.8747259973695748 0.015625 0.02389302937308198
60 0.4828404017857143 0.8748355984217449 0.012555803571428572 0.01183691363437089
60 0.5048130580357143 0.7474791758000877 0.007672991071428571 0.021481806225339763
179 0.5034877232142857 0.6891714160455941 0.010602678571428572 0.021920210434020166
119 0.5152762276785714 0.6483998246383166 0.013811383928571428 0.024112231477422183
196 0.39990234375 0.1325076720736519 0.015764508928571428 0.024769837790442787
182 0.39990234375 0.1999123191582639 0.007672991071428571 0.01183691363437089
186 0.38560267857142855 0.21481806225339764 0.009207589285714286 0.013590530469092503
196 0.34640066964285715 0.21492766330556773 0.015625 0.02389302937308198
177 0.24421037946428573 0.21503726435773785 0.009626116071428572 0.01183691363437089
196 0.3461216517857143 0.15990793511617712 0.015904017857142856 0.025208241999123193
187 0.2774135044642857 0.159798334064007 0.004045758928571429 0.01183691363437089
184 0.19866071428571427 0.16845681718544497 0.005580357142857143 0.02915387987724682
185 0.16768973214285715 0.16834721613327489 0.005580357142857143 0.029373081981587022
195 0.6449497767857143 0.18829460762823322 0.016183035714285716 0.025427444103463395
14 0.6251395089285714 0.21492766330556773 0.013113839285714286 0.011617711530030689
176 0.5751255580357143 0.2370670758439281 0.007672991071428571 0.019508987286277948
185 0.5553850446428571 0.33362560280578696 0.005580357142857143 0.02893467777290662
196 0.6449497767857143 0.24342393686979394 0.015904017857142856 0.025208241999123193
188 0.6449497767857143 0.3952213941253836 0.012834821428571428 0.008768084173608066
179 0.6462751116071429 0.46317404647084615 0.0107421875 0.020604997807978958
177 0.7150530133928571 0.5203857957036387 0.007393973214285714 0.021481806225339763
119 0.6953822544642857 0.6612231477422184 0.012974330357142858 0.024331433581762384
182 0.66357421875 0.6545374835598422 0.007114955357142857 0.012275317843051293
187 0.62744140625 0.6547566856641823 0.004045758928571429 0.01183691363437089
196 0.7149135044642857 0.4067295046032442 0.015764508928571428 0.024769837790442787
182 0.39976283482142855 0.7506576063130206 0.007952008928571428 0.011617711530030689
14 0.3999720982142857 0.6877466023673827 0.007533482142857143 0.01731696624287593
185 0.3944614955357143 0.5156729504603245 0.0185546875 0.00898728627794827
178 0.3521205357142857 0.4346777729066199 0.010881696428571428 0.012275317843051293
119 0.31640625 0.44103463393248576 0.014508928571428572 0.024112231477422183
25 0.28201729910714285 0.4366505918456817 0.010463169642857142 0.015344147303814117
102 0.6923130580357143 0.7650153441473038 0.013253348214285714 0.012275317843051293
195 0.7149135044642857 0.6819377466023674 0.016043526785714284 0.02498903989478299
176 0.6947544642857143 0.5996273564226217 0.012834821428571428 0.012056115738711091
184 0.6688058035714286 0.6083954405962297 0.005859375 0.02915387987724682
142 0.62841796875 0.6001753616834722 0.007952008928571428 0.012275317843051293
188 0.4530552455357143 0.5998465585269619 0.007672991071428571 0.02082419991231916
102 0.32979910714285715 0.9024550635686103 0.007533482142857143 0.021481806225339763
186 0.330078125 0.8505041648399825 0.009207589285714286 0.015344147303814117
60 0.4351283482142857 0.7960324419114424 0.0078125 0.02082419991231916
179 0.32847377232142855 0.621766768960982 0.010463169642857142 0.01994739149495835
196 0.32993861607142855 0.4613108285839544 0.015904017857142856 0.025208241999123193
119 0.7541155133928571 0.19213064445418676 0.015764508928571428 0.02082419991231916
14 0.75 0.24715037264357737 0.007533482142857143 0.01731696624287593
193 0.7499302455357143 0.2996492766330557 0.015485491071428572 0.024550635686102586
185 0.75537109375 0.42295046032441913 0.018833705357142856 0.009425690486628672
182 0.7499302455357143 0.47073651907058306 0.007672991071428571 0.010740903112669882
184 0.7320033482142857 0.5533757124068391 0.005580357142857143 0.02915387987724682
14 0.08503069196428571 0.131521262604121 0.007672991071428571 0.020604997807978958
188 0.1103515625 0.10488820692678649 0.006417410714285714 0.021262604120999562
193 0.13874162946428573 0.10488820692678649 0.016043526785714284 0.025208241999123193
192 0.10407366071428571 0.3798772468215695 0.016183035714285716 0.025427444103463395
190 0.11997767857142858 0.40651030249890396 0.006417410714285714 0.012494519947391494
177 0.7303989955357143 0.5996273564226217 0.012416294642857142 0.011617711530030689
193 0.5922154017857143 0.3248575186321789 0.015625 0.02367382726874178
195 0.6099330357142857 0.24068391056554142 0.015345982142857142 0.024550635686102586
188 0.6276506696428571 0.159798334064007 0.005580357142857143 0.021920210434020166
192 0.6631556919642857 0.15990793511617712 0.015764508928571428 0.024769837790442787
186 0.6099330357142857 0.354340201665936 0.008928571428571428 0.015563349408154318
177 0.6099330357142857 0.4089215256466462 0.007533482142857143 0.022139412538360367
119 0.6138392857142857 0.5221394125383604 0.015625 0.021481806225339763
176 0.66552734375 0.5443884261288908 0.012416294642857142 0.011617711530030689
194 0.6282784598214286 0.709776413853573 0.015764508928571428 0.02498903989478299
178 0.6625279017857143 0.7095572117492328 0.013671875 0.012275317843051293
63 0.6932198660714286 0.7096668128014029 0.010602678571428572 0.012494519947391494
183 0.6306501116071429 0.4843270495396756 0.005719866071428571 0.023016220955721176
180 0.36502511160714285 0.8467777290661991 0.007672991071428571 0.015344147303814117
32 0.42103794642857145 0.6538798772468216 0.01171875 0.013590530469092503
14 0.48374720982142855 0.6545374835598422 0.010463169642857142 0.012275317843051293
119 0.12388392857142858 0.2907715914072775 0.015625 0.021262604120999562
191 0.45772879464285715 0.10477860587461639 0.011439732142857142 0.01797457255589654
190 0.49302455357142855 0.10488820692678649 0.006417410714285714 0.013809732573432706
179 0.52001953125 0.10247698377904428 0.012137276785714286 0.016440157825515125
182 0.2158203125 0.10488820692678649 0.008091517857142858 0.012056115738711091
32 0.24672154017857142 0.5441692240245506 0.010463169642857142 0.013371328364752301
184 0.21114676339285715 0.5535949145111793 0.005719866071428571 0.028715475668566418
183 0.12737165178571427 0.5501972818939062 0.005580357142857143 0.023235423060061378
179 0.25844029017857145 0.4548443665059185 0.010463169642857142 0.021920210434020166
102 0.2598353794642857 0.41527838667251205 0.007672991071428571 0.021701008329679965
175 0.25997488839285715 0.3559842174484875 0.007393973214285714 0.019289785181937746
32 0.26053292410714285 0.3031565103024989 0.008510044642857142 0.01841297676457694
32 0.2255859375 0.19465146865409907 0.008649553571428572 0.017536168347216132
63 0.4701450892857143 0.3008548882069268 0.008091517857142858 0.016001753616834723
194 0.6799665178571429 0.7356422621657168 0.015345982142857142 0.024550635686102586
14 0.6799665178571429 0.5708022797018851 0.007533482142857143 0.021481806225339763