187 0.6960797991071429 0.6128890837352039 0.005719866071428571 0.004822446295484437
187 0.13071986607142858 0.24419114423498467 0.005859375 0.004822446295484437
187 0.6854073660714286 0.5574309513371328 0.0030691964285714285 0.00920648838228847
187 0.16831752232142858 0.1343708899605436 0.003208705357142857 0.00920648838228847
187 0.10379464285714286 0.22884699693117053 0.005859375 0.004822446295484437
187 0.10379464285714286 0.710872424375274 0.005859375 0.004822446295484437
187 0.09361049107142858 0.5997369574747917 0.0030691964285714285 0.00920648838228847
187 0.45382254464285715 0.8599298553266111 0.005859375 0.004822446295484437
187 0.07686941964285714 0.6505918456817186 0.005859375 0.004822446295484437
187 0.09877232142857142 0.9381850065760632 0.0030691964285714285 0.00920648838228847
187 0.6153738839285714 0.9256904866286716 0.005859375 0.004822446295484437
188 0.6778738839285714 0.6420429636124507 0.005580357142857143 0.013590530469092503
183 0.6332310267857143 0.6462078035949145 0.004185267857142857 0.01797457255589654
25 0.69677734375 0.6584831214379658 0.007114955357142857 0.012713722051731697
63 0.6519252232142857 0.8533537921964051 0.009765625 0.00920648838228847
185 0.6902204241071429 0.9025646646207803 0.004324776785714286 0.02257781674704077
195 0.6554129464285714 0.8958790004384042 0.012276785714285714 0.019289785181937746
189 0.13071986607142858 0.2839763261727313 0.006138392857142857 0.021262604120999562
32 0.13113839285714285 0.31893906181499343 0.006696428571428571 0.015344147303814117
119 0.13992745535714285 0.38360368259535294 0.011439732142857142 0.018851380973257344
175 0.16817801339285715 0.3459009206488382 0.009905133928571428 0.00920648838228847
185 0.27308872767857145 0.3393248575186322 0.004324776785714286 0.02235861464270057
186 0.3081752232142857 0.34568171854449803 0.007254464285714286 0.01052170100832968
102 0.3360072544642857 0.34579131959666815 0.009347098214285714 0.00898728627794827
176 0.35972377232142855 0.3460105217010083 0.009905133928571428 0.00898728627794827
142 0.53466796875 0.14927663305567734 0.005998883928571429 0.008768084173608066
191 0.5184849330357143 0.13448049101271373 0.007393973214285714 0.011617711530030689
191 0.5345284598214286 0.24715037264357737 0.0087890625 0.013809732573432706
14 0.5345284598214286 0.2786058746163963 0.005719866071428571 0.012713722051731697
180 0.5251116071428571 0.3035949145111793 0.010323660714285714 0.00920648838228847
179 0.5357142857142857 0.3685883384480491 0.008091517857142858 0.01819377466023674
177 0.5237165178571429 0.4729285401139851 0.010602678571428572 0.00898728627794827
14 0.49853515625 0.4729285401139851 0.009905133928571428 0.009425690486628672
194 0.46595982142857145 0.472818939061815 0.012276785714285714 0.019289785181937746
182 0.48074776785714285 0.6533318719859711 0.006138392857142857 0.008548882069267865
185 0.49044363839285715 0.6778825076720737 0.004324776785714286 0.023016220955721176
60 0.5500837053571429 0.6840201665935993 0.010044642857142858 0.00898728627794827
32 0.46595982142857145 0.6833625602805787 0.009765625 0.011179307321350284
185 0.4579380580357143 0.6965146865409908 0.014369419642857142 0.006795265234546251
63 0.5447126116071429 0.30370451556334943 0.008231026785714286 0.00898728627794827
177 0.5613141741071429 0.32628233231039017 0.005998883928571429 0.011617711530030689
182 0.5615234375 0.41801841297676456 0.006138392857142857 0.00920648838228847
180 0.5613839285714286 0.4552827707145989 0.005859375 0.014905743095133712
177 0.5732421875 0.5573213502849628 0.008091517857142858 0.00898728627794827
190 0.6356026785714286 0.5574309513371328 0.006138392857142857 0.00920648838228847
14 0.58837890625 0.7034195528277072 0.005719866071428571 0.012275317843051293
14 0.5717075892857143 0.7264357737834283 0.007533482142857143 0.00920648838228847
196 0.5475725446428571 0.7266549758877685 0.011997767857142858 0.01841297676457694
181 0.36083984375 0.6841297676457694 0.008510044642857142 0.00920648838228847
188 0.3900669642857143 0.6420429636124507 0.005580357142857143 0.014905743095133712
190 0.4175502232142857 0.6420429636124507 0.005301339285714286 0.009644892590968873
188 0.43589564732142855 0.6420429636124507 0.004324776785714286 0.011398509425690487
185 0.2880161830357143 0.4583516001753617 0.014369419642857142 0.0070144673388864535
193 0.29220145089285715 0.4089215256466462 0.012137276785714286 0.019070583077597545
189 0.29227120535714285 0.5788031565103025 0.006138392857142857 0.021262604120999562
194 0.29220145089285715 0.7053923717667689 0.011579241071428572 0.018851380973257344
186 0.4395228794642857 0.13448049101271373 0.007393973214285714 0.009864094695309075
175 0.42689732142857145 0.15486628671635247 0.005859375 0.012056115738711091
193 0.44126674107142855 0.3035949145111793 0.011997767857142858 0.018851380973257344
195 0.46812220982142855 0.30370451556334943 0.0107421875 0.016878562034195528
179 0.4912806919642857 0.3019508987286278 0.011858258928571428 0.012932924156071899
175 0.390625 0.13459009206488382 0.008091517857142858 0.00920648838228847
194 0.3314732142857143 0.13448049101271373 0.012555803571428572 0.019508987286277948
32 0.25599888392857145 0.13349408154318282 0.010323660714285714 0.011398509425690487
102 0.19559151785714285 0.13448049101271373 0.010323660714285714 0.00898728627794827
196 0.5755440848214286 0.3035949145111793 0.012974330357142858 0.020604997807978958
176 0.5074637276785714 0.40651030249890396 0.005719866071428571 0.013371328364752301
187 0.5076729910714286 0.49408154318281455 0.005859375 0.004822446295484437
176 0.5076729910714286 0.5354011398509426 0.005859375 0.015563349408154318
32 0.5158342633928571 0.5563349408154318 0.011300223214285714 0.010960105217010083
189 0.5484793526785714 0.5574309513371328 0.013532366071428572 0.010960105217010083
195 0.6153041294642857 0.49441034633932485 0.011021205357142858 0.01731696624287593
196 0.6153041294642857 0.5368259535291539 0.0126953125 0.020166593599298552
193 0.6153738839285714 0.3665059184568172 0.011997767857142858 0.018851380973257344
190 0.6153738839285714 0.31203419552827705 0.005859375 0.0076720736519070585
176 0.6053989955357143 0.4725997369574748 0.008510044642857142 0.00920648838228847
193 0.33224051339285715 0.7266549758877685 0.0126953125 0.01972818939061815
178 0.25034877232142855 0.7264357737834283 0.0087890625 0.00920648838228847
102 0.22907366071428573 0.7266549758877685 0.008928571428571428 0.008768084173608066
177 0.44175502232142855 0.6843489697501096 0.007393973214285714 0.00920648838228847
119 0.1875 0.15344147303814118 0.011997767857142858 0.01709776413853573
195 0.1845703125 0.19870670758439282 0.011160714285714286 0.01731696624287593
187 0.1845703125 0.24024550635686104 0.005859375 0.004822446295484437
60 0.16789899553571427 0.2611793073213503 0.008510044642857142 0.009425690486628672
193 0.14369419642857142 0.26128890837352037 0.011997767857142858 0.01841297676457694
186 0.18477957589285715 0.28266111354669005 0.007114955357142857 0.011617711530030689
177 0.18443080357142858 0.4077159140727751 0.005859375 0.01578255151249452
195 0.18450055803571427 0.4529811486190267 0.012137276785714286 0.019070583077597545
179 0.18568638392857142 0.4993423936869794 0.008091517857142858 0.015344147303814117
32 0.275390625 0.5143577378342832 0.0078125 0.010740903112669882
184 0.10791015625 0.2947172292854011 0.014369419642857142 0.006795265234546251
195 0.10372488839285714 0.3256247259973696 0.010463169642857142 0.016440157825515125
63 0.10365513392857142 0.3658483121437966 0.005859375 0.016659359929855327
186 0.11865234375 0.38842612889083733 0.007672991071428571 0.011398509425690487
192 0.10379464285714286 0.6625383603682595 0.012555803571428572 0.019508987286277948
102 0.10379464285714286 0.6256028057869355 0.005859375 0.012275317843051293
189 0.17222377232142858 0.43051293292415604 0.013532366071428572 0.00920648838228847
195 0.10379464285714286 0.4093599298553266 0.010323660714285714 0.016440157825515125
185 0.4764927455357143 0.7448487505480053 0.014369419642857142 0.0070144673388864535
183 0.47802734375 0.7072555896536606 0.011300223214285714 0.006795265234546251
25 0.5875418526785714 0.5374835598421744 0.007393973214285714 0.014905743095133712
195 0.58837890625 0.4082639193336256 0.012416294642857142 0.019508987286277948
185 0.5841936383928571 0.36135466900482244 0.014369419642857142 0.006795265234546251
190 0.5792410714285714 0.3459009206488382 0.006138392857142857 0.009644892590968873
181 0.5492466517857143 0.34622972380534855 0.010323660714285714 0.009425690486628672
189 0.39990234375 0.4106751424813678 0.005161830357142857 0.021262604120999562
183 0.40255301339285715 0.4622972380534853 0.011300223214285714 0.0070144673388864535
176 0.39111328125 0.387987724682157 0.009347098214285714 0.009644892590968873
193 0.39990234375 0.32288469969311706 0.011858258928571428 0.018851380973257344
102 0.3998325892857143 0.28605874616396315 0.005859375 0.013590530469092503
60 0.3999720982142857 0.23651907058307758 0.005859375 0.01183691363437089
190 0.41148158482142855 0.17667689609820253 0.007393973214285714 0.008768084173608066
189 0.49490792410714285 0.17667689609820253 0.013532366071428572 0.008768084173608066
177 0.07679966517857142 0.708790004384042 0.005719866071428571 0.012056115738711091
184 0.0810546875 0.8365848312143797 0.014229910714285714 0.006795265234546251
192 0.07686941964285714 0.8750548005260851 0.011997767857142858 0.018851380973257344
185 0.08098493303571429 0.9185664182376151 0.014369419642857142 0.006795265234546251
195 0.14411272321428573 0.6843489697501096 0.010881696428571428 0.01709776413853573
175 0.20152064732142858 0.6844585708022797 0.010463169642857142 0.00898728627794827
178 0.22712053571428573 0.6843489697501096 0.008091517857142858 0.008768084173608066
187 0.23842075892857142 0.7476983779044278 0.005859375 0.004822446295484437
185 0.6111188616071429 0.7093380096448926 0.014369419642857142 0.007452871547566856
142 0.5736607142857143 0.8112669881630864 0.005859375 0.00920648838228847
193 0.49386160714285715 0.8111573871109162 0.011997767857142858 0.018632178868917142
119 0.18770926339285715 0.5701446733888645 0.011858258928571428 0.018851380973257344
192 0.1845703125 0.6223147742218326 0.01171875 0.018851380973257344
25 0.18526785714285715 0.664182376150811 0.007533482142857143 0.01578255151249452
188 0.1845703125 0.7129548443665059 0.009207589285714286 0.007233669443226655
176 0.11342075892857142 0.8112669881630864 0.010323660714285714 0.008768084173608066
102 0.20047433035714285 0.8111573871109162 0.008370535714285714 0.00898728627794827
181 0.23821149553571427 0.7969092503288031 0.005998883928571429 0.016001753616834723
188 0.27587890625 0.6842393686979396 0.004603794642857143 0.016440157825515125
195 0.6422293526785714 0.7885795703638755 0.012137276785714286 0.019070583077597545
180 0.6422293526785714 0.7046251644015783 0.005719866071428571 0.015563349408154318
119 0.6392996651785714 0.6648399824638317 0.011858258928571428 0.01841297676457694
185 0.6319056919642857 0.6064226216571679 0.004603794642857143 0.02257781674704077
190 0.5945870535714286 0.5997369574747917 0.005580357142857143 0.010083296799649276
196 0.57373046875 0.5997369574747917 0.012137276785714286 0.019289785181937746
195 0.6283482142857143 0.6843489697501096 0.011997767857142858 0.01841297676457694
102 0.57666015625 0.6845681718544498 0.008510044642857142 0.00920648838228847
32 0.5350167410714286 0.6714160455940377 0.006696428571428571 0.01446733888645331
179 0.5250418526785714 0.6439061814993424 0.010184151785714286 0.012494519947391494
185 0.4892578125 0.6487286277948269 0.004464285714285714 0.02257781674704077
60 0.19684709821428573 0.43051293292415604 0.0078125 0.008768084173608066
183 0.26792689732142855 0.4488163086365629 0.011300223214285714 0.006795265234546251
63 0.27852957589285715 0.4727093380096449 0.007952008928571428 0.00898728627794827
175 0.33384486607142855 0.4729285401139851 0.009765625 0.009425690486628672
189 0.26527622767857145 0.3650811047786059 0.0048828125 0.021262604120999562
184 0.2611607142857143 0.3256247259973696 0.014508928571428572 0.006795265234546251
193 0.22474888392857142 0.3035949145111793 0.012276785714285714 0.019289785181937746
178 0.14864676339285715 0.3038141166155195 0.0107421875 0.00920648838228847
179 0.5204380580357143 0.17854011398509426 0.011858258928571428 0.012932924156071899
182 0.4268275669642857 0.4403770276194651 0.005998883928571429 0.00920648838228847
192 0.42689732142857145 0.4085927224901359 0.012276785714285714 0.019289785181937746
177 0.41441127232142855 0.3460105217010083 0.009626116071428572 0.00898728627794827
119 0.38797433035714285 0.35061376589215254 0.010881696428571428 0.019070583077597545
182 0.42689732142857145 0.48564226216571676 0.005859375 0.00898728627794827
63 0.42703683035714285 0.5379219640508549 0.005859375 0.01578255151249452
183 0.42954799107142855 0.5720078912757562 0.011160714285714286 0.006795265234546251
181 0.45361328125 0.6263700131521263 0.005998883928571429 0.015563349408154318
191 0.5345284598214286 0.742327926348093 0.009068080357142858 0.014248136782113108
175 0.53466796875 0.7868259535291539 0.005998883928571429 0.012494519947391494
193 0.5345284598214286 0.8337352038579571 0.0126953125 0.01994739149495835
195 0.5752650669642857 0.8535729943007453 0.011021205357142858 0.017536168347216132
195 0.22572544642857142 0.7689609820254274 0.010602678571428572 0.016659359929855327
190 0.21149553571428573 0.7003507233669444 0.006138392857142857 0.00920648838228847
194 0.21142578125 0.6622095572117492 0.011579241071428572 0.018851380973257344
195 0.21142578125 0.5349627356422622 0.012137276785714286 0.019070583077597545