187 0.4556361607142857 0.11247533435650077 0.004464285714285714 0.013593510195132646
187 0.6296037946428571 0.48739311554483666 0.004464285714285714 0.013593510195132646
187 0.6067243303571429 0.829423372067529 0.008649553571428572 0.007016005262003947
187 0.646484375 0.6502959877219908 0.008649553571428572 0.007016005262003947
187 0.16922433035714285 0.7127822845867134 0.008649553571428572 0.007016005262003947
187 0.22063337053571427 0.7375575531681648 0.004603794642857143 0.013593510195132646
187 0.10323660714285714 0.1749616312212234 0.004464285714285714 0.013593510195132646
187 0.5518275669642857 0.8625301468976102 0.004603794642857143 0.013593510195132646
181 0.208984375 0.3209822407366806 0.008370535714285714 0.01841701381276036
189 0.23081752232142858 0.29993422495066874 0.019949776785714284 0.01710151282613462
191 0.265625 0.29993422495066874 0.013113839285714286 0.020609515457136594
179 0.20731026785714285 0.270664327998246 0.01171875 0.026529269896952423
184 0.3399135044642857 0.227581670686253 0.006277901785714286 0.03332602499451875
63 0.08963448660714286 0.714207410655558 0.008510044642857142 0.024775268581451435
32 0.22719029017857142 0.7985090988818242 0.015764508928571428 0.016224512168384126
177 0.5274135044642857 0.13845647884235912 0.0087890625 0.02039026529269897
14 0.5013253348214286 0.11247533435650077 0.014090401785714286 0.0131550098662574
190 0.5272042410714286 0.3374260030695023 0.010044642857142858 0.013593510195132646
184 0.5334821428571429 0.3885112913834685 0.021205357142857144 0.01052400789300592
32 0.5482700892857143 0.4865161148870862 0.011997767857142858 0.016224512168384126
192 0.12946428571428573 0.20784915588686692 0.018415178571428572 0.02894102170576628
192 0.12946428571428573 0.26869107651830737 0.017299107142857144 0.027844770883578163
176 0.14801897321428573 0.2997149747862311 0.011997767857142858 0.013593510195132646
25 0.22160993303571427 0.17309800482350363 0.0126953125 0.016882262661696998
190 0.2945033482142857 0.1749616312212234 0.007254464285714286 0.011401008550756413
187 0.14934430803571427 0.23744792808594606 0.004603794642857143 0.013593510195132646
189 0.6067243303571429 0.7058759044069283 0.008649553571428572 0.031352773514580136
191 0.6067243303571429 0.5101951326463495 0.011160714285714286 0.017540013155009866
192 0.5862862723214286 0.6124753343565008 0.0185546875 0.029160271870203903
176 0.23297991071428573 0.6122560841920631 0.011439732142857142 0.013374260030695024
188 0.24874441964285715 0.5679675509756632 0.012276785714285714 0.012058759044069283
192 0.24881417410714285 0.5165533874150405 0.017996651785714284 0.028064021048015787
184 0.24253627232142858 0.4096689322516992 0.021065848214285716 0.010304757728568297
194 0.22809709821428573 0.36242052181539136 0.017857142857142856 0.028064021048015787
179 0.25048828125 0.6456917342688007 0.011858258928571428 0.021925016443762334
195 0.24881417410714285 0.7075202806402104 0.015764508928571428 0.02455601841701381
184 0.19140625 0.3723964042973032 0.006696428571428571 0.03310677483008112
176 0.20912388392857142 0.4595483446612585 0.008370535714285714 0.01841701381276036
196 0.24874441964285715 0.3286559964919974 0.018415178571428572 0.02894102170576628
195 0.6676897321428571 0.5498794124095593 0.016183035714285716 0.025433019074764307
25 0.4066685267857143 0.20379302784477088 0.011160714285714286 0.020828765621574215
181 0.3955775669642857 0.1749616312212234 0.015206473214285714 0.0131550098662574
176 0.4077845982142857 0.2688007016005262 0.008649553571428572 0.018855514141635606
60 0.4613560267857143 0.29993422495066874 0.014787946428571428 0.01447051085288314
185 0.4140625 0.330629247971936 0.021205357142857144 0.01052400789300592
181 0.30629185267857145 0.36231089673317257 0.015206473214285714 0.013374260030695024
190 0.275390625 0.36242052181539136 0.010881696428571428 0.013593510195132646
185 0.1630859375 0.5679675509756632 0.021205357142857144 0.00986625739969305
182 0.18687220982142858 0.5498794124095593 0.008510044642857142 0.013593510195132646
60 0.31229073660714285 0.6124753343565008 0.0126953125 0.013374260030695024
195 0.14753069196428573 0.5498794124095593 0.018275669642857144 0.02850252137689103
175 0.11188616071428571 0.5498794124095593 0.013392857142857142 0.013593510195132646
194 0.18805803571428573 0.6749616312212234 0.018415178571428572 0.028721771541328656
32 0.13009207589285715 0.8222977417233063 0.009905133928571428 0.02302126726595045
102 0.3856724330357143 0.7375575531681648 0.011300223214285714 0.013593510195132646
142 0.41629464285714285 0.6749616312212234 0.008091517857142858 0.013374260030695024
63 0.40785435267857145 0.6535847401885552 0.008510044642857142 0.018855514141635606
14 0.34884207589285715 0.6132427099320324 0.014090401785714286 0.014032010524007894
194 0.42745535714285715 0.8000438500328875 0.018136160714285716 0.02850252137689103
177 0.38602120535714285 0.7997149747862311 0.013671875 0.014689761017320764
175 0.3490513392857143 0.8001534751151064 0.011160714285714286 0.013374260030695024
63 0.46219308035714285 0.5497697873273405 0.013950892857142858 0.013374260030695024
181 0.4873046875 0.5246656434992326 0.008649553571428572 0.01841701381276036
190 0.48744419642857145 0.5850690638017979 0.008649553571428572 0.010743258057443543
102 0.4746791294642857 0.6749616312212234 0.013253348214285714 0.013374260030695024
180 0.28857421875 0.26485419864064896 0.008510044642857142 0.017540013155009866
25 0.4463588169642857 0.5735584301688226 0.0107421875 0.020609515457136594
142 0.46275111607142855 0.48750274062705545 0.008928571428571428 0.014251260688445516
195 0.44761439732142855 0.6465687349265512 0.017996651785714284 0.028064021048015787
178 0.5045340401785714 0.7374479280859461 0.015485491071428572 0.013374260030695024
181 0.5440848214285714 0.7372286779215085 0.014229910714285714 0.01381276035957027
179 0.5897042410714286 0.6721113790835344 0.015345982142857142 0.018636263977197982
189 0.3680943080357143 0.3336987502740627 0.007672991071428571 0.031572023679017756
119 0.39376395089285715 0.48015786011839506 0.013532366071428572 0.02762552071914054
186 0.42892020089285715 0.48739311554483666 0.0107421875 0.015347511510633634
182 0.48716517857142855 0.16114887086165314 0.008649553571428572 0.013593510195132646
193 0.46568080357142855 0.23744792808594606 0.018136160714285716 0.02850252137689103
178 0.42738560267857145 0.23744792808594606 0.014090401785714286 0.013593510195132646
179 0.39195033482142855 0.23996930497697874 0.015764508928571428 0.018636263977197982
32 0.4481724330357143 0.27132207849155887 0.009626116071428572 0.023459767594825695
188 0.5550362723214286 0.23733830300372724 0.007672991071428571 0.019951764963823723
195 0.5669642857142857 0.33402762552071913 0.015345982142857142 0.02433676825257619
178 0.5899135044642857 0.3622012716509537 0.013532366071428572 0.0131550098662574
177 0.62353515625 0.3619820214865161 0.015206473214285714 0.013593510195132646
184 0.12311662946428571 0.5006577504933128 0.020786830357142856 0.00986625739969305
196 0.12946428571428573 0.45439596579697433 0.017857142857142856 0.028283271212453408
179 0.12765066964285715 0.4051743038807279 0.011997767857142858 0.0263100197325148
63 0.6862444196428571 0.394650295987722 0.008370535714285714 0.019294014470510854
187 0.6664341517857143 0.424906818680114 0.004464285714285714 0.013593510195132646
189 0.5272042410714286 0.5787108090331068 0.009207589285714286 0.031352773514580136
195 0.5484793526785714 0.5499890374917781 0.015485491071428572 0.02433676825257619
184 0.5334123883928571 0.8430168822626617 0.021344866071428572 0.010085507564130673
196 0.3680943080357143 0.703135277351458 0.018275669642857144 0.02850252137689103
32 0.36865234375 0.6459109844332384 0.009905133928571428 0.02367901775926332
176 0.35191127232142855 0.6747423810567857 0.014927455357142858 0.013374260030695024
193 0.30726841517857145 0.6749616312212234 0.017996651785714284 0.028283271212453408
195 0.28857421875 0.8299714974786231 0.017717633928571428 0.027844770883578163
192 0.28857421875 0.7657311992983995 0.017159598214285716 0.027844770883578163
179 0.26988002232142855 0.8651611488708617 0.0126953125 0.018855514141635606
188 0.15094866071428573 0.8625301468976102 0.008649553571428572 0.02718702039026529
186 0.7259347098214286 0.3880727910545933 0.009905133928571428 0.01710151282613462
195 0.72607421875 0.3295329971497479 0.0185546875 0.029379522034641527
191 0.6993582589285714 0.29993422495066874 0.012555803571428572 0.0197325147993861
181 0.6693638392857143 0.3000438500328875 0.010323660714285714 0.01381276035957027
185 0.47202845982142855 0.7473141854856391 0.006556919642857143 0.03310677483008112