187 0.11593191964285714 0.5498794124095593 0.004464285714285714 0.013593510195132646
187 0.16922433035714285 0.4691953518965139 0.008649553571428572 0.007016005262003947
187 0.6783621651785714 0.23744792808594606 0.004603794642857143 0.013593510195132646
187 0.34200613839285715 0.9250164437623328 0.004603794642857143 0.013593510195132646
187 0.7260044642857143 0.7522473141854856 0.008649553571428572 0.007016005262003947
187 0.2734375 0.9250164437623328 0.004464285714285714 0.013593510195132646
187 0.25844029017857145 0.23744792808594606 0.004603794642857143 0.013593510195132646
182 0.27999441964285715 0.362639771979829 0.008370535714285714 0.014032010524007894
192 0.22844587053571427 0.36242052181539136 0.017717633928571428 0.028064021048015787
60 0.18924386160714285 0.36231089673317257 0.013532366071428572 0.013374260030695024
185 0.26248604910714285 0.4972593729445297 0.006556919642857143 0.03332602499451875
195 0.24874441964285715 0.5198421398816049 0.015904017857142856 0.02499451874588906
25 0.1865234375 0.5511949133961851 0.014787946428571428 0.016224512168384126
181 0.14613560267857142 0.5499890374917781 0.012974330357142858 0.013374260030695024
186 0.16915457589285715 0.584959438719579 0.010184151785714286 0.017978513483885114
175 0.16915457589285715 0.7147555360666521 0.008510044642857142 0.017978513483885114
187 0.22893415178571427 0.7375575531681648 0.004464285714285714 0.013593510195132646
14 0.4476841517857143 0.45614996711247535 0.008370535714285714 0.018197763648322735
60 0.43247767857142855 0.550098662573997 0.013113839285714286 0.013593510195132646
191 0.34542410714285715 0.5498794124095593 0.011997767857142858 0.018855514141635606
180 0.31033761160714285 0.5499890374917781 0.012137276785714286 0.013374260030695024
185 0.2822963169642857 0.575093181319886 0.021065848214285716 0.010962508221881167
181 0.32833426339285715 0.39048454286340717 0.008510044642857142 0.024117518088138567
183 0.43233816964285715 0.481363736022802 0.006417410714285714 0.026529269896952423
32 0.6647600446428571 0.7358035518526639 0.015904017857142856 0.01710151282613462
195 0.6863141741071429 0.27099320324490245 0.017438616071428572 0.028064021048015787
175 0.6268833705357143 0.3627493970620478 0.012416294642857142 0.01381276035957027
194 0.5669642857142857 0.3936636702477527 0.018973214285714284 0.029598772199079148
189 0.5463169642857143 0.424906818680114 0.020089285714285716 0.017978513483885114
191 0.5029994419642857 0.42501644376233283 0.011579241071428572 0.018197763648322735
187 0.16922433035714285 0.7686910765183074 0.008649553571428572 0.007016005262003947
191 0.22342354910714285 0.7999342249506687 0.011579241071428572 0.018197763648322735
184 0.34005301339285715 0.7901775926331944 0.006277901785714286 0.03332602499451875
187 0.38797433035714285 0.8000438500328875 0.004464285714285714 0.013593510195132646
190 0.40785435267857145 0.8239421179565884 0.008231026785714286 0.015786011839508878
32 0.38706752232142855 0.9239201929401447 0.0126953125 0.016224512168384126
196 0.7260044642857143 0.6428414821311116 0.018415178571428572 0.02894102170576628
192 0.72607421875 0.5184170138127604 0.017717633928571428 0.027844770883578163
187 0.7260044642857143 0.45614996711247535 0.008649553571428572 0.00723525542644157
195 0.62646484375 0.42501644376233283 0.017717633928571428 0.027844770883578163
142 0.5879603794642857 0.4251260688445516 0.008231026785714286 0.013593510195132646
32 0.10567801339285714 0.3606665204998904 0.015485491071428572 0.016663012497259374
188 0.14460100446428573 0.36242052181539136 0.008231026785714286 0.01710151282613462
187 0.08970424107142858 0.26869107651830737 0.008649553571428572 0.00723525542644157
175 0.12953404017857142 0.20171015128261346 0.008510044642857142 0.017978513483885114
180 0.22739955357142858 0.1749616312212234 0.011439732142857142 0.0131550098662574
194 0.4873744419642857 0.8304099978074984 0.017717633928571428 0.027844770883578163
183 0.4834681919642857 0.7660600745450559 0.0166015625 0.01052400789300592
142 0.47628348214285715 0.6119272089454068 0.008649553571428572 0.013593510195132646
180 0.4873046875 0.5280640210480158 0.008649553571428572 0.02039026529269897
180 0.4077845982142857 0.5787108090331068 0.008928571428571428 0.01907476430607323
25 0.40897042410714285 0.706095154571366 0.010463169642857142 0.01644376233282175
142 0.3902064732142857 0.8624205218153914 0.008370535714285714 0.01381276035957027
182 0.3680943080357143 0.8180223635167726 0.0087890625 0.0131550098662574
195 0.3680943080357143 0.7685814514360886 0.018833705357142856 0.029598772199079148
177 0.3286830357142857 0.6407586055689541 0.008649553571428572 0.018636263977197982
142 0.5016741071428571 0.8627493970620478 0.008928571428571428 0.013593510195132646
189 0.4657505580357143 0.8625301468976102 0.019949776785714284 0.014909011181758386
14 0.5274135044642857 0.6483227362420522 0.008510044642857142 0.02236351677263758
192 0.5272042410714286 0.5781626836220127 0.018136160714285716 0.02850252137689103
25 0.43275669642857145 0.8646130234597676 0.015066964285714286 0.017320762990572242
182 0.2998744419642857 0.17507125630344222 0.009068080357142858 0.01381276035957027
177 0.3285435267857143 0.20916465687349264 0.008649553571428572 0.021925016443762334
25 0.32972935267857145 0.2707739530804648 0.011300223214285714 0.018855514141635606
32 0.11453683035714286 0.798618723964043 0.013392857142857142 0.016005262003946502
181 0.11090959821428571 0.9250164437623328 0.012555803571428572 0.0131550098662574
182 0.19084821428571427 0.9251260688445516 0.009207589285714286 0.01381276035957027
190 0.22426060267857142 0.9250164437623328 0.009068080357142858 0.01710151282613462
195 0.08970424107142858 0.7054374040780531 0.017857142857142856 0.027844770883578163
176 0.08977399553571429 0.6557772418329314 0.008510044642857142 0.019294014470510854
194 0.11111886160714286 0.6124753343565008 0.017717633928571428 0.027844770883578163
190 0.11586216517857142 0.29993422495066874 0.009068080357142858 0.01447051085288314
119 0.30678013392857145 0.29291821968866477 0.016183035714285716 0.02850252137689103
187 0.6664341517857143 0.1749616312212234 0.004464285714285714 0.013593510195132646
63 0.3682338169642857 0.38588028941021707 0.008510044642857142 0.017540013155009866
186 0.3680943080357143 0.3279982459986845 0.009626116071428572 0.017540013155009866
102 0.3680943080357143 0.26715632536724404 0.008510044642857142 0.02302126726595045
176 0.38832310267857145 0.424906818680114 0.013532366071428572 0.0131550098662574
102 0.43080357142857145 0.42501644376233283 0.01171875 0.013374260030695024
119 0.611328125 0.4015566761675071 0.017578125 0.02696777022582767
189 0.6067243303571429 0.26671782503836877 0.008649553571428572 0.031352773514580136
194 0.6067243303571429 0.20554702916027187 0.017020089285714284 0.027844770883578163
25 0.6241629464285714 0.17309800482350363 0.014787946428571428 0.016882262661696998
179 0.5484793526785714 0.36516114887086165 0.015764508928571428 0.018636263977197982
195 0.5062081473214286 0.36242052181539136 0.015485491071428572 0.024117518088138567
182 0.44740513392857145 0.40714755536066655 0.008649553571428572 0.013593510195132646
192 0.5272042410714286 0.2660600745450559 0.016741071428571428 0.027844770883578163
191 0.47279575892857145 0.23744792808594606 0.011997767857142858 0.018855514141635606
191 0.26388113839285715 0.8624205218153914 0.014090401785714286 0.022144266608199955
189 0.30970982142857145 0.8624205218153914 0.020089285714285716 0.012058759044069283
179 0.4458705357142857 0.6516114887086165 0.01171875 0.02455601841701381
189 0.38699776785714285 0.6123657092742819 0.020089285714285716 0.01710151282613462
25 0.24769810267857142 0.700833150624863 0.0107421875 0.019513264634948475
195 0.24874441964285715 0.6424029818022363 0.017020089285714284 0.026748520061390047
184 0.3530970982142857 0.18471826353869766 0.006417410714285714 0.03310677483008112
176 0.5071847098214286 0.3001534751151063 0.011021205357142858 0.013593510195132646
186 0.5449916294642857 0.2993860995395747 0.0107421875 0.015566761675071256
14 0.35365513392857145 0.2997149747862311 0.015625 0.014032010524007894
191 0.6272321428571429 0.29993422495066874 0.013113839285714286 0.020609515457136594
180 0.08984375 0.1964481473361105 0.008649553571428572 0.019294014470510854
195 0.22935267857142858 0.11236570927428195 0.015345982142857142 0.023898267923700943
187 0.18910435267857142 0.29993422495066874 0.004603794642857143 0.013593510195132646
180 0.20905412946428573 0.33040999780749836 0.008510044642857142 0.0197325147993861