187 0.6148856026785714 0.21481806225339764 0.004045758928571429 0.01183691363437089
187 0.26639229910714285 0.10488820692678649 0.004045758928571429 0.012056115738711091
187 0.36495535714285715 0.9138535729943007 0.007533482142857143 0.006137658921525646
187 0.32993861607142855 0.15355107409031127 0.007533482142857143 0.006356861025865849
187 0.21589006696428573 0.159798334064007 0.004045758928571429 0.01183691363437089
187 0.5749162946428571 0.904318281455502 0.007533482142857143 0.006356861025865849
187 0.13943917410714285 0.43478737395879 0.004045758928571429 0.012056115738711091
187 0.09493582589285714 0.5997369574747917 0.004045758928571429 0.01183691363437089
178 0.15499441964285715 0.7419991231915827 0.007533482142857143 0.01841297676457694
196 0.17292131696428573 0.709776413853573 0.015485491071428572 0.024550635686102586
142 0.22495814732142858 0.6174923279263481 0.007952008928571428 0.010960105217010083
195 0.20612444196428573 0.5997369574747917 0.014090401785714286 0.021920210434020166
177 0.15499441964285715 0.8449145111793073 0.007533482142857143 0.018632178868917142
178 0.20500837053571427 0.9297457255589654 0.012137276785714286 0.011617711530030689
196 0.46993582589285715 0.7353134590092065 0.015764508928571428 0.024769837790442787
119 0.4892578125 0.7583296799649276 0.013950892857142858 0.024331433581762384
179 0.5206473214285714 0.7623849188952214 0.013113839285714286 0.016220955721174924
189 0.45200892857142855 0.8197062691801841 0.017578125 0.013809732573432706
178 0.4351283482142857 0.7958132398071022 0.007533482142857143 0.021701008329679965
179 0.41420200892857145 0.7667689609820254 0.013392857142857142 0.01709776413853573
175 0.388671875 0.7651249451994739 0.009207589285714286 0.012056115738711091
192 0.34702845982142855 0.7647961420429636 0.015764508928571428 0.02498903989478299
195 0.32993861607142855 0.7931828145550197 0.013113839285714286 0.021262604120999562
181 0.7372349330357143 0.26972818939061816 0.0126953125 0.011617711530030689
181 0.75 0.23498465585269618 0.007533482142857143 0.021920210434020166
187 0.7499302455357143 0.1873081981587023 0.007672991071428571 0.006356861025865849
192 0.7313058035714286 0.10488820692678649 0.015625 0.024331433581762384
193 0.6611328125 0.37976764576939936 0.015904017857142856 0.025208241999123193
185 0.5177176339285714 0.38820692678649715 0.005859375 0.029811486190267425
180 0.60986328125 0.29614204296361246 0.007393973214285714 0.02104340201665936
119 0.6595284598214286 0.2635905304690925 0.012137276785714286 0.024331433581762384
179 0.6784319196428571 0.24682156948706707 0.010323660714285714 0.019289785181937746
192 0.7333286830357143 0.21481806225339764 0.016880580357142856 0.0263042525208242
194 0.5915876116071429 0.32474791758000876 0.016043526785714284 0.025208241999123193
177 0.4867466517857143 0.32463831652783864 0.009207589285714286 0.01183691363437089
189 0.45228794642857145 0.3248575186321789 0.017578125 0.010083296799649276
119 0.6839425223214286 0.566308636562911 0.015485491071428572 0.02082419991231916
63 0.6591099330357143 0.5997369574747917 0.012137276785714286 0.01183691363437089
142 0.22495814732142858 0.13601490574309513 0.007672991071428571 0.011617711530030689
102 0.22495814732142858 0.18062253397632616 0.007393973214285714 0.01841297676457694
195 0.3134068080357143 0.32474791758000876 0.013811383928571428 0.021701008329679965
63 0.4115513392857143 0.32507672073651905 0.012834821428571428 0.012275317843051293
195 0.25990513392857145 0.3524769837790443 0.016183035714285716 0.025427444103463395
194 0.25997488839285715 0.40957913195966683 0.0166015625 0.026085050416484
196 0.25997488839285715 0.46350284962735644 0.016043526785714284 0.025208241999123193
185 0.2705078125 0.5361683472161333 0.005580357142857143 0.029373081981587022
25 0.7157505580357143 0.291319596668128 0.009068080357142858 0.019289785181937746
60 0.7150530133928571 0.4053046909250329 0.007672991071428571 0.018851380973257344
102 0.7149135044642857 0.5103024989039895 0.007393973214285714 0.01797457255589654
187 0.7149135044642857 0.5722270933800965 0.007672991071428571 0.006356861025865849
179 0.69482421875 0.6020385795703639 0.0126953125 0.016440157825515125
191 0.30796595982142855 0.8197062691801841 0.011858258928571428 0.018632178868917142
196 0.27622767857142855 0.8198158702323542 0.016183035714285716 0.025427444103463395
32 0.33042689732142855 0.7403551074090311 0.008510044642857142 0.018632178868917142
102 0.30908203125 0.6546470846120123 0.010184151785714286 0.012056115738711091
182 0.27329799107142855 0.6547566856641823 0.0078125 0.01183691363437089
186 0.49058314732142855 0.7099956159579132 0.010184151785714286 0.013590530469092503
14 0.5535016741071429 0.5995177553704516 0.010184151785714286 0.012275317843051293
192 0.5399693080357143 0.7395879000438405 0.015206473214285714 0.024550635686102586
195 0.3999720982142857 0.7943884261288908 0.015625 0.024550635686102586
195 0.18987165178571427 0.7398071021481806 0.014787946428571428 0.024550635686102586
195 0.18994140625 0.7939500219202105 0.014090401785714286 0.021920210434020166
14 0.5049525669642857 0.6767864971503726 0.007952008928571428 0.016878562034195528
187 0.5049525669642857 0.5722270933800965 0.007672991071428571 0.006356861025865849
63 0.41434151785714285 0.5444980271810609 0.011997767857142858 0.01183691363437089
63 0.38246372767857145 0.5449364313897413 0.010463169642857142 0.01183691363437089
63 0.5050223214285714 0.7379438842612889 0.007533482142857143 0.021701008329679965
60 0.5049525669642857 0.7823323103901797 0.007952008928571428 0.01841297676457694
186 0.5541294642857143 0.8743971942130645 0.010044642857142858 0.0131521262604121
14 0.5182756696428571 0.8199254712845243 0.011439732142857142 0.012056115738711091
32 0.494140625 0.8740683910565541 0.010881696428571428 0.013809732573432706
119 0.3837193080357143 0.8813020604997808 0.013532366071428572 0.024331433581762384
119 0.15897042410714285 0.46514686540990796 0.015485491071428572 0.021920210434020166
188 0.15492466517857142 0.5037264357737834 0.013532366071428572 0.011398509425690487
190 0.15492466517857142 0.5802279701885138 0.007672991071428571 0.008768084173608066
177 0.15513392857142858 0.6306444541867602 0.007533482142857143 0.022797018851380975
195 0.15492466517857142 0.6835817623849189 0.015764508928571428 0.024769837790442787
178 0.5891462053571429 0.6546470846120123 0.011160714285714286 0.011617711530030689
102 0.5556640625 0.6547566856641823 0.013950892857142858 0.01183691363437089
181 0.5874720982142857 0.7095572117492328 0.010323660714285714 0.01183691363437089
25 0.60888671875 0.41538798772468216 0.009626116071428572 0.01578255151249452
195 0.27601841517857145 0.5996273564226217 0.013532366071428572 0.02082419991231916
192 0.2421875 0.5997369574747917 0.016183035714285716 0.025427444103463395
191 0.31884765625 0.8748355984217449 0.011300223214285714 0.01797457255589654
175 0.38295200892857145 0.819596668128014 0.014508928571428572 0.01183691363437089
32 0.23758370535714285 0.8735203857957037 0.011439732142857142 0.014028934677772907
142 0.27085658482142855 0.159798334064007 0.007114955357142857 0.01183691363437089
32 0.34695870535714285 0.2684129767645769 0.013671875 0.015124945199473916
25 0.38441685267857145 0.26830337571240687 0.0126953125 0.015344147303814117
184 0.4178989955357143 0.2611793073213503 0.005998883928571429 0.02915387987724682
25 0.47091238839285715 0.3039237176676896 0.009347098214285714 0.01994739149495835
142 0.46986607142857145 0.35061376589215254 0.0078125 0.012056115738711091
195 0.48814174107142855 0.2698377904427883 0.013950892857142858 0.021920210434020166
32 0.5182756696428571 0.2687417799210872 0.013392857142857142 0.01446733888645331
192 0.43491908482142855 0.4626260412099956 0.0166015625 0.026085050416484
192 0.43491908482142855 0.518412976764577 0.016043526785714284 0.02498903989478299
14 0.43519810267857145 0.5769399386234108 0.008231026785714286 0.021920210434020166
193 0.45396205357142855 0.709776413853573 0.015625 0.024112231477422183
181 0.24665178571428573 0.6550854888206927 0.012276785714285714 0.012056115738711091
179 0.7133091517857143 0.13601490574309513 0.010323660714285714 0.022139412538360367
186 0.6619698660714286 0.1595791319596668 0.010602678571428572 0.01446733888645331
194 0.6256277901785714 0.159798334064007 0.016322544642857144 0.025865848312143797
192 0.5749162946428571 0.2973476545374836 0.015904017857142856 0.025208241999123193
189 0.5749162946428571 0.3544498027181061 0.006696428571428571 0.02761946514686541
63 0.5748465401785714 0.4128671635247698 0.007393973214285714 0.017755370451556333
181 0.5749162946428571 0.5120561157387111 0.007533482142857143 0.016220955721174924
194 0.5749162946428571 0.7908811924594477 0.015904017857142856 0.02498903989478299
177 0.5747767857142857 0.6776633055677335 0.0078125 0.01819377466023674
25 0.5738699776785714 0.6207803594914512 0.009626116071428572 0.020166593599298552
184 0.35951450892857145 0.7924156071898291 0.018694196428571428 0.008768084173608066
119 0.40401785714285715 0.5628014028934678 0.015904017857142856 0.01819377466023674
195 0.38148716517857145 0.5998465585269619 0.013811383928571428 0.021701008329679965
181 0.3096400669642857 0.599956159579132 0.012137276785714286 0.012275317843051293
190 0.5049525669642857 0.46657167908811925 0.007672991071428571 0.009425690486628672
186 0.5051618303571429 0.5186321788689171 0.008649553571428572 0.015344147303814117
63 0.6450892857142857 0.35006576063130207 0.0078125 0.015344147303814117
191 0.6449497767857143 0.3038141166155195 0.008928571428571428 0.014028934677772907
192 0.6976841517857143 0.2698377904427883 0.015625 0.024550635686102586
119 0.13113839285714285 0.6483998246383166 0.013113839285714286 0.024112231477422183
14 0.13992745535714285 0.709776413853573 0.013671875 0.01183691363437089
194 0.20835658482142858 0.6547566856641823 0.016322544642857144 0.025865848312143797
192 0.22495814732142858 0.4099079351161771 0.014927455357142858 0.024550635686102586
186 0.17529296875 0.5451556334940816 0.009347098214285714 0.013590530469092503
185 0.21930803571428573 0.35686102586584834 0.018415178571428572 0.008768084173608066
195 0.24330357142857142 0.21481806225339764 0.015625 0.024550635686102586
179 0.25844029017857145 0.1336036825953529 0.010463169642857142 0.02345462516440158