187 0.49686104910714285 0.10488820692678649 0.004045758928571429 0.012056115738711091
187 0.16915457589285715 0.5448268303375713 0.004045758928571429 0.012056115738711091
187 0.6449497767857143 0.727093380096449 0.007533482142857143 0.006137658921525646
187 0.7499302455357143 0.31904866286716355 0.007672991071428571 0.006356861025865849
187 0.6666434151785714 0.6547566856641823 0.004045758928571429 0.01183691363437089
187 0.6563197544642857 0.8198158702323542 0.004045758928571429 0.01183691363437089
187 0.0849609375 0.8896317404647085 0.007533482142857143 0.006356861025865849
187 0.30517578125 0.159798334064007 0.004045758928571429 0.01183691363437089
187 0.09054129464285714 0.159798334064007 0.00390625 0.01183691363437089
187 0.0849609375 0.572775098640947 0.007533482142857143 0.006137658921525646
187 0.23451450892857142 0.8198158702323542 0.00390625 0.01183691363437089
180 0.13357979910714285 0.21536606751424814 0.0126953125 0.012056115738711091
32 0.08544921875 0.2345462516440158 0.008510044642857142 0.018851380973257344
181 0.13623046875 0.4896975010960105 0.009626116071428572 0.01183691363437089
181 0.17403738839285715 0.48980710214818063 0.0126953125 0.011617711530030689
25 0.21247209821428573 0.4882726874177992 0.012834821428571428 0.014686540990793511
63 0.10246930803571429 0.3799868478737396 0.012416294642857142 0.012056115738711091
142 0.13713727678571427 0.3798772468215695 0.007254464285714286 0.012275317843051293
196 0.20870535714285715 0.37976764576939936 0.015625 0.02389302937308198
177 0.5400390625 0.24134151687856203 0.007533482142857143 0.020604997807978958
32 0.6259068080357143 0.32387110916264794 0.010463169642857142 0.013371328364752301
181 0.5398995535714286 0.1832529592284086 0.0078125 0.016220955721174924
177 0.5398995535714286 0.13327487943884261 0.008091517857142858 0.01709776413853573
187 0.46993582589285715 0.5173169662428759 0.007672991071428571 0.006137658921525646
119 0.44949776785714285 0.4411442349846558 0.013392857142857142 0.024769837790442787
189 0.46993582589285715 0.5745287154756685 0.0087890625 0.02761946514686541
181 0.47000558035714285 0.6340420868040333 0.007533482142857143 0.022139412538360367
14 0.47000558035714285 0.6881850065760632 0.0078125 0.015124945199473916
102 0.46986607142857145 0.7411223147742219 0.007533482142857143 0.02104340201665936
184 0.4644252232142857 0.29416922402455065 0.018694196428571428 0.008768084173608066
190 0.5049525669642857 0.22709338009644892 0.007952008928571428 0.008768084173608066
177 0.48402622767857145 0.2698377904427883 0.0126953125 0.012275317843051293
190 0.43491908482142855 0.14105655414291976 0.007952008928571428 0.012494519947391494
195 0.38134765625 0.10488820692678649 0.015764508928571428 0.024769837790442787
188 0.35379464285714285 0.10477860587461639 0.007254464285714286 0.01578255151249452
186 0.13846261160714285 0.654318281455502 0.009347098214285714 0.012713722051731697
192 0.15492466517857142 0.6246163963174046 0.016043526785714284 0.025208241999123193
178 0.59765625 0.709776413853573 0.012555803571428572 0.01183691363437089
183 0.5484095982142857 0.7149276633055678 0.005580357142857143 0.02345462516440158
182 0.6450892857142857 0.6965146865409908 0.0078125 0.011617711530030689
192 0.5917271205357143 0.5448268303375713 0.016322544642857144 0.025646646207803596
182 0.5266462053571429 0.5448268303375713 0.007254464285714286 0.012056115738711091
142 0.44663783482142855 0.5448268303375713 0.007114955357142857 0.012056115738711091
187 0.6449497767857143 0.5173169662428759 0.007533482142857143 0.006137658921525646
185 0.6395786830357143 0.46733888645330995 0.018833705357142856 0.008768084173608066
180 0.6277901785714286 0.4345681718544498 0.012834821428571428 0.012056115738711091
196 0.5913783482142857 0.4348969750109601 0.015625 0.024550635686102586
183 0.5620814732142857 0.44026742656729506 0.005580357142857143 0.023016220955721176
175 0.5243443080357143 0.43522577816747043 0.009626116071428572 0.012056115738711091
193 0.48618861607142855 0.4348969750109601 0.016183035714285716 0.025427444103463395
178 0.7501395089285714 0.19114423498465585 0.007533482142857143 0.01797457255589654
179 0.75146484375 0.23366944322665498 0.010463169642857142 0.02104340201665936
14 0.7373744419642857 0.21514686540990793 0.0107421875 0.011617711530030689
195 0.6960100446428571 0.21481806225339764 0.013950892857142858 0.021920210434020166
32 0.5945172991071429 0.2687417799210872 0.014090401785714286 0.014905743095133712
196 0.5573381696428571 0.2698377904427883 0.015625 0.024112231477422183
196 0.7312360491071429 0.159798334064007 0.016322544642857144 0.025865848312143797
191 0.6673409598214286 0.159798334064007 0.011300223214285714 0.017536168347216132
102 0.6336495535714286 0.159798334064007 0.009486607142857142 0.01183691363437089
192 0.5910993303571429 0.159798334064007 0.015625 0.024112231477422183
176 0.5260184151785714 0.15968873301183692 0.009905133928571428 0.012056115738711091
63 0.5749860491071429 0.7436431389741341 0.007393973214285714 0.016001753616834723
183 0.5617327008928571 0.7701665935992985 0.005719866071428571 0.023016220955721176
177 0.5751255580357143 0.6818281455501973 0.007672991071428571 0.022139412538360367
184 0.5694754464285714 0.6307540552389302 0.018694196428571428 0.00898728627794827
179 0.5733816964285714 0.5173169662428759 0.010602678571428572 0.02367382726874178
192 0.5749162946428571 0.40651030249890396 0.015904017857142856 0.025208241999123193
188 0.23388671875 0.7647961420429636 0.005998883928571429 0.017536168347216132
178 0.17103794642857142 0.7650153441473038 0.014508928571428572 0.012275317843051293
181 0.2598353794642857 0.6764576939938624 0.007672991071428571 0.016220955721174924
188 0.25990513392857145 0.6353572994300746 0.010044642857142858 0.009425690486628672
191 0.15492466517857142 0.46744848750548007 0.010463169642857142 0.016440157825515125
14 0.38218470982142855 0.4348969750109601 0.011858258928571428 0.012275317843051293
185 0.46463448660714285 0.24068391056554142 0.019112723214285716 0.00920648838228847
63 0.6966378348214286 0.26972818939061816 0.009905133928571428 0.011617711530030689
184 0.7444196428571429 0.1303156510302499 0.018694196428571428 0.00898728627794827
177 0.72998046875 0.10488820692678649 0.013811383928571428 0.011617711530030689
178 0.7040318080357143 0.10488820692678649 0.013253348214285714 0.012056115738711091
196 0.5565708705357143 0.10488820692678649 0.015764508928571428 0.024769837790442787
192 0.6449497767857143 0.35072336694432266 0.015904017857142856 0.02498903989478299
63 0.6448102678571429 0.2505480052608505 0.007533482142857143 0.016220955721174924
178 0.3998325892857143 0.5725558965366068 0.007533482142857143 0.02235861464270057
195 0.41796875 0.5447172292854011 0.014229910714285714 0.02235861464270057
14 0.41929408482142855 0.48991670320035074 0.0107421875 0.01183691363437089
185 0.42947823660714285 0.4601052170100833 0.018833705357142856 0.00920648838228847
194 0.43491908482142855 0.40651030249890396 0.015485491071428572 0.024331433581762384
183 0.43143136160714285 0.3053485313459009 0.0146484375 0.009644892590968873
183 0.50146484375 0.7433143358176239 0.0146484375 0.008768084173608066
191 0.5049525669642857 0.68478737395879 0.011021205357142858 0.01709776413853573
187 0.5049525669642857 0.6272468215694871 0.007672991071428571 0.006356861025865849
25 0.41915457589285715 0.601052170100833 0.013532366071428572 0.014905743095133712
188 0.49434988839285715 0.48980710214818063 0.0068359375 0.016878562034195528
195 0.27908761160714285 0.37976764576939936 0.013811383928571428 0.021701008329679965
187 0.34744698660714285 0.37976764576939936 0.004045758928571429 0.012056115738711091
32 0.36558314732142855 0.41188075405523894 0.0087890625 0.01841297676457694
187 0.25990513392857145 0.5173169662428759 0.007533482142857143 0.006137658921525646
193 0.27908761160714285 0.5998465585269619 0.016043526785714284 0.025208241999123193
32 0.3447265625 0.5984217448487505 0.013392857142857142 0.014028934677772907
191 0.7149135044642857 0.6220955721174923 0.011300223214285714 0.017536168347216132
181 0.7149135044642857 0.5774879438842613 0.007393973214285714 0.016878562034195528
181 0.71484375 0.5107409031126698 0.007533482142857143 0.014905743095133712
32 0.7155412946428571 0.41451117930732134 0.008649553571428572 0.017536168347216132
193 0.7149135044642857 0.3505041648399825 0.015485491071428572 0.024550635686102586
194 0.6956612723214286 0.32474791758000876 0.015764508928571428 0.024769837790442787
195 0.3119419642857143 0.4348969750109601 0.015625 0.024550635686102586
195 0.38253348214285715 0.37976764576939936 0.013671875 0.021701008329679965
184 0.13511439732142858 0.7563568610258659 0.005719866071428571 0.029592284085927224
192 0.0849609375 0.6806225339763262 0.015625 0.024550635686102586
192 0.11997767857142858 0.571679088119246 0.015625 0.024550635686102586
186 0.22502790178571427 0.5686102586584831 0.008928571428571428 0.015344147303814117
189 0.13727678571428573 0.5997369574747917 0.017578125 0.011398509425690487
191 0.10923549107142858 0.5997369574747917 0.008928571428571428 0.014028934677772907
63 0.22481863839285715 0.4021262604121 0.007672991071428571 0.016878562034195528
188 0.22495814732142858 0.3466681280140289 0.0107421875 0.011179307321350284
177 0.22481863839285715 0.30063568610258656 0.007672991071428571 0.017755370451556333
32 0.17222377232142858 0.21317404647084612 0.013811383928571428 0.014686540990793511
175 0.3055943080357143 0.2695089872862779 0.0107421875 0.012056115738711091
192 0.38267299107142855 0.2698377904427883 0.015625 0.024112231477422183
179 0.4014369419642857 0.3414072775098641 0.010463169642857142 0.021701008329679965
193 0.39990234375 0.4081543182814555 0.014369419642857142 0.024550635686102586
191 0.39990234375 0.2502192021043402 0.012137276785714286 0.019070583077597545
14 0.39990234375 0.1960762823323104 0.007393973214285714 0.02082419991231916
102 0.11997767857142858 0.6887330118369136 0.0078125 0.01578255151249452
119 0.36893136160714285 0.13568610258658484 0.015485491071428572 0.01841297676457694
189 0.3466796875 0.15990793511617712 0.017578125 0.012494519947391494
195 0.36495535714285715 0.18939061814993424 0.015625 0.024550635686102586
194 0.36495535714285715 0.24265672950460324 0.015345982142857142 0.024550635686102586
180 0.3651646205357143 0.35028496273564225 0.007393973214285714 0.019289785181937746
179 0.1884765625 0.1962954844366506 0.010602678571428572 0.019070583077597545
179 0.13902064732142858 0.16199035510740903 0.014090401785714286 0.016659359929855327
175 0.18980189732142858 0.2503288031565103 0.007672991071428571 0.01972818939061815
196 0.6448800223214286 0.18643138974134152 0.0166015625 0.026085050416484
182 0.3848353794642857 0.159798334064007 0.007393973214285714 0.01183691363437089
185 0.30224609375 0.2232573432704954 0.005719866071428571 0.029592284085927224
25 0.24762834821428573 0.21635247698377905 0.013113839285714286 0.014905743095133712
195 0.3837193080357143 0.21481806225339764 0.013532366071428572 0.021481806225339763
189 0.4183872767857143 0.21481806225339764 0.017578125 0.010083296799649276
184 0.46079799107142855 0.20615957913195967 0.005859375 0.02915387987724682
189 0.0849609375 0.628233231039018 0.009207589285714286 0.02761946514686541