187 0.7022181919642857 0.29993422495066874 0.004603794642857143 0.013593510195132646
187 0.3837193080357143 0.23744792808594606 0.004603794642857143 0.013593510195132646
187 0.13797433035714285 0.8000438500328875 0.004464285714285714 0.013593510195132646
187 0.16922433035714285 0.3939925454944091 0.008649553571428572 0.007016005262003947
187 0.6067243303571429 0.18186801140100856 0.008649553571428572 0.00723525542644157
187 0.10184151785714286 0.29993422495066874 0.004464285714285714 0.013593510195132646
187 0.546875 0.1749616312212234 0.004464285714285714 0.013593510195132646
187 0.5272042410714286 0.599539574654681 0.008649553571428572 0.00723525542644157
187 0.7260044642857143 0.1429511072133304 0.008649553571428572 0.007016005262003947
187 0.6862444196428571 0.5185266388949792 0.008649553571428572 0.007016005262003947
187 0.7260044642857143 0.8312869984652489 0.008649553571428572 0.00723525542644157
184 0.7199358258928571 0.6544617408463056 0.021344866071428572 0.010085507564130673
25 0.7251674107142857 0.5737776803332603 0.010323660714285714 0.017540013155009866
63 0.6692940848214286 0.5499890374917781 0.014090401785714286 0.01381276035957027
186 0.5437360491071429 0.5499890374917781 0.011300223214285714 0.016882262661696998
185 0.6226981026785714 0.9346634509975883 0.006556919642857143 0.03332602499451875
187 0.5868443080357143 0.9250164437623328 0.004603794642857143 0.013593510195132646
25 0.5451311383928571 0.9264415698311774 0.015764508928571428 0.016882262661696998
180 0.46707589285714285 0.9250164437623328 0.010881696428571428 0.0131550098662574
178 0.3433314732142857 0.924906818680114 0.016462053571428572 0.013374260030695024
176 0.70263671875 0.6123657092742819 0.0107421875 0.013593510195132646
183 0.7223074776785714 0.5086603814952861 0.017159598214285716 0.010085507564130673
25 0.7250279017857143 0.4594387195790397 0.010602678571428572 0.022582766937075203
32 0.7105887276785714 0.42381056785792587 0.012416294642857142 0.015786011839508878
181 0.7257952008928571 0.33128699846524884 0.009068080357142858 0.019294014470510854
102 0.6709681919642857 0.4246875685156764 0.013532366071428572 0.013593510195132646
187 0.5868443080357143 0.424906818680114 0.004603794642857143 0.013593510195132646
175 0.18540736607142858 0.1747423810567858 0.015625 0.013593510195132646
192 0.14780970982142858 0.17485200613900462 0.017717633928571428 0.027844770883578163
196 0.23053850446428573 0.11247533435650077 0.017717633928571428 0.026748520061390047
102 0.31263950892857145 0.11192720894540671 0.011439732142857142 0.014251260688445516
181 0.20905412946428573 0.27022582766937076 0.008510044642857142 0.021267265950449463
183 0.22140066964285715 0.29379522034641525 0.006696428571428571 0.0263100197325148
187 0.24874441964285715 0.33117737338303005 0.008649553571428572 0.00723525542644157
193 0.3095703125 0.36242052181539136 0.018136160714285716 0.02850252137689103
14 0.34716796875 0.362639771979829 0.014090401785714286 0.0131550098662574
191 0.7036830357142857 0.6749616312212234 0.01171875 0.018197763648322735
178 0.6465541294642857 0.520938390703793 0.008510044642857142 0.021486516114887087
176 0.6466238839285714 0.45044946283709714 0.008649553571428572 0.02039026529269897
32 0.5881696428571429 0.3615435211576409 0.012834821428571428 0.016224512168384126
181 0.44754464285714285 0.32766937075202807 0.008649553571428572 0.02170576627932471
32 0.4483119419642857 0.38642841482131113 0.009626116071428572 0.023459767594825695
184 0.21958705357142858 0.7276912957684718 0.006696428571428571 0.03332602499451875
119 0.13392857142857142 0.8880727910545932 0.017578125 0.024775268581451435
185 0.22391183035714285 0.9151501863626398 0.006696428571428571 0.03332602499451875
188 0.31710379464285715 0.7999342249506687 0.006417410714285714 0.02433676825257619
185 0.33447265625 0.8307388730541548 0.021344866071428572 0.010085507564130673
195 0.32833426339285715 0.703683402762552 0.015485491071428572 0.02433676825257619
180 0.32847377232142855 0.5792589344442008 0.0087890625 0.019294014470510854
188 0.42061941964285715 0.5498794124095593 0.0078125 0.02718702039026529
119 0.08510044642857142 0.6493093619820215 0.017857142857142856 0.022144266608199955
184 0.08349609375 0.5726814295110721 0.021344866071428572 0.010085507564130673
25 0.08858816964285714 0.5219250164437623 0.010602678571428572 0.021267265950449463
183 0.15597098214285715 0.4812541109405832 0.006417410714285714 0.0263100197325148
176 0.28843470982142855 0.6354966016224513 0.009068080357142858 0.01907476430607323
181 0.28836495535714285 0.694474895856172 0.008370535714285714 0.02170576627932471
178 0.2885044642857143 0.7663889497917123 0.008649553571428572 0.021267265950449463
176 0.27573939732142855 0.4247971935978952 0.011021205357142858 0.01381276035957027
178 0.5667550223214286 0.3298618723964043 0.008510044642857142 0.025213768910326683
119 0.5622907366071429 0.27877658408243805 0.017717633928571428 0.027844770883578163
193 0.5069754464285714 0.36242052181539136 0.018694196428571428 0.029379522034641527
193 0.6067243303571429 0.26989695242271433 0.019252232142857144 0.03025652269239202
195 0.18784877232142858 0.11236570927428195 0.015485491071428572 0.023898267923700943
180 0.208984375 0.40188555141416354 0.008370535714285714 0.017978513483885114
187 0.18910435267857142 0.6123657092742819 0.004603794642857143 0.013593510195132646
194 0.14815848214285715 0.6124753343565008 0.018136160714285716 0.028721771541328656
177 0.40785435267857145 0.7045604034203026 0.008510044642857142 0.01907476430607323
102 0.31612723214285715 0.7375575531681648 0.013113839285714286 0.013593510195132646
177 0.4662388392857143 0.48783161587371193 0.015625 0.013593510195132646
182 0.5271344866071429 0.4532997149747862 0.0087890625 0.012935759701819776
142 0.40792410714285715 0.4560403420302565 0.008649553571428572 0.012716509537382154
192 0.40785435267857145 0.39136154352115765 0.017996651785714284 0.028064021048015787
192 0.3680943080357143 0.8308484981363736 0.019112723214285716 0.030037272527954396
193 0.3680943080357143 0.7058759044069283 0.018275669642857144 0.028721771541328656
179 0.30873325892857145 0.49013374260030695 0.014787946428571428 0.018636263977197982
178 0.42117745535714285 0.675180881385661 0.015345982142857142 0.013374260030695024
63 0.4614955357142857 0.6748520061390046 0.013671875 0.0131550098662574
119 0.49951171875 0.6677263757947819 0.016880580357142856 0.027844770883578163
119 0.5431082589285714 0.6679456259592195 0.015345982142857142 0.027844770883578163
194 0.5669642857142857 0.6425126068844552 0.017578125 0.027844770883578163
188 0.5089285714285714 0.11236570927428195 0.0078125 0.027844770883578163
14 0.46616908482142855 0.11225608419206315 0.012416294642857142 0.013593510195132646
14 0.39515904017857145 0.11247533435650077 0.014369419642857142 0.0131550098662574
187 0.6664341517857143 0.6123657092742819 0.004464285714285714 0.013593510195132646
190 0.6067243303571429 0.46777022582766936 0.008091517857142858 0.014251260688445516
190 0.6067243303571429 0.8361105020828765 0.008091517857142858 0.012935759701819776
185 0.52099609375 0.5312431484323613 0.021344866071428572 0.010962508221881167
119 0.46163504464285715 0.4322516991887744 0.014787946428571428 0.027844770883578163
25 0.12834821428571427 0.13955272966454724 0.010602678571428572 0.02302126726595045
186 0.15297154017857142 0.11225608419206315 0.0107421875 0.015347511510633634
195 0.10986328125 0.11236570927428195 0.017717633928571428 0.027844770883578163
192 0.24881417410714285 0.3950887963165972 0.018833705357142856 0.029818022363516772
189 0.40792410714285715 0.32810787108090333 0.007254464285714286 0.031352773514580136
119 0.12493024553571429 0.5310238982679237 0.017717633928571428 0.02762552071914054
189 0.70458984375 0.36242052181539136 0.019949776785714284 0.012716509537382154
181 0.6644810267857143 0.3622012716509537 0.015066964285714286 0.013593510195132646