187 0.4273158482142857 0.8000438500328875 0.004464285714285714 0.013593510195132646
187 0.4476841517857143 0.8722867792150845 0.008649553571428572 0.00723525542644157
187 0.39990234375 0.9250164437623328 0.004603794642857143 0.013593510195132646
187 0.7101702008928571 0.11247533435650077 0.004603794642857143 0.013593510195132646
187 0.40792410714285715 0.4142731857048893 0.008649553571428572 0.00723525542644157
187 0.6862444196428571 0.710699408024556 0.008649553571428572 0.00723525542644157
187 0.5062779017857143 0.11247533435650077 0.004464285714285714 0.013593510195132646
187 0.5272042410714286 0.6429511072133304 0.008649553571428572 0.00723525542644157
187 0.208984375 0.6888840166630125 0.008649553571428572 0.007016005262003947
142 0.36802455357142855 0.590221442666082 0.008928571428571428 0.013593510195132646
189 0.3680943080357143 0.5156763867572901 0.010463169642857142 0.031572023679017756
178 0.3925083705357143 0.36242052181539136 0.011858258928571428 0.0131550098662574
190 0.3067103794642857 0.36242052181539136 0.009068080357142858 0.01447051085288314
178 0.27476283482142855 0.36242052181539136 0.011579241071428572 0.0131550098662574
187 0.3681640625 0.6437184827888621 0.008649553571428572 0.007016005262003947
196 0.388671875 0.7999342249506687 0.017857142857142856 0.028283271212453408
190 0.44761439732142855 0.526200394650296 0.008231026785714286 0.011401008550756413
60 0.3848353794642857 0.5498794124095593 0.013811383928571428 0.013593510195132646
175 0.5806361607142857 0.9251260688445516 0.011997767857142858 0.013374260030695024
25 0.56591796875 0.7797632098224073 0.010463169642857142 0.01775926331944749
192 0.4686802455357143 0.9250164437623328 0.017717633928571428 0.02718702039026529
186 0.5078125 0.924906818680114 0.011160714285714286 0.01644376233282175
192 0.5475725446428571 0.9250164437623328 0.018694196428571428 0.029379522034641527
142 0.12960379464285715 0.34542863407147556 0.009207589285714286 0.01381276035957027
191 0.12946428571428573 0.20171015128261346 0.011997767857142858 0.018855514141635606
192 0.12946428571428573 0.14240298180223634 0.017578125 0.027844770883578163
193 0.14983258928571427 0.11236570927428195 0.017857142857142856 0.028283271212453408
187 0.18910435267857142 0.11247533435650077 0.004603794642857143 0.013593510195132646
188 0.5868443080357143 0.1749616312212234 0.006277901785714286 0.019294014470510854
186 0.5465959821428571 0.11236570927428195 0.010881696428571428 0.01512826134619601
192 0.5669642857142857 0.14536285902214427 0.018415178571428572 0.02894102170576628
178 0.28843470982142855 0.40078930059197543 0.0087890625 0.025433019074764307
188 0.22398158482142858 0.424906818680114 0.0068359375 0.017978513483885114
179 0.23604910714285715 0.36527077395308044 0.013671875 0.01841701381276036
192 0.14822823660714285 0.36242052181539136 0.017717633928571428 0.028064021048015787
184 0.4365931919642857 0.29006796755097564 0.0068359375 0.03332602499451875
192 0.5081612723214286 0.36242052181539136 0.019112723214285716 0.029818022363516772
176 0.54150390625 0.36242052181539136 0.011300223214285714 0.013593510195132646
63 0.14641462053571427 0.17507125630344222 0.013532366071428572 0.01381276035957027
63 0.2681361607142857 0.29960534970401226 0.012276785714285714 0.013374260030695024
180 0.30308314732142855 0.2998245998684499 0.011858258928571428 0.013374260030695024
185 0.33461216517857145 0.31352773514580135 0.021065848214285716 0.010085507564130673
119 0.6510881696428571 0.577943433457575 0.017578125 0.025433019074764307
176 0.6701311383928571 0.6123657092742819 0.013811383928571428 0.013593510195132646
189 0.6677594866071429 0.6749616312212234 0.019949776785714284 0.01512826134619601
14 0.6466238839285714 0.3272308704231528 0.008649553571428572 0.022582766937075203
177 0.6463448660714286 0.2693488270116203 0.008928571428571428 0.022582766937075203
180 0.19022042410714285 0.9252356939267704 0.012416294642857142 0.013593510195132646
190 0.08970424107142858 0.9052839289629467 0.010044642857142858 0.010085507564130673
188 0.18345424107142858 0.8625301468976102 0.007254464285714286 0.019294014470510854
63 0.08942522321428571 0.8370971278228458 0.008649553571428572 0.020171015128261346
196 0.08970424107142858 0.7033545275158957 0.017857142857142856 0.028064021048015787
179 0.08809988839285714 0.5141416356062267 0.012137276785714286 0.02587151940363955
32 0.11070033482142858 0.36132427099320324 0.012416294642857142 0.015347511510633634
195 0.5850306919642857 0.36242052181539136 0.017996651785714284 0.028064021048015787
179 0.6051897321428571 0.3406051304538478 0.012276785714285714 0.02302126726595045
195 0.6256975446428571 0.11236570927428195 0.018694196428571428 0.029160271870203903
192 0.32833426339285715 0.8966235474676606 0.017996651785714284 0.028283271212453408
187 0.32833426339285715 0.8312869984652489 0.008510044642857142 0.00723525542644157
60 0.3519810267857143 0.550098662573997 0.013671875 0.013593510195132646
191 0.5136021205357143 0.6124753343565008 0.011579241071428572 0.018197763648322735
102 0.24888392857142858 0.13461960096470071 0.008649553571428572 0.019294014470510854
184 0.19942801339285715 0.18482788862091645 0.0068359375 0.0328875246656435
195 0.2275390625 0.23733830300372724 0.017857142857142856 0.028283271212453408
194 0.208984375 0.33304099978074986 0.018415178571428572 0.02894102170576628
60 0.328125 0.26726595044946283 0.008649553571428572 0.017540013155009866
189 0.3487025669642857 0.29993422495066874 0.019949776785714284 0.011401008550756413
119 0.6305106026785714 0.6194913396185047 0.016322544642857144 0.027844770883578163
192 0.6653878348214286 0.36242052181539136 0.017996651785714284 0.028064021048015787
189 0.6251395089285714 0.36242052181539136 0.020089285714285716 0.015786011839508878
102 0.6464146205357143 0.7104801578601184 0.008510044642857142 0.019513264634948475
184 0.7322823660714286 0.334137250602938 0.021205357142857144 0.010085507564130673
177 0.30594308035714285 0.8625301468976102 0.012834821428571428 0.0131550098662574
180 0.26499720982142855 0.9247971935978953 0.014090401785714286 0.013593510195132646
63 0.42396763392857145 0.7371190528392896 0.011160714285714286 0.014032010524007894
178 0.4652622767857143 0.7372286779215085 0.015345982142857142 0.01381276035957027
14 0.48751395089285715 0.8231747423810568 0.008510044642857142 0.019513264634948475
178 0.5274135044642857 0.5878096908572682 0.0087890625 0.024117518088138567
178 0.5149274553571429 0.5498794124095593 0.012276785714285714 0.0131550098662574
192 0.6863141741071429 0.20741065555799168 0.017996651785714284 0.028064021048015787
194 0.16922433035714285 0.8307388730541548 0.018415178571428572 0.02894102170576628
184 0.19370814732142858 0.7905064678798509 0.0068359375 0.033983775487831616
196 0.24881417410714285 0.7680333260249945 0.0185546875 0.029379522034641527
192 0.24874441964285715 0.5798070598552949 0.017020089285714284 0.027844770883578163
192 0.2699497767857143 0.5499890374917781 0.017857142857142856 0.028283271212453408
142 0.2890625 0.21080903310677482 0.008649553571428572 0.013374260030695024
179 0.26974051339285715 0.11521596141197106 0.016880580357142856 0.018636263977197982
25 0.46756417410714285 0.3020171015128261 0.014369419642857142 0.016882262661696998
176 0.16915457589285715 0.7620039465029599 0.008510044642857142 0.019951764963823723
175 0.16936383928571427 0.6986406489804867 0.008649553571428572 0.025213768910326683
192 0.16929408482142858 0.6431703573777681 0.017717633928571428 0.027844770883578163
25 0.18896484375 0.5479061609296207 0.011579241071428572 0.01710151282613462
192 0.23053850446428573 0.5499890374917781 0.017996651785714284 0.028283271212453408
194 0.40785435267857145 0.8918000438500329 0.017438616071428572 0.027844770883578163
175 0.52734375 0.33391800043850034 0.008649553571428572 0.0197325147993861
60 0.5869838169642857 0.23733830300372724 0.015764508928571428 0.01381276035957027