187 0.3846958705357143 0.159798334064007 0.004045758928571429 0.01183691363437089
187 0.10818917410714286 0.9297457255589654 0.004045758928571429 0.012056115738711091
187 0.7382114955357143 0.709776413853573 0.004045758928571429 0.01183691363437089
187 0.6099330357142857 0.1444541867601929 0.007533482142857143 0.006137658921525646
187 0.08907645089285714 0.159798334064007 0.004045758928571429 0.01183691363437089
187 0.5049525669642857 0.9016878562034195 0.007672991071428571 0.006356861025865849
187 0.12967354910714285 0.21481806225339764 0.004045758928571429 0.01183691363437089
187 0.4619838169642857 0.9297457255589654 0.004045758928571429 0.012056115738711091
185 0.4994419642857143 0.24287593160894344 0.018694196428571428 0.008768084173608066
191 0.5049525669642857 0.29493643138974135 0.009347098214285714 0.014686540990793511
196 0.5049525669642857 0.1848969750109601 0.0166015625 0.026085050416484
102 0.49037388392857145 0.159798334064007 0.013671875 0.012275317843051293
182 0.42075892857142855 0.159798334064007 0.006975446428571429 0.01183691363437089
179 0.13344029017857142 0.327159140727751 0.011858258928571428 0.016440157825515125
184 0.32240513392857145 0.20637878123629988 0.005580357142857143 0.029592284085927224
181 0.28152901785714285 0.4348969750109601 0.011160714285714286 0.012275317843051293
191 0.32993861607142855 0.8386672512056116 0.009765625 0.015344147303814117
178 0.30775669642857145 0.8199254712845243 0.012276785714285714 0.012056115738711091
175 0.32993861607142855 0.8012932924156072 0.007533482142857143 0.021701008329679965
63 0.3300083705357143 0.7460543621218764 0.007672991071428571 0.015124945199473916
32 0.31912667410714285 0.708680403331872 0.0126953125 0.014028934677772907
60 0.31229073660714285 0.9300745287154757 0.012974330357142858 0.012275317843051293
32 0.28076171875 0.9288689171416046 0.011579241071428572 0.013809732573432706
14 0.08489118303571429 0.6802937308198159 0.007393973214285714 0.017755370451556333
195 0.10372488839285714 0.709776413853573 0.016322544642857144 0.025865848312143797
32 0.13065011160714285 0.7088996054362122 0.012137276785714286 0.01446733888645331
119 0.08907645089285714 0.7335598421744849 0.015764508928571428 0.018632178868917142
182 0.21163504464285715 0.8199254712845243 0.0078125 0.012056115738711091
142 0.39990234375 0.6984875054800526 0.007672991071428571 0.012494519947391494
63 0.41615513392857145 0.6548662867163525 0.011160714285714286 0.012494519947391494
182 0.35546875 0.7642481367821131 0.0078125 0.012056115738711091
119 0.29896763392857145 0.7818939061814993 0.015345982142857142 0.019289785181937746
142 0.40004185267857145 0.5318939061814993 0.007952008928571428 0.012056115738711091
175 0.3998325892857143 0.46953090749671195 0.007533482142857143 0.01709776413853573
178 0.3651646205357143 0.3061157387110916 0.007952008928571428 0.019070583077597545
179 0.41141183035714285 0.26731696624287593 0.013113839285714286 0.016440157825515125
60 0.36502511160714285 0.24451994739149496 0.007672991071428571 0.015563349408154318
189 0.36495535714285715 0.5197281893906182 0.007533482142857143 0.02761946514686541
14 0.36488560267857145 0.579351161771153 0.007672991071428571 0.019289785181937746
60 0.3648158482142857 0.6209995615957913 0.007533482142857143 0.016220955721174924
183 0.7306780133928571 0.3300087680841736 0.005719866071428571 0.02345462516440158
176 0.6945452008928571 0.32474791758000876 0.009905133928571428 0.011617711530030689
102 0.6302315848214286 0.3248575186321789 0.0126953125 0.01183691363437089
142 0.7499302455357143 0.3665059184568172 0.007672991071428571 0.012713722051731697
192 0.7499302455357143 0.5735423060061376 0.015764508928571428 0.024769837790442787
185 0.75537109375 0.6307540552389302 0.018833705357142856 0.00898728627794827
182 0.7219587053571429 0.21459886014905744 0.007533482142857143 0.012275317843051293
181 0.6944056919642857 0.21492766330556773 0.013532366071428572 0.011617711530030689
188 0.6593191964285714 0.21481806225339764 0.007533482142857143 0.021481806225339763
182 0.5244140625 0.21448925909688732 0.007533482142857143 0.012494519947391494
190 0.6099330357142857 0.1939938623410785 0.009486607142857142 0.01183691363437089
176 0.11997767857142858 0.7965804471722928 0.007533482142857143 0.01797457255589654
25 0.12088448660714286 0.8958790004384042 0.009626116071428572 0.021481806225339763
178 0.13176618303571427 0.7649057430951337 0.012137276785714286 0.012494519947391494
184 0.21003069196428573 0.7561376589215256 0.005719866071428571 0.02915387987724682
25 0.4691685267857143 0.4021262604121 0.009207589285714286 0.016001753616834723
60 0.46986607142857145 0.297786058746164 0.007533482142857143 0.021701008329679965
186 0.46993582589285715 0.23903989478298993 0.008510044642857142 0.014686540990793511
189 0.15492466517857142 0.6273564226216571 0.0087890625 0.02761946514686541
185 0.1494140625 0.5325515124945199 0.018694196428571428 0.00898728627794827
14 0.15499441964285715 0.4698597106532223 0.007533482142857143 0.019070583077597545
192 0.17354910714285715 0.43478737395879 0.015625 0.024331433581762384
180 0.11997767857142858 0.1823761508110478 0.0078125 0.018851380973257344
14 0.11969866071428571 0.3524769837790443 0.007533482142857143 0.01841297676457694
179 0.12151227678571429 0.5131521262604121 0.010323660714285714 0.018851380973257344
175 0.11990792410714286 0.56521262604121 0.007393973214285714 0.019508987286277948
60 0.7500697544642857 0.8006356861025866 0.007672991071428571 0.01731696624287593
191 0.7499302455357143 0.7356422621657168 0.011300223214285714 0.01797457255589654
119 0.6603655133928571 0.6612231477422184 0.012416294642857142 0.024331433581762384
176 0.6281389508928571 0.6548662867163525 0.012137276785714286 0.011617711530030689
14 0.5977957589285714 0.6548662867163525 0.011997767857142858 0.011617711530030689
191 0.6918247767857143 0.8198158702323542 0.011439732142857142 0.01797457255589654
183 0.6599469866071429 0.8251863217886892 0.005998883928571429 0.023016220955721176
195 0.18987165178571427 0.516330556773345 0.013392857142857142 0.021262604120999562
176 0.17829241071428573 0.3798772468215695 0.011160714285714286 0.01183691363437089
176 0.13853236607142858 0.3798772468215695 0.010881696428571428 0.01183691363437089
176 0.10212053571428571 0.37976764576939936 0.01171875 0.011617711530030689
181 0.7273297991071429 0.8749451994739149 0.0126953125 0.012056115738711091
25 0.6790597098214286 0.7994300745287155 0.009068080357142858 0.016659359929855327
186 0.6799665178571429 0.6873081981587024 0.009207589285714286 0.015563349408154318
196 0.6798967633928571 0.626041209995616 0.016043526785714284 0.02498903989478299
177 0.6798967633928571 0.5711310828583954 0.007393973214285714 0.016878562034195528
178 0.6799665178571429 0.5158921525646646 0.007533482142857143 0.021701008329679965
176 0.6799665178571429 0.4159359929855327 0.007533482142857143 0.02082419991231916
179 0.43638392857142855 0.35992985532661115 0.010602678571428572 0.022797018851380975
191 0.45186941964285715 0.3798772468215695 0.011160714285714286 0.017536168347216132
175 0.5975864955357143 0.2695089872862779 0.012974330357142858 0.012056115738711091
190 0.45389229910714285 0.2698377904427883 0.0087890625 0.01446733888645331
187 0.4174107142857143 0.21481806225339764 0.00390625 0.01183691363437089
195 0.5567801339285714 0.4348969750109601 0.015625 0.024550635686102586
192 0.5210658482142857 0.43478737395879 0.015625 0.024331433581762384
102 0.49197823660714285 0.4346777729066199 0.012416294642857142 0.01183691363437089
60 0.5269949776785714 0.15990793511617712 0.010463169642857142 0.011617711530030689
193 0.5398995535714286 0.29877246821569486 0.017020089285714284 0.026742656729504603
184 0.40541294642857145 0.3031565103024989 0.018694196428571428 0.00920648838228847
182 0.39990234375 0.3478737395879 0.008231026785714286 0.012275317843051293
14 0.3999720982142857 0.4047566856641824 0.007533482142857143 0.018632178868917142
192 0.10121372767857142 0.5998465585269619 0.015764508928571428 0.024769837790442787
176 0.13441685267857142 0.6547566856641823 0.009905133928571428 0.01183691363437089
186 0.1748046875 0.6549758877685226 0.009486607142857142 0.013590530469092503
185 0.7554408482142857 0.8621218763700131 0.018694196428571428 0.008768084173608066
191 0.7381417410714286 0.3798772468215695 0.010602678571428572 0.016659359929855327
195 0.52392578125 0.8747259973695748 0.016322544642857144 0.025646646207803596
25 0.5954241071428571 0.8734107847435335 0.01171875 0.015124945199473916
142 0.5048130580357143 0.40124945199473916 0.007952008928571428 0.011617711530030689
119 0.3466796875 0.44092503288031565 0.011439732142857142 0.024769837790442787
189 0.0849609375 0.4629548443665059 0.007254464285714286 0.02761946514686541
142 0.08503069196428571 0.36562911003945636 0.007672991071428571 0.011398509425690487
180 0.08475167410714286 0.291319596668128 0.007672991071428571 0.01578255151249452
184 0.07945033482142858 0.22797018851380974 0.0185546875 0.008768084173608066
191 0.10895647321428571 0.21481806225339764 0.010323660714285714 0.016220955721174924
175 0.4349888392857143 0.8556554142919772 0.0078125 0.01731696624287593
187 0.38246372767857145 0.8198158702323542 0.004045758928571429 0.01183691363437089
189 0.36495535714285715 0.7360806663743972 0.007533482142857143 0.02761946514686541
178 0.47007533482142855 0.6247259973695748 0.007672991071428571 0.016659359929855327
191 0.46993582589285715 0.571788689171416 0.009905133928571428 0.015563349408154318
195 0.46993582589285715 0.5145769399386234 0.013253348214285714 0.021262604120999562
175 0.45263671875 0.4896975010960105 0.010463169642857142 0.01183691363437089
192 0.46993582589285715 0.7394782989916703 0.016322544642857144 0.025646646207803596
183 0.34647042410714285 0.8252959228408593 0.005719866071428571 0.022797018851380975
190 0.43491908482142855 0.7538360368259536 0.009626116071428572 0.01446733888645331