187 0.3584681919642857 0.9250164437623328 0.004603794642857143 0.013593510195132646
187 0.08970424107142858 0.5702696777022582 0.008649553571428572 0.007016005262003947
187 0.16922433035714285 0.8433457575093182 0.008649553571428572 0.00723525542644157
185 0.4414760044642857 0.6876781407586056 0.021344866071428572 0.010304757728568297
186 0.5107421875 0.6749616312212234 0.011160714285714286 0.015566761675071256
25 0.44663783482142855 0.5178688884016663 0.0107421875 0.02104801578601184
184 0.47474888392857145 0.41504056128042094 0.006696428571428571 0.0328875246656435
188 0.46763392857142855 0.8624205218153914 0.008649553571428572 0.022144266608199955
185 0.4276646205357143 0.871957903968428 0.006277901785714286 0.033764525323393996
185 0.39034598214285715 0.8720675290506468 0.006417410714285714 0.03354527515895637
195 0.5869838169642857 0.9250164437623328 0.015485491071428572 0.02367901775926332
189 0.5855887276785714 0.11236570927428195 0.019949776785714284 0.014251260688445516
180 0.54833984375 0.11214645910984433 0.011021205357142858 0.01381276035957027
60 0.6067940848214286 0.270664327998246 0.008510044642857142 0.01775926331944749
191 0.6067940848214286 0.3261346196009647 0.011858258928571428 0.018636263977197982
181 0.55029296875 0.4247971935978952 0.011300223214285714 0.01381276035957027
184 0.3775111607142857 0.12190309142731857 0.006417410714285714 0.033764525323393996
177 0.34598214285714285 0.11258495943871957 0.013113839285714286 0.013374260030695024
195 0.26778738839285715 0.424906818680114 0.015764508928571428 0.02455601841701381
25 0.26967075892857145 0.5509756632317474 0.014229910714285714 0.016224512168384126
63 0.20912388392857142 0.3919096689322517 0.008928571428571428 0.017320762990572242
119 0.19022042410714285 0.3696557772418329 0.0166015625 0.02762552071914054
194 0.22872488839285715 0.29993422495066874 0.019112723214285716 0.029818022363516772
179 0.19635881696428573 0.3024556018417014 0.014369419642857142 0.01907476430607323
178 0.2676478794642857 0.23744792808594606 0.012416294642857142 0.014032010524007894
194 0.32833426339285715 0.20543740407805305 0.018275669642857144 0.02850252137689103
177 0.623046875 0.11247533435650077 0.015066964285714286 0.013593510195132646
179 0.5289481026785714 0.14503398377548782 0.011858258928571428 0.020828765621574215
193 0.46700613839285715 0.17485200613900462 0.017717633928571428 0.027844770883578163
194 0.4268275669642857 0.17485200613900462 0.017996651785714284 0.028283271212453408
60 0.39222935267857145 0.17540013155009868 0.014369419642857142 0.014032010524007894
119 0.30824497767857145 0.1823065117298838 0.016322544642857144 0.027844770883578163
194 0.40792410714285715 0.7674852006139005 0.017020089285714284 0.027844770883578163
14 0.40799386160714285 0.6493093619820215 0.008510044642857142 0.021267265950449463
178 0.40785435267857145 0.5277351458013594 0.008510044642857142 0.02367901775926332
188 0.4302455357142857 0.48750274062705545 0.007254464285714286 0.022144266608199955
189 0.38916015625 0.36242052181539136 0.019949776785714284 0.01447051085288314
192 0.08970424107142858 0.45461521596141197 0.018694196428571428 0.029160271870203903
184 0.5333426339285714 0.33347950010962507 0.021484375 0.010085507564130673
14 0.5272739955357143 0.19940802455601842 0.008510044642857142 0.022144266608199955
188 0.54541015625 0.17485200613900462 0.008231026785714286 0.027844770883578163
183 0.6636439732142857 0.4185485639114229 0.006417410714285714 0.02587151940363955
142 0.7041713169642857 0.11247533435650077 0.0087890625 0.013593510195132646
196 0.72607421875 0.1454724841043631 0.018275669642857144 0.028721771541328656
63 0.7259347098214286 0.20861653146239859 0.0087890625 0.019951764963823723
142 0.7260044642857143 0.2707739530804648 0.008649553571428572 0.01447051085288314
181 0.5869140625 0.2997149747862311 0.013950892857142858 0.0131550098662574
187 0.50732421875 0.29993422495066874 0.004603794642857143 0.013593510195132646
184 0.7322823660714286 0.321311115983337 0.021205357142857144 0.010304757728568297
195 0.5055106026785714 0.36242052181539136 0.017996651785714284 0.028064021048015787
179 0.24720982142857142 0.5108528831396624 0.011997767857142858 0.02587151940363955
184 0.2548828125 0.6268362201271651 0.021484375 0.010085507564130673
182 0.23416573660714285 0.7999342249506687 0.0087890625 0.01381276035957027
183 0.6203264508928571 0.6812102609076957 0.006556919642857143 0.02587151940363955
184 0.29478236607142855 0.2641964481473361 0.021205357142857144 0.010085507564130673
176 0.16915457589285715 0.7005042753782066 0.008510044642857142 0.024117518088138567
190 0.16922433035714285 0.6467879850909888 0.007254464285714286 0.013593510195132646
195 0.22914341517857142 0.5499890374917781 0.015485491071428572 0.023459767594825695
185 0.18387276785714285 0.6026090769568078 0.006417410714285714 0.03310677483008112
196 0.34828404017857145 0.6124753343565008 0.017717633928571428 0.027844770883578163
186 0.16929408482142858 0.5141416356062267 0.010184151785714286 0.017540013155009866
196 0.16929408482142858 0.4538478403858803 0.017996651785714284 0.028064021048015787
60 0.16908482142857142 0.38412628809471605 0.008649553571428572 0.02324051743038807
119 0.36349051339285715 0.8903749177811884 0.017996651785714284 0.026748520061390047
192 0.3680943080357143 0.8285463714097786 0.016880580357142856 0.028064021048015787
191 0.3681640625 0.7640868230651173 0.011160714285714286 0.017540013155009866
178 0.36802455357142855 0.6556676167507126 0.008649553571428572 0.02039026529269897
14 0.3681640625 0.583205437404078 0.008649553571428572 0.018855514141635606
186 0.34633091517857145 0.5497697873273405 0.011858258928571428 0.015566761675071256
184 0.2753208705357143 0.30958123218592415 0.0068359375 0.03332602499451875
195 0.16922433035714285 0.2670467002850252 0.018415178571428572 0.02894102170576628
192 0.30936104910714285 0.29993422495066874 0.017717633928571428 0.02718702039026529
192 0.32833426339285715 0.3315062486296865 0.017996651785714284 0.028064021048015787
63 0.08970424107142858 0.14722648541986408 0.008370535714285714 0.021267265950449463
184 0.12137276785714286 0.10260907695680772 0.006417410714285714 0.03332602499451875
142 0.08970424107142858 0.27680333260249945 0.008649553571428572 0.01249725937294453
186 0.2699497767857143 0.1118175838631879 0.011439732142857142 0.014032010524007894
190 0.5272042410714286 0.514580135935102 0.006417410714285714 0.015786011839508878
187 0.5272042410714286 0.5812321859241394 0.008649553571428572 0.007016005262003947
192 0.5475725446428571 0.6124753343565008 0.018694196428571428 0.029160271870203903
175 0.5887974330357143 0.6120368340276255 0.011858258928571428 0.014251260688445516
187 0.6266043526785714 0.6123657092742819 0.004603794642857143 0.013593510195132646
187 0.6664341517857143 0.6123657092742819 0.004464285714285714 0.013593510195132646
186 0.48709542410714285 0.3298618723964043 0.010463169642857142 0.016882262661696998
192 0.4873744419642857 0.644924358693269 0.017717633928571428 0.027844770883578163
188 0.5669642857142857 0.32942337206752903 0.01171875 0.00986625739969305
25 0.5260184151785714 0.7040122780092085 0.0107421875 0.02236351677263758
60 0.5272042410714286 0.7649638237228678 0.008370535714285714 0.01841701381276036
186 0.42529296875 0.8000438500328875 0.011021205357142858 0.015347511510633634
32 0.5096261160714286 0.6114887086165315 0.012555803571428572 0.016224512168384126
180 0.6464146205357143 0.5288313966235475 0.008510044642857142 0.017540013155009866
176 0.5947963169642857 0.4872834904626179 0.0107421875 0.013374260030695024
186 0.5485491071428571 0.48750274062705545 0.011160714285714286 0.016005262003946502
182 0.6465541294642857 0.45472484104363076 0.0087890625 0.012716509537382154
178 0.39195033482142855 0.6749616312212234 0.014927455357142858 0.013374260030695024
190 0.3680943080357143 0.4710589782942337 0.009068080357142858 0.014251260688445516
14 0.22502790178571427 0.17485200613900462 0.013113839285714286 0.013374260030695024
60 0.32833426339285715 0.2731857048892787 0.008510044642857142 0.020609515457136594
102 0.40799386160714285 0.3977197982898487 0.008510044642857142 0.02367901775926332
181 0.15115792410714285 0.1749616312212234 0.011858258928571428 0.014032010524007894