187 0.10525948660714286 0.36242052181539136 0.004603794642857143 0.013593510195132646
187 0.7179827008928571 0.11247533435650077 0.004603794642857143 0.013593510195132646
187 0.5134626116071429 0.23744792808594606 0.004603794642857143 0.013593510195132646
187 0.16092354910714285 0.23744792808594606 0.004603794642857143 0.013593510195132646
187 0.16922433035714285 0.8456478842359132 0.008649553571428572 0.007016005262003947
187 0.22893415178571427 0.36242052181539136 0.004464285714285714 0.013593510195132646
192 0.20905412946428573 0.45812321859241395 0.017996651785714284 0.028283271212453408
181 0.15325055803571427 0.7374479280859461 0.011579241071428572 0.01381276035957027
175 0.12953404017857142 0.7694584520938391 0.009068080357142858 0.024775268581451435
182 0.23325892857142858 0.675180881385661 0.008928571428571428 0.01381276035957027
196 0.15073939732142858 0.29993422495066874 0.017996651785714284 0.028064021048015787
191 0.19063895089285715 0.29993422495066874 0.012416294642857142 0.0197325147993861
186 0.208984375 0.26726595044946283 0.009765625 0.016224512168384126
192 0.6465541294642857 0.20817803113352334 0.017717633928571428 0.027844770883578163
32 0.6473214285714286 0.26452532339399254 0.010044642857142858 0.020828765621574215
194 0.62548828125 0.29993422495066874 0.017717633928571428 0.026748520061390047
181 0.5821707589285714 0.3000438500328875 0.010881696428571428 0.013374260030695024
176 0.5107421875 0.29993422495066874 0.015904017857142856 0.014032010524007894
177 0.46337890625 0.29993422495066874 0.012416294642857142 0.0131550098662574
195 0.4266880580357143 0.29993422495066874 0.015485491071428572 0.024117518088138567
185 0.38685825892857145 0.30958123218592415 0.006417410714285714 0.03332602499451875
60 0.28843470982142855 0.4035299276474457 0.008510044642857142 0.024775268581451435
185 0.6252092633928571 0.9344442008331506 0.006556919642857143 0.033764525323393996
14 0.5887276785714286 0.924906818680114 0.011439732142857142 0.013374260030695024
189 0.72607421875 0.8935540451655338 0.009068080357142858 0.031352773514580136
176 0.7261439732142857 0.8279982459986845 0.008370535714285714 0.02433676825257619
190 0.72607421875 0.7740627055470292 0.009905133928571428 0.012058759044069283
176 0.72607421875 0.6551194913396186 0.0087890625 0.021925016443762334
25 0.6604352678571429 0.5517430388072792 0.015066964285714286 0.017320762990572242
182 0.7011021205357143 0.42523569392677046 0.008510044642857142 0.014251260688445516
14 0.6617606026785714 0.4251260688445516 0.0126953125 0.013593510195132646
180 0.40785435267857145 0.7637579478184608 0.0087890625 0.02170576627932471
142 0.40792410714285715 0.6477746108309581 0.008649553571428572 0.012935759701819776
193 0.38623046875 0.5499890374917781 0.017717633928571428 0.027844770883578163
192 0.34800502232142855 0.5499890374917781 0.018833705357142856 0.029598772199079148
184 0.5966796875 0.5402324051743039 0.006417410714285714 0.03332602499451875
195 0.5272042410714286 0.4558210918658189 0.018415178571428572 0.02894102170576628
188 0.5961216517857143 0.424906818680114 0.008649553571428572 0.019294014470510854
63 0.6296037946428571 0.42446831835123877 0.013950892857142858 0.013593510195132646
182 0.5271344866071429 0.3995834246875685 0.0087890625 0.013374260030695024
192 0.5272042410714286 0.33008112256084193 0.017857142857142856 0.028283271212453408
178 0.32833426339285715 0.5900021925016444 0.008510044642857142 0.018855514141635606
188 0.32833426339285715 0.7697873273404955 0.017159598214285716 0.010085507564130673
196 0.6863141741071429 0.14415698311773734 0.0185546875 0.029160271870203903
63 0.6283482142857143 0.17485200613900462 0.015625 0.013374260030695024
178 0.6864536830357143 0.19864064898048672 0.008510044642857142 0.0197325147993861
196 0.6863141741071429 0.270664327998246 0.017438616071428572 0.027844770883578163
191 0.6863141741071429 0.3993641745231309 0.011858258928571428 0.018636263977197982
32 0.4638671875 0.7983994737996053 0.013671875 0.016005262003946502
186 0.38741629464285715 0.8004823503617627 0.010881696428571428 0.015347511510633634
193 0.5091378348214286 0.9250164437623328 0.018275669642857144 0.02850252137689103
184 0.4965122767857143 0.7902872177154133 0.006696428571428571 0.03354527515895637
191 0.5797293526785714 0.7999342249506687 0.014090401785714286 0.022144266608199955
192 0.6067243303571429 0.7049989037491778 0.017578125 0.027844770883578163
183 0.6300223214285714 0.6687130015347511 0.006417410714285714 0.02587151940363955
187 0.646484375 0.6437184827888621 0.008649553571428572 0.007016005262003947
32 0.6866629464285714 0.4630563472922605 0.010044642857142858 0.018855514141635606
25 0.5819614955357143 0.1764963823722868 0.013532366071428572 0.01710151282613462
180 0.5421316964285714 0.17485200613900462 0.015066964285714286 0.01381276035957027
14 0.52685546875 0.2746108309581232 0.0087890625 0.02170576627932471
63 0.24888392857142858 0.2057662793247095 0.008649553571428572 0.023898267923700943
32 0.18722098214285715 0.23624205218153912 0.012276785714285714 0.01644376233282175
185 0.3438197544642857 0.2901775926331945 0.006277901785714286 0.03354527515895637
194 0.6465541294642857 0.5780530585397939 0.017996651785714284 0.028283271212453408
192 0.6067243303571429 0.45505371629028724 0.017299107142857144 0.027844770883578163
186 0.646484375 0.7702258276693708 0.009765625 0.01841701381276036
142 0.6463448660714286 0.8226266169699628 0.008649553571428572 0.013593510195132646
175 0.12953404017857142 0.3897171672878755 0.0087890625 0.023898267923700943
183 0.13344029017857142 0.5016443762332822 0.0166015625 0.010085507564130673
102 0.15255301339285715 0.5497697873273405 0.014090401785714286 0.013374260030695024
195 0.19001116071428573 0.5498794124095593 0.016183035714285716 0.025433019074764307
175 0.30489676339285715 0.5502082876562158 0.013253348214285714 0.01381276035957027
190 0.40792410714285715 0.2556456917342688 0.010044642857142858 0.01447051085288314
63 0.40806361607142855 0.2181539136154352 0.008649553571428572 0.021486516114887087
177 0.4281529017857143 0.1749616312212234 0.014508928571428572 0.013593510195132646
187 0.46756417410714285 0.1749616312212234 0.004603794642857143 0.013593510195132646
190 0.5390625 0.7374479280859461 0.010881696428571428 0.01512826134619601
25 0.5679408482142857 0.770116202587152 0.010323660714285714 0.01907476430607323
191 0.47412109375 0.7374479280859461 0.013532366071428572 0.021267265950449463
189 0.10881696428571429 0.6749616312212234 0.020089285714285716 0.012058759044069283
182 0.12939453125 0.5962508221881166 0.0087890625 0.014251260688445516
186 0.52734375 0.7709932032449024 0.010044642857142858 0.01644376233282175
60 0.24888392857142858 0.4642622231966674 0.008649553571428572 0.018636263977197982
180 0.24881417410714285 0.3994737996053497 0.008510044642857142 0.017540013155009866
177 0.4681919642857143 0.5497697873273405 0.012276785714285714 0.013374260030695024
191 0.24874441964285715 0.5852883139662355 0.011160714285714286 0.017320762990572242
32 0.6243024553571429 0.6109405832054374 0.014508928571428572 0.01644376233282175
185 0.6130022321428571 0.8427976320982241 0.021205357142857144 0.010085507564130673
182 0.6071428571428571 0.8796316597237448 0.008649553571428572 0.013593510195132646
183 0.42354910714285715 0.6062267046700285 0.006417410714285714 0.0263100197325148
192 0.16922433035714285 0.7663889497917123 0.018694196428571428 0.029160271870203903
119 0.16469029017857142 0.7014909011181758 0.017996651785714284 0.022144266608199955
32 0.169921875 0.6511729883797412 0.009765625 0.021925016443762334
119 0.16462053571428573 0.5759701819776365 0.017857142857142856 0.025433019074764307
195 0.16922433035714285 0.516334137250603 0.018136160714285716 0.02850252137689103
14 0.2705078125 0.3001534751151063 0.013950892857142858 0.013593510195132646
178 0.40792410714285715 0.33687787765840826 0.008370535714285714 0.018197763648322735
196 0.46895926339285715 0.42501644376233283 0.017717633928571428 0.027844770883578163