187 0.7499302455357143 0.12056115738711091 0.007672991071428571 0.006137658921525646
187 0.22495814732142858 0.7348750548005261 0.007672991071428571 0.006356861025865849
187 0.0849609375 0.8012932924156072 0.007533482142857143 0.006356861025865849
187 0.6449497767857143 0.7427663305567733 0.007533482142857143 0.006356861025865849
187 0.5398995535714286 0.9068391056554143 0.007533482142857143 0.006137658921525646
187 0.7499302455357143 0.7768522577816747 0.007672991071428571 0.006137658921525646
187 0.17452566964285715 0.7647961420429636 0.00390625 0.01183691363437089
184 0.7354213169642857 0.2234765453748356 0.005719866071428571 0.02915387987724682
63 0.6282087053571429 0.21525646646207802 0.013113839285714286 0.012275317843051293
191 0.7149135044642857 0.29647084612012276 0.010184151785714286 0.016001753616834723
192 0.7149135044642857 0.3547786058746164 0.015764508928571428 0.024769837790442787
184 0.7204241071428571 0.4186760192897852 0.018694196428571428 0.00920648838228847
182 0.71484375 0.4491451117930732 0.007533482142857143 0.01183691363437089
119 0.7189592633928571 0.5649934239368698 0.015485491071428572 0.02345462516440158
25 0.6921037946428571 0.6013809732573433 0.009765625 0.014686540990793511
177 0.6102120535714286 0.7870451556334941 0.007533482142857143 0.014686540990793511
195 0.6099330357142857 0.7350942569048663 0.013392857142857142 0.021262604120999562
32 0.6296735491071429 0.708680403331872 0.013811383928571428 0.014028934677772907
184 0.6605050223214286 0.7012275317843051 0.005719866071428571 0.029373081981587022
32 0.5636160714285714 0.6534414730381412 0.014508928571428572 0.01446733888645331
176 0.5251813616071429 0.6547566856641823 0.010184151785714286 0.01183691363437089
179 0.4872349330357143 0.6571679088119246 0.013811383928571428 0.016220955721174924
186 0.4520786830357143 0.6547566856641823 0.010184151785714286 0.0131521262604121
196 0.13671875 0.5998465585269619 0.015625 0.02389302937308198
185 0.17564174107142858 0.4262384918895221 0.005580357142857143 0.02915387987724682
193 0.13713727678571427 0.3798772468215695 0.016183035714285716 0.025427444103463395
177 0.11976841517857142 0.29953967558088557 0.007393973214285714 0.021701008329679965
190 0.7149135044642857 0.6329460762823323 0.007672991071428571 0.00898728627794827
63 0.20277622767857142 0.7095572117492328 0.014090401785714286 0.012275317843051293
181 0.22481863839285715 0.678320911880754 0.007672991071428571 0.014686540990793511
102 0.22502790178571427 0.6344804910127138 0.007533482142857143 0.016878562034195528
186 0.27999441964285715 0.5987505480052608 0.009486607142857142 0.013809732573432706
193 0.31396484375 0.5998465585269619 0.0166015625 0.026085050416484
194 0.3477260044642857 0.5997369574747917 0.017717633928571428 0.028057869355545814
177 0.38120814732142855 0.5998465585269619 0.013532366071428572 0.011617711530030689
194 0.41873604910714285 0.5998465585269619 0.015485491071428572 0.02389302937308198
193 0.5049525669642857 0.24156071898290224 0.016043526785714284 0.02498903989478299
119 0.5157645089285714 0.09864094695309075 0.015625 0.024550635686102586
195 0.5049525669642857 0.4091407277509864 0.016043526785714284 0.025208241999123193
63 0.5049525669642857 0.5118369136343709 0.007393973214285714 0.014905743095133712
186 0.08489118303571429 0.7407935116177116 0.0087890625 0.015124945199473916
178 0.08475167410714286 0.5760631302060499 0.007672991071428571 0.01797457255589654
102 0.12004743303571429 0.4560499780797896 0.007672991071428571 0.02082419991231916
184 0.10623604910714286 0.38842612889083733 0.005719866071428571 0.029373081981587022
192 0.08489118303571429 0.29636124506795264 0.016043526785714284 0.02498903989478299
119 0.6490652901785714 0.24682156948706707 0.015764508928571428 0.02235861464270057
193 0.6448800223214286 0.2992108724243753 0.015764508928571428 0.02498903989478299
190 0.6449497767857143 0.47643577378342833 0.008091517857142858 0.012056115738711091
187 0.6449497767857143 0.5722270933800965 0.007533482142857143 0.006356861025865849
189 0.22495814732142858 0.4055238930293731 0.007952008928571428 0.02761946514686541
194 0.17138671875 0.32474791758000876 0.015764508928571428 0.024769837790442787
195 0.1357421875 0.43478737395879 0.013671875 0.01994739149495835
189 0.6449497767857143 0.682595352915388 0.008091517857142858 0.02761946514686541
188 0.6971261160714286 0.3798772468215695 0.006417410714285714 0.023235423060061378
119 0.08077566964285714 0.5275098640946954 0.015625 0.024331433581762384
187 0.0849609375 0.4622972380534853 0.007533482142857143 0.006137658921525646
14 0.08503069196428571 0.4010302498903989 0.007672991071428571 0.020385795703638757
181 0.43484933035714285 0.4548443665059185 0.007533482142857143 0.020166593599298552
178 0.4536830357142857 0.3245287154756686 0.013392857142857142 0.012056115738711091
195 0.48876953125 0.32474791758000876 0.0166015625 0.026085050416484
192 0.5584542410714286 0.5997369574747917 0.015625 0.024112231477422183
60 0.5862862723214286 0.5998465585269619 0.009905133928571428 0.011617711530030689
183 0.46651785714285715 0.5064664620780359 0.014787946428571428 0.00898728627794827
185 0.5803571428571429 0.297786058746164 0.018694196428571428 0.00898728627794827
176 0.15485491071428573 0.2993204734765454 0.007533482142857143 0.02082419991231916
183 0.08830915178571429 0.2361902674265673 0.014787946428571428 0.00898728627794827
25 0.099609375 0.26863217886891716 0.012276785714285714 0.014248136782113108
32 0.3656529017857143 0.408702323542306 0.008649553571428572 0.019070583077597545
142 0.36495535714285715 0.5860368259535291 0.007533482142857143 0.010740903112669882
196 0.36488560267857145 0.24024550635686104 0.015206473214285714 0.024550635686102586
185 0.35951450892857145 0.14270056992547128 0.018694196428571428 0.008768084173608066
192 0.38351004464285715 0.10488820692678649 0.016462053571428572 0.025646646207803596
187 0.4174107142857143 0.10488820692678649 0.00390625 0.012056115738711091
191 0.4575892857142857 0.10477860587461639 0.011439732142857142 0.01797457255589654
191 0.15492466517857142 0.18029373081981587 0.010463169642857142 0.016440157825515125
192 0.7499302455357143 0.35138097325734324 0.016043526785714284 0.02498903989478299
191 0.7499302455357143 0.30567733450241125 0.011300223214285714 0.017755370451556333
179 0.75146484375 0.5199473914949584 0.010463169642857142 0.019289785181937746
186 0.7499302455357143 0.569596668128014 0.008510044642857142 0.015124945199473916
192 0.7499302455357143 0.24123191582639195 0.016322544642857144 0.025646646207803596
195 0.7320731026785714 0.15990793511617712 0.013811383928571428 0.021701008329679965
180 0.6797572544642857 0.12856203419552828 0.007672991071428571 0.01994739149495835
184 0.6625279017857143 0.11343708899605436 0.005859375 0.02915387987724682
176 0.7381417410714286 0.3800964489259097 0.010044642857142858 0.01183691363437089
183 0.7534877232142857 0.6340420868040333 0.014508928571428572 0.00898728627794827
188 0.7499302455357143 0.6703200350723367 0.009626116071428572 0.008768084173608066
186 0.5398297991071429 0.8505041648399825 0.009068080357142858 0.015344147303814117
60 0.5546177455357143 0.7647961420429636 0.0126953125 0.01183691363437089
60 0.5895647321428571 0.7649057430951337 0.011997767857142858 0.012056115738711091
177 0.5245535714285714 0.7641385357299431 0.012834821428571428 0.01183691363437089
188 0.5049525669642857 0.7470407715914072 0.013253348214285714 0.01183691363437089
177 0.5050920758928571 0.6812801402893468 0.007672991071428571 0.018851380973257344
102 0.6097935267857143 0.45572117492327924 0.0078125 0.020604997807978958
32 0.6104213169642857 0.5197281893906182 0.008510044642857142 0.020166593599298552
191 0.6099330357142857 0.3631082858395441 0.009486607142857142 0.015124945199473916
194 0.2758091517857143 0.2698377904427883 0.016183035714285716 0.025427444103463395
176 0.24560546875 0.26961858833844804 0.011021205357142858 0.01183691363437089
176 0.21296037946428573 0.26972818939061816 0.011021205357142858 0.011617711530030689
187 0.17243303571428573 0.21481806225339764 0.00390625 0.01183691363437089