187 0.26981026785714285 0.7375575531681648 0.004464285714285714 0.013593510195132646
187 0.09409877232142858 0.29993422495066874 0.004603794642857143 0.013593510195132646
187 0.31619698660714285 0.8625301468976102 0.004603794642857143 0.013593510195132646
187 0.7260044642857143 0.32459986844990135 0.008649553571428572 0.00723525542644157
187 0.24211774553571427 0.11247533435650077 0.004603794642857143 0.013593510195132646
187 0.12946428571428573 0.1663012497259373 0.008649553571428572 0.00723525542644157
187 0.3818359375 0.36242052181539136 0.004464285714285714 0.013593510195132646
187 0.5272042410714286 0.7726375794781846 0.008649553571428572 0.007016005262003947
187 0.6862444196428571 0.7867792150844113 0.008649553571428572 0.00723525542644157
187 0.08970424107142858 0.8740407805305854 0.008649553571428572 0.00723525542644157
187 0.646484375 0.8992545494409121 0.008649553571428572 0.00723525542644157
60 0.20884486607142858 0.7056566542424907 0.008649553571428572 0.017320762990572242
196 0.20905412946428573 0.642622231966674 0.017996651785714284 0.028064021048015787
183 0.20521763392857142 0.5678579258934444 0.017020089285714284 0.01052400789300592
192 0.208984375 0.5167726375794782 0.018694196428571428 0.029379522034641527
190 0.208984375 0.4408024556018417 0.007254464285714286 0.014251260688445516
63 0.22216796875 0.42457794343345756 0.011858258928571428 0.013374260030695024
185 0.2645786830357143 0.4151501863626398 0.006277901785714286 0.03310677483008112
14 0.6270228794642857 0.36231089673317257 0.0126953125 0.013374260030695024
179 0.5841238839285714 0.4276474457355843 0.013950892857142858 0.018636263977197982
192 0.6465541294642857 0.26715632536724404 0.017438616071428572 0.027844770883578163
193 0.6465541294642857 0.20423152817364612 0.017996651785714284 0.028283271212453408
189 0.6259765625 0.1749616312212234 0.020089285714285716 0.015786011839508878
195 0.5862165178571429 0.1749616312212234 0.015625 0.02455601841701381
196 0.5456891741071429 0.1749616312212234 0.017717633928571428 0.02718702039026529
195 0.6863141741071429 0.3927866695900022 0.0185546875 0.029160271870203903
180 0.6692243303571429 0.36209164656873494 0.011997767857142858 0.01381276035957027
195 0.6862444196428571 0.4564788423591318 0.015904017857142856 0.02499451874588906
60 0.6068638392857143 0.33611050208287657 0.008649553571428572 0.02324051743038807
190 0.6067243303571429 0.19875027406270554 0.006417410714285714 0.010743258057443543
179 0.5287388392857143 0.38588028941021707 0.012276785714285714 0.02324051743038807
194 0.5272042410714286 0.5210480157860118 0.017857142857142856 0.028283271212453408
196 0.24881417410714285 0.14525323393992545 0.017438616071428572 0.027844770883578163
189 0.24881417410714285 0.20620477965358475 0.010463169642857142 0.031352773514580136
194 0.24881417410714285 0.27132207849155887 0.017717633928571428 0.027844770883578163
187 0.14934430803571427 0.29993422495066874 0.004603794642857143 0.013593510195132646
181 0.20891462053571427 0.3221881166410875 0.0087890625 0.018197763648322735
186 0.27120535714285715 0.17485200613900462 0.010881696428571428 0.016882262661696998
179 0.28690011160714285 0.15018636263977198 0.011858258928571428 0.020609515457136594
60 0.32840401785714285 0.8260249945187459 0.008649553571428572 0.017320762990572242
32 0.26974051339285715 0.611159833369875 0.0126953125 0.016005262003946502
176 0.22349330357142858 0.6124753343565008 0.014508928571428572 0.013374260030695024
180 0.32826450892857145 0.5768471826353869 0.008649553571428572 0.0197325147993861
191 0.3470982142857143 0.48739311554483666 0.013392857142857142 0.02104801578601184
192 0.3897181919642857 0.48750274062705545 0.018833705357142856 0.029598772199079148
60 0.28857421875 0.45921946941460207 0.008510044642857142 0.01907476430607323
14 0.2885044642857143 0.5078930059197544 0.008649553571428572 0.023898267923700943
180 0.28857421875 0.34093400570050425 0.0087890625 0.024117518088138567
184 0.7322126116071429 0.3842359131769349 0.021344866071428572 0.00986625739969305
63 0.7114955357142857 0.42446831835123877 0.012834821428571428 0.014032010524007894
188 0.6668526785714286 0.424906818680114 0.0078125 0.0263100197325148
192 0.6252092633928571 0.42501644376233283 0.017717633928571428 0.027844770883578163
32 0.7266322544642857 0.452861214645911 0.009905133928571428 0.018636263977197982
181 0.7024274553571429 0.5497697873273405 0.01171875 0.013374260030695024
185 0.5785435267857143 0.5595264196448148 0.006417410714285714 0.033764525323393996
142 0.6261858258928571 0.7370094277570708 0.008510044642857142 0.01381276035957027
177 0.54736328125 0.7374479280859461 0.015764508928571428 0.013374260030695024
182 0.6465541294642857 0.5997588248191186 0.009068080357142858 0.012935759701819776
186 0.6067940848214286 0.4537382153036615 0.010463169642857142 0.018636263977197982
192 0.6067243303571429 0.5204998903749177 0.018415178571428572 0.02894102170576628
185 0.44140625 0.7126726595044947 0.021205357142857144 0.00986625739969305
191 0.44761439732142855 0.7633194474895856 0.014090401785714286 0.022144266608199955
196 0.44761439732142855 0.6417452313089235 0.017717633928571428 0.028064021048015787
119 0.4828404017857143 0.5918658188993642 0.017578125 0.02565226923920193
25 0.5655691964285714 0.580355185266389 0.011160714285714286 0.017978513483885114
182 0.5671735491071429 0.45077833808375356 0.0087890625 0.0131550098662574
188 0.5514090401785714 0.6124753343565008 0.007672991071428571 0.02565226923920193
195 0.24881417410714285 0.7686910765183074 0.016043526785714284 0.025433019074764307
60 0.23570033482142858 0.8628590221442666 0.012416294642857142 0.01381276035957027
187 0.24874441964285715 0.5812321859241394 0.008649553571428572 0.007016005262003947
188 0.24874441964285715 0.5242271431703573 0.010881696428571428 0.01052400789300592
177 0.48744419642857145 0.524446393334795 0.008370535714285714 0.02236351677263758
182 0.48751395089285715 0.7527954395965797 0.0087890625 0.01381276035957027
187 0.40792410714285715 0.45614996711247535 0.008649553571428572 0.00723525542644157
189 0.40792410714285715 0.5815610611707959 0.010881696428571428 0.031352773514580136
190 0.40792410714285715 0.6622451216838413 0.007254464285714286 0.01644376233282175
177 0.3857421875 0.5495505371629029 0.01171875 0.01381276035957027
186 0.4315708705357143 0.1749616312212234 0.011021205357142858 0.015347511510633634
192 0.42905970982142855 0.424906818680114 0.017717633928571428 0.02718702039026529
193 0.46923828125 0.424906818680114 0.017717633928571428 0.0263100197325148
32 0.5455496651785714 0.4239201929401447 0.012974330357142858 0.01644376233282175
102 0.3130580357142857 0.11247533435650077 0.013392857142857142 0.014032010524007894
177 0.3286830357142857 0.14777461083095814 0.008370535714285714 0.02104801578601184
183 0.3060825892857143 0.24369655777241833 0.006417410714285714 0.026090769568077175
181 0.26290457589285715 0.2376671782503837 0.013811383928571428 0.013593510195132646
186 0.23088727678571427 0.23755755316816488 0.010881696428571428 0.01644376233282175
119 0.19231305803571427 0.24446393334795002 0.014090401785714286 0.02850252137689103
184 0.15764508928571427 0.2470949353212015 0.006975446428571429 0.03332602499451875
177 0.32833426339285715 0.3328217496163122 0.008510044642857142 0.02367901775926332
192 0.16922433035714285 0.33227362420521817 0.018136160714285716 0.028721771541328656
181 0.16915457589285715 0.5904406928305196 0.008510044642857142 0.01710151282613462
175 0.4476841517857143 0.5264196448147336 0.008370535714285714 0.017540013155009866
60 0.5125558035714286 0.6749616312212234 0.011997767857142858 0.013374260030695024
194 0.5272042410714286 0.5787108090331068 0.017578125 0.027844770883578163
187 0.6664341517857143 0.7375575531681648 0.004464285714285714 0.013593510195132646
175 0.6065150669642857 0.6375794781846086 0.008510044642857142 0.021486516114887087
193 0.5451311383928571 0.6749616312212234 0.017996651785714284 0.028283271212453408
185 0.5068359375 0.22769129576847183 0.006417410714285714 0.03354527515895637
182 0.546875 0.23744792808594606 0.008649553571428572 0.014032010524007894
177 0.48751395089285715 0.3298618723964043 0.0087890625 0.023898267923700943
178 0.6861746651785714 0.704341153255865 0.008510044642857142 0.026090769568077175
14 0.6863839285714286 0.640320105240079 0.008649553571428572 0.02302126726595045
175 0.6632952008928571 0.6120368340276255 0.0146484375 0.013374260030695024
25 0.6849888392857143 0.5878096908572682 0.010881696428571428 0.02104801578601184
60 0.08970424107142858 0.8330409997807499 0.008370535714285714 0.022582766937075203
186 0.08949497767857142 0.765402324051743 0.009068080357142858 0.019294014470510854
193 0.08970424107142858 0.6430607322955493 0.018415178571428572 0.02894102170576628
188 0.19831194196428573 0.7999342249506687 0.0068359375 0.026529269896952423
193 0.22984095982142858 0.7999342249506687 0.017717633928571428 0.027844770883578163
181 0.14592633928571427 0.6749616312212234 0.014229910714285714 0.013374260030695024
175 0.23374720982142858 0.6749616312212234 0.0107421875 0.013374260030695024
187 0.26869419642857145 0.6749616312212234 0.004464285714285714 0.013374260030695024
63 0.4297572544642857 0.6749616312212234 0.014090401785714286 0.013374260030695024
178 0.5525251116071429 0.8625301468976102 0.013811383928571428 0.0131550098662574
195 0.48744419642857145 0.829423372067529 0.015625 0.02455601841701381