187 0.45382254464285715 0.22314774221832528 0.005859375 0.004822446295484437
187 0.6691545758928571 0.9083735203857957 0.005719866071428571 0.004822446295484437
187 0.09640066964285714 0.0920648838228847 0.0030691964285714285 0.00920648838228847
187 0.3461216517857143 0.9004822446295484 0.005859375 0.004822446295484437
187 0.37779017857142855 0.8958790004384042 0.0030691964285714285 0.00920648838228847
187 0.49148995535714285 0.8112669881630864 0.0030691964285714285 0.00920648838228847
187 0.13071986607142858 0.5330995177553705 0.005859375 0.004822446295484437
187 0.15764508928571427 0.7886891714160456 0.005859375 0.004822446295484437
187 0.27650669642857145 0.8958790004384042 0.0030691964285714285 0.00920648838228847
192 0.6818498883928571 0.3035949145111793 0.012416294642857142 0.019289785181937746
63 0.6033063616071429 0.3038141166155195 0.009347098214285714 0.00920648838228847
63 0.5740792410714286 0.3035949145111793 0.010323660714285714 0.00920648838228847
181 0.5516880580357143 0.3038141166155195 0.009347098214285714 0.00920648838228847
192 0.5197405133928571 0.3035949145111793 0.012416294642857142 0.01972818939061815
184 0.4922572544642857 0.31017097764138535 0.004324776785714286 0.022797018851380975
193 0.6815708705357143 0.3460105217010083 0.012137276785714286 0.019070583077597545
191 0.6691545758928571 0.37395879000438403 0.008231026785714286 0.0131521262604121
63 0.6695033482142857 0.40256466462078033 0.005859375 0.014248136782113108
192 0.6691545758928571 0.45254274441034636 0.012416294642857142 0.019508987286277948
188 0.5708705357142857 0.472818939061815 0.005580357142857143 0.01841297676457694
178 0.5441545758928571 0.472818939061815 0.011021205357142858 0.008768084173608066
195 0.5475027901785714 0.5151249451994739 0.010463169642857142 0.016220955721174924
60 0.5999581473214286 0.5153441473038142 0.010463169642857142 0.00920648838228847
192 0.5614536830357143 0.4499123191582639 0.012137276785714286 0.019070583077597545
14 0.5615931919642857 0.41220955721174923 0.005719866071428571 0.012494519947391494
184 0.5572684151785714 0.36639631740464706 0.014369419642857142 0.006795265234546251
194 0.4662388392857143 0.3459009206488382 0.011997767857142858 0.018851380973257344
181 0.45375279017857145 0.2889083735203858 0.005719866071428571 0.014905743095133712
194 0.5345982142857143 0.24134151687856203 0.011997767857142858 0.018851380973257344
102 0.5344587053571429 0.28463393248575186 0.005580357142857143 0.014686540990793511
176 0.5345284598214286 0.3302279701885138 0.005719866071428571 0.016001753616834723
119 0.5376674107142857 0.367382726874178 0.012276785714285714 0.01709776413853573
60 0.5489676339285714 0.38820692678649715 0.007533482142857143 0.00920648838228847
60 0.6011439732142857 0.38842612889083733 0.008928571428571428 0.00920648838228847
119 0.6568080357142857 0.38360368259535294 0.010044642857142858 0.018851380973257344
192 0.6831752232142857 0.38831652783866727 0.011997767857142858 0.018632178868917142
195 0.43931361607142855 0.3459009206488382 0.010881696428571428 0.01709776413853573
180 0.3565150669642857 0.3459009206488382 0.0087890625 0.00920648838228847
185 0.4580078125 0.40256466462078033 0.014229910714285714 0.006795265234546251
184 0.6648995535714286 0.6987067075843928 0.014229910714285714 0.007233669443226655
179 0.6411830357142857 0.4987943884261289 0.008091517857142858 0.015563349408154318
60 0.31912667410714285 0.7435335379219641 0.005719866071428571 0.014028934677772907
185 0.3319614955357143 0.7622753178430512 0.004324776785714286 0.02257781674704077
63 0.36063058035714285 0.7688513809732573 0.008091517857142858 0.00898728627794827
63 0.3316127232142857 0.6844585708022797 0.008370535714285714 0.00898728627794827
183 0.3218470982142857 0.7802498903989479 0.011160714285714286 0.006795265234546251
102 0.3193359375 0.8353792196405085 0.005859375 0.015344147303814117
191 0.6838030133928571 0.5151249451994739 0.007672991071428571 0.012275317843051293
102 0.6819196428571429 0.13469969311705393 0.010044642857142858 0.00898728627794827
192 0.6005859375 0.26128890837352037 0.011997767857142858 0.01797457255589654
25 0.5511997767857143 0.2627137220517317 0.0078125 0.011617711530030689
63 0.22244698660714285 0.21920210434020165 0.0107421875 0.00920648838228847
32 0.24825613839285715 0.17601928978518194 0.007952008928571428 0.01052170100832968
193 0.23842075892857142 0.15453748355984218 0.011997767857142858 0.018851380973257344
184 0.23416573660714285 0.10697062691801841 0.014369419642857142 0.00657606313020605
184 0.23074776785714285 0.09864094695309075 0.004464285714285714 0.022797018851380975
183 0.19607979910714285 0.09633932485751863 0.004324776785714286 0.017755370451556333
187 0.14411272321428573 0.0920648838228847 0.0030691964285714285 0.00920648838228847
25 0.12158203125 0.0932704953967558 0.007672991071428571 0.011617711530030689
177 0.21135602678571427 0.4930951337132837 0.005859375 0.012056115738711091
179 0.19942801339285715 0.5169881630863656 0.011300223214285714 0.012494519947391494
192 0.14411272321428573 0.515234546251644 0.011997767857142858 0.018632178868917142
189 0.21149553571428573 0.4091407277509864 0.005580357142857143 0.021262604120999562
175 0.21135602678571427 0.36321788689171414 0.005859375 0.016220955721174924
192 0.3056640625 0.3459009206488382 0.012276785714285714 0.019289785181937746
25 0.3568638392857143 0.894563787812363 0.008091517857142858 0.011398509425690487
192 0.31919642857142855 0.6624287593160895 0.01171875 0.018851380973257344
194 0.2513950892857143 0.6843489697501096 0.012555803571428572 0.01972818939061815
179 0.22188895089285715 0.6863217886891714 0.011300223214285714 0.012275317843051293
189 0.5076032366071429 0.493533537921964 0.0048828125 0.021262604120999562
190 0.5076032366071429 0.5655414291977203 0.007114955357142857 0.008768084173608066
191 0.5076032366071429 0.6180403331871986 0.007393973214285714 0.011617711530030689
180 0.5076032366071429 0.7430951337132836 0.005719866071428571 0.015344147303814117
191 0.5076032366071429 0.7818939061814993 0.0068359375 0.010960105217010083
175 0.5075334821428571 0.45539237176676894 0.005859375 0.014248136782113108
102 0.6422293526785714 0.1980491012713722 0.005998883928571429 0.014686540990793511
192 0.6422293526785714 0.368478737395879 0.011579241071428572 0.018851380973257344
32 0.6428571428571429 0.4529811486190267 0.006696428571428571 0.015124945199473916
191 0.14787946428571427 0.472818939061815 0.007533482142857143 0.01183691363437089
185 0.12646484375 0.4469530907496712 0.014369419642857142 0.0070144673388864535
14 0.13065011160714285 0.4084831214379658 0.005998883928571429 0.014686540990793511
195 0.13071986607142858 0.28079789565979835 0.010881696428571428 0.01709776413853573
14 0.13071986607142858 0.23345024112231477 0.005859375 0.014905743095133712
183 0.14760044642857142 0.3418456817185445 0.004464285714285714 0.017755370451556333
177 0.5075334821428571 0.3281455501972819 0.005859375 0.015344147303814117
185 0.23416573660714285 0.6753616834721613 0.014369419642857142 0.0070144673388864535
191 0.23835100446428573 0.5303594914511179 0.007114955357142857 0.011179307321350284
182 0.36202566964285715 0.5576501534414731 0.005859375 0.00920648838228847
119 0.15457589285714285 0.7014467338886453 0.012276785714285714 0.018851380973257344
190 0.16413225446428573 0.6843489697501096 0.004603794642857143 0.010960105217010083
196 0.19810267857142858 0.6843489697501096 0.011997767857142858 0.01841297676457694
195 0.6960797991071429 0.8753836036825954 0.010184151785714286 0.016440157825515125
102 0.6960100446428571 0.8308855765015344 0.005859375 0.011617711530030689
190 0.6960797991071429 0.7378342832091188 0.007114955357142857 0.008768084173608066
192 0.6960797991071429 0.5775975449364313 0.011858258928571428 0.018851380973257344
194 0.6285574776785714 0.6843489697501096 0.012137276785714286 0.019289785181937746
178 0.5980050223214286 0.6843489697501096 0.009347098214285714 0.009644892590968873
191 0.4955357142857143 0.6843489697501096 0.009486607142857142 0.014905743095133712
175 0.4707728794642857 0.6842393686979396 0.0087890625 0.00898728627794827
176 0.4369419642857143 0.6844585708022797 0.009765625 0.00898728627794827
177 0.41378348214285715 0.6842393686979396 0.008649553571428572 0.00898728627794827
175 0.3900669642857143 0.6842393686979396 0.009207589285714286 0.009425690486628672
142 0.29227120535714285 0.7920868040333188 0.005859375 0.00898728627794827
63 0.29220145089285715 0.7122972380534853 0.005998883928571429 0.016440157825515125
178 0.29220145089285715 0.6578255151249452 0.005719866071428571 0.016220955721174924
186 0.3345424107142857 0.6420429636124507 0.0078125 0.01052170100832968
14 0.34605189732142855 0.7862779482683033 0.005998883928571429 0.013590530469092503
187 0.373046875 0.8323103901797457 0.005859375 0.004822446295484437
186 0.39990234375 0.6645111793073214 0.007114955357142857 0.012494519947391494
175 0.3998325892857143 0.6161771153003068 0.005859375 0.012275317843051293
176 0.10372488839285714 0.11749232792634809 0.005719866071428571 0.01709776413853573
119 0.11474609375 0.1718544498027181 0.009905133928571428 0.01841297676457694
176 0.26548549107142855 0.24517755370451555 0.005859375 0.015124945199473916
188 0.10379464285714286 0.23914949583516001 0.011997767857142858 0.008329679964927663
192 0.10372488839285714 0.2828803156510302 0.012137276785714286 0.019070583077597545
14 0.49853515625 0.7690705830775976 0.008510044642857142 0.00898728627794827
185 0.46163504464285715 0.7755370451556335 0.004464285714285714 0.022797018851380975
193 0.38560267857142855 0.7689609820254274 0.011997767857142858 0.018851380973257344
184 0.5204380580357143 0.8471065322227094 0.004324776785714286 0.023016220955721176
180 0.5470842633928571 0.8537921964050855 0.009905133928571428 0.00920648838228847
192 0.6021205357142857 0.8534633932485752 0.011997767857142858 0.018632178868917142
178 0.63134765625 0.8535729943007453 0.009347098214285714 0.00920648838228847
179 0.6524832589285714 0.8518193774660237 0.01171875 0.012713722051731697
187 0.373046875 0.5363875493204735 0.005859375 0.004822446295484437
25 0.41085379464285715 0.5138097325734327 0.008091517857142858 0.012275317843051293
175 0.3729771205357143 0.4966023673827269 0.005719866071428571 0.014686540990793511
25 0.2754603794642857 0.4736957474791758 0.008231026785714286 0.011398509425690487
192 0.25048828125 0.4729285401139851 0.012137276785714286 0.019070583077597545
196 0.22391183035714285 0.4729285401139851 0.011997767857142858 0.018632178868917142
63 0.26548549107142855 0.11343708899605436 0.006138392857142857 0.012056115738711091
142 0.2529296875 0.0918456817185445 0.005580357142857143 0.00920648838228847
175 0.30210658482142855 0.26128890837352037 0.009068080357142858 0.00920648838228847
180 0.3291015625 0.2613985094256905 0.008091517857142858 0.00898728627794827
190 0.35679408482142855 0.2613985094256905 0.005440848214285714 0.006795265234546251
175 0.4266880580357143 0.1572775098640947 0.005719866071428571 0.012932924156071899
182 0.42689732142857145 0.19256904866286717 0.006138392857142857 0.009425690486628672
142 0.42689732142857145 0.2396975010960105 0.005859375 0.008548882069267865
119 0.4130161830357143 0.09699693117053924 0.010463169642857142 0.019070583077597545
192 0.3055943080357143 0.09217448487505481 0.012137276785714286 0.019070583077597545
182 0.28466796875 0.0920648838228847 0.005719866071428571 0.00920648838228847
176 0.41650390625 0.17689609820254273 0.009347098214285714 0.00920648838228847
182 0.3041294642857143 0.17667689609820253 0.006138392857142857 0.00920648838228847
195 0.23842075892857142 0.19969311705392373 0.011997767857142858 0.018851380973257344
60 0.3461216517857143 0.37176676896098204 0.005859375 0.016220955721174924
192 0.33231026785714285 0.30370451556334943 0.011997767857142858 0.018632178868917142
188 0.23842075892857142 0.2496711968434897 0.009486607142857142 0.00920648838228847
14 0.3461216517857143 0.4466242875931609 0.005859375 0.015563349408154318
185 0.3418666294642857 0.24539675580885575 0.014369419642857142 0.006795265234546251
176 0.34598214285714285 0.15738711091626478 0.005859375 0.016659359929855327
14 0.34619140625 0.118478737395879 0.005998883928571429 0.013371328364752301