187 0.6960797991071429 0.2091188075405524 0.005719866071428571 0.004822446295484437
187 0.11607142857142858 0.9381850065760632 0.0030691964285714285 0.00920648838228847
187 0.09319196428571429 0.0920648838228847 0.0030691964285714285 0.00920648838228847
187 0.45382254464285715 0.6063130206049978 0.005859375 0.004822446295484437
187 0.48074776785714285 0.9028934677772906 0.005859375 0.004822446295484437
187 0.21414620535714285 0.1343708899605436 0.0030691964285714285 0.00920648838228847
187 0.11551339285714286 0.1343708899605436 0.0030691964285714285 0.00920648838228847
187 0.6597377232142857 0.17667689609820253 0.0030691964285714285 0.00920648838228847
187 0.1845703125 0.8294607628233231 0.005859375 0.004822446295484437
176 0.6962193080357143 0.24342393686979394 0.005998883928571429 0.014686540990793511
184 0.7054268973214286 0.3393248575186322 0.004603794642857143 0.02235861464270057
14 0.6960797991071429 0.44322665497588776 0.005719866071428571 0.014905743095133712
187 0.6960797991071429 0.49408154318281455 0.005719866071428571 0.004822446295484437
60 0.68017578125 0.5149057430951337 0.007952008928571428 0.00920648838228847
178 0.23863002232142858 0.7818939061814993 0.005719866071428571 0.01709776413853573
182 0.22244698660714285 0.8112669881630864 0.005719866071428571 0.00920648838228847
25 0.20319475446428573 0.8124725997369575 0.008510044642857142 0.011179307321350284
32 0.2925502232142857 0.786935554581324 0.006696428571428571 0.012713722051731697
186 0.3335658482142857 0.8109381850065761 0.007254464285714286 0.011617711530030689
187 0.35951450892857145 0.8112669881630864 0.0030691964285714285 0.00920648838228847
60 0.38462611607142855 0.8112669881630864 0.008649553571428572 0.009644892590968873
191 0.4658900669642857 0.8111573871109162 0.009068080357142858 0.014248136782113108
194 0.21149553571428573 0.5355107409031127 0.011997767857142858 0.018851380973257344
119 0.22202845982142858 0.4682156948706708 0.009068080357142858 0.018851380973257344
195 0.21142578125 0.4502411223147742 0.012137276785714286 0.019289785181937746
32 0.25076729910714285 0.38733011836913633 0.0087890625 0.010960105217010083
182 0.21149553571428573 0.5831871985971065 0.005859375 0.009864094695309075
190 0.21149553571428573 0.6060938185006576 0.005301339285714286 0.00920648838228847
188 0.21142578125 0.6636343708899606 0.0107421875 0.006795265234546251
180 0.21142578125 0.7044059622972381 0.005719866071428571 0.012494519947391494
192 0.21142578125 0.748903989478299 0.012137276785714286 0.019070583077597545
25 0.2914341517857143 0.8368040333187199 0.007254464285714286 0.014686540990793511
175 0.27504185267857145 0.8110477860587462 0.007393973214285714 0.00920648838228847
195 0.25083705357142855 0.9381850065760632 0.010881696428571428 0.01709776413853573
188 0.22872488839285715 0.9381850065760632 0.005161830357142857 0.015344147303814117
142 0.17138671875 0.9382946076282332 0.005719866071428571 0.009425690486628672
191 0.23835100446428573 0.1471942130644454 0.009068080357142858 0.014248136782113108
14 0.23842075892857142 0.24506795265234546 0.005859375 0.012275317843051293
175 0.25467354910714285 0.26128890837352037 0.008231026785714286 0.00920648838228847
190 0.21875 0.0920648838228847 0.005859375 0.008329679964927663
119 0.19524274553571427 0.09688733011836914 0.009347098214285714 0.018851380973257344
188 0.14215959821428573 0.0920648838228847 0.005859375 0.015344147303814117
32 0.12269810267857142 0.0916264796142043 0.008510044642857142 0.01052170100832968
183 0.24100167410714285 0.2925252082419991 0.011300223214285714 0.0076720736519070585
191 0.23842075892857142 0.41078474353353794 0.0078125 0.012275317843051293
14 0.23835100446428573 0.4518851380973257 0.005998883928571429 0.014248136782113108
195 0.3861607142857143 0.8958790004384042 0.011997767857142858 0.018851380973257344
181 0.35630580357142855 0.8955501972818939 0.009486607142857142 0.00898728627794827
180 0.33614676339285715 0.8955501972818939 0.008231026785714286 0.009425690486628672
196 0.4672154017857143 0.8534633932485752 0.011997767857142858 0.018632178868917142
14 0.5508510044642857 0.8533537921964051 0.009905133928571428 0.00920648838228847
189 0.5749860491071429 0.8535729943007453 0.013532366071428572 0.00920648838228847
102 0.4712611607142857 0.21931170539237177 0.007533482142857143 0.00898728627794827
188 0.5076729910714286 0.24276633055677335 0.011997767857142858 0.006795265234546251
60 0.5074637276785714 0.28605874616396315 0.005719866071428571 0.016659359929855327
176 0.5076729910714286 0.32628233231039017 0.005859375 0.012056115738711091
196 0.49302455357142855 0.38820692678649715 0.011997767857142858 0.01841297676457694
180 0.46993582589285715 0.38831652783866727 0.007672991071428571 0.00898728627794827
180 0.4453125 0.38820692678649715 0.009207589285714286 0.00920648838228847
177 0.41489955357142855 0.38842612889083733 0.008928571428571428 0.00920648838228847
178 0.33286830357142855 0.38831652783866727 0.009207589285714286 0.00898728627794827
187 0.7230050223214286 0.4094695309074967 0.005719866071428571 0.004822446295484437
142 0.7169363839285714 0.5150153441473038 0.005859375 0.00898728627794827
183 0.7202845982142857 0.2484655852696186 0.011160714285714286 0.006795265234546251
183 0.7119838169642857 0.2232573432704954 0.004603794642857143 0.017755370451556333
195 0.6820591517857143 0.21898290223586148 0.011160714285714286 0.017536168347216132
182 0.5671037946428571 0.21898290223586148 0.006138392857142857 0.00920648838228847
14 0.33579799107142855 0.21898290223586148 0.009486607142857142 0.00920648838228847
187 0.38643973214285715 0.21898290223586148 0.0030691964285714285 0.00920648838228847
176 0.41001674107142855 0.21909250328803156 0.010602678571428572 0.00898728627794827
188 0.3056640625 0.30370451556334943 0.005859375 0.016878562034195528
191 0.3902064732142857 0.3035949145111793 0.008928571428571428 0.014028934677772907
188 0.4160853794642857 0.3035949145111793 0.005161830357142857 0.014905743095133712
186 0.44105747767857145 0.3039237176676896 0.007393973214285714 0.009864094695309075
60 0.31919642857142855 0.41494958351600175 0.005859375 0.014905743095133712
190 0.31912667410714285 0.3800964489259097 0.0048828125 0.008329679964927663
192 0.31912667410714285 0.28244191144234987 0.012137276785714286 0.019070583077597545
195 0.31912667410714285 0.580447172292854 0.011858258928571428 0.018851380973257344
177 0.31912667410714285 0.6180403331871986 0.005719866071428571 0.012932924156071899
178 0.42689732142857145 0.7520824199912319 0.005859375 0.014028934677772907
142 0.4105747767857143 0.7689609820254274 0.005301339285714286 0.00920648838228847
182 0.10372488839285714 0.8628890837352039 0.005998883928571429 0.00898728627794827
190 0.10923549107142858 0.8112669881630864 0.006417410714285714 0.008329679964927663
176 0.10372488839285714 0.796690048224463 0.005998883928571429 0.014248136782113108
182 0.10379464285714286 0.7101052170100833 0.005859375 0.00898728627794827
195 0.10372488839285714 0.6200131521262604 0.010463169642857142 0.016440157825515125
102 0.10386439732142858 0.5839544059622972 0.005719866071428571 0.012275317843051293
190 0.14055524553571427 0.5151249451994739 0.0048828125 0.010960105217010083
32 0.1953125 0.5145769399386234 0.008091517857142858 0.010302498903989479
184 0.7411411830357143 0.5218106093818501 0.004324776785714286 0.02257781674704077
32 0.7503487723214286 0.5820911880754055 0.006556919642857143 0.016878562034195528
181 0.7499302455357143 0.6635247698377904 0.005719866071428571 0.01446733888645331
184 0.7541155133928571 0.6968434896975011 0.014369419642857142 0.0070144673388864535
176 0.7500697544642857 0.8715475668566418 0.005719866071428571 0.014905743095133712
142 0.7440708705357143 0.5567733450241122 0.005998883928571429 0.00920648838228847
192 0.5744977678571429 0.5574309513371328 0.011997767857142858 0.01797457255589654
14 0.5504324776785714 0.5577597544936431 0.009626116071428572 0.00898728627794827
183 0.52001953125 0.5617053923717668 0.004324776785714286 0.017755370451556333
179 0.46944754464285715 0.5592941692240245 0.009765625 0.012494519947391494
176 0.41043526785714285 0.6839105655414291 0.010323660714285714 0.00920648838228847
187 0.38643973214285715 0.6843489697501096 0.0030691964285714285 0.00920648838228847
182 0.3300083705357143 0.6839105655414291 0.005719866071428571 0.00920648838228847
142 0.4536830357142857 0.7405743095133713 0.005859375 0.009425690486628672
178 0.46435546875 0.7689609820254274 0.009347098214285714 0.009644892590968873
194 0.4951171875 0.7689609820254274 0.012276785714285714 0.019289785181937746
119 0.5107421875 0.7893467777290663 0.011997767857142858 0.01446733888645331
189 0.23835100446428573 0.536935554581324 0.007114955357142857 0.021262604120999562
32 0.23890904017857142 0.5795703638754932 0.0068359375 0.015344147303814117
185 0.24253627232142858 0.6299868478737396 0.014369419642857142 0.0070144673388864535
184 0.24260602678571427 0.6570583077597545 0.014229910714285714 0.007233669443226655
184 0.2553013392857143 0.6775537045155634 0.004464285714285714 0.02235861464270057
194 0.48067801339285715 0.28079789565979835 0.011858258928571428 0.018851380973257344
192 0.48067801339285715 0.2384918895221394 0.011300223214285714 0.018851380973257344
185 0.4619140625 0.26786497150372646 0.004464285714285714 0.022797018851380975
102 0.43736049107142855 0.2611793073213503 0.009765625 0.00898728627794827
195 0.41245814732142855 0.2613985094256905 0.010463169642857142 0.016001753616834723
179 0.39076450892857145 0.2631521262604121 0.010044642857142858 0.012494519947391494
179 0.33119419642857145 0.2631521262604121 0.010044642857142858 0.012932924156071899
102 0.48067801339285715 0.8343928101709777 0.005998883928571429 0.012056115738711091
190 0.40604073660714285 0.13448049101271373 0.004324776785714286 0.0076720736519070585
142 0.38197544642857145 0.13448049101271373 0.005859375 0.009864094695309075
179 0.3604213169642857 0.13612450679526522 0.011579241071428572 0.012713722051731697
184 0.33335658482142855 0.14105655414291976 0.004324776785714286 0.02257781674704077
181 0.27573939732142855 0.13448049101271373 0.008510044642857142 0.00898728627794827
194 0.10379464285714286 0.11519070583077598 0.012834821428571428 0.01994739149495835
142 0.10379464285714286 0.15223586146427007 0.005859375 0.009425690486628672
175 0.10379464285714286 0.196733888645331 0.005859375 0.012056115738711091
179 0.13943917410714285 0.3019508987286278 0.0107421875 0.012932924156071899
179 0.22732979910714285 0.3019508987286278 0.011858258928571428 0.012932924156071899
181 0.2543247767857143 0.30370451556334943 0.008091517857142858 0.00898728627794827
179 0.27657645089285715 0.3018412976764577 0.011858258928571428 0.012713722051731697
190 0.10379464285714286 0.3643138974134152 0.006138392857142857 0.01052170100832968
102 0.10365513392857142 0.4537483559842174 0.005859375 0.012713722051731697
195 0.15764508928571427 0.24210872424375274 0.010602678571428572 0.016878562034195528
191 0.15764508928571427 0.28452433143358175 0.007254464285714286 0.011398509425690487
187 0.17103794642857142 0.17667689609820253 0.0030691964285714285 0.00920648838228847
195 0.2518833705357143 0.17678649715037265 0.010463169642857142 0.016440157825515125
196 0.2792271205357143 0.17667689609820253 0.0126953125 0.020166593599298552
191 0.4927455357142857 0.17667689609820253 0.008928571428571428 0.014028934677772907
32 0.5349469866071429 0.20067952652345464 0.006556919642857143 0.015124945199473916
119 0.5426897321428571 0.21416045594037703 0.010044642857142858 0.018851380973257344
188 0.48067801339285715 0.33395440596229725 0.008231026785714286 0.007233669443226655
184 0.4849330357142857 0.41199035510740906 0.014229910714285714 0.006795265234546251
195 0.48074776785714285 0.5366067514248137 0.010881696428571428 0.01709776413853573
191 0.29220145089285715 0.6169443226654976 0.007952008928571428 0.012494519947391494
175 0.29213169642857145 0.5375931608943446 0.005859375 0.016001753616834723
102 0.29220145089285715 0.49364313897413414 0.005998883928571429 0.014028934677772907
176 0.28369140625 0.4729285401139851 0.008231026785714286 0.009425690486628672
184 0.26109095982142855 0.2901139850942569 0.014369419642857142 0.006795265234546251
194 0.26527622767857145 0.3676019289785182 0.011858258928571428 0.018851380973257344
192 0.26534598214285715 0.45287154756685666 0.01171875 0.018851380973257344
184 0.26102120535714285 0.2496711968434897 0.014229910714285714 0.0070144673388864535
183 0.2866908482142857 0.21503726435773785 0.004743303571428571 0.01797457255589654
183 0.5447126116071429 0.2655633494081543 0.004324776785714286 0.017755370451556333
190 0.5615234375 0.1970626918018413 0.006138392857142857 0.009644892590968873
60 0.5744280133928571 0.17678649715037265 0.009068080357142858 0.00898728627794827
185 0.6309291294642857 0.17021043402016658 0.004324776785714286 0.02257781674704077
14 0.5613141741071429 0.28079789565979835 0.005719866071428571 0.013590530469092503
119 0.5645926339285714 0.4067295046032442 0.011997767857142858 0.014686540990793511
182 0.5615234375 0.45889960543621217 0.005859375 0.00898728627794827
184 0.5656389508928571 0.49715037264357737 0.014369419642857142 0.0070144673388864535
63 0.57470703125 0.5151249451994739 0.007952008928571428 0.008768084173608066
179 0.6248604910714286 0.5133713283647523 0.011160714285714286 0.012713722051731697
193 0.6559709821428571 0.5151249451994739 0.012276785714285714 0.019289785181937746
178 0.7230050223214286 0.8820692678649715 0.005719866071428571 0.01578255151249452
180 0.7109375 0.853244191144235 0.010044642857142858 0.00898728627794827
181 0.6796177455357143 0.8536825953529154 0.008231026785714286 0.00898728627794827
177 0.6549944196428571 0.8535729943007453 0.007533482142857143 0.008768084173608066
189 0.7090541294642857 0.8958790004384042 0.013532366071428572 0.009644892590968873
192 0.6817103794642857 0.8958790004384042 0.0126953125 0.01972818939061815
186 0.6270228794642857 0.8956597983340641 0.007393973214285714 0.01052170100832968
25 0.5503627232142857 0.8968654099079351 0.008649553571428572 0.011179307321350284
181 0.7230747767857143 0.7485751863217887 0.005859375 0.01578255151249452
119 0.6548549107142857 0.6469750109601052 0.010602678571428572 0.019070583077597545
192 0.6284877232142857 0.6420429636124507 0.011997767857142858 0.018851380973257344
181 0.5203683035714286 0.6421525646646208 0.008649553571428572 0.00898728627794827
184 0.646484375 0.8352696185883385 0.014229910714285714 0.006795265234546251
192 0.6422293526785714 0.8749451994739149 0.012137276785714286 0.019070583077597545
185 0.7356305803571429 0.889193336256028 0.004185267857142857 0.02257781674704077
181 0.6422293526785714 0.7864971503726436 0.005998883928571429 0.016659359929855327
119 0.6392299107142857 0.7440815431828146 0.011997767857142858 0.014248136782113108
181 0.18464006696428573 0.7932924156071899 0.005998883928571429 0.016220955721174924
192 0.17006138392857142 0.6420429636124507 0.011997767857142858 0.01841297676457694
25 0.26443917410714285 0.8283647523016221 0.007393973214285714 0.016659359929855327
194 0.26534598214285715 0.7472599736957475 0.012555803571428572 0.01972818939061815
178 0.26527622767857145 0.7094476106970627 0.005719866071428571 0.015563349408154318
190 0.13065011160714285 0.6291100394563788 0.0048828125 0.010083296799649276
181 0.13071986607142858 0.5770495396755809 0.005859375 0.012932924156071899
187 0.13071986607142858 0.5363875493204735 0.005859375 0.004822446295484437
196 0.13065011160714285 0.49254712845243315 0.012137276785714286 0.019289785181937746
192 0.14446149553571427 0.472818939061815 0.012416294642857142 0.019289785181937746
189 0.19859095982142858 0.472818939061815 0.013532366071428572 0.008329679964927663