187 0.55126953125 0.9250164437623328 0.004603794642857143 0.013593510195132646
187 0.6862444196428571 0.6414163560622671 0.008649553571428572 0.00723525542644157
187 0.646484375 0.772966454724841 0.008649553571428572 0.00723525542644157
187 0.5018833705357143 0.11247533435650077 0.004603794642857143 0.013593510195132646
187 0.7101702008928571 0.11247533435650077 0.004603794642857143 0.013593510195132646
187 0.3153599330357143 0.9250164437623328 0.004603794642857143 0.013593510195132646
187 0.4789341517857143 0.23744792808594606 0.004464285714285714 0.013593510195132646
187 0.18687220982142858 0.29993422495066874 0.004603794642857143 0.013593510195132646
195 0.48744419642857145 0.8925674194255646 0.015904017857142856 0.02499451874588906
196 0.48744419642857145 0.8290944968208727 0.018136160714285716 0.028721771541328656
196 0.48744419642857145 0.7659504494628371 0.017299107142857144 0.027844770883578163
178 0.3124302455357143 0.7375575531681648 0.013253348214285714 0.013593510195132646
119 0.42696707589285715 0.8695461521596142 0.013532366071428572 0.02762552071914054
178 0.34298270089285715 0.8625301468976102 0.013253348214285714 0.013593510195132646
25 0.3119419642857143 0.8641745231308924 0.014508928571428572 0.01644376233282175
180 0.5484793526785714 0.36231089673317257 0.012974330357142858 0.01381276035957027
183 0.6106305803571429 0.4746766060074545 0.016741071428571428 0.010085507564130673
175 0.5857282366071429 0.5499890374917781 0.013532366071428572 0.01381276035957027
180 0.47440011160714285 0.36253014689761015 0.0126953125 0.013374260030695024
193 0.23039899553571427 0.48750274062705545 0.017996651785714284 0.028283271212453408
177 0.26953125 0.48717386538039903 0.015904017857142856 0.013593510195132646
177 0.18840680803571427 0.8004823503617627 0.011858258928571428 0.013593510195132646
193 0.46665736607142855 0.6124753343565008 0.018694196428571428 0.029160271870203903
178 0.3863002232142857 0.6123657092742819 0.015066964285714286 0.013593510195132646
191 0.5826590401785714 0.6124753343565008 0.013253348214285714 0.020828765621574215
189 0.5272042410714286 0.6438281078710809 0.009486607142857142 0.031352773514580136
178 0.5274135044642857 0.8322736242052181 0.0087890625 0.02367901775926332
192 0.7068219866071429 0.48750274062705545 0.018833705357142856 0.029598772199079148
181 0.5428989955357143 0.48739311554483666 0.015206473214285714 0.0131550098662574
186 0.5272042410714286 0.4556018417013813 0.010044642857142858 0.01710151282613462
179 0.5254603794642857 0.40002192501644374 0.012137276785714286 0.022582766937075203
25 0.09061104910714286 0.400460425345319 0.011021205357142858 0.022144266608199955
25 0.10867745535714286 0.4232624424468318 0.015345982142857142 0.01644376233282175
195 0.08970424107142858 0.26671782503836877 0.015345982142857142 0.02433676825257619
63 0.10511997767857142 0.17463275597456698 0.011300223214285714 0.01381276035957027
195 0.19098772321428573 0.1749616312212234 0.016183035714285716 0.025433019074764307
195 0.23053850446428573 0.1749616312212234 0.015485491071428572 0.022802017101512827
188 0.24874441964285715 0.3318351238763429 0.017299107142857144 0.010743258057443543
175 0.22698102678571427 0.424906818680114 0.012276785714285714 0.0131550098662574
189 0.18882533482142858 0.424906818680114 0.019949776785714284 0.012278009208506906
25 0.22837611607142858 0.5516334137250603 0.013950892857142858 0.016663012497259374
182 0.32833426339285715 0.6941460206095155 0.009347098214285714 0.013593510195132646
178 0.32826450892857145 0.6414163560622671 0.008649553571428572 0.023459767594825695
177 0.32840401785714285 0.5784915588686691 0.008649553571428572 0.02039026529269897
142 0.23388671875 0.9251260688445516 0.007672991071428571 0.01381276035957027
194 0.34995814732142855 0.36242052181539136 0.017996651785714284 0.028064021048015787
187 0.32833426339285715 0.45614996711247535 0.008510044642857142 0.00723525542644157
186 0.6464146205357143 0.7012716509537382 0.010463169642857142 0.016882262661696998
178 0.6464146205357143 0.6387853540890156 0.008510044642857142 0.018636263977197982
60 0.6866629464285714 0.19918877439158078 0.008370535714285714 0.02302126726595045
191 0.6863141741071429 0.2658408243806183 0.013811383928571428 0.02170576627932471
181 0.6305106026785714 0.36209164656873494 0.015206473214285714 0.013374260030695024
184 0.6404157366071429 0.1541328655996492 0.021344866071428572 0.010085507564130673
176 0.6297433035714286 0.11247533435650077 0.014787946428571428 0.013593510195132646
195 0.5850306919642857 0.11236570927428195 0.015485491071428572 0.02433676825257619
179 0.6613420758928571 0.10973470730103048 0.014090401785714286 0.018636263977197982
188 0.6067940848214286 0.20510852883139663 0.0126953125 0.012935759701819776
182 0.6067243303571429 0.2658408243806183 0.008649553571428572 0.013374260030695024
187 0.4476841517857143 0.5812321859241394 0.008649553571428572 0.007016005262003947
119 0.46261160714285715 0.41756193817145365 0.017020089285714284 0.027844770883578163
190 0.5096958705357143 0.424906818680114 0.006277901785714286 0.01710151282613462
179 0.34535435267857145 0.7974128480596361 0.016043526785714284 0.018855514141635606
192 0.3680943080357143 0.7670467002850252 0.018833705357142856 0.029598772199079148
193 0.3680943080357143 0.6431703573777681 0.018275669642857144 0.028721771541328656
182 0.5272042410714286 0.19206314404735803 0.008649553571428572 0.013593510195132646
192 0.24874441964285715 0.7670467002850252 0.017299107142857144 0.027844770883578163
176 0.24867466517857142 0.6399912299934225 0.008510044642857142 0.019294014470510854
142 0.26534598214285715 0.6121464591098443 0.008649553571428572 0.014032010524007894
175 0.30977957589285715 0.6130234597675949 0.013253348214285714 0.014032010524007894
181 0.38260323660714285 0.1747423810567858 0.014927455357142858 0.0131550098662574
182 0.4076450892857143 0.19984652488489366 0.008649553571428572 0.013374260030695024
186 0.4081333705357143 0.2725279543959658 0.009905133928571428 0.017540013155009866
195 0.42933872767857145 0.29993422495066874 0.016322544642857144 0.02587151940363955
195 0.48744419642857145 0.3338083753562815 0.015345982142857142 0.02433676825257619
192 0.40792410714285715 0.5782723087042315 0.017020089285714284 0.027844770883578163
185 0.3779296875 0.4971497478623109 0.006417410714285714 0.03354527515895637
142 0.34298270089285715 0.48739311554483666 0.0087890625 0.013593510195132646
175 0.40799386160714285 0.6416356062267047 0.008510044642857142 0.02433676825257619
182 0.40792410714285715 0.7228677921508441 0.008649553571428572 0.013593510195132646
196 0.40792410714285715 0.7712124534093401 0.018136160714285716 0.028721771541328656
182 0.3779994419642857 0.9244683183512388 0.007952008928571428 0.01381276035957027
186 0.6690848214285714 0.4251260688445516 0.010881696428571428 0.016224512168384126
189 0.6863141741071429 0.3930059197544398 0.010463169642857142 0.031352773514580136
195 0.5456891741071429 0.29993422495066874 0.015485491071428572 0.024117518088138567
14 0.7071010044642857 0.6124753343565008 0.015206473214285714 0.013374260030695024
192 0.72607421875 0.4539574654680991 0.019112723214285716 0.030037272527954396
181 0.72607421875 0.39640429730322296 0.008510044642857142 0.017540013155009866
192 0.72607421875 0.2681429511072133 0.018275669642857144 0.02850252137689103
192 0.6653878348214286 0.23744792808594606 0.018275669642857144 0.02850252137689103
102 0.16922433035714285 0.9010085507564131 0.008370535714285714 0.016882262661696998
119 0.16469029017857142 0.8269019951764964 0.017996651785714284 0.021267265950449463
192 0.16929408482142858 0.767704450778338 0.0166015625 0.027844770883578163
195 0.16922433035714285 0.7053277789958342 0.016183035714285716 0.025433019074764307
193 0.16929408482142858 0.5784915588686691 0.017717633928571428 0.027844770883578163
176 0.16908482142857142 0.4622889717167288 0.008928571428571428 0.023459767594825695
14 0.5915876116071429 0.23733830300372724 0.0126953125 0.013374260030695024
177 0.5103236607142857 0.8624205218153914 0.015625 0.013374260030695024
192 0.5057896205357143 0.7374479280859461 0.017717633928571428 0.02696777022582767
185 0.13567243303571427 0.5094277570708178 0.021344866071428572 0.00986625739969305
195 0.15115792410714285 0.5499890374917781 0.017996651785714284 0.028283271212453408
176 0.28878348214285715 0.516882262661697 0.008649553571428572 0.025213768910326683
193 0.28857421875 0.5824380618285464 0.017996651785714284 0.028283271212453408
183 0.28466796875 0.4416794562595922 0.016880580357142856 0.010743258057443543
176 0.28857421875 0.3912519184389388 0.008510044642857142 0.022582766937075203
192 0.30970982142857145 0.36242052181539136 0.018136160714285716 0.02850252137689103
177 0.26771763392857145 0.5502082876562158 0.014508928571428572 0.01381276035957027
186 0.38888113839285715 0.5504275378206533 0.011300223214285714 0.016005262003946502
187 0.4278041294642857 0.5498794124095593 0.004603794642857143 0.013593510195132646
190 0.4946986607142857 0.5499890374917781 0.008091517857142858 0.014251260688445516
182 0.4873744419642857 0.21365928524446393 0.0087890625 0.01249725937294453
188 0.5138113839285714 0.1749616312212234 0.007254464285714286 0.02718702039026529
181 0.5671037946428571 0.2678140758605569 0.008649553571428572 0.023898267923700943
32 0.22300502232142858 0.6732076299057225 0.0146484375 0.016882262661696998