187 0.3681640625 0.9185485639114229 0.008649553571428572 0.00723525542644157
187 0.11990792410714286 0.8625301468976102 0.004603794642857143 0.013593510195132646
187 0.6685965401785714 0.36242052181539136 0.004603794642857143 0.013593510195132646
187 0.7260044642857143 0.37283490462617846 0.008649553571428572 0.00723525542644157
187 0.10470145089285714 0.11247533435650077 0.004603794642857143 0.013593510195132646
187 0.3011997767857143 0.9250164437623328 0.004464285714285714 0.013593510195132646
187 0.7260044642857143 0.8517868888401666 0.008649553571428572 0.007016005262003947
187 0.13992745535714285 0.8000438500328875 0.004464285714285714 0.013593510195132646
187 0.23297991071428573 0.29993422495066874 0.004464285714285714 0.013593510195132646
186 0.16929408482142858 0.4501205875904407 0.010463169642857142 0.01841701381276036
178 0.18526785714285715 0.4246875685156764 0.015625 0.013593510195132646
195 0.2294921875 0.48739311554483666 0.016183035714285716 0.025433019074764307
195 0.26988002232142855 0.48750274062705545 0.017717633928571428 0.027844770883578163
178 0.16929408482142858 0.3890594167945626 0.008510044642857142 0.022144266608199955
185 0.16301618303571427 0.18811664108748083 0.021065848214285716 0.010085507564130673
25 0.275390625 0.23942117956588468 0.013113839285714286 0.01710151282613462
178 0.19405691964285715 0.23733830300372724 0.013671875 0.013374260030695024
60 0.5276227678571429 0.7147555360666521 0.008928571428571428 0.02236351677263758
192 0.5489676339285714 0.6749616312212234 0.018415178571428572 0.028721771541328656
183 0.6107003348214286 0.7047796535847402 0.0166015625 0.00986625739969305
60 0.5670340401785714 0.6416356062267047 0.008510044642857142 0.019513264634948475
176 0.4873744419642857 0.7070817803113353 0.008510044642857142 0.02236351677263758
180 0.48709542410714285 0.8994737996053497 0.008510044642857142 0.02302126726595045
32 0.5096958705357143 0.9238105678579259 0.0146484375 0.01644376233282175
32 0.3470982142857143 0.7364613023459767 0.01171875 0.016224512168384126
63 0.43129185267857145 0.6749616312212234 0.013532366071428572 0.013374260030695024
182 0.46595982142857145 0.6747423810567857 0.008370535714285714 0.01381276035957027
194 0.46923828125 0.8000438500328875 0.018275669642857144 0.02850252137689103
186 0.2886439732142857 0.5211576408682307 0.011160714285714286 0.01710151282613462
176 0.27162388392857145 0.42501644376233283 0.012276785714285714 0.013374260030695024
183 0.29248046875 0.6371409778557334 0.0166015625 0.010085507564130673
60 0.3067103794642857 0.42501644376233283 0.014369419642857142 0.013374260030695024
194 0.42857142857142855 0.424906818680114 0.017857142857142856 0.02718702039026529
179 0.24727957589285715 0.7647445735584302 0.012416294642857142 0.026748520061390047
192 0.2705078125 0.7374479280859461 0.017857142857142856 0.028283271212453408
195 0.24881417410714285 0.7045604034203026 0.015485491071428572 0.02433676825257619
63 0.46372767857142855 0.42523569392677046 0.011997767857142858 0.013374260030695024
179 0.5497349330357143 0.42238544178908133 0.014369419642857142 0.018636263977197982
191 0.6321847098214286 0.424906818680114 0.012416294642857142 0.0197325147993861
192 0.5272042410714286 0.39136154352115765 0.018415178571428572 0.02894102170576628
176 0.55224609375 0.36231089673317257 0.011021205357142858 0.013374260030695024
195 0.6275809151785714 0.36242052181539136 0.017717633928571428 0.02762552071914054
142 0.6466936383928571 0.7865599649199737 0.0087890625 0.01381276035957027
188 0.6268833705357143 0.924906818680114 0.007672991071428571 0.027844770883578163
176 0.5930524553571429 0.7999342249506687 0.013950892857142858 0.01381276035957027
180 0.7121930803571429 0.4868449901337426 0.013113839285714286 0.014251260688445516
176 0.6736188616071429 0.42457794343345756 0.015206473214285714 0.013374260030695024
178 0.70654296875 0.5498794124095593 0.012416294642857142 0.0131550098662574
63 0.5672433035714286 0.5807936855952642 0.008649553571428572 0.017978513483885114
181 0.60693359375 0.5198421398816049 0.0087890625 0.016663012497259374
187 0.5470842633928571 0.48739311554483666 0.004603794642857143 0.013593510195132646
195 0.44761439732142855 0.4538478403858803 0.017996651785714284 0.028064021048015787
195 0.14767020089285715 0.11247533435650077 0.018275669642857144 0.02850252137689103
187 0.208984375 0.20620477965358475 0.008649553571428572 0.00723525542644157
181 0.34988839285714285 0.6747423810567857 0.013671875 0.01381276035957027
183 0.2640904017857143 0.36866915150186363 0.006417410714285714 0.026090769568077175
175 0.32833426339285715 0.2592633194474896 0.008510044642857142 0.01775926331944749
176 0.14885602678571427 0.48739311554483666 0.013671875 0.0131550098662574
25 0.2275390625 0.5482350361762771 0.013671875 0.016882262661696998
193 0.28857421875 0.39059416794562596 0.017717633928571428 0.027844770883578163
182 0.26011439732142855 0.9244683183512388 0.007952008928571428 0.01381276035957027
195 0.208984375 0.768362201271651 0.018694196428571428 0.029160271870203903
181 0.20884486607142858 0.642622231966674 0.008649553571428572 0.017540013155009866
63 0.20912388392857142 0.4688664766498575 0.008649553571428572 0.021267265950449463
142 0.24888392857142858 0.1963385222538917 0.008928571428571428 0.013374260030695024
176 0.24867466517857142 0.14898048673536504 0.008510044642857142 0.019513264634948475
60 0.7091238839285714 0.7376671782503836 0.015066964285714286 0.013374260030695024
142 0.1396484375 0.7373383030037273 0.008649553571428572 0.014032010524007894
60 0.2885044642857143 0.8855514141635606 0.008649553571428572 0.02499451874588906
119 0.45228794642857145 0.5258715194036395 0.017578125 0.023459767594825695
195 0.44761439732142855 0.5833150624862968 0.017717633928571428 0.027844770883578163
194 0.4476841517857143 0.6436088577066433 0.017578125 0.027844770883578163
178 0.14390345982142858 0.1749616312212234 0.012974330357142858 0.0131550098662574
181 0.12960379464285715 0.272418329313747 0.008649553571428572 0.022144266608199955
63 0.12946428571428573 0.32646349484762116 0.008370535714285714 0.01841701381276036
184 0.6360909598214286 0.6847182635386977 0.006277901785714286 0.03332602499451875
179 0.5289481026785714 0.6374698531023898 0.011858258928571428 0.022144266608199955
14 0.5274135044642857 0.5198421398816049 0.0087890625 0.019294014470510854
14 0.5508510044642857 0.6124753343565008 0.014927455357142858 0.013374260030695024
32 0.5672433035714286 0.8855514141635606 0.010323660714285714 0.0197325147993861
194 0.5460379464285714 0.5498794124095593 0.018136160714285716 0.02850252137689103
194 0.72607421875 0.640868230651173 0.017996651785714284 0.028064021048015787
63 0.5931222098214286 0.550098662573997 0.014090401785714286 0.013593510195132646
194 0.5669642857142857 0.20861653146239859 0.017578125 0.027844770883578163
25 0.5680106026785714 0.27187020390265293 0.011021205357142858 0.019294014470510854
14 0.5486188616071429 0.11236570927428195 0.012137276785714286 0.01381276035957027
60 0.50439453125 0.11258495943871957 0.015206473214285714 0.013374260030695024
119 0.46700613839285715 0.11949133961850471 0.017438616071428572 0.02762552071914054
192 0.4276646205357143 0.11247533435650077 0.017717633928571428 0.02718702039026529
191 0.38504464285714285 0.11236570927428195 0.010323660714285714 0.016005262003946502
178 0.3081752232142857 0.11247533435650077 0.013671875 0.014032010524007894