187 0.7260044642857143 0.7174961631221224 0.008649553571428572 0.00723525542644157
187 0.32833426339285715 0.6843893882920412 0.008510044642857142 0.00723525542644157
187 0.32833426339285715 0.46777022582766936 0.008510044642857142 0.00723525542644157
187 0.08970424107142858 0.8937732953299715 0.008649553571428572 0.00723525542644157
187 0.2885044642857143 0.7521376891032668 0.008649553571428572 0.00723525542644157
187 0.48744419642857145 0.8873054154790616 0.008649553571428572 0.007016005262003947
142 0.16901506696428573 0.7680333260249945 0.008510044642857142 0.012716509537382154
175 0.16922433035714285 0.708945406709055 0.008370535714285714 0.023898267923700943
183 0.19838169642857142 0.6061170795878097 0.006417410714285714 0.026090769568077175
189 0.3090122767857143 0.6124753343565008 0.020089285714285716 0.01775926331944749
63 0.22621372767857142 0.8623108967331725 0.014927455357142858 0.013593510195132646
190 0.3076171875 0.8625301468976102 0.006417410714285714 0.010085507564130673
181 0.3417271205357143 0.8623108967331725 0.012974330357142858 0.013593510195132646
178 0.3529575892857143 0.9252356939267704 0.014508928571428572 0.013593510195132646
179 0.40611049107142855 0.8241613681210261 0.011997767857142858 0.02499451874588906
191 0.40785435267857145 0.7737338303003727 0.011300223214285714 0.017978513483885114
187 0.3482142857142857 0.7375575531681648 0.004464285714285714 0.013593510195132646
25 0.5519670758928571 0.6109405832054374 0.014090401785714286 0.01644376233282175
181 0.5667550223214286 0.57564130673098 0.008510044642857142 0.01775926331944749
14 0.3285435267857143 0.21376891032668274 0.008928571428571428 0.017978513483885114
182 0.4326171875 0.23755755316816488 0.008649553571428572 0.01381276035957027
175 0.4677734375 0.23733830300372724 0.015066964285714286 0.01381276035957027
182 0.3052455357142857 0.23744792808594606 0.008370535714285714 0.013593510195132646
178 0.28857421875 0.2641964481473361 0.008510044642857142 0.020171015128261346
191 0.26743861607142855 0.29993422495066874 0.011160714285714286 0.017540013155009866
193 0.22788783482142858 0.29993422495066874 0.019112723214285716 0.029818022363516772
187 0.4476841517857143 0.7686910765183074 0.008649553571428572 0.007016005262003947
182 0.4478236607142857 0.6525981144485858 0.008649553571428572 0.012935759701819776
188 0.38344029017857145 0.6123657092742819 0.008231026785714286 0.02718702039026529
180 0.24867466517857142 0.7688007016005262 0.008510044642857142 0.022144266608199955
177 0.23130580357142858 0.7374479280859461 0.013113839285714286 0.01381276035957027
142 0.5272042410714286 0.345757509318132 0.008649553571428572 0.013593510195132646
178 0.54150390625 0.30037272527954395 0.015206473214285714 0.013593510195132646
188 0.5959821428571429 0.29993422495066874 0.006417410714285714 0.019294014470510854
192 0.6270926339285714 0.29993422495066874 0.017857142857142856 0.028064021048015787
60 0.6722935267857143 0.23755755316816488 0.015345982142857142 0.01381276035957027
192 0.5055106026785714 0.23733830300372724 0.017717633928571428 0.027844770883578163
195 0.6863141741071429 0.3965139223854418 0.016043526785714284 0.025213768910326683
196 0.6660853794642857 0.48739311554483666 0.018275669642857144 0.02850252137689103
195 0.5853097098214286 0.48750274062705545 0.016322544642857144 0.02565226923920193
191 0.6305803571428571 0.36242052181539136 0.012555803571428572 0.0197325147993861
186 0.5037667410714286 0.3622012716509537 0.01171875 0.014032010524007894
176 0.5129045758928571 0.48717386538039903 0.013253348214285714 0.013593510195132646
102 0.6065150669642857 0.5199517649638237 0.008510044642857142 0.022582766937075203
190 0.5272042410714286 0.6199298399473799 0.010881696428571428 0.010743258057443543
192 0.5067661830357143 0.6749616312212234 0.017717633928571428 0.02696777022582767
187 0.46756417410714285 0.6749616312212234 0.004603794642857143 0.013374260030695024
185 0.4413364955357143 0.39684279763209823 0.021065848214285716 0.010085507564130673
188 0.48744419642857145 0.654242490681868 0.012276785714285714 0.010085507564130673
192 0.7042410714285714 0.6124753343565008 0.017857142857142856 0.028283271212453408
182 0.7261439732142857 0.564021048015786 0.008928571428571428 0.012935759701819776
179 0.7130998883928571 0.6775926331944749 0.017159598214285716 0.018636263977197982
196 0.6653878348214286 0.6749616312212234 0.017717633928571428 0.027406270554702915
32 0.24958147321428573 0.3854417890813418 0.009765625 0.024117518088138567
187 0.22893415178571427 0.36242052181539136 0.004464285714285714 0.013593510195132646
185 0.24253627232142858 0.25400131550098665 0.021065848214285716 0.00986625739969305
63 0.14418247767857142 0.862639771979829 0.012974330357142858 0.013374260030695024
193 0.24874441964285715 0.5800263100197325 0.017299107142857144 0.027844770883578163
195 0.24881417410714285 0.5179785134838851 0.015485491071428572 0.02433676825257619
32 0.234375 0.48629686472264855 0.013671875 0.015347511510633634
184 0.20277622767857142 0.45461521596141197 0.021065848214285716 0.00986625739969305
182 0.36802455357142855 0.21278228458671344 0.009207589285714286 0.01381276035957027
185 0.3618861607142857 0.15840824380618285 0.021205357142857144 0.010743258057443543
186 0.34535435267857145 0.11203683402762551 0.0107421875 0.015786011839508878
102 0.30350167410714285 0.11247533435650077 0.011579241071428572 0.0131550098662574
182 0.10288783482142858 0.11247533435650077 0.0087890625 0.013593510195132646
192 0.14969308035714285 0.11247533435650077 0.018415178571428572 0.02894102170576628
25 0.189453125 0.11039245779434334 0.015066964285714286 0.01775926331944749
185 0.09577287946428571 0.14919973689980268 0.021623883928571428 0.00986625739969305
189 0.08970424107142858 0.27099320324490245 0.009486607142857142 0.031572023679017756
181 0.11404854910714286 0.29960534970401226 0.014927455357142858 0.01381276035957027
193 0.15094866071428573 0.29993422495066874 0.018136160714285716 0.02850252137689103
142 0.19022042410714285 0.3000438500328875 0.008510044642857142 0.01381276035957027
175 0.3436802455357143 0.36242052181539136 0.0146484375 0.0131550098662574
175 0.39195033482142855 0.36231089673317257 0.014927455357142858 0.013374260030695024
189 0.08970424107142858 0.7044507783380838 0.009207589285714286 0.031572023679017756
63 0.08963448660714286 0.6418548563911423 0.008510044642857142 0.02039026529269897
192 0.08970424107142858 0.5793685595264196 0.017299107142857144 0.027844770883578163
119 0.11007254464285714 0.542534531900899 0.016183035714285716 0.027844770883578163
177 0.14871651785714285 0.5496601622451217 0.013392857142857142 0.013593510195132646
183 0.4437779017857143 0.3411532558649419 0.016741071428571428 0.010962508221881167
182 0.37974330357142855 0.2998245998684499 0.008649553571428572 0.01381276035957027
190 0.44761439732142855 0.25531681648761234 0.009068080357142858 0.01512826134619601
14 0.28857421875 0.6458013593510196 0.008510044642857142 0.022582766937075203
32 0.26541573660714285 0.7366805525104144 0.011858258928571428 0.016224512168384126
192 0.28857421875 0.5789300591975444 0.017717633928571428 0.027844770883578163
60 0.22398158482142858 0.5497697873273405 0.0126953125 0.01381276035957027
178 0.185546875 0.5498794124095593 0.012276785714285714 0.013593510195132646
177 0.46400669642857145 0.862639771979829 0.013950892857142858 0.013374260030695024
14 0.48751395089285715 0.8332602499451874 0.0087890625 0.018197763648322735
195 0.42745535714285715 0.8000438500328875 0.015904017857142856 0.02499451874588906
187 0.48744419642857145 0.7062047796535847 0.008649553571428572 0.007016005262003947
14 0.6070033482142857 0.6529269896952423 0.008649553571428572 0.02104801578601184
14 0.6065848214285714 0.5814514360885771 0.008649553571428572 0.021486516114887087
184 0.37430245535714285 0.321311115983337 0.021205357142857144 0.00986625739969305
189 0.26688058035714285 0.36242052181539136 0.020089285714285716 0.017978513483885114
142 0.4076450892857143 0.4671124753343565 0.009207589285714286 0.01381276035957027
63 0.46303013392857145 0.424906818680114 0.010602678571428572 0.0131550098662574
192 0.40785435267857145 0.5840824380618286 0.017996651785714284 0.028064021048015787
184 0.68017578125 0.5054812541109406 0.021344866071428572 0.00986625739969305
192 0.5869838169642857 0.6124753343565008 0.017717633928571428 0.027406270554702915
184 0.5607561383928571 0.447599210699408 0.021065848214285716 0.010743258057443543
63 0.5671037946428571 0.402762552071914 0.008649553571428572 0.02455601841701381
102 0.208984375 0.5196228897171673 0.008370535714285714 0.02324051743038807
185 0.25502232142857145 0.7010524007893006 0.021205357142857144 0.00986625739969305
184 0.15178571428571427 0.35277351458013595 0.006417410714285714 0.033764525323393996
191 0.18547712053571427 0.36253014689761015 0.014090401785714286 0.022144266608199955
25 0.08879743303571429 0.3336987502740627 0.0107421875 0.020609515457136594
63 0.15506417410714285 0.17485200613900462 0.012137276785714286 0.01381276035957027
186 0.16922433035714285 0.2059855294891471 0.010044642857142858 0.016005262003946502
195 0.16929408482142858 0.27132207849155887 0.015485491071428572 0.02433676825257619
175 0.22935267857142858 0.42534531900898925 0.013392857142857142 0.014032010524007894
63 0.5478515625 0.424906818680114 0.011997767857142858 0.0131550098662574