187 0.3999720982142857 0.776085050416484 0.005859375 0.005041648399824638
187 0.10379464285714286 0.8750548005260851 0.005859375 0.004822446295484437
187 0.38406808035714285 0.21898290223586148 0.0030691964285714285 0.00920648838228847
187 0.16517857142857142 0.0920648838228847 0.0030691964285714285 0.00920648838228847
187 0.11118861607142858 0.9381850065760632 0.0030691964285714285 0.00920648838228847
187 0.6960797991071429 0.8697939500219202 0.005719866071428571 0.004822446295484437
60 0.6690848214285714 0.24397194213064446 0.005859375 0.015344147303814117
196 0.6692243303571429 0.1968434896975011 0.011997767857142858 0.018851380973257344
190 0.6531808035714286 0.17667689609820253 0.006138392857142857 0.00920648838228847
194 0.6287667410714286 0.17678649715037265 0.011997767857142858 0.018632178868917142
180 0.6826869419642857 0.38842612889083733 0.0087890625 0.00920648838228847
183 0.64892578125 0.3077597544936431 0.004324776785714286 0.01797457255589654
32 0.63134765625 0.3028277071459886 0.008510044642857142 0.010740903112669882
189 0.5884486607142857 0.41111354669004824 0.006138392857142857 0.021262604120999562
179 0.5895647321428571 0.45769399386234105 0.008091517857142858 0.016659359929855327
189 0.5745675223214286 0.472818939061815 0.013532366071428572 0.008329679964927663
25 0.6002371651785714 0.3446953090749671 0.008231026785714286 0.011617711530030689
182 0.26534598214285715 0.3311047786058746 0.005859375 0.00898728627794827
177 0.26534598214285715 0.28408592722490134 0.005859375 0.01183691363437089
195 0.26534598214285715 0.2396975010960105 0.012276785714285714 0.019508987286277948
175 0.26534598214285715 0.20144673388864534 0.005859375 0.01183691363437089
188 0.26534598214285715 0.15398947829899168 0.01171875 0.006795265234546251
195 0.30678013392857145 0.43051293292415604 0.010881696428571428 0.01709776413853573
32 0.31947544642857145 0.4994519947391495 0.006975446428571429 0.013809732573432706
182 0.6958705357142857 0.7588776852257781 0.005859375 0.00920648838228847
192 0.6960797991071429 0.7906619903551074 0.012416294642857142 0.019289785181937746
102 0.6960797991071429 0.8267207365190706 0.005719866071428571 0.012494519947391494
119 0.6929408482142857 0.4904647084612012 0.011997767857142858 0.01731696624287593
119 0.6931501116071429 0.4074967119684349 0.011858258928571428 0.01841297676457694
175 0.6271623883928571 0.7264357737834283 0.008510044642857142 0.00920648838228847
119 0.5736607142857143 0.731477422183253 0.01171875 0.019289785181937746
195 0.5475027901785714 0.7266549758877685 0.012416294642857142 0.01972818939061815
192 0.6422293526785714 0.24035510740903113 0.012416294642857142 0.019508987286277948
187 0.6018415178571429 0.26128890837352037 0.0030691964285714285 0.00920648838228847
176 0.6422991071428571 0.28222270933800964 0.006138392857142857 0.013371328364752301
196 0.6422293526785714 0.32507672073651905 0.011579241071428572 0.018851380973257344
187 0.6287667410714286 0.38820692678649715 0.0030691964285714285 0.00920648838228847
60 0.5997488839285714 0.38809732573432704 0.008370535714285714 0.009425690486628672
192 0.3999720982142857 0.7472599736957475 0.011997767857142858 0.018851380973257344
182 0.3998325892857143 0.7118588338448049 0.006138392857142857 0.009425690486628672
177 0.4404296875 0.6843489697501096 0.009765625 0.008768084173608066
186 0.40018136160714285 0.6608943445857081 0.0068359375 0.011398509425690487
191 0.3999720982142857 0.6124506795265234 0.007533482142857143 0.01183691363437089
142 0.3999720982142857 0.5477860587461639 0.005859375 0.008768084173608066
175 0.6153738839285714 0.41527838667251205 0.005859375 0.012932924156071899
60 0.6051897321428571 0.472818939061815 0.008928571428571428 0.00920648838228847
14 0.6588309151785714 0.38820692678649715 0.009626116071428572 0.00920648838228847
119 0.6516462053571429 0.21427005699254714 0.010323660714285714 0.019070583077597545
192 0.3729771205357143 0.5348531345900921 0.0126953125 0.020166593599298552
142 0.37283761160714285 0.60861464270057 0.005998883928571429 0.009425690486628672
190 0.35986328125 0.6843489697501096 0.007114955357142857 0.008768084173608066
178 0.33363560267857145 0.6844585708022797 0.009905133928571428 0.00898728627794827
192 0.31919642857142855 0.4074967119684349 0.012555803571428572 0.01972818939061815
193 0.30496651785714285 0.38820692678649715 0.012276785714285714 0.019289785181937746
142 0.27559988839285715 0.38831652783866727 0.005719866071428571 0.009425690486628672
178 0.45382254464285715 0.7409031126698816 0.005859375 0.017536168347216132
175 0.45389229910714285 0.7931828145550197 0.005719866071428571 0.013371328364752301
32 0.4541713169642857 0.8353792196405085 0.006556919642857143 0.016659359929855327
192 0.46791294642857145 0.8535729943007453 0.011997767857142858 0.01841297676457694
142 0.49365234375 0.5998465585269619 0.005998883928571429 0.009425690486628672
14 0.5213448660714286 0.5574309513371328 0.008370535714285714 0.00920648838228847
191 0.39090401785714285 0.3459009206488382 0.008370535714285714 0.0131521262604121
193 0.41455078125 0.30370451556334943 0.012137276785714286 0.019070583077597545
119 0.4644252232142857 0.298882069267865 0.011160714285714286 0.018632178868917142
193 0.4945591517857143 0.3035949145111793 0.011997767857142858 0.018851380973257344
182 0.4169224330357143 0.26128890837352037 0.005998883928571429 0.009644892590968873
177 0.4424525669642857 0.2613985094256905 0.007393973214285714 0.009864094695309075
184 0.4727260044642857 0.25471284524331433 0.004324776785714286 0.02235861464270057
194 0.13065011160714285 0.6616615519508987 0.012137276785714286 0.019070583077597545
182 0.13065011160714285 0.60872424375274 0.005998883928571429 0.008768084173608066
194 0.17145647321428573 0.5997369574747917 0.012276785714285714 0.019289785181937746
178 0.14794921875 0.4725997369574748 0.009626116071428572 0.00920648838228847
179 0.17403738839285715 0.47073651907058306 0.0087890625 0.012932924156071899
32 0.19866071428571427 0.4718325295922841 0.010044642857142858 0.011179307321350284
188 0.26534598214285715 0.7075843928101709 0.011997767857142858 0.00920648838228847
191 0.26534598214285715 0.6713064445418676 0.006975446428571429 0.010740903112669882
192 0.26527622767857145 0.620670758439281 0.012416294642857142 0.019508987286277948
63 0.22698102678571427 0.5996273564226217 0.008370535714285714 0.00898728627794827
191 0.19747488839285715 0.5997369574747917 0.007952008928571428 0.012275317843051293
60 0.26527622767857145 0.740245506356861 0.005719866071428571 0.01578255151249452
190 0.26527622767857145 0.8374616396317405 0.004324776785714286 0.011179307321350284
185 0.2611607142857143 0.5416483998246383 0.014508928571428572 0.0070144673388864535
32 0.26576450892857145 0.4889302937308198 0.006696428571428571 0.015563349408154318
176 0.49623325892857145 0.47303814116615517 0.009486607142857142 0.00920648838228847
185 0.5558035714285714 0.46624287593160896 0.004464285714285714 0.022797018851380975
181 0.48067801339285715 0.6658263919333626 0.005719866071428571 0.016440157825515125
178 0.1845703125 0.6172731258220079 0.005859375 0.015344147303814117
195 0.18450055803571427 0.5773783428320912 0.012416294642857142 0.01972818939061815
142 0.18464006696428573 0.533757124068391 0.005998883928571429 0.008768084173608066
188 0.20389229910714285 0.5574309513371328 0.004603794642857143 0.012713722051731697
175 0.2525111607142857 0.5573213502849628 0.008928571428571428 0.00898728627794827
179 0.2783203125 0.5555677334502411 0.012276785714285714 0.012494519947391494
183 0.15499441964285715 0.7437527400263042 0.011439732142857142 0.007452871547566856
63 0.14027622767857142 0.6422621657167908 0.008231026785714286 0.00920648838228847
195 0.19866071428571427 0.6843489697501096 0.010602678571428572 0.016659359929855327
192 0.22565569196428573 0.6843489697501096 0.012137276785714286 0.019289785181937746
180 0.15764508928571427 0.6233011836913634 0.005859375 0.013371328364752301
63 0.15785435267857142 0.5012056115738711 0.005719866071428571 0.012494519947391494
192 0.15764508928571427 0.44980271810609385 0.011997767857142858 0.018851380973257344
178 0.173828125 0.38809732573432704 0.010323660714285714 0.00898728627794827
25 0.22502790178571427 0.38700131521262604 0.010044642857142858 0.011617711530030689
178 0.25111607142857145 0.38831652783866727 0.010323660714285714 0.00898728627794827
192 0.27859933035714285 0.472818939061815 0.011997767857142858 0.01841297676457694
32 0.34647042410714285 0.3685883384480491 0.006556919642857143 0.014248136782113108
175 0.29220145089285715 0.11584831214379658 0.005719866071428571 0.01731696624287593
196 0.27818080357142855 0.0920648838228847 0.011997767857142858 0.018851380973257344
183 0.24504743303571427 0.09633932485751863 0.004324776785714286 0.017755370451556333
60 0.22509765625 0.0920648838228847 0.0068359375 0.00920648838228847
195 0.19775390625 0.09217448487505481 0.010463169642857142 0.016001753616834723
102 0.29213169642857145 0.14982463831652784 0.005859375 0.016001753616834723
192 0.30650111607142855 0.26128890837352037 0.012276785714285714 0.019289785181937746
191 0.31912667410714285 0.32124068391056554 0.007672991071428571 0.012056115738711091
178 0.33523995535714285 0.3460105217010083 0.010044642857142858 0.00898728627794827
142 0.36697823660714285 0.17656729504603244 0.005719866071428571 0.009425690486628672
25 0.4278041294642857 0.20155633494081543 0.007393973214285714 0.013809732573432706
180 0.4267578125 0.23213502849627357 0.005859375 0.013590530469092503
175 0.5770786830357143 0.34579131959666815 0.007952008928571428 0.00898728627794827
177 0.5615234375 0.41264796142042964 0.005859375 0.014686540990793511
175 0.5614536830357143 0.4449802718106094 0.005998883928571429 0.016220955721174924
60 0.5616629464285714 0.5378123629986847 0.006138392857142857 0.012932924156071899
190 0.26527622767857145 0.4640508548882069 0.004603794642857143 0.010083296799649276
182 0.58837890625 0.493533537921964 0.005998883928571429 0.00898728627794827
32 0.10414341517857142 0.704296361245068 0.006556919642857143 0.015344147303814117
180 0.10365513392857142 0.6272468215694871 0.006138392857142857 0.012494519947391494
175 0.10379464285714286 0.584831214379658 0.005859375 0.012275317843051293
192 0.10379464285714286 0.5357299430074529 0.011997767857142858 0.018851380973257344
187 0.10379464285714286 0.49408154318281455 0.005859375 0.004822446295484437
194 0.11858258928571429 0.472818939061815 0.012276785714285714 0.019289785181937746
192 0.6554129464285714 0.5574309513371328 0.011997767857142858 0.01841297676457694
188 0.5958426339285714 0.5574309513371328 0.005301339285714286 0.014905743095133712
192 0.6691545758928571 0.45122753178430514 0.0126953125 0.01994739149495835
32 0.6549246651785714 0.4296361245067953 0.009347098214285714 0.01052170100832968
142 0.6240931919642857 0.43018412976764575 0.005719866071428571 0.009425690486628672
32 0.22391183035714285 0.1338228846996931 0.009486607142857142 0.010740903112669882
183 0.24434988839285715 0.1303156510302499 0.004324776785714286 0.017755370451556333
192 0.18450055803571427 0.1993643138974134 0.012137276785714286 0.019070583077597545
179 0.22872488839285715 0.21711968434896975 0.009347098214285714 0.012932924156071899
175 0.2504185267857143 0.21920210434020165 0.008370535714285714 0.00920648838228847
119 0.33335658482142855 0.21416045594037703 0.011579241071428572 0.018851380973257344
63 0.1845703125 0.23914949583516001 0.005859375 0.016220955721174924
119 0.18756975446428573 0.27805786935554583 0.011858258928571428 0.015563349408154318
180 0.18450055803571427 0.37297238053485315 0.005719866071428571 0.015563349408154318
175 0.18464006696428573 0.45133713283647525 0.005719866071428571 0.0131521262604121
184 0.5813337053571429 0.381521262604121 0.004464285714285714 0.02257781674704077
32 0.56201171875 0.5754055238930293 0.0068359375 0.014028934677772907
25 0.6037248883928571 0.6407277509864094 0.010463169642857142 0.01183691363437089
25 0.6808035714285714 0.6407277509864094 0.008370535714285714 0.011398509425690487
195 0.48067801339285715 0.7034195528277072 0.011300223214285714 0.018851380973257344
194 0.29227120535714285 0.4514467338886453 0.012276785714285714 0.019508987286277948
178 0.29248046875 0.36793073213502847 0.005719866071428571 0.016440157825515125
184 0.31494140625 0.252192021043402 0.014369419642857142 0.006795265234546251
186 0.5467354910714286 0.8531345900920649 0.007254464285714286 0.009644892590968873
190 0.6544363839285714 0.8535729943007453 0.005859375 0.01052170100832968
189 0.46602957589285715 0.8958790004384042 0.013532366071428572 0.00920648838228847
177 0.38504464285714285 0.8956597983340641 0.009207589285714286 0.00920648838228847
194 0.33133370535714285 0.8958790004384042 0.011997767857142858 0.01797457255589654