187 0.21554129464285715 0.17667689609820253 0.0030691964285714285 0.00920648838228847
187 0.6153738839285714 0.919552827707146 0.005859375 0.004822446295484437
187 0.1845703125 0.7908811924594477 0.005859375 0.004822446295484437
187 0.1416015625 0.5997369574747917 0.0030691964285714285 0.00920648838228847
187 0.23270089285714285 0.3035949145111793 0.0030691964285714285 0.00920648838228847
187 0.7230050223214286 0.12187637001315213 0.005719866071428571 0.004822446295484437
187 0.6691545758928571 0.22994300745287155 0.005719866071428571 0.004822446295484437
187 0.7499302455357143 0.10127137220517317 0.005719866071428571 0.004822446295484437
187 0.7230050223214286 0.9277729066199035 0.005719866071428571 0.005041648399824638
187 0.6393694196428571 0.6420429636124507 0.0030691964285714285 0.00920648838228847
187 0.6153738839285714 0.2507672073651907 0.005859375 0.004822446295484437
187 0.45382254464285715 0.9118807540552389 0.005859375 0.004822446295484437
187 0.6153738839285714 0.7069267864971504 0.005859375 0.004822446295484437
177 0.30789620535714285 0.3460105217010083 0.008091517857142858 0.00898728627794827
25 0.31849888392857145 0.2767426567295046 0.007254464285714286 0.014686540990793511
178 0.31898716517857145 0.24408154318281455 0.005998883928571429 0.016001753616834723
181 0.31912667410714285 0.1993643138974134 0.005719866071428571 0.012056115738711091
186 0.24944196428571427 0.17667689609820253 0.007533482142857143 0.010960105217010083
32 0.31954520089285715 0.3711091626479614 0.006556919642857143 0.017536168347216132
142 0.31884765625 0.3979614204296361 0.005719866071428571 0.00898728627794827
14 0.3067103794642857 0.5151249451994739 0.0087890625 0.008768084173608066
192 0.27818080357142855 0.5151249451994739 0.011997767857142858 0.01797457255589654
32 0.24888392857142858 0.5144673388864534 0.010323660714285714 0.011398509425690487
102 0.22160993303571427 0.5151249451994739 0.008510044642857142 0.008768084173608066
189 0.19719587053571427 0.5151249451994739 0.013532366071428572 0.008329679964927663
32 0.16803850446428573 0.5139193336256028 0.010463169642857142 0.011179307321350284
32 0.5779157366071429 0.8530249890398948 0.009626116071428572 0.011179307321350284
187 0.5479910714285714 0.8535729943007453 0.0030691964285714285 0.00920648838228847
63 0.6154436383928571 0.828255151249452 0.005998883928571429 0.013809732573432706
185 0.5691964285714286 0.7333406400701447 0.004464285714285714 0.02257781674704077
176 0.6422293526785714 0.7112012275317843 0.005719866071428571 0.012494519947391494
183 0.6396484375 0.6265892152564665 0.011439732142857142 0.006795265234546251
194 0.7103794642857143 0.3459009206488382 0.012834821428571428 0.020166593599298552
184 0.6487165178571429 0.31017097764138535 0.004464285714285714 0.022797018851380975
63 0.6338588169642857 0.30370451556334943 0.008231026785714286 0.00898728627794827
196 0.6012834821428571 0.3035949145111793 0.011997767857142858 0.01841297676457694
14 0.6962193080357143 0.35872424375274004 0.005998883928571429 0.014686540990793511
185 0.7002650669642857 0.49101271372205174 0.014369419642857142 0.0070144673388864535
194 0.6960797991071429 0.5363875493204735 0.011858258928571428 0.018851380973257344
142 0.23849051339285715 0.3180622533976326 0.005998883928571429 0.008768084173608066
185 0.24937220982142858 0.29712845243314334 0.004324776785714286 0.02257781674704077
14 0.23842075892857142 0.40124945199473916 0.005859375 0.013809732573432706
196 0.23842075892857142 0.4953967558088558 0.011997767857142858 0.018851380973257344
63 0.23835100446428573 0.5309074967119685 0.005998883928571429 0.012275317843051293
179 0.3310546875 0.5555677334502411 0.009765625 0.012494519947391494
186 0.6798967633928571 0.4731477422183253 0.007393973214285714 0.011179307321350284
177 0.7338169642857143 0.47303814116615517 0.008649553571428572 0.00920648838228847
142 0.6692243303571429 0.5866944322665497 0.006138392857142857 0.009864094695309075
175 0.6691545758928571 0.6620999561595792 0.005719866071428571 0.014686540990793511
180 0.6691545758928571 0.7080227970188514 0.005719866071428571 0.014028934677772907
180 0.20145089285714285 0.7265453748355984 0.008091517857142858 0.009425690486628672
195 0.19866071428571427 0.7689609820254274 0.011997767857142858 0.01841297676457694
177 0.2811802455357143 0.7688513809732573 0.008231026785714286 0.00898728627794827
60 0.30245535714285715 0.7687417799210873 0.009486607142857142 0.009644892590968873
193 0.1845703125 0.7036387549320473 0.012555803571428572 0.01972818939061815
193 0.1845703125 0.6624287593160895 0.012834821428571428 0.020166593599298552
193 0.18450055803571427 0.45056992547128455 0.012416294642857142 0.019508987286277948
195 0.18450055803571427 0.4089215256466462 0.012137276785714286 0.019070583077597545
195 0.23835100446428573 0.7462735642262166 0.010184151785714286 0.016440157825515125
185 0.23416573660714285 0.6165059184568172 0.014369419642857142 0.006795265234546251
32 0.22300502232142858 0.5990793511617711 0.0087890625 0.010083296799649276
119 0.19642857142857142 0.6046690048224463 0.010323660714285714 0.019070583077597545
183 0.22698102678571427 0.4345681718544498 0.004464285714285714 0.01819377466023674
178 0.58837890625 0.32321350284962735 0.005719866071428571 0.014686540990793511
193 0.6023995535714286 0.2613985094256905 0.011997767857142858 0.018632178868917142
191 0.5985630580357143 0.3460105217010083 0.007672991071428571 0.012056115738711091
188 0.6602260044642857 0.3459009206488382 0.004603794642857143 0.014905743095133712
188 0.58837890625 0.2335598421744849 0.011021205357142858 0.007233669443226655
183 0.6027483258928571 0.1302060499780798 0.004324776785714286 0.017536168347216132
182 0.625 0.13448049101271373 0.005859375 0.009425690486628672
184 0.6612025669642857 0.12779482683033758 0.004324776785714286 0.02235861464270057
187 0.6826171875 0.1343708899605436 0.0030691964285714285 0.00920648838228847
183 0.3164760044642857 0.7493423936869794 0.011300223214285714 0.006795265234546251
102 0.2788783482142857 0.7265453748355984 0.008649553571428572 0.00898728627794827
178 0.31905691964285715 0.8690267426567295 0.005859375 0.016440157825515125
187 0.3325892857142857 0.8958790004384042 0.0030691964285714285 0.00920648838228847
176 0.41580636160714285 0.8960982025427444 0.0087890625 0.00920648838228847
191 0.4398716517857143 0.8958790004384042 0.008370535714285714 0.0131521262604121
32 0.25306919642857145 0.5989697501096011 0.010044642857142858 0.010740903112669882
102 0.23828125 0.19070583077597544 0.005859375 0.014905743095133712
186 0.26534598214285715 0.45056992547128455 0.006975446428571429 0.011617711530030689
193 0.26527622767857145 0.5373739587900044 0.011858258928571428 0.019070583077597545
60 0.6845703125 0.17667689609820253 0.010323660714285714 0.00920648838228847
175 0.6263950892857143 0.2615081104778606 0.010044642857142858 0.00920648838228847
32 0.7076590401785714 0.2604120999561596 0.009068080357142858 0.01052170100832968
184 0.6732700892857143 0.27016659359929857 0.014508928571428572 0.007233669443226655
180 0.6826869419642857 0.3459009206488382 0.008231026785714286 0.00920648838228847
180 0.5615931919642857 0.879329241560719 0.005998883928571429 0.013809732573432706
142 0.5794503348214286 0.8963174046470846 0.005719866071428571 0.00920648838228847
194 0.5479910714285714 0.8958790004384042 0.011997767857142858 0.01841297676457694
181 0.5615234375 0.8281455501972819 0.005859375 0.01183691363437089
188 0.5614536830357143 0.8001972818939062 0.009905133928571428 0.0076720736519070585
195 0.5762416294642857 0.5574309513371328 0.011021205357142858 0.01709776413853573
191 0.7135881696428571 0.1343708899605436 0.007254464285714286 0.011398509425690487
184 0.70166015625 0.9025646646207803 0.004324776785714286 0.02257781674704077
193 0.6824776785714286 0.8958790004384042 0.012834821428571428 0.020166593599298552
32 0.6570172991071429 0.8951117930732135 0.010184151785714286 0.011179307321350284
180 0.7230050223214286 0.8751644015782551 0.005719866071428571 0.013371328364752301
189 0.7230050223214286 0.8319815870232354 0.007672991071428571 0.021262604120999562
119 0.7199358258928571 0.7893467777290663 0.012137276785714286 0.01797457255589654
192 0.7230050223214286 0.7038579570363875 0.012416294642857142 0.019289785181937746
182 0.7230747767857143 0.6540990793511617 0.006138392857142857 0.00920648838228847
184 0.7034737723214286 0.6486190267426567 0.004324776785714286 0.022797018851380975
14 0.6570870535714286 0.6419333625602806 0.009765625 0.00898728627794827
14 0.72314453125 0.20254274441034634 0.005998883928571429 0.01183691363437089
119 0.14418247767857142 0.7218325295922841 0.010184151785714286 0.018851380973257344
187 0.17103794642857142 0.7266549758877685 0.0030691964285714285 0.00920648838228847
188 0.7499302455357143 0.3166374397194213 0.0107421875 0.008110477860587462
194 0.7499302455357143 0.41078474353353794 0.011579241071428572 0.018851380973257344
180 0.7340959821428571 0.4307321350284963 0.009486607142857142 0.00920648838228847
187 0.7230050223214286 0.49408154318281455 0.005719866071428571 0.004822446295484437
183 0.7257254464285714 0.5297018851380974 0.011160714285714286 0.006795265234546251
63 0.3729771205357143 0.6580447172292854 0.005719866071428571 0.013590530469092503
186 0.3729771205357143 0.708680403331872 0.006277901785714286 0.01183691363437089
102 0.3378208705357143 0.7688513809732573 0.008510044642857142 0.00898728627794827
25 0.36314174107142855 0.7278605874616396 0.008091517857142858 0.011179307321350284
193 0.33238002232142855 0.7266549758877685 0.012137276785714286 0.019289785181937746
190 0.373046875 0.5382507672073652 0.005859375 0.006795265234546251
191 0.373046875 0.49605436212187637 0.0078125 0.012275317843051293
189 0.3321010044642857 0.43051293292415604 0.013532366071428572 0.00920648838228847
102 0.30301339285714285 0.43062253397632616 0.008370535714285714 0.00898728627794827
142 0.6588309151785714 0.2615081104778606 0.005719866071428571 0.009644892590968873
119 0.6184430803571429 0.3222270933800965 0.012276785714285714 0.01841297676457694
63 0.22091238839285715 0.3460105217010083 0.009905133928571428 0.00898728627794827
178 0.17194475446428573 0.6420429636124507 0.008510044642857142 0.008768084173608066
60 0.7497907366071429 0.4991231915826392 0.005998883928571429 0.012713722051731697
25 0.7333286830357143 0.6431389741341517 0.008510044642857142 0.012275317843051293
194 0.5076032366071429 0.7918676019289785 0.012137276785714286 0.019070583077597545
183 0.51025390625 0.8405304690925033 0.011300223214285714 0.006795265234546251
182 0.6349051339285714 0.8536825953529154 0.006138392857142857 0.009425690486628672
102 0.49609375 0.7689609820254274 0.008091517857142858 0.008768084173608066
183 0.4164341517857143 0.7731258220078913 0.004464285714285714 0.01797457255589654
192 0.15764508928571427 0.6624287593160895 0.011997767857142858 0.018851380973257344
188 0.45382254464285715 0.8803156510302499 0.009207589285714286 0.00920648838228847
187 0.45382254464285715 0.7900043840420868 0.005859375 0.004822446295484437
176 0.45375279017857145 0.7536168347216133 0.005719866071428571 0.014905743095133712
194 0.46763392857142855 0.7266549758877685 0.011997767857142858 0.018851380973257344
14 0.45375279017857145 0.7026523454625164 0.005719866071428571 0.013809732573432706
183 0.451171875 0.654318281455502 0.011439732142857142 0.0070144673388864535
195 0.45382254464285715 0.5778167470407716 0.011997767857142858 0.018851380973257344
188 0.43798828125 0.5574309513371328 0.004324776785714286 0.012275317843051293
175 0.3833705357142857 0.5574309513371328 0.009207589285714286 0.008768084173608066
195 0.15764508928571427 0.5803375712406839 0.012555803571428572 0.019508987286277948
14 0.15750558035714285 0.5411003945637878 0.005859375 0.014686540990793511
187 0.15764508928571427 0.4517755370451556 0.005859375 0.004822446295484437
14 0.6421595982142857 0.8779044278825077 0.005580357142857143 0.0131521262604121
186 0.2924107142857143 0.36530030688294607 0.006696428571428571 0.011617711530030689
195 0.29220145089285715 0.32332310390179747 0.0107421875 0.01709776413853573
188 0.6422293526785714 0.8281455501972819 0.009905133928571428 0.008329679964927663