187 0.11969866071428571 0.9381850065760632 0.0030691964285714285 0.00920648838228847
187 0.7456752232142857 0.8958790004384042 0.0030691964285714285 0.00920648838228847
187 0.32212611607142855 0.3035949145111793 0.0030691964285714285 0.00920648838228847
187 0.6422991071428571 0.4961639631740465 0.005859375 0.005041648399824638
187 0.12625558035714285 0.43051293292415604 0.0030691964285714285 0.00920648838228847
187 0.10811941964285714 0.0920648838228847 0.0030691964285714285 0.00920648838228847
187 0.15764508928571427 0.6593599298553267 0.005859375 0.004822446295484437
187 0.21149553571428573 0.5081104778605875 0.005859375 0.004822446295484437
25 0.7089146205357143 0.8547786058746164 0.007952008928571428 0.011179307321350284
195 0.54736328125 0.8535729943007453 0.010463169642857142 0.016220955721174924
186 0.6848493303571429 0.7266549758877685 0.0078125 0.010960105217010083
189 0.6553431919642857 0.7266549758877685 0.013532366071428572 0.010960105217010083
189 0.6285574776785714 0.7266549758877685 0.013532366071428572 0.010083296799649276
192 0.6005859375 0.7266549758877685 0.012276785714285714 0.019289785181937746
32 0.5793805803571429 0.7256685664182376 0.010044642857142858 0.010740903112669882
142 0.26541573660714285 0.44004822446295483 0.005998883928571429 0.00898728627794827
60 0.2821568080357143 0.4727093380096449 0.009626116071428572 0.00898728627794827
177 0.22523716517857142 0.38820692678649715 0.008510044642857142 0.009644892590968873
63 0.26527622767857145 0.5294826830337571 0.005998883928571429 0.013809732573432706
186 0.30322265625 0.5574309513371328 0.007393973214285714 0.009644892590968873
194 0.33272879464285715 0.5574309513371328 0.012276785714285714 0.019289785181937746
188 0.48074776785714285 0.7798114861902674 0.008649553571428572 0.0076720736519070585
176 0.48067801339285715 0.8770276194651468 0.005719866071428571 0.012713722051731697
32 0.48130580357142855 0.9219640508548882 0.006975446428571429 0.0131521262604121
185 0.47642299107142855 0.7357518632178869 0.014229910714285714 0.006795265234546251
192 0.412109375 0.5574309513371328 0.011997767857142858 0.018851380973257344
182 0.38113839285714285 0.5575405523893029 0.005859375 0.009425690486628672
177 0.11572265625 0.6419333625602806 0.009905133928571428 0.00898728627794827
175 0.10386439732142858 0.48794388426128893 0.005719866071428571 0.016220955721174924
179 0.11530412946428571 0.4709557211749233 0.009347098214285714 0.012494519947391494
194 0.3056640625 0.7689609820254274 0.011997767857142858 0.01841297676457694
196 0.29227120535714285 0.8749451994739149 0.012276785714285714 0.019508987286277948
175 0.25516183035714285 0.938075405523893 0.007254464285714286 0.00898728627794827
193 0.22467912946428573 0.938075405523893 0.012137276785714286 0.019070583077597545
183 0.17661830357142858 0.9423498465585269 0.004185267857142857 0.017536168347216132
119 0.30050223214285715 0.8486409469530908 0.010602678571428572 0.019070583077597545
195 0.36000279017857145 0.8535729943007453 0.0107421875 0.016659359929855327
187 0.41336495535714285 0.8535729943007453 0.0030691964285714285 0.00920648838228847
32 0.46323939732142855 0.8526961858833845 0.010184151785714286 0.010960105217010083
192 0.48067801339285715 0.2844147303814117 0.0126953125 0.01994739149495835
190 0.45919363839285715 0.3035949145111793 0.004324776785714286 0.010960105217010083
195 0.4131556919642857 0.3035949145111793 0.011021205357142858 0.017536168347216132
196 0.3853236607142857 0.3035949145111793 0.011997767857142858 0.018851380973257344
179 0.4795619419642857 0.14949583516001755 0.007952008928571428 0.016220955721174924
182 0.4808872767857143 0.12450679526523455 0.005859375 0.008768084173608066
182 0.48074776785714285 0.32156948706707583 0.006138392857142857 0.008768084173608066
195 0.48067801339285715 0.3683691363437089 0.012137276785714286 0.019070583077597545
14 0.48074776785714285 0.4131959666812801 0.005859375 0.012275317843051293
181 0.5205078125 0.43051293292415604 0.010602678571428572 0.008768084173608066
178 0.34605189732142855 0.3261727312582201 0.005719866071428571 0.016659359929855327
119 0.22649274553571427 0.4353353792196405 0.010463169642857142 0.01841297676457694
180 0.34598214285714285 0.36179307321350285 0.005859375 0.013809732573432706
190 0.34605189732142855 0.4545155633494082 0.004603794642857143 0.0076720736519070585
14 0.34619140625 0.4886014905743095 0.005998883928571429 0.0131521262604121
142 0.45382254464285715 0.876150811047786 0.005859375 0.008768084173608066
189 0.45375279017857145 0.7883603682595353 0.007114955357142857 0.021262604120999562
187 0.45382254464285715 0.7476983779044278 0.005859375 0.004822446295484437
182 0.5007672991071429 0.8537921964050855 0.005998883928571429 0.009644892590968873
183 0.5049525669642857 0.8441473038141166 0.011300223214285714 0.0070144673388864535
186 0.5208565848214286 0.8110477860587462 0.007952008928571428 0.009644892590968873
189 0.54833984375 0.8112669881630864 0.013532366071428572 0.012275317843051293
25 0.5622907366071429 0.8285839544059623 0.007393973214285714 0.013590530469092503
191 0.6153041294642857 0.6639631740464709 0.007952008928571428 0.012275317843051293
32 0.6157924107142857 0.5775975449364313 0.006696428571428571 0.016659359929855327
179 0.6259068080357143 0.8092941692240245 0.011858258928571428 0.012713722051731697
178 0.6573660714285714 0.8110477860587462 0.008649553571428572 0.00920648838228847
142 0.6779436383928571 0.8958790004384042 0.005440848214285714 0.00920648838228847
187 0.7095424107142857 0.8958790004384042 0.0030691964285714285 0.00920648838228847
119 0.6800362723214286 0.4778605874616396 0.011858258928571428 0.018851380973257344
195 0.7230747767857143 0.11113546690048225 0.011997767857142858 0.018851380973257344
175 0.7126116071428571 0.0918456817185445 0.009486607142857142 0.00920648838228847
119 0.6837332589285714 0.09699693117053924 0.011997767857142858 0.019070583077597545
142 0.6233258928571429 0.0920648838228847 0.005580357142857143 0.00920648838228847
194 0.6007254464285714 0.0920648838228847 0.012276785714285714 0.019289785181937746
196 0.68212890625 0.30370451556334943 0.012137276785714286 0.019070583077597545
119 0.6033063616071429 0.30863656291100394 0.010463169642857142 0.018851380973257344
192 0.58837890625 0.28046909250328805 0.012416294642857142 0.019508987286277948
102 0.5788922991071429 0.2615081104778606 0.009905133928571428 0.00920648838228847
192 0.5469447544642857 0.26128890837352037 0.012416294642857142 0.01972818939061815
184 0.5387137276785714 0.27192021043402015 0.014369419642857142 0.006795265234546251
178 0.5345284598214286 0.8805348531345901 0.005719866071428571 0.0131521262604121
32 0.6023995535714286 0.8950021920210434 0.009486607142857142 0.01052170100832968
185 0.6195591517857143 0.909798334064007 0.014229910714285714 0.006795265234546251
181 0.6307198660714286 0.938075405523893 0.009207589285714286 0.00898728627794827
195 0.19852120535714285 0.43062253397632616 0.011997767857142858 0.018632178868917142
179 0.18568638392857142 0.45352915387987724 0.008091517857142858 0.015344147303814117
182 0.18450055803571427 0.485861464270057 0.005998883928571429 0.008548882069267865
192 0.1845703125 0.5364971503726436 0.012834821428571428 0.01994739149495835
176 0.46358816964285715 0.8960982025427444 0.010044642857142858 0.009644892590968873
176 0.49434988839285715 0.8113765892152565 0.007952008928571428 0.00898728627794827
184 0.50341796875 0.6976106970626919 0.014369419642857142 0.006795265234546251
186 0.5723353794642857 0.6420429636124507 0.007393973214285714 0.01052170100832968
192 0.39990234375 0.3263919333625603 0.0126953125 0.01972818939061815
191 0.39990234375 0.35872424375274004 0.007672991071428571 0.012056115738711091
180 0.3999720982142857 0.4073871109162648 0.005859375 0.013371328364752301
177 0.3999720982142857 0.4957255589653661 0.005859375 0.012932924156071899
14 0.38309151785714285 0.34579131959666815 0.0078125 0.009425690486628672
180 0.3617466517857143 0.3460105217010083 0.008928571428571428 0.00898728627794827
195 0.6153041294642857 0.11431389741341517 0.010463169642857142 0.016440157825515125
32 0.6155831473214286 0.1579351161771153 0.006556919642857143 0.016440157825515125
186 0.615234375 0.23882069267864972 0.006696428571428571 0.012056115738711091
178 0.49169921875 0.2615081104778606 0.010184151785714286 0.00920648838228847
177 0.23842075892857142 0.4518851380973257 0.005859375 0.012494519947391494
183 0.24107142857142858 0.4875054800526085 0.011160714285714286 0.0070144673388864535
186 0.23876953125 0.5339763261727313 0.0068359375 0.011398509425690487
175 0.24881417410714285 0.5572117492327926 0.010463169642857142 0.00920648838228847
193 0.6422293526785714 0.44980271810609385 0.011579241071428572 0.018851380973257344
183 0.6395786830357143 0.32584392810170976 0.011300223214285714 0.006795265234546251
192 0.6422991071428571 0.2805786935554581 0.011997767857142858 0.018851380973257344
176 0.18443080357142858 0.3165278386672512 0.005859375 0.015344147303814117
25 0.18526785714285715 0.3586146427005699 0.007533482142857143 0.015344147303814117
192 0.14285714285714285 0.43051293292415604 0.011997767857142858 0.018851380973257344
182 0.1845703125 0.20714598860149058 0.005859375 0.00920648838228847
177 0.18450055803571427 0.11212187637001315 0.005719866071428571 0.011179307321350284
177 0.16845703125 0.0920648838228847 0.009068080357142858 0.00920648838228847
189 0.09061104910714286 0.38820692678649715 0.013532366071428572 0.010083296799649276
182 0.16350446428571427 0.4729285401139851 0.005859375 0.009425690486628672
189 0.373046875 0.4919991231915826 0.005859375 0.021262604120999562
178 0.36070033482142855 0.4724901359053047 0.010463169642857142 0.009425690486628672
189 0.33168247767857145 0.472818939061815 0.013532366071428572 0.00920648838228847
187 0.3056640625 0.472818939061815 0.0030691964285714285 0.00920648838228847
176 0.373046875 0.4482683033757124 0.005859375 0.012275317843051293
25 0.37227957589285715 0.3719859710653222 0.007393973214285714 0.01183691363437089
175 0.373046875 0.3302279701885138 0.005859375 0.012494519947391494
191 0.13071986607142858 0.20626918018412976 0.006975446428571429 0.010960105217010083
176 0.14446149553571427 0.30370451556334943 0.008510044642857142 0.00898728627794827
180 0.17438616071428573 0.3455721174923279 0.009486607142857142 0.009425690486628672
182 0.20424107142857142 0.34612012275317844 0.005859375 0.00920648838228847
181 0.21142578125 0.36245067952652343 0.005719866071428571 0.013809732573432706
180 0.21149553571428573 0.407606313020605 0.005859375 0.014248136782113108
184 0.1533203125 0.6320692678649715 0.014229910714285714 0.006795265234546251
192 0.15764508928571427 0.535949145111793 0.012276785714285714 0.019289785181937746
179 0.64111328125 0.8364752301622096 0.008231026785714286 0.01841297676457694
60 0.6422293526785714 0.6628671635247698 0.005719866071428571 0.016220955721174924
182 0.16622488839285715 0.30370451556334943 0.005440848214285714 0.009425690486628672
175 0.5504324776785714 0.9381850065760632 0.010184151785714286 0.00920648838228847
181 0.5615234375 0.7539456378781236 0.005859375 0.016878562034195528
192 0.5614536830357143 0.3682595352915388 0.012416294642857142 0.01972818939061815
25 0.5723353794642857 0.47150372643577376 0.009905133928571428 0.01183691363437089
180 0.5614536830357143 0.3313239807102148 0.005998883928571429 0.015124945199473916
195 0.49302455357142855 0.3459009206488382 0.010602678571428572 0.016659359929855327
32 0.41517857142857145 0.3449145111793073 0.010602678571428572 0.011179307321350284
63 0.34619140625 0.7949364313897413 0.005719866071428571 0.016878562034195528
32 0.34647042410714285 0.7547128452433144 0.006556919642857143 0.012713722051731697
181 0.34598214285714285 0.7073651907058308 0.005859375 0.016659359929855327
195 0.30440848214285715 0.6420429636124507 0.010602678571428572 0.016659359929855327
190 0.22621372767857142 0.6420429636124507 0.0068359375 0.009644892590968873
102 0.17459542410714285 0.6418237615081105 0.010463169642857142 0.00920648838228847
195 0.14467075892857142 0.8535729943007453 0.010602678571428572 0.016659359929855327
185 0.22474888392857142 0.8468873301183691 0.004464285714285714 0.02257781674704077
142 0.3192661830357143 0.8020604997807979 0.005998883928571429 0.009644892590968873
119 0.12751116071428573 0.6243971942130645 0.011997767857142858 0.016001753616834723
188 0.13071986607142858 0.5811047786058746 0.009207589285714286 0.00920648838228847
142 0.2652064732142857 0.3623410784743534 0.006138392857142857 0.008768084173608066
193 0.2509765625 0.30370451556334943 0.011997767857142858 0.018632178868917142
195 0.22440011160714285 0.30370451556334943 0.0107421875 0.016878562034195528
63 0.20277622767857142 0.3035949145111793 0.009905133928571428 0.00920648838228847
182 0.5884486607142857 0.4843270495396756 0.005859375 0.00898728627794827
142 0.5885184151785714 0.40004384042086805 0.005998883928571429 0.008768084173608066
119 0.5853097098214286 0.3322007891275756 0.011858258928571428 0.016001753616834723
14 0.5884486607142857 0.5294826830337571 0.005859375 0.014686540990793511
186 0.5771484375 0.5575405523893029 0.006975446428571429 0.010740903112669882
181 0.5242745535714286 0.5573213502849628 0.008370535714285714 0.00898728627794827
190 0.4921177455357143 0.5574309513371328 0.004324776785714286 0.009644892590968873