187 0.5077427455357143 0.424906818680114 0.004603794642857143 0.013593510195132646
187 0.208984375 0.48015786011839506 0.008649553571428572 0.007016005262003947
187 0.30057198660714285 0.8625301468976102 0.004603794642857143 0.013593510195132646
187 0.2601841517857143 0.36242052181539136 0.004464285714285714 0.013593510195132646
187 0.23081752232142858 0.11247533435650077 0.004603794642857143 0.013593510195132646
187 0.5272042410714286 0.6562157421618067 0.008649553571428572 0.007016005262003947
187 0.5669642857142857 0.9110940583205437 0.008649553571428572 0.00723525542644157
187 0.41434151785714285 0.29993422495066874 0.004464285714285714 0.013593510195132646
187 0.208984375 0.722977417233063 0.008649553571428572 0.00723525542644157
187 0.2885044642857143 0.6820872615654462 0.008649553571428572 0.007016005262003947
178 0.5530831473214286 0.4247971935978952 0.014090401785714286 0.013374260030695024
176 0.5672433035714286 0.3298618723964043 0.008370535714285714 0.020828765621574215
175 0.5669642857142857 0.27208945406709056 0.008370535714285714 0.0197325147993861
182 0.5011858258928571 0.2378864284148213 0.008510044642857142 0.013593510195132646
192 0.42613002232142855 0.23733830300372724 0.017717633928571428 0.027844770883578163
191 0.39327566964285715 0.23744792808594606 0.012276785714285714 0.019294014470510854
193 0.10770089285714286 0.424906818680114 0.018136160714285716 0.02850252137689103
60 0.20905412946428573 0.3880727910545933 0.008510044642857142 0.020609515457136594
182 0.208984375 0.3345757509318132 0.008649553571428572 0.013593510195132646
192 0.34744698660714285 0.8624205218153914 0.017996651785714284 0.028283271212453408
188 0.3680943080357143 0.39618504713878533 0.016880580357142856 0.012716509537382154
119 0.34849330357142855 0.36976540232405175 0.013392857142857142 0.027844770883578163
14 0.3046177455357143 0.3627493970620478 0.014927455357142858 0.013374260030695024
187 0.646484375 0.1437184827888621 0.008649553571428572 0.00723525542644157
25 0.6478794642857143 0.20302565226923922 0.011160714285714286 0.021486516114887087
187 0.6266043526785714 0.29993422495066874 0.004603794642857143 0.013593510195132646
181 0.5886579241071429 0.17507125630344222 0.013532366071428572 0.01381276035957027
60 0.5022321428571429 0.1749616312212234 0.012276785714285714 0.0131550098662574
142 0.5788922991071429 0.362639771979829 0.0087890625 0.014032010524007894
183 0.5892857142857143 0.43115544836658626 0.006417410714285714 0.026090769568077175
184 0.6402064732142857 0.3442227581670686 0.020926339285714284 0.01052400789300592
192 0.6067243303571429 0.20434115325586494 0.018136160714285716 0.02850252137689103
185 0.5555943080357143 0.1221223415917562 0.006277901785714286 0.03332602499451875
192 0.12953404017857142 0.7067529050646788 0.019112723214285716 0.030037272527954396
195 0.12946428571428573 0.642622231966674 0.016462053571428572 0.02587151940363955
60 0.15366908482142858 0.6749616312212234 0.014927455357142858 0.013374260030695024
179 0.1708984375 0.7664985748739311 0.011997767857142858 0.02499451874588906
175 0.18715122767857142 0.7999342249506687 0.011579241071428572 0.013374260030695024
178 0.26722935267857145 0.6749616312212234 0.015206473214285714 0.013374260030695024
187 0.32833426339285715 0.7062047796535847 0.008510044642857142 0.007016005262003947
182 0.29966517857142855 0.6752905064678798 0.008370535714285714 0.01447051085288314
187 0.22893415178571427 0.6749616312212234 0.004464285714285714 0.013374260030695024
190 0.15987723214285715 0.17485200613900462 0.008649553571428572 0.012935759701819776
193 0.26981026785714285 0.1749616312212234 0.018694196428571428 0.029379522034641527
192 0.32833426339285715 0.14262223196667398 0.017996651785714284 0.028283271212453408
182 0.39634486607142855 0.11247533435650077 0.008370535714285714 0.013593510195132646
193 0.4476841517857143 0.8310677483008112 0.018136160714285716 0.028721771541328656
63 0.42710658482142855 0.7374479280859461 0.014090401785714286 0.014251260688445516
192 0.46805245535714285 0.6123657092742819 0.018415178571428572 0.02894102170576628
191 0.42640904017857145 0.7999342249506687 0.010463169642857142 0.01644376233282175
189 0.3861607142857143 0.7999342249506687 0.020089285714285716 0.01644376233282175
188 0.3505859375 0.7999342249506687 0.006417410714285714 0.02565226923920193
194 0.24874441964285715 0.20620477965358475 0.017299107142857144 0.027844770883578163
63 0.2294921875 0.2377768033326025 0.012276785714285714 0.01381276035957027
187 0.6067243303571429 0.518636263977198 0.008649553571428572 0.00723525542644157
176 0.60693359375 0.39837754878316156 0.009068080357142858 0.02236351677263758
182 0.5 0.5498794124095593 0.008370535714285714 0.013593510195132646
185 0.41964285714285715 0.5596360447270335 0.006417410714285714 0.03354527515895637
192 0.16922433035714285 0.5194036395527296 0.018415178571428572 0.02894102170576628
196 0.16922433035714285 0.6441569831177374 0.018415178571428572 0.02894102170576628
60 0.18631417410714285 0.675180881385661 0.012137276785714286 0.01381276035957027
63 0.5272042410714286 0.5090988818241614 0.008649553571428572 0.020171015128261346
193 0.11042131696428571 0.5499890374917781 0.017996651785714284 0.028283271212453408
189 0.08970424107142858 0.2658408243806183 0.010881696428571428 0.031352773514580136
192 0.08970424107142858 0.20412190309142733 0.018415178571428572 0.02894102170576628
192 0.6863141741071429 0.1418548563911423 0.018275669642857144 0.02850252137689103
179 0.6714564732142857 0.11455821091865818 0.013671875 0.019513264634948475
181 0.5925641741071429 0.11247533435650077 0.013253348214285714 0.013593510195132646
192 0.6647600446428571 0.48739311554483666 0.018415178571428572 0.02894102170576628
182 0.6340680803571429 0.48717386538039903 0.008370535714285714 0.013593510195132646
180 0.5673130580357143 0.8355623766717825 0.008510044642857142 0.022802017101512827
177 0.5501534598214286 0.8000438500328875 0.015764508928571428 0.013593510195132646
175 0.5046037946428571 0.8620916465687349 0.011439732142857142 0.013593510195132646
177 0.38643973214285715 0.862639771979829 0.011160714285714286 0.013374260030695024
102 0.5671037946428571 0.7655119491339618 0.008649553571428572 0.022582766937075203
178 0.46937779017857145 0.6749616312212234 0.013811383928571428 0.013374260030695024
181 0.42661830357142855 0.6752905064678798 0.011439732142857142 0.014032010524007894
189 0.3475864955357143 0.6749616312212234 0.019949776785714284 0.011620258715194036
175 0.40806361607142855 0.713001534751151 0.008649553571428572 0.02367901775926332
32 0.40883091517857145 0.6382372286779215 0.009905133928571428 0.02455601841701381
195 0.40792410714285715 0.5810129357597018 0.017299107142857144 0.028064021048015787
194 0.40785435267857145 0.20686253014689762 0.017438616071428572 0.027844770883578163
175 0.31612723214285715 0.11269458452093839 0.012276785714285714 0.013593510195132646
189 0.2676478794642857 0.11247533435650077 0.019949776785714284 0.01710151282613462
190 0.31298828125 0.23744792808594606 0.009068080357142858 0.010085507564130673
14 0.39208984375 0.30037272527954395 0.012416294642857142 0.013593510195132646
195 0.48744419642857145 0.26562157421618066 0.017857142857142856 0.028283271212453408
192 0.5078822544642857 0.29993422495066874 0.017717633928571428 0.02762552071914054
183 0.5416434151785714 0.29368559526419646 0.006277901785714286 0.026090769568077175
175 0.34361049107142855 0.17507125630344222 0.013392857142857142 0.013374260030695024
193 0.15059988839285715 0.7374479280859461 0.018275669642857144 0.028721771541328656
32 0.13002232142857142 0.3892786669590002 0.009765625 0.019951764963823723
32 0.48800223214285715 0.13144047358035518 0.009765625 0.022144266608199955