187 0.6259765625 0.9250164437623328 0.004464285714285714 0.013593510195132646
187 0.16922433035714285 0.6049112036834028 0.008649553571428572 0.007016005262003947
187 0.5272042410714286 0.12924797193597895 0.008649553571428572 0.00723525542644157
187 0.08970424107142858 0.13505810129357598 0.008649553571428572 0.007016005262003947
187 0.27197265625 0.7375575531681648 0.004603794642857143 0.013593510195132646
187 0.32833426339285715 0.8730541547906161 0.008510044642857142 0.007016005262003947
192 0.46840122767857145 0.5498794124095593 0.017717633928571428 0.02718702039026529
142 0.46888950892857145 0.4872834904626179 0.008649553571428572 0.01381276035957027
102 0.42752511160714285 0.5499890374917781 0.014927455357142858 0.013374260030695024
183 0.41183035714285715 0.6399912299934225 0.016741071428571428 0.010085507564130673
60 0.40771484375 0.7727472045604035 0.0087890625 0.022144266608199955
189 0.6067243303571429 0.8960754220565665 0.011439732142857142 0.031572023679017756
175 0.6070033482142857 0.7087261565446175 0.008928571428571428 0.024775268581451435
182 0.6067243303571429 0.6464591098443324 0.008649553571428572 0.014251260688445516
180 0.6286969866071429 0.6124753343565008 0.011858258928571428 0.013374260030695024
184 0.65869140625 0.6026090769568078 0.006277901785714286 0.03310677483008112
176 0.5904715401785714 0.8001534751151064 0.014927455357142858 0.013374260030695024
190 0.4248744419642857 0.7999342249506687 0.0068359375 0.012058759044069283
179 0.16761997767857142 0.5176496382372286 0.011858258928571428 0.021925016443762334
119 0.16448102678571427 0.4482569611927209 0.017857142857142856 0.026090769568077175
191 0.20905412946428573 0.38763429072571803 0.013253348214285714 0.020609515457136594
102 0.6464146205357143 0.8303003727252796 0.008510044642857142 0.02324051743038807
187 0.5868443080357143 0.8625301468976102 0.004603794642857143 0.013593510195132646
180 0.646484375 0.7808594606445954 0.008370535714285714 0.021267265950449463
192 0.646484375 0.7058759044069283 0.018136160714285716 0.028721771541328656
187 0.4476841517857143 0.6437184827888621 0.008649553571428572 0.007016005262003947
60 0.4873744419642857 0.5890155667616751 0.008510044642857142 0.01775926331944749
189 0.46937779017857145 0.8625301468976102 0.019949776785714284 0.011401008550756413
185 0.42787388392857145 0.6028283271212453 0.006417410714285714 0.03354527515895637
194 0.38595145089285715 0.5499890374917781 0.017717633928571428 0.027844770883578163
193 0.5486188616071429 0.36242052181539136 0.017717633928571428 0.02762552071914054
192 0.5482003348214286 0.424906818680114 0.017717633928571428 0.02762552071914054
194 0.5272042410714286 0.4579039684279763 0.017299107142857144 0.027844770883578163
14 0.5140206473214286 0.549440912080684 0.012137276785714286 0.013593510195132646
142 0.52734375 0.589673317254988 0.008649553571428572 0.01381276035957027
196 0.15073939732142858 0.2998245998684499 0.017717633928571428 0.027844770883578163
181 0.20891462053571427 0.31999561499671125 0.008510044642857142 0.018636263977197982
185 0.28236607142857145 0.5907695680771761 0.021205357142857144 0.010743258057443543
193 0.26743861607142855 0.5499890374917781 0.017857142857142856 0.028283271212453408
102 0.18680245535714285 0.5498794124095593 0.011997767857142858 0.0131550098662574
119 0.29310825892857145 0.635058101293576 0.017857142857142856 0.023898267923700943
192 0.32833426339285715 0.7714317035737777 0.017717633928571428 0.027844770883578163
182 0.36014229910714285 0.8002631001973252 0.008231026785714286 0.013593510195132646
181 0.7260044642857143 0.32646349484762116 0.008649553571428572 0.02104801578601184
195 0.72607421875 0.2658408243806183 0.017717633928571428 0.027844770883578163
184 0.7200055803571429 0.22199079149309361 0.021484375 0.010304757728568297
178 0.7086356026785714 0.17463275597456698 0.014090401785714286 0.01381276035957027
182 0.67626953125 0.17540013155009868 0.008510044642857142 0.014032010524007894
192 0.5863560267857143 0.1749616312212234 0.018415178571428572 0.02894102170576628
178 0.6638532366071429 0.362639771979829 0.014090401785714286 0.013593510195132646
184 0.6214425223214286 0.3722867792150844 0.006556919642857143 0.03332602499451875
196 0.5855887276785714 0.36242052181539136 0.017717633928571428 0.02718702039026529
25 0.5116489955357143 0.4263319447489586 0.013532366071428572 0.016882262661696998
176 0.20933314732142858 0.5096470072352555 0.0087890625 0.021267265950449463
181 0.6068638392857143 0.2105897829423372 0.008649553571428572 0.023459767594825695
142 0.5870535714285714 0.23744792808594606 0.008928571428571428 0.013593510195132646
195 0.6067940848214286 0.2697873273404955 0.017996651785714284 0.028283271212453408
195 0.6067940848214286 0.3326024994518746 0.015206473214285714 0.024117518088138567
177 0.5862862723214286 0.5498794124095593 0.012416294642857142 0.0131550098662574
192 0.10902622767857142 0.17485200613900462 0.017996651785714284 0.028283271212453408
187 0.5272042410714286 0.7686910765183074 0.008649553571428572 0.007016005262003947
63 0.5274135044642857 0.6997368998026748 0.0087890625 0.02170576627932471
189 0.5272042410714286 0.6431703573777681 0.009207589285714286 0.031352773514580136
177 0.24874441964285715 0.6463494847621136 0.008649553571428572 0.02236351677263758
191 0.24881417410714285 0.523240517430388 0.011579241071428572 0.018197763648322735
119 0.26834542410714285 0.41778118833589123 0.014369419642857142 0.027844770883578163
176 0.08970424107142858 0.5866038149528612 0.008370535714285714 0.023459767594825695
183 0.09361049107142858 0.6302345976759482 0.016741071428571428 0.010743258057443543
142 0.09005301339285714 0.7002850252137689 0.0087890625 0.012716509537382154
25 0.38783482142857145 0.48563911422933564 0.015345982142857142 0.016663012497259374
63 0.39334542410714285 0.4247971935978952 0.011021205357142858 0.01381276035957027
182 0.47049386160714285 0.4247971935978952 0.008510044642857142 0.01381276035957027
190 0.3680943080357143 0.4456259592194694 0.010463169642857142 0.00986625739969305
195 0.10916573660714286 0.36242052181539136 0.015485491071428572 0.024117518088138567
176 0.646484375 0.5155667616750712 0.008928571428571428 0.020828765621574215
192 0.646484375 0.45439596579697433 0.018136160714285716 0.028721771541328656
192 0.72607421875 0.39519842139881606 0.017438616071428572 0.027844770883578163
179 0.7276785714285714 0.45362859022144264 0.011997767857142858 0.02324051743038807
181 0.7259347098214286 0.516334137250603 0.008510044642857142 0.018855514141635606
187 0.4476841517857143 0.5812321859241394 0.008649553571428572 0.007016005262003947
195 0.6670619419642857 0.29993422495066874 0.015485491071428572 0.024117518088138567
190 0.5670340401785714 0.5213768910326683 0.0068359375 0.010085507564130673
179 0.5685686383928571 0.5824380618285464 0.012137276785714286 0.02170576627932471
195 0.42822265625 0.8624205218153914 0.015485491071428572 0.023898267923700943
194 0.2686244419642857 0.6749616312212234 0.017717633928571428 0.027844770883578163
184 0.24253627232142858 0.38292041219030915 0.021065848214285716 0.010304757728568297