187 0.09981863839285714 0.29993422495066874 0.004603794642857143 0.013593510195132646
187 0.48744419642857145 0.7854637140977856 0.008649553571428572 0.00723525542644157
187 0.18345424107142858 0.11247533435650077 0.004464285714285714 0.013593510195132646
187 0.55859375 0.9250164437623328 0.004464285714285714 0.013593510195132646
187 0.11900111607142858 0.23744792808594606 0.004464285714285714 0.013593510195132646
187 0.12946428571428573 0.665862749397062 0.008649553571428572 0.007016005262003947
187 0.13685825892857142 0.5498794124095593 0.004464285714285714 0.013593510195132646
63 0.48744419642857145 0.20839728129796098 0.008370535714285714 0.01644376233282175
63 0.4297572544642857 0.17463275597456698 0.011021205357142858 0.013374260030695024
119 0.392578125 0.18219688664766498 0.016183035714285716 0.02762552071914054
32 0.31361607142857145 0.17331725498794123 0.014508928571428572 0.01644376233282175
14 0.22823660714285715 0.17507125630344222 0.013950892857142858 0.013374260030695024
176 0.18631417410714285 0.3000438500328875 0.013253348214285714 0.013374260030695024
185 0.2764369419642857 0.4151501863626398 0.007114955357142857 0.03310677483008112
186 0.31082589285714285 0.4247971935978952 0.01171875 0.014251260688445516
190 0.5670340401785714 0.6495286121464591 0.0068359375 0.01644376233282175
14 0.5414341517857143 0.7375575531681648 0.015066964285714286 0.013593510195132646
195 0.5080217633928571 0.6749616312212234 0.015485491071428572 0.023898267923700943
192 0.5481305803571429 0.6124753343565008 0.017857142857142856 0.028283271212453408
181 0.5810546875 0.6124753343565008 0.014229910714285714 0.013374260030695024
185 0.6180245535714286 0.6027187020390266 0.006417410714285714 0.03332602499451875
175 0.44747488839285715 0.21091865818899364 0.0087890625 0.020609515457136594
188 0.3487025669642857 0.11247533435650077 0.008231026785714286 0.019294014470510854
180 0.3140345982142857 0.11203683402762551 0.012555803571428572 0.013593510195132646
25 0.5470842633928571 0.4267704450778338 0.013532366071428572 0.016882262661696998
180 0.4873046875 0.4597675948256961 0.008370535714285714 0.018855514141635606
183 0.4912806919642857 0.6495286121464591 0.016880580357142856 0.010304757728568297
193 0.6465541294642857 0.5166630124972593 0.019112723214285716 0.030037272527954396
186 0.6666434151785714 0.424906818680114 0.011021205357142858 0.016224512168384126
186 0.6653878348214286 0.736899802674852 0.011021205357142858 0.015786011839508878
183 0.7077287946428571 0.7313089234816926 0.006417410714285714 0.026090769568077175
14 0.7080078125 0.9254549440912081 0.011997767857142858 0.014032010524007894
195 0.6646902901785714 0.924906818680114 0.017996651785714284 0.028283271212453408
183 0.6275111607142857 0.9310458232843675 0.006417410714285714 0.026529269896952423
194 0.72607421875 0.6416356062267047 0.019112723214285716 0.030037272527954396
188 0.72607421875 0.5799166849375137 0.013532366071428572 0.012716509537382154
193 0.70458984375 0.5498794124095593 0.017717633928571428 0.02718702039026529
183 0.6706194196428571 0.5560184170138127 0.006696428571428571 0.0263100197325148
179 0.21079799107142858 0.13264634948476212 0.011997767857142858 0.02587151940363955
183 0.26234654017857145 0.2313089234816926 0.006556919642857143 0.0263100197325148
60 0.12960379464285715 0.21201490901118175 0.008370535714285714 0.016663012497259374
25 0.13051060267857142 0.33885112913834686 0.0107421875 0.02302126726595045
182 0.15855189732142858 0.424906818680114 0.008231026785714286 0.013593510195132646
63 0.19328962053571427 0.424906818680114 0.011579241071428572 0.013593510195132646
196 0.30740792410714285 0.5499890374917781 0.017717633928571428 0.027844770883578163
102 0.32826450892857145 0.46667397500548125 0.008370535714285714 0.016882262661696998
119 0.3238002232142857 0.33238324928743695 0.017578125 0.021925016443762334
177 0.32833426339285715 0.27022582766937076 0.008510044642857142 0.018636263977197982
119 0.23409598214285715 0.24413505810129357 0.013671875 0.028283271212453408
119 0.33286830357142855 0.6971058978294233 0.017578125 0.022144266608199955
184 0.33461216517857145 0.779982459986845 0.021065848214285716 0.010304757728568297
176 0.30859375 0.7997149747862311 0.015345982142857142 0.01381276035957027
186 0.10630580357142858 0.675180881385661 0.010323660714285714 0.01512826134619601
188 0.12953404017857142 0.7178250383687788 0.017717633928571428 0.013593510195132646
187 0.14934430803571427 0.7375575531681648 0.004603794642857143 0.013593510195132646
32 0.27378627232142855 0.7990572242929183 0.0126953125 0.01512826134619601
193 0.5864955357142857 0.11247533435650077 0.018136160714285716 0.02850252137689103
187 0.6067243303571429 0.1437184827888621 0.008649553571428572 0.00723525542644157
177 0.5036272321428571 0.23755755316816488 0.014229910714285714 0.013374260030695024
142 0.45828683035714285 0.29993422495066874 0.008928571428571428 0.013593510195132646
192 0.40785435267857145 0.26825257618943216 0.017717633928571428 0.027844770883578163
119 0.43115234375 0.1052400789300592 0.015206473214285714 0.02762552071914054
189 0.48744419642857145 0.5806840605130453 0.010044642857142858 0.031352773514580136
176 0.6863839285714286 0.4587809690857268 0.008649553571428572 0.023898267923700943
102 0.5793805803571429 0.8620916465687349 0.015066964285714286 0.014032010524007894
175 0.6621791294642857 0.8623108967331725 0.014369419642857142 0.01447051085288314
185 0.7100306919642857 0.622231966673975 0.006277901785714286 0.03332602499451875
186 0.7264229910714286 0.45351896513922385 0.010323660714285714 0.01775926331944749
25 0.5924246651785714 0.3611050208287656 0.011021205357142858 0.016663012497259374
192 0.40792410714285715 0.20302565226923922 0.018415178571428572 0.02894102170576628
189 0.38755580357142855 0.424906818680114 0.020089285714285716 0.012716509537382154
194 0.15129743303571427 0.6749616312212234 0.019112723214285716 0.030037272527954396
179 0.16755022321428573 0.6448147336110502 0.01171875 0.02718702039026529
195 0.16929408482142858 0.5781626836220127 0.018833705357142856 0.029818022363516772
194 0.19063895089285715 0.5499890374917781 0.017996651785714284 0.028283271212453408
32 0.27162388392857145 0.5487831615873712 0.012276785714285714 0.015347511510633634
186 0.3119419642857143 0.674632755974567 0.011160714285714286 0.015786011839508878
195 0.34849330357142855 0.5499890374917781 0.015625 0.024775268581451435
193 0.4286411830357143 0.5499890374917781 0.017996651785714284 0.028283271212453408
183 0.09354073660714286 0.7819557114667836 0.016880580357142856 0.00986625739969305
119 0.10505022321428571 0.7929182196886647 0.016183035714285716 0.027844770883578163
185 0.28250558035714285 0.5194036395527296 0.021484375 0.010085507564130673
119 0.30545479910714285 0.7305415479061609 0.015485491071428572 0.02762552071914054
195 0.46847098214285715 0.7374479280859461 0.018136160714285716 0.028721771541328656
175 0.6067243303571429 0.8881824161368121 0.008370535714285714 0.020171015128261346
187 0.6067243303571429 0.7686910765183074 0.008649553571428572 0.007016005262003947
181 0.6066545758928571 0.6407586055689541 0.008510044642857142 0.016882262661696998
192 0.6067243303571429 0.5160052620039465 0.018136160714285716 0.028721771541328656