187 0.10044642857142858 0.43478737395879 0.00390625 0.012056115738711091
187 0.18143136160714285 0.5997369574747917 0.004045758928571429 0.01183691363437089
187 0.34793526785714285 0.37976764576939936 0.00390625 0.012056115738711091
187 0.09256417410714286 0.9297457255589654 0.004045758928571429 0.012056115738711091
187 0.6449497767857143 0.8285839544059623 0.007533482142857143 0.006137658921525646
187 0.7266322544642857 0.10488820692678649 0.004045758928571429 0.012056115738711091
142 0.6339983258928571 0.6545374835598422 0.007672991071428571 0.012275317843051293
176 0.6448800223214286 0.580447172292854 0.007393973214285714 0.019289785181937746
196 0.6623883928571429 0.48980710214818063 0.015625 0.024331433581762384
184 0.5541294642857143 0.4984655852696186 0.005580357142857143 0.029373081981587022
182 0.48514229910714285 0.4896975010960105 0.007672991071428571 0.012275317843051293
181 0.13630022321428573 0.7646865409907935 0.010602678571428572 0.012056115738711091
180 0.13664899553571427 0.5449364313897413 0.012974330357142858 0.01183691363437089
196 0.17361886160714285 0.5448268303375713 0.016322544642857144 0.025646646207803596
175 0.4701450892857143 0.5248794388426129 0.007533482142857143 0.015563349408154318
119 0.47398158482142855 0.6322884699693117 0.015764508928571428 0.02257781674704077
102 0.5207868303571429 0.6549758877685226 0.011997767857142858 0.01183691363437089
181 0.5557338169642857 0.6548662867163525 0.012974330357142858 0.011617711530030689
180 0.5876813616071429 0.6550854888206927 0.012416294642857142 0.012056115738711091
186 0.46986607142857145 0.4626260412099956 0.009207589285714286 0.016001753616834723
195 0.46993582589285715 0.4069487067075844 0.013532366071428572 0.021262604120999562
186 0.5208565848214286 0.3248575186321789 0.009626116071428572 0.0131521262604121
191 0.6799665178571429 0.7310390179745726 0.011160714285714286 0.017536168347216132
14 0.17759486607142858 0.4896975010960105 0.013950892857142858 0.01183691363437089
189 0.15492466517857142 0.5197281893906182 0.008510044642857142 0.02761946514686541
102 0.22488839285714285 0.3567514248136782 0.007533482142857143 0.015563349408154318
190 0.27992466517857145 0.21481806225339764 0.008510044642857142 0.011398509425690487
195 0.5048828125 0.90223586146427 0.014229910714285714 0.02235861464270057
182 0.5048130580357143 0.8616834721613328 0.007672991071428571 0.012713722051731697
180 0.5049525669642857 0.6341516878562035 0.007393973214285714 0.01972818939061815
180 0.49246651785714285 0.5444980271810609 0.010602678571428572 0.01183691363437089
190 0.46365792410714285 0.5447172292854011 0.0087890625 0.010083296799649276
182 0.47000558035714285 0.8918237615081105 0.007533482142857143 0.012494519947391494
181 0.47000558035714285 0.8454625164401578 0.007533482142857143 0.013590530469092503
183 0.5161830357142857 0.814226216571679 0.005580357142857143 0.023016220955721176
180 0.5586635044642857 0.819487067075844 0.012416294642857142 0.012494519947391494
196 0.5936104910714286 0.8198158702323542 0.015625 0.024112231477422183
189 0.46993582589285715 0.7921964050854888 0.007952008928571428 0.02761946514686541
188 0.7331194196428571 0.48980710214818063 0.007254464285714286 0.01819377466023674
63 0.75 0.6183691363437089 0.007533482142857143 0.02104340201665936
185 0.6923828125 0.7733450241122315 0.005859375 0.029373081981587022
182 0.6604352678571429 0.7645769399386234 0.008091517857142858 0.01183691363437089
32 0.6453683035714286 0.35686102586584834 0.008649553571428572 0.01841297676457694
14 0.69921875 0.26972818939061816 0.011160714285714286 0.011617711530030689
190 0.5242047991071429 0.5998465585269619 0.007672991071428571 0.010740903112669882
194 0.3807896205357143 0.5448268303375713 0.017159598214285716 0.026961858833844804
178 0.35323660714285715 0.5451556334940816 0.013950892857142858 0.01183691363437089
14 0.31947544642857145 0.5446076282332311 0.012276785714285714 0.012056115738711091
188 0.24734933035714285 0.5448268303375713 0.005580357142857143 0.019508987286277948
186 0.2758091517857143 0.3798772468215695 0.009486607142857142 0.01446733888645331
177 0.36474609375 0.2384918895221394 0.007672991071428571 0.021481806225339763
178 0.3648158482142857 0.2907715914072775 0.007533482142857143 0.01731696624287593
189 0.27608816964285715 0.159798334064007 0.017578125 0.011398509425690487
60 0.20326450892857142 0.15990793511617712 0.009765625 0.011617711530030689
192 0.43491908482142855 0.4079351161771153 0.016043526785714284 0.02498903989478299
194 0.4527064732142857 0.48980710214818063 0.016741071428571428 0.0265234546251644
60 0.5915178571428571 0.26961858833844804 0.009765625 0.01183691363437089
195 0.6278599330357143 0.2698377904427883 0.013532366071428572 0.021481806225339763
194 0.5749162946428571 0.3528057869355546 0.015345982142857142 0.024331433581762384
119 0.4038783482142857 0.8939061814993424 0.015345982142857142 0.01841297676457694
180 0.4130859375 0.9296361245067952 0.01171875 0.01183691363437089
194 0.3999720982142857 0.8449145111793073 0.015625 0.024331433581762384
195 0.39990234375 0.7895659798334064 0.016043526785714284 0.02498903989478299
181 0.41141183035714285 0.8198158702323542 0.010044642857142858 0.01183691363437089
183 0.45717075892857145 0.8143358176238492 0.005580357142857143 0.023235423060061378
192 0.15492466517857142 0.7904427882507672 0.015485491071428572 0.024550635686102586
192 0.15492466517857142 0.736957474791758 0.015764508928571428 0.02498903989478299
32 0.15541294642857142 0.620670758439281 0.008649553571428572 0.01994739149495835
181 0.7501395089285714 0.13459009206488382 0.0078125 0.021920210434020166
181 0.70068359375 0.21470846120122752 0.012416294642857142 0.012056115738711091
188 0.5984235491071429 0.3248575186321789 0.006277901785714286 0.021481806225339763
190 0.6492047991071429 0.5448268303375713 0.009626116071428572 0.012494519947391494
63 0.12004743303571429 0.4106751424813678 0.007672991071428571 0.014686540990793511
60 0.14090401785714285 0.3802060499780798 0.011160714285714286 0.011617711530030689
185 0.17327008928571427 0.3711091626479614 0.005580357142857143 0.02893467777290662
175 0.13337053571428573 0.5998465585269619 0.013671875 0.011617711530030689
186 0.16964285714285715 0.4348969750109601 0.010044642857142858 0.01446733888645331
60 0.14306640625 0.4346777729066199 0.010463169642857142 0.01183691363437089
180 0.15506417410714285 0.36146427005699255 0.007393973214285714 0.01797457255589654
184 0.1494140625 0.2396975010960105 0.018694196428571428 0.009425690486628672
102 0.15499441964285715 0.18259535291538798 0.0078125 0.019289785181937746
192 0.3999720982142857 0.46317404647084615 0.014787946428571428 0.024550635686102586
119 0.291015625 0.8558746163963175 0.015904017857142856 0.022139412538360367
176 0.37681361607142855 0.8197062691801841 0.012555803571428572 0.011617711530030689
178 0.27915736607142855 0.9297457255589654 0.013671875 0.012056115738711091
196 0.24142020089285715 0.9297457255589654 0.015485491071428572 0.024331433581762384
60 0.29478236607142855 0.7851819377466024 0.0078125 0.014905743095133712
177 0.29506138392857145 0.5757343270495396 0.0078125 0.01819377466023674
195 0.7149135044642857 0.24167032003507233 0.016043526785714284 0.025208241999123193
119 0.6838727678571429 0.4040990793511618 0.015904017857142856 0.020385795703638757
119 0.7321428571428571 0.44092503288031565 0.01171875 0.024331433581762384
180 0.7498604910714286 0.3041429197720298 0.007533482142857143 0.016878562034195528
60 0.7322823660714286 0.26972818939061816 0.012834821428571428 0.011617711530030689
179 0.7320033482142857 0.5470188513809733 0.014229910714285714 0.016440157825515125
196 0.6962193080357143 0.5448268303375713 0.015485491071428572 0.024331433581762384
192 0.6099330357142857 0.7390398947829899 0.017299107142857144 0.026961858833844804
181 0.6099330357142857 0.8438185006576063 0.007533482142857143 0.021262604120999562
181 0.5880301339285714 0.8746163963174046 0.009765625 0.01183691363437089
196 0.5214146205357143 0.8747259973695748 0.015764508928571428 0.024769837790442787
195 0.5749162946428571 0.6253836036825954 0.015345982142857142 0.024550635686102586
187 0.5749162946428571 0.5722270933800965 0.007533482142857143 0.006356861025865849
181 0.52294921875 0.5443884261288908 0.011300223214285714 0.011617711530030689
187 0.18994140625 0.24232792634809294 0.007672991071428571 0.006356861025865849
178 0.19008091517857142 0.3551074090311267 0.007952008928571428 0.020166593599298552
32 0.24211774553571427 0.3791100394563788 0.011300223214285714 0.013809732573432706
14 0.6961495535714286 0.3245287154756686 0.009207589285714286 0.012056115738711091
176 0.6448800223214286 0.7867163524769838 0.007393973214285714 0.016659359929855327
119 0.6408342633928571 0.7295046032441912 0.016043526785714284 0.018851380973257344
192 0.6449497767857143 0.6821569487067076 0.015625 0.024550635686102586
185 0.6223493303571429 0.6082858395440596 0.005859375 0.029373081981587022
179 0.15345982142857142 0.46832529592284083 0.010323660714285714 0.01819377466023674
185 0.23039899553571427 0.6713064445418676 0.0185546875 0.00898728627794827
63 0.22502790178571427 0.8396536606751425 0.007533482142857143 0.01994739149495835
102 0.39990234375 0.2366286716352477 0.007672991071428571 0.021701008329679965
180 0.43470982142857145 0.5126041209995615 0.007533482142857143 0.016878562034195528
186 0.3301478794642857 0.4590092064883823 0.0087890625 0.014905743095133712
186 0.35037667410714285 0.48980710214818063 0.009905133928571428 0.013371328364752301
186 0.37953404017857145 0.48947829899167034 0.009347098214285714 0.01446733888645331