187 0.6799665178571429 0.11979395002192021 0.007533482142857143 0.006356861025865849
187 0.6799665178571429 0.42448487505480054 0.007533482142857143 0.006356861025865849
187 0.43491908482142855 0.12308198158702323 0.007672991071428571 0.006356861025865849
187 0.615234375 0.37976764576939936 0.00390625 0.012056115738711091
187 0.39990234375 0.8657387110916265 0.007672991071428571 0.006356861025865849
187 0.15492466517857142 0.741341516878562 0.007672991071428571 0.006137658921525646
175 0.7499302455357143 0.6251644015782551 0.007393973214285714 0.020166593599298552
185 0.7318638392857143 0.553266111354669 0.005859375 0.029373081981587022
191 0.7499302455357143 0.4610916264796142 0.010184151785714286 0.016001753616834723
195 0.7308872767857143 0.43478737395879 0.015625 0.02389302937308198
177 0.7498604910714286 0.6823761508110477 0.007533482142857143 0.02235861464270057
183 0.7533482142857143 0.7382726874177992 0.014787946428571428 0.008768084173608066
32 0.6804547991071429 0.1958570802279702 0.008510044642857142 0.02082419991231916
102 0.6625279017857143 0.21492766330556773 0.009765625 0.012056115738711091
181 0.6300920758928571 0.21470846120122752 0.012137276785714286 0.012056115738711091
194 0.5917271205357143 0.21481806225339764 0.016322544642857144 0.025865848312143797
176 0.5596400669642857 0.21492766330556773 0.013532366071428572 0.011617711530030689
190 0.5259486607142857 0.21481806225339764 0.007533482142857143 0.008768084173608066
193 0.6617606026785714 0.15990793511617712 0.015764508928571428 0.024769837790442787
196 0.5920758928571429 0.15990793511617712 0.015625 0.02389302937308198
184 0.5143694196428571 0.16834721613327489 0.005580357142857143 0.029373081981587022
179 0.44796316964285715 0.16220955721174923 0.013671875 0.016220955721174924
25 0.3310546875 0.18939061814993424 0.009207589285714286 0.02104340201665936
191 0.32993861607142855 0.23147742218325296 0.011439732142857142 0.01797457255589654
189 0.32993861607142855 0.1310828583954406 0.008370535714285714 0.02761946514686541
176 0.3143833705357143 0.1049978079789566 0.013811383928571428 0.01183691363437089
192 0.13650948660714285 0.10488820692678649 0.0166015625 0.026085050416484
187 0.32993861607142855 0.2973476545374836 0.007533482142857143 0.006356861025865849
181 0.32979910714285715 0.5676238491889523 0.007533482142857143 0.017755370451556333
187 0.62744140625 0.43478737395879 0.004045758928571429 0.012056115738711091
14 0.6448102678571429 0.5643358176238492 0.007533482142857143 0.01819377466023674
183 0.6484375 0.610916264796142 0.014508928571428572 0.00920648838228847
196 0.7328404017857143 0.48980710214818063 0.016183035714285716 0.025646646207803596
63 0.6632254464285714 0.8198158702323542 0.012555803571428572 0.01183691363437089
181 0.6798270089285714 0.8517097764138536 0.007533482142857143 0.01819377466023674
192 0.7325613839285714 0.8747259973695748 0.015625 0.024331433581762384
60 0.6662248883928571 0.5998465585269619 0.009905133928571428 0.011617711530030689
194 0.59130859375 0.5998465585269619 0.015764508928571428 0.024769837790442787
119 0.5555245535714286 0.6060938185006576 0.012276785714285714 0.024112231477422183
177 0.36502511160714285 0.8414072775098641 0.007672991071428571 0.023016220955721176
25 0.36586216517857145 0.8985094256904866 0.009626116071428572 0.014905743095133712
25 0.41782924107142855 0.9284305129329241 0.012276785714285714 0.013809732573432706
186 0.45005580357142855 0.9301841297676458 0.010323660714285714 0.013809732573432706
195 0.36488560267857145 0.7903331871985971 0.014369419642857142 0.02257781674704077
177 0.3648158482142857 0.682595352915388 0.007533482142857143 0.01709776413853573
186 0.36495535714285715 0.628233231039018 0.008370535714285714 0.014905743095133712
25 0.41552734375 0.5982025427444103 0.012416294642857142 0.014905743095133712
14 0.45103236607142855 0.600065760631302 0.011160714285714286 0.012056115738711091
187 0.48744419642857145 0.5997369574747917 0.00390625 0.01183691363437089
195 0.5226004464285714 0.5997369574747917 0.015625 0.024112231477422183
14 0.4349888392857143 0.28956597983340643 0.0078125 0.016220955721174924
177 0.41524832589285715 0.2695089872862779 0.0107421875 0.012056115738711091
196 0.4349888392857143 0.3529153879877247 0.016183035714285716 0.025427444103463395
182 0.44224330357142855 0.3798772468215695 0.008091517857142858 0.012275317843051293
63 0.486328125 0.3796580447172293 0.010323660714285714 0.01183691363437089
60 0.51953125 0.37976764576939936 0.010323660714285714 0.011617711530030689
190 0.13909040178571427 0.709776413853573 0.006417410714285714 0.011398509425690487
196 0.1025390625 0.5998465585269619 0.015904017857142856 0.024769837790442787
192 0.17313058035714285 0.5997369574747917 0.015625 0.024112231477422183
194 0.13762555803571427 0.8197062691801841 0.0166015625 0.026085050416484
102 0.17606026785714285 0.8197062691801841 0.010044642857142858 0.011617711530030689
187 0.2774135044642857 0.8198158702323542 0.004045758928571429 0.01183691363437089
14 0.29513113839285715 0.9058526961858834 0.007672991071428571 0.019070583077597545
186 0.6446707589285714 0.9017974572555897 0.008370535714285714 0.01578255151249452
187 0.5574079241071429 0.9297457255589654 0.004045758928571429 0.012056115738711091
102 0.5261579241071429 0.9298553266111355 0.009905133928571428 0.01183691363437089
190 0.48423549107142855 0.9297457255589654 0.006417410714285714 0.009425690486628672
196 0.6448800223214286 0.8467777290661991 0.015764508928571428 0.02498903989478299
180 0.6282784598214286 0.8198158702323542 0.011579241071428572 0.01183691363437089
194 0.6099330357142857 0.7364094695309075 0.015904017857142856 0.024769837790442787
176 0.5214146205357143 0.709776413853573 0.009626116071428572 0.01183691363437089
193 0.4868861607142857 0.709776413853573 0.015625 0.024550635686102586
60 0.44810267857142855 0.709776413853573 0.011439732142857142 0.01183691363437089
189 0.0849609375 0.46492766330556773 0.006417410714285714 0.02761946514686541
119 0.09584263392857142 0.4832310390179746 0.01171875 0.024769837790442787
176 0.08489118303571429 0.2927444103463393 0.007393973214285714 0.017755370451556333
102 0.11990792410714286 0.24331433581762385 0.007952008928571428 0.01797457255589654
195 0.11990792410714286 0.18686979395002193 0.013811383928571428 0.021701008329679965
175 0.11997767857142858 0.12527400263042526 0.007533482142857143 0.015563349408154318
192 0.13916015625 0.2698377904427883 0.016043526785714284 0.02498903989478299
190 0.16050502232142858 0.2698377904427883 0.007114955357142857 0.011398509425690487
175 0.20431082589285715 0.26972818939061816 0.010463169642857142 0.011617711530030689
190 0.23542131696428573 0.2698377904427883 0.005998883928571429 0.0131521262604121
63 0.28048270089285715 0.2698377904427883 0.010184151785714286 0.01183691363437089
186 0.314453125 0.2698377904427883 0.009765625 0.014028934677772907
192 0.46993582589285715 0.6808417360806663 0.014927455357142858 0.024550635686102586
183 0.4095982142857143 0.7702761946514687 0.005580357142857143 0.022797018851380975
184 0.4644252232142857 0.5737615081104779 0.018694196428571428 0.00898728627794827
189 0.48744419642857145 0.5447172292854011 0.017578125 0.0131521262604121
177 0.26011439732142855 0.5122753178430512 0.007672991071428571 0.020604997807978958
181 0.16985212053571427 0.48980710214818063 0.011021205357142858 0.012056115738711091
193 0.25997488839285715 0.7930732135028496 0.014369419642857142 0.024550635686102586
191 0.3065708705357143 0.8197062691801841 0.011021205357142858 0.01731696624287593
119 0.39599609375 0.732573432704954 0.015764508928571428 0.01841297676457694
178 0.5513392857142857 0.8198158702323542 0.013671875 0.01183691363437089
63 0.5399693080357143 0.3026085050416484 0.007393973214285714 0.018632178868917142
196 0.521484375 0.3248575186321789 0.015625 0.024550635686102586
193 0.45131138392857145 0.3248575186321789 0.015625 0.024112231477422183
189 0.5398995535714286 0.3540113985094257 0.006417410714285714 0.02761946514686541
195 0.3999720982142857 0.18719859710653222 0.015625 0.024550635686102586
194 0.38148716517857145 0.15990793511617712 0.016043526785714284 0.025208241999123193
175 0.1025390625 0.159798334064007 0.010044642857142858 0.01183691363437089
183 0.12339564732142858 0.297786058746164 0.0146484375 0.00898728627794827
186 0.11990792410714286 0.34875054800526084 0.0087890625 0.01446733888645331
194 0.11997767857142858 0.4090311266988163 0.016183035714285716 0.025427444103463395
179 0.12151227678571429 0.4563787812362999 0.010602678571428572 0.023235423060061378
178 0.3648158482142857 0.13349408154318282 0.007533482142857143 0.02235861464270057
25 0.26088169642857145 0.8930293730819816 0.009765625 0.01841297676457694
179 0.2728794642857143 0.9274441034633932 0.012276785714285714 0.016659359929855327
189 0.25990513392857145 0.8461201227531784 0.010044642857142858 0.02761946514686541
177 0.34486607142857145 0.7647961420429636 0.012555803571428572 0.01183691363437089
185 0.3085239955357143 0.701117930732135 0.005719866071428571 0.02915387987724682
183 0.38602120535714285 0.7044059622972381 0.005859375 0.023016220955721176
178 0.5050920758928571 0.9031126698816309 0.007672991071428571 0.021481806225339763
119 0.5009068080357143 0.7403551074090311 0.015485491071428572 0.02082419991231916
193 0.5049525669642857 0.6811705392371766 0.015485491071428572 0.024331433581762384
102 0.5050920758928571 0.6364533099517755 0.007393973214285714 0.016440157825515125
195 0.6099330357142857 0.24068391056554142 0.014787946428571428 0.023235423060061378
119 0.6609933035714286 0.935883384480491 0.015066964285714286 0.024331433581762384
60 0.60986328125 0.6882946076282332 0.007672991071428571 0.02104340201665936
191 0.15492466517857142 0.6916922402455064 0.011021205357142858 0.01731696624287593
32 0.15555245535714285 0.5725558965366068 0.008649553571428572 0.01709776413853573
60 0.15492466517857142 0.4064007014467339 0.007672991071428571 0.01972818939061815
182 0.12827845982142858 0.32463831652783864 0.008231026785714286 0.01183691363437089
183 0.09207589285714286 0.3303375712406839 0.005580357142857143 0.022797018851380975
184 0.7054268973214286 0.6082858395440596 0.005998883928571429 0.029373081981587022
189 0.15492466517857142 0.24013590530469092 0.008510044642857142 0.027838667251205613
196 0.15492466517857142 0.1859929855326611 0.016043526785714284 0.025208241999123193
25 0.37569754464285715 0.32332310390179747 0.009765625 0.01446733888645331
189 0.4175502232142857 0.3248575186321789 0.017578125 0.011398509425690487
32 0.36572265625 0.4552827707145989 0.008510044642857142 0.017536168347216132
176 0.45277622767857145 0.43522577816747043 0.0126953125 0.011617711530030689
191 0.4868861607142857 0.4348969750109601 0.009207589285714286 0.01446733888645331
194 0.5225306919642857 0.43478737395879 0.016043526785714284 0.025208241999123193
193 0.32993861607142855 0.9013590530469092 0.016462053571428572 0.025865848312143797
195 0.34793526785714285 0.9297457255589654 0.013950892857142858 0.022139412538360367
192 0.32986886160714285 0.7346558526961858 0.0166015625 0.026085050416484
193 0.5399693080357143 0.682704953967558 0.0166015625 0.026085050416484
193 0.5398995535714286 0.7378342832091188 0.016183035714285716 0.025427444103463395
195 0.5578962053571429 0.7647961420429636 0.016183035714285716 0.025427444103463395
119 0.5948660714285714 0.7583296799649276 0.013950892857142858 0.024331433581762384
188 0.6238141741071429 0.7646865409907935 0.007114955357142857 0.02257781674704077
192 0.5398995535714286 0.6251644015782551 0.015345982142857142 0.024550635686102586
177 0.08482142857142858 0.12790442788250767 0.007533482142857143 0.018632178868917142
186 0.24100167410714285 0.15990793511617712 0.009626116071428572 0.013809732573432706
32 0.08537946428571429 0.24101271372205174 0.008649553571428572 0.020385795703638757
192 0.7499302455357143 0.9016878562034195 0.016043526785714284 0.025208241999123193
142 0.7326311383928571 0.5996273564226217 0.007114955357142857 0.012056115738711091