187 0.16922433035714285 0.8449901337426003 0.008649553571428572 0.007016005262003947
187 0.25376674107142855 0.6749616312212234 0.004464285714285714 0.013374260030695024
187 0.5669642857142857 0.8844551633413725 0.008649553571428572 0.007016005262003947
187 0.5669642857142857 0.12453409340057005 0.008649553571428572 0.007016005262003947
184 0.20298549107142858 0.5767375575531681 0.021484375 0.00986625739969305
63 0.18973214285714285 0.5499890374917781 0.014787946428571428 0.01381276035957027
183 0.2763671875 0.6062267046700285 0.006417410714285714 0.0263100197325148
102 0.31236049107142855 0.6123657092742819 0.013113839285714286 0.013593510195132646
25 0.35009765625 0.6109405832054374 0.0126953125 0.01644376233282175
180 0.18387276785714285 0.17507125630344222 0.013671875 0.013374260030695024
184 0.2622767857142857 0.29006796755097564 0.006417410714285714 0.03332602499451875
195 0.6667131696428571 0.8625301468976102 0.015625 0.02455601841701381
178 0.6070731026785714 0.7127822845867134 0.008510044642857142 0.02455601841701381
180 0.6067940848214286 0.6433896075422056 0.0087890625 0.023459767594825695
189 0.5669642857142857 0.5162245121683842 0.011439732142857142 0.031352773514580136
102 0.11614118303571429 0.23755755316816488 0.012974330357142858 0.013374260030695024
193 0.08970424107142858 0.2046700285025214 0.017857142857142856 0.028283271212453408
191 0.08970424107142858 0.14503398377548782 0.01171875 0.018636263977197982
195 0.12946428571428573 0.3338083753562815 0.018973214285714284 0.029598772199079148
192 0.12946428571428573 0.39563692172769127 0.018136160714285716 0.028721771541328656
192 0.12946428571428573 0.4571365928524446 0.018136160714285716 0.02850252137689103
102 0.15213448660714285 0.8001534751151064 0.0107421875 0.013374260030695024
189 0.16922433035714285 0.768362201271651 0.011439732142857142 0.031352773514580136
193 0.24881417410714285 0.7056566542424907 0.017438616071428572 0.027844770883578163
179 0.30092075892857145 0.7349265511949133 0.013113839285714286 0.018855514141635606
191 0.3441685267857143 0.7375575531681648 0.012276785714285714 0.019294014470510854
32 0.36851283482142855 0.6345099758824819 0.010184151785714286 0.02104801578601184
178 0.5871930803571429 0.42457794343345756 0.015066964285714286 0.013374260030695024
188 0.5445033482142857 0.42501644376233283 0.007254464285714286 0.019951764963823723
182 0.5134626116071429 0.42534531900898925 0.0087890625 0.013593510195132646
63 0.4668666294642857 0.4251260688445516 0.0146484375 0.013593510195132646
187 0.5669642857142857 0.6437184827888621 0.008649553571428572 0.007016005262003947
182 0.41929408482142855 0.5497697873273405 0.007952008928571428 0.01381276035957027
176 0.47181919642857145 0.5498794124095593 0.01171875 0.0131550098662574
176 0.5076032366071429 0.5498794124095593 0.012416294642857142 0.013593510195132646
183 0.44370814732142855 0.6505152378864284 0.0166015625 0.010085507564130673
188 0.4325474330357143 0.6123657092742819 0.007672991071428571 0.019294014470510854
182 0.44775390625 0.5788204341153256 0.0087890625 0.0131550098662574
32 0.544921875 0.7364613023459767 0.012834821428571428 0.015347511510633634
190 0.5669642857142857 0.7717605788204341 0.009486607142857142 0.013593510195132646
119 0.5835658482142857 0.6051304538478404 0.016462053571428572 0.028064021048015787
195 0.6067243303571429 0.5198421398816049 0.015904017857142856 0.02499451874588906
180 0.6279994419642857 0.7375575531681648 0.013532366071428572 0.013593510195132646
193 0.10923549107142858 0.6123657092742819 0.018415178571428572 0.02894102170576628
195 0.5071847098214286 0.36242052181539136 0.016880580357142856 0.0263100197325148
14 0.38692801339285715 0.36242052181539136 0.014369419642857142 0.0131550098662574
14 0.20912388392857142 0.330629247971936 0.008928571428571428 0.019294014470510854
195 0.208984375 0.3958561718921289 0.016183035714285716 0.025213768910326683
191 0.23493303571428573 0.424906818680114 0.012555803571428572 0.0197325147993861
186 0.5272042410714286 0.45110721333041 0.009486607142857142 0.018197763648322735
191 0.20905412946428573 0.5165533874150405 0.013253348214285714 0.020609515457136594
32 0.20947265625 0.44880508660381496 0.009905133928571428 0.02455601841701381
142 0.208984375 0.7865599649199737 0.008649553571428572 0.01249725937294453
180 0.16936383928571427 0.15073448805086603 0.008649553571428572 0.02170576627932471
193 0.14808872767857142 0.11236570927428195 0.0185546875 0.029160271870203903
32 0.10818917410714286 0.1109405832054374 0.015206473214285714 0.016663012497259374
142 0.37779017857142855 0.42457794343345756 0.008928571428571428 0.013374260030695024
184 0.17550223214285715 0.4058320543740408 0.021205357142857144 0.01052400789300592
192 0.14822823660714285 0.29993422495066874 0.017717633928571428 0.02762552071914054
183 0.22405133928571427 0.18088138566103926 0.006696428571428571 0.026748520061390047
142 0.10226004464285714 0.5503179127384346 0.008370535714285714 0.01447051085288314
190 0.08970424107142858 0.4151501863626398 0.010881696428571428 0.00986625739969305
195 0.7049386160714286 0.7375575531681648 0.018415178571428572 0.02894102170576628
14 0.7261439732142857 0.718263538697654 0.008649553571428572 0.02367901775926332
181 0.26590401785714285 0.8000438500328875 0.014787946428571428 0.0131550098662574
190 0.22356305803571427 0.7999342249506687 0.007672991071428571 0.01644376233282175
177 0.38797433035714285 0.7375575531681648 0.013671875 0.013593510195132646
25 0.4066685267857143 0.6473361105020828 0.010881696428571428 0.022144266608199955
196 0.32833426339285715 0.6442666081999562 0.017717633928571428 0.027844770883578163
179 0.40952845982142855 0.38390703793027847 0.011858258928571428 0.026748520061390047
180 0.34437779017857145 0.3627493970620478 0.014369419642857142 0.01381276035957027
25 0.31591796875 0.3638456478842359 0.014090401785714286 0.01644376233282175
175 0.4076450892857143 0.44979171234378423 0.008649553571428572 0.01775926331944749
179 0.4095982142857143 0.5204998903749177 0.01171875 0.02236351677263758
32 0.13009207589285715 0.7010524007893006 0.009626116071428572 0.021267265950449463
60 0.16915457589285715 0.6540232405174304 0.0087890625 0.02236351677263758
189 0.32833426339285715 0.7672659504494629 0.008510044642857142 0.031352773514580136