187 0.7280970982142857 0.21898290223586148 0.0030691964285714285 0.00920648838228847
187 0.3999720982142857 0.2569048662867163 0.005859375 0.004822446295484437
187 0.373046875 0.9172512056115739 0.005859375 0.005041648399824638
187 0.18791852678571427 0.9381850065760632 0.0030691964285714285 0.00920648838228847
187 0.6153738839285714 0.16571679088119246 0.005859375 0.004822446295484437
187 0.23842075892857142 0.9186760192897852 0.005859375 0.004822446295484437
187 0.48074776785714285 0.1060938185006576 0.005859375 0.004822446295484437
187 0.5076729910714286 0.35949145111793074 0.005859375 0.004822446295484437
187 0.43094308035714285 0.0920648838228847 0.0030691964285714285 0.00920648838228847
187 0.3461216517857143 0.9298553266111355 0.005859375 0.004822446295484437
195 0.58837890625 0.4082639193336256 0.012137276785714286 0.019070583077597545
14 0.5502232142857143 0.43018412976764575 0.010044642857142858 0.00898728627794827
192 0.58837890625 0.45276194651468654 0.012416294642857142 0.019508987286277948
182 0.5885184151785714 0.5746383165278387 0.005998883928571429 0.00898728627794827
187 0.6556919642857143 0.3035949145111793 0.0030691964285714285 0.00920648838228847
25 0.6969168526785714 0.32310390179745724 0.007393973214285714 0.015344147303814117
188 0.6961495535714286 0.3701227531784305 0.008928571428571428 0.007233669443226655
102 0.6960100446428571 0.4106751424813678 0.006138392857142857 0.012494519947391494
195 0.6283482142857143 0.43051293292415604 0.011997767857142858 0.018851380973257344
119 0.6023995535714286 0.4354449802718106 0.011160714285714286 0.018632178868917142
179 0.4116908482142857 0.2596448925909689 0.009486607142857142 0.012932924156071899
195 0.4409877232142857 0.26128890837352037 0.012276785714285714 0.019289785181937746
190 0.47098214285714285 0.2613985094256905 0.005859375 0.0076720736519070585
193 0.39990234375 0.2828803156510302 0.0126953125 0.01994739149495835
178 0.41385323660714285 0.43029373081981587 0.009626116071428572 0.00920648838228847
192 0.44077845982142855 0.43051293292415604 0.0126953125 0.020166593599298552
188 0.5202287946428571 0.26128890837352037 0.005022321428571429 0.017536168347216132
193 0.5488978794642857 0.2613985094256905 0.012137276785714286 0.019070583077597545
192 0.5749162946428571 0.26128890837352037 0.011997767857142858 0.01841297676457694
192 0.6026785714285714 0.26128890837352037 0.011997767857142858 0.018851380973257344
192 0.18450055803571427 0.3667251205611574 0.012416294642857142 0.01972818939061815
180 0.140625 0.3460105217010083 0.0078125 0.00898728627794827
178 0.19761439732142858 0.43051293292415604 0.009626116071428572 0.008768084173608066
188 0.22830636160714285 0.43051293292415604 0.004603794642857143 0.0131521262604121
196 0.25320870535714285 0.43051293292415604 0.011997767857142858 0.018851380973257344
183 0.29847935267857145 0.42645769399386235 0.004324776785714286 0.017755370451556333
102 0.32742745535714285 0.4308417360806664 0.007533482142857143 0.009864094695309075
102 0.3628627232142857 0.430403331871986 0.0078125 0.009864094695309075
175 0.19949776785714285 0.3034853134590092 0.008649553571428572 0.009425690486628672
187 0.2787388392857143 0.3035949145111793 0.0030691964285714285 0.00920648838228847
14 0.3076171875 0.30370451556334943 0.009765625 0.00898728627794827
175 0.3573521205357143 0.30370451556334943 0.009905133928571428 0.00898728627794827
142 0.41538783482142855 0.3039237176676896 0.005719866071428571 0.009425690486628672
190 0.3999720982142857 0.7025427444103464 0.005580357142857143 0.008768084173608066
25 0.4008091517857143 0.7433143358176239 0.007254464285714286 0.0131521262604121
60 0.3998325892857143 0.8725339763261727 0.005859375 0.015563349408154318
196 0.3863002232142857 0.8957693993862341 0.011997767857142858 0.018632178868917142
185 0.44775390625 0.8468873301183691 0.004603794642857143 0.02257781674704077
142 0.46791294642857145 0.8534633932485752 0.005859375 0.009425690486628672
194 0.49497767857142855 0.8534633932485752 0.011997767857142858 0.018632178868917142
193 0.521484375 0.8535729943007453 0.012276785714285714 0.019289785181937746
102 0.48081752232142855 0.29033318719859713 0.005998883928571429 0.016001753616834723
142 0.49874441964285715 0.17678649715037265 0.005859375 0.009425690486628672
186 0.13078962053571427 0.9191144234984656 0.006556919642857143 0.011398509425690487
102 0.14188058035714285 0.937965804471723 0.007533482142857143 0.00920648838228847
176 0.13065011160714285 0.7514248136782113 0.005998883928571429 0.01446733888645331
177 0.13071986607142858 0.7085708022797019 0.005859375 0.016878562034195528
179 0.12960379464285715 0.6668128014028935 0.008091517857142858 0.015344147303814117
182 0.13078962053571427 0.6284524331433582 0.005998883928571429 0.008768084173608066
190 0.13065011160714285 0.5334283209118807 0.007114955357142857 0.006795265234546251
14 0.13065011160714285 0.4472818939061815 0.005998883928571429 0.012494519947391494
60 0.16720145089285715 0.8534633932485752 0.009347098214285714 0.009425690486628672
102 0.19740513392857142 0.8535729943007453 0.009486607142857142 0.008768084173608066
102 0.22600446428571427 0.853244191144235 0.008649553571428572 0.009425690486628672
142 0.38790457589285715 0.8534633932485752 0.005719866071428571 0.009425690486628672
189 0.60107421875 0.17678649715037265 0.013532366071428572 0.0076720736519070585
188 0.5790318080357143 0.17667689609820253 0.004324776785714286 0.01841297676457694
60 0.6423688616071429 0.1981587023235423 0.005998883928571429 0.016220955721174924
189 0.6565987723214286 0.17667689609820253 0.013532366071428572 0.008768084173608066
32 0.6825474330357143 0.17601928978518194 0.008231026785714286 0.010083296799649276
60 0.6958705357142857 0.1968434896975011 0.005859375 0.012275317843051293
175 0.7499302455357143 0.28375712406839104 0.005719866071428571 0.016440157825515125
32 0.7368861607142857 0.26008329679964926 0.010323660714285714 0.011617711530030689
193 0.7499302455357143 0.3678211310828584 0.011579241071428572 0.018851380973257344
196 0.7360491071428571 0.43051293292415604 0.012276785714285714 0.019289785181937746
195 0.6007254464285714 0.7689609820254274 0.011997767857142858 0.018851380973257344
193 0.5738002232142857 0.7689609820254274 0.011997767857142858 0.01841297676457694
25 0.6161411830357143 0.7841955282770715 0.007393973214285714 0.016001753616834723
190 0.3106166294642857 0.8958790004384042 0.007114955357142857 0.010083296799649276
175 0.23835100446428573 0.8700131521262604 0.005719866071428571 0.012275317843051293
188 0.23842075892857142 0.8396536606751425 0.008370535714285714 0.0076720736519070585
189 0.25230189732142855 0.7689609820254274 0.013532366071428572 0.012275317843051293
179 0.2783900669642857 0.7669881630863656 0.009626116071428572 0.012713722051731697
189 0.3329380580357143 0.7689609820254274 0.013532366071428572 0.01052170100832968
175 0.3558872767857143 0.7689609820254274 0.009207589285714286 0.008768084173608066
196 0.38706752232142855 0.7689609820254274 0.012137276785714286 0.019289785181937746
32 0.5515485491071429 0.7680841736080667 0.009347098214285714 0.01052170100832968
196 0.45382254464285715 0.4074967119684349 0.012276785714285714 0.019289785181937746
175 0.46707589285714285 0.38820692678649715 0.008091517857142858 0.00920648838228847
177 0.45382254464285715 0.36442349846558525 0.005859375 0.014686540990793511
192 0.46805245535714285 0.3459009206488382 0.011997767857142858 0.01841297676457694
63 0.4956752232142857 0.3460105217010083 0.008649553571428572 0.00898728627794827
186 0.5076729910714286 0.28342832091188075 0.006138392857142857 0.012275317843051293
195 0.45382254464285715 0.45363875493204736 0.010323660714285714 0.016440157825515125
193 0.45375279017857145 0.49473914949583514 0.012416294642857142 0.01972818939061815
195 0.45375279017857145 0.5374835598421744 0.0107421875 0.01709776413853573
25 0.39111328125 0.6854449802718106 0.010463169642857142 0.011398509425690487
102 0.14320591517857142 0.26128890837352037 0.007393973214285714 0.00920648838228847
60 0.2811802455357143 0.2613985094256905 0.009626116071428572 0.00898728627794827
182 0.31040736607142855 0.26128890837352037 0.005301339285714286 0.00920648838228847
142 0.3388671875 0.2613985094256905 0.006138392857142857 0.009425690486628672
186 0.36111886160714285 0.2613985094256905 0.007114955357142857 0.009864094695309075
179 0.16859654017857142 0.3018412976764577 0.011300223214285714 0.012713722051731697
175 0.46798270089285715 0.3035949145111793 0.010184151785714286 0.00920648838228847
178 0.48081752232142855 0.320692678649715 0.005719866071428571 0.015344147303814117
175 0.615234375 0.28386672512056116 0.005859375 0.01446733888645331
63 0.6153041294642857 0.40311266988163086 0.005998883928571429 0.013590530469092503
142 0.42696707589285715 0.7507672073651908 0.005998883928571429 0.00920648838228847
175 0.4267578125 0.8668347216133275 0.005859375 0.015124945199473916
191 0.46212332589285715 0.8958790004384042 0.007952008928571428 0.012713722051731697
196 0.6691545758928571 0.24210872424375274 0.012416294642857142 0.019508987286277948
142 0.6484375 0.2609601052170101 0.005580357142857143 0.00898728627794827
181 0.49204799107142855 0.30370451556334943 0.008091517857142858 0.00898728627794827
185 0.10797991071428571 0.15267426567295045 0.014229910714285714 0.007233669443226655
192 0.10379464285714286 0.24134151687856203 0.012834821428571428 0.020166593599298552
192 0.10379464285714286 0.3261727312582201 0.011997767857142858 0.018851380973257344
119 0.1181640625 0.341297676457694 0.011160714285714286 0.018851380973257344
186 0.11851283482142858 0.0922840859272249 0.007393973214285714 0.010083296799649276
14 0.16873604910714285 0.0920648838228847 0.009626116071428572 0.00920648838228847
185 0.23039899553571427 0.08559842174484875 0.004324776785714286 0.02257781674704077
195 0.25313895089285715 0.09217448487505481 0.011021205357142858 0.01731696624287593
191 0.35714285714285715 0.0920648838228847 0.008370535714285714 0.0131521262604121
194 0.38685825892857145 0.09217448487505481 0.012276785714285714 0.019070583077597545
102 0.41043526785714285 0.0920648838228847 0.008928571428571428 0.00920648838228847
196 0.58837890625 0.198925909688733 0.012416294642857142 0.019508987286277948
194 0.58837890625 0.2844147303814117 0.0126953125 0.01994739149495835
142 0.5615234375 0.8636562911003945 0.005859375 0.00920648838228847
183 0.5588030133928571 0.8352696185883385 0.011300223214285714 0.006795265234546251
186 0.5076729910714286 0.7940596229723805 0.006696428571428571 0.011617711530030689
182 0.5076032366071429 0.7563568610258659 0.005998883928571429 0.00898728627794827
142 0.5075334821428571 0.7131740464708461 0.006138392857142857 0.00898728627794827
176 0.5882393973214286 0.7549320473476545 0.005998883928571429 0.016220955721174924
191 0.58837890625 0.7029811486190267 0.007952008928571428 0.012275317843051293
32 0.5888671875 0.6273564226216571 0.006696428571428571 0.01578255151249452
195 0.48067801339285715 0.4104559403770276 0.012416294642857142 0.019508987286277948
195 0.34605189732142855 0.789127575624726 0.011579241071428572 0.018851380973257344
119 0.3594447544642857 0.6794169224024551 0.009626116071428572 0.019070583077597545
181 0.5345982142857143 0.6631959666812801 0.005859375 0.012932924156071899
184 0.5146484375 0.6486190267426567 0.004464285714285714 0.022797018851380975
184 0.53857421875 0.7835379219640508 0.0146484375 0.006795265234546251
63 0.5446428571428571 0.6844585708022797 0.007533482142857143 0.00898728627794827
14 0.6008649553571429 0.6843489697501096 0.008649553571428572 0.008768084173608066
102 0.6153041294642857 0.657606313020605 0.005719866071428571 0.014028934677772907
192 0.6153041294642857 0.5783647523016221 0.012137276785714286 0.019070583077597545
176 0.6153738839285714 0.4927663305567733 0.005859375 0.015344147303814117
196 0.6422293526785714 0.3241999123191583 0.012416294642857142 0.01972818939061815
189 0.6691545758928571 0.7482463831652784 0.007672991071428571 0.021262604120999562
32 0.6695033482142857 0.6647303814116615 0.006975446428571429 0.016001753616834723
175 0.6691545758928571 0.6240683910565541 0.005719866071428571 0.0131521262604121
60 0.6692243303571429 0.5726654975887768 0.005859375 0.016001753616834723
177 0.6691545758928571 0.535839544059623 0.005719866071428571 0.013809732573432706
180 0.6692243303571429 0.4992327926348093 0.005859375 0.012494519947391494
181 0.6690848214285714 0.4491451117930732 0.005859375 0.016220955721174924