187 0.6357421875 0.0920648838228847 0.0030691964285714285 0.00920648838228847
187 0.5772879464285714 0.9381850065760632 0.0030691964285714285 0.00920648838228847
187 0.689453125 0.3459009206488382 0.0030691964285714285 0.00920648838228847
187 0.40890066964285715 0.17667689609820253 0.0030691964285714285 0.00920648838228847
187 0.12234933035714286 0.8958790004384042 0.0030691964285714285 0.00920648838228847
187 0.6153738839285714 0.14730381411661553 0.005859375 0.004822446295484437
187 0.26534598214285715 0.9313897413415169 0.005859375 0.004822446295484437
187 0.6819196428571429 0.1343708899605436 0.0030691964285714285 0.00920648838228847
185 0.7035435267857143 0.09875054800526085 0.004185267857142857 0.02257781674704077
119 0.6803850446428571 0.09710653222270933 0.010323660714285714 0.018851380973257344
177 0.6558314732142857 0.09217448487505481 0.008091517857142858 0.00898728627794827
188 0.7230050223214286 0.16440157825515125 0.011579241071428572 0.00920648838228847
25 0.7239118303571429 0.36639631740464706 0.007533482142857143 0.014686540990793511
14 0.6867327008928571 0.3038141166155195 0.0087890625 0.00920648838228847
182 0.6548549107142857 0.3034853134590092 0.005859375 0.009425690486628672
183 0.5909598214285714 0.914182376150811 0.011439732142857142 0.006795265234546251
119 0.5853794642857143 0.7875931608943446 0.012276785714285714 0.014905743095133712
186 0.58837890625 0.744629548443665 0.0068359375 0.011398509425690487
102 0.5885184151785714 0.7045155633494081 0.005719866071428571 0.014905743095133712
142 0.6610630580357143 0.6843489697501096 0.005719866071428571 0.009644892590968873
183 0.6862444196428571 0.6800745287154757 0.004185267857142857 0.017755370451556333
179 0.7124720982142857 0.6824857518632179 0.01171875 0.012494519947391494
180 0.73681640625 0.6842393686979396 0.007393973214285714 0.00898728627794827
182 0.58837890625 0.5324419114423499 0.005998883928571429 0.00920648838228847
194 0.6289760044642857 0.4729285401139851 0.012137276785714286 0.019070583077597545
192 0.7108677455357143 0.4729285401139851 0.012137276785714286 0.019070583077597545
63 0.18450055803571427 0.3643138974134152 0.005719866071428571 0.015344147303814117
191 0.1845703125 0.32661113546690046 0.008091517857142858 0.012713722051731697
180 0.18443080357142858 0.24331433581762385 0.005859375 0.012713722051731697
14 0.24679129464285715 0.21909250328803156 0.010044642857142858 0.009425690486628672
191 0.1845703125 0.41231915826391935 0.008928571428571428 0.014028934677772907
192 0.1845703125 0.49517755370451555 0.012276785714285714 0.019289785181937746
102 0.27364676339285715 0.5576501534414731 0.007672991071428571 0.00920648838228847
193 0.1845703125 0.5806663743971943 0.012276785714285714 0.019289785181937746
176 0.17027064732142858 0.7690705830775976 0.010184151785714286 0.00898728627794827
186 0.14397321428571427 0.7688513809732573 0.007533482142857143 0.010302498903989479
181 0.7230747767857143 0.4876150811047786 0.005859375 0.014686540990793511
192 0.7230050223214286 0.45056992547128455 0.012137276785714286 0.019070583077597545
183 0.7204241071428571 0.407606313020605 0.011439732142857142 0.006795265234546251
119 0.6852678571428571 0.2238053485313459 0.009207589285714286 0.01841297676457694
183 0.6612025669642857 0.2230381411661552 0.004324776785714286 0.01819377466023674
188 0.6691545758928571 0.36146427005699255 0.010463169642857142 0.008768084173608066
187 0.6556919642857143 0.3459009206488382 0.0030691964285714285 0.00920648838228847
32 0.6065150669642857 0.3876589215256466 0.008510044642857142 0.010740903112669882
183 0.5699637276785714 0.3927005699254713 0.004324776785714286 0.01731696624287593
177 0.5345284598214286 0.36562911003945636 0.005719866071428571 0.012713722051731697
25 0.5759626116071429 0.21755808855765016 0.009626116071428572 0.011179307321350284
14 0.5206473214285714 0.3035949145111793 0.008091517857142858 0.00920648838228847
175 0.4994419642857143 0.3035949145111793 0.007533482142857143 0.00920648838228847
178 0.4712611607142857 0.30370451556334943 0.010044642857142858 0.00898728627794827
142 0.4424525669642857 0.3033757124068391 0.005998883928571429 0.009644892590968873
177 0.38685825892857145 0.3035949145111793 0.008928571428571428 0.00920648838228847
194 0.34605189732142855 0.49331433581762385 0.012416294642857142 0.019508987286277948
142 0.34619140625 0.4090311266988163 0.005998883928571429 0.008768084173608066
177 0.35853794642857145 0.3035949145111793 0.010323660714285714 0.00920648838228847
181 0.4130859375 0.4727093380096449 0.007254464285714286 0.00898728627794827
25 0.43603515625 0.471722928540114 0.0087890625 0.010960105217010083
63 0.46275111607142855 0.472818939061815 0.009207589285714286 0.008768084173608066
179 0.4942103794642857 0.4709557211749233 0.0107421875 0.012494519947391494
176 0.39990234375 0.289127575624726 0.005719866071428571 0.01578255151249452
14 0.3999720982142857 0.24638316527838666 0.005859375 0.014028934677772907
180 0.35818917410714285 0.21920210434020165 0.008510044642857142 0.00920648838228847
183 0.40255301339285715 0.4607628233231039 0.011300223214285714 0.0070144673388864535
196 0.5476422991071429 0.4729285401139851 0.012137276785714286 0.019070583077597545
188 0.45382254464285715 0.18752740026304252 0.008649553571428572 0.007233669443226655
183 0.45640345982142855 0.2927444103463393 0.011300223214285714 0.006795265234546251
60 0.41441127232142855 0.0920648838228847 0.0087890625 0.00920648838228847
182 0.3872767857142857 0.09217448487505481 0.005580357142857143 0.009425690486628672
180 0.35923549107142855 0.0920648838228847 0.008928571428571428 0.00920648838228847
179 0.337890625 0.09392810170977642 0.01171875 0.012494519947391494
183 0.30433872767857145 0.09622972380534853 0.004324776785714286 0.01797457255589654
142 0.60498046875 0.9382946076282332 0.005719866071428571 0.009425690486628672
186 0.6153041294642857 0.9175800087680842 0.006277901785714286 0.011398509425690487
181 0.6151646205357143 0.8395440596229724 0.006277901785714286 0.01578255151249452
192 0.6153738839285714 0.7897851819377466 0.011997767857142858 0.018851380973257344
178 0.6155133928571429 0.7062691801841298 0.005859375 0.015344147303814117
189 0.6153738839285714 0.49375274002630426 0.006138392857142857 0.021262604120999562
183 0.7472098214285714 0.7096668128014029 0.011160714285714286 0.006795265234546251
183 0.7472098214285714 0.5354011398509426 0.011160714285714286 0.006795265234546251
195 0.7499302455357143 0.4927663305567733 0.011021205357142858 0.01709776413853573
178 0.7413504464285714 0.4729285401139851 0.008649553571428572 0.009425690486628672
190 0.7499302455357143 0.8015124945199474 0.007393973214285714 0.007233669443226655
60 0.6530412946428571 0.938075405523893 0.007533482142857143 0.009425690486628672
195 0.5615234375 0.7472599736957475 0.011997767857142858 0.018851380973257344
177 0.5613141741071429 0.6665935992985532 0.005719866071428571 0.015344147303814117
185 0.5574079241071429 0.6279044278825077 0.0146484375 0.006795265234546251
185 0.5572684151785714 0.5671854449802718 0.014369419642857142 0.006795265234546251
191 0.5614536830357143 0.493533537921964 0.008231026785714286 0.012932924156071899
14 0.373046875 0.7127356422621657 0.005859375 0.016440157825515125
195 0.3729771205357143 0.6623191582639193 0.010184151785714286 0.016440157825515125
186 0.44266183035714285 0.7266549758877685 0.007533482142857143 0.010960105217010083
14 0.46854073660714285 0.7267645769399387 0.008231026785714286 0.00898728627794827
181 0.49839564732142855 0.7265453748355984 0.009626116071428572 0.00898728627794827
182 0.5251116071428571 0.7267645769399387 0.005859375 0.009864094695309075
183 0.37562779017857145 0.8241999123191582 0.011300223214285714 0.007452871547566856
119 0.38204520089285715 0.8487505480052608 0.011858258928571428 0.018851380973257344
142 0.44419642857142855 0.8534633932485752 0.005580357142857143 0.009864094695309075
180 0.4701450892857143 0.8535729943007453 0.009765625 0.009644892590968873
14 0.4979771205357143 0.8536825953529154 0.009626116071428572 0.009864094695309075
194 0.27769252232142855 0.8957693993862341 0.012137276785714286 0.019070583077597545
178 0.2567661830357143 0.8956597983340641 0.009068080357142858 0.00920648838228847
195 0.29227120535714285 0.8312143796580447 0.011997767857142858 0.018851380973257344
188 0.19273158482142858 0.7266549758877685 0.004603794642857143 0.01446733888645331
25 0.16755022321428573 0.7280797895659799 0.008370535714285714 0.011617711530030689
60 0.07686941964285714 0.7028715475668567 0.005859375 0.012932924156071899
60 0.26541573660714285 0.11650591845681718 0.006277901785714286 0.015124945199473916
195 0.27901785714285715 0.17667689609820253 0.011997767857142858 0.018851380973257344
192 0.3056640625 0.17667689609820253 0.011997767857142858 0.018851380973257344
25 0.3324497767857143 0.17547128452433144 0.010323660714285714 0.011617711530030689
195 0.36000279017857145 0.17678649715037265 0.0107421875 0.016878562034195528
60 0.26534598214285715 0.2743314335817624 0.005859375 0.016001753616834723
142 0.26534598214285715 0.4205392371766769 0.005859375 0.009425690486628672
181 0.26534598214285715 0.4526523454625164 0.005859375 0.01446733888645331
14 0.26548549107142855 0.4859710653222271 0.005859375 0.012275317843051293
189 0.07686941964285714 0.6627575624725998 0.006138392857142857 0.021262604120999562
185 0.08328683035714286 0.6354669004822446 0.004464285714285714 0.022797018851380975
180 0.14613560267857142 0.8535729943007453 0.010463169642857142 0.008768084173608066
184 0.28076171875 0.8471065322227094 0.004324776785714286 0.023016220955721176
14 0.07686941964285714 0.6192459447610698 0.005859375 0.012713722051731697
181 0.16755022321428573 0.5572117492327926 0.010044642857142858 0.00920648838228847
14 0.15757533482142858 0.745615957913196 0.005719866071428571 0.015563349408154318
188 0.15764508928571427 0.7074747917580009 0.01171875 0.0076720736519070585
189 0.15764508928571427 0.6618807540552389 0.006138392857142857 0.021262604120999562
193 0.14278738839285715 0.6420429636124507 0.012137276785714286 0.019289785181937746
176 0.11390904017857142 0.6421525646646208 0.007672991071428571 0.009425690486628672
14 0.15750558035714285 0.7825515124945199 0.005859375 0.012713722051731697
102 0.17292131696428573 0.6841297676457694 0.010184151785714286 0.00920648838228847
184 0.24434988839285715 0.6776633055677335 0.004603794642857143 0.02257781674704077
175 0.2758091517857143 0.6844585708022797 0.008649553571428572 0.00898728627794827
182 0.29917689732142855 0.6843489697501096 0.005440848214285714 0.00920648838228847
184 0.3330775669642857 0.6776633055677335 0.004324776785714286 0.02257781674704077
195 0.13071986607142858 0.873849188952214 0.012276785714285714 0.019508987286277948
179 0.12946428571428573 0.7855107409031127 0.0078125 0.015563349408154318
60 0.13065011160714285 0.7486847873739588 0.005719866071428571 0.011617711530030689
195 0.13071986607142858 0.7053923717667689 0.011997767857142858 0.018851380973257344
142 0.13058035714285715 0.6295484436650591 0.006138392857142857 0.008329679964927663
195 0.48074776785714285 0.4082639193336256 0.010323660714285714 0.016440157825515125
186 0.5213448660714286 0.38820692678649715 0.007533482142857143 0.009644892590968873
191 0.48067801339285715 0.3683691363437089 0.007393973214285714 0.011617711530030689
14 0.48074776785714285 0.3301183691363437 0.005859375 0.01446733888645331
178 0.48067801339285715 0.5312362998684788 0.005719866071428571 0.013371328364752301
194 0.46651785714285715 0.5574309513371328 0.011997767857142858 0.018851380973257344
188 0.44287109375 0.5574309513371328 0.005161830357142857 0.015344147303814117
183 0.39132254464285715 0.5618149934239368 0.004464285714285714 0.017536168347216132
25 0.6162109375 0.2743314335817624 0.007533482142857143 0.011617711530030689
195 0.6153738839285714 0.3259535291538799 0.010602678571428572 0.016659359929855327
193 0.5738002232142857 0.3035949145111793 0.011997767857142858 0.01841297676457694
60 0.2652064732142857 0.8683691363437089 0.005859375 0.011617711530030689
185 0.26123046875 0.8224462954844366 0.0146484375 0.0070144673388864535
181 0.26527622767857145 0.791209995615958 0.005719866071428571 0.011179307321350284
189 0.26527622767857145 0.7471503726435774 0.007672991071428571 0.021262604120999562
175 0.26527622767857145 0.7133932485751863 0.005719866071428571 0.015124945199473916
187 0.5884486607142857 0.36716352476983777 0.005859375 0.004822446295484437
196 0.5614536830357143 0.45122753178430514 0.012416294642857142 0.019508987286277948
177 0.5613839285714286 0.4071679088119246 0.005859375 0.012932924156071899
63 0.6037946428571429 0.43062253397632616 0.009207589285714286 0.009425690486628672
190 0.6001674107142857 0.8957693993862341 0.006975446428571429 0.006795265234546251
25 0.5442243303571429 0.8970846120122753 0.009765625 0.011179307321350284
184 0.38748604910714285 0.9024550635686103 0.004324776785714286 0.022797018851380975
180 0.30447823660714285 0.8956597983340641 0.008231026785714286 0.00920648838228847
60 0.08984375 0.6844585708022797 0.009207589285714286 0.00898728627794827
175 0.10372488839285714 0.6626479614204296 0.005719866071428571 0.016659359929855327
176 0.10379464285714286 0.6236299868478737 0.005859375 0.01446733888645331
102 0.10379464285714286 0.5803375712406839 0.006138392857142857 0.014248136782113108
181 0.10386439732142858 0.5309074967119685 0.005719866071428571 0.012275317843051293
186 0.10386439732142858 0.49451994739149496 0.006556919642857143 0.01183691363437089
180 0.11328125 0.34622972380534855 0.009207589285714286 0.009425690486628672
63 0.6423688616071429 0.2776194651468654 0.005998883928571429 0.015124945199473916
195 0.6422293526785714 0.2389302937308198 0.011858258928571428 0.018851380973257344
191 0.6422293526785714 0.15245506356861027 0.0068359375 0.010740903112669882