187 0.46700613839285715 0.424906818680114 0.004603794642857143 0.013593510195132646
187 0.1142578125 0.8625301468976102 0.004464285714285714 0.013593510195132646
187 0.5943777901785714 0.8625301468976102 0.004603794642857143 0.013593510195132646
187 0.11655970982142858 0.36242052181539136 0.004603794642857143 0.013593510195132646
187 0.208984375 0.37546590659942997 0.008649553571428572 0.00723525542644157
187 0.2885044642857143 0.8344661258495943 0.008649553571428572 0.007016005262003947
187 0.13825334821428573 0.23744792808594606 0.004464285714285714 0.013593510195132646
187 0.7052873883928571 0.6749616312212234 0.004603794642857143 0.013374260030695024
102 0.12925502232142858 0.836987502740627 0.008510044642857142 0.017320762990572242
190 0.16106305803571427 0.8000438500328875 0.007672991071428571 0.01710151282613462
190 0.15234375 0.7374479280859461 0.006417410714285714 0.014251260688445516
32 0.18268694196428573 0.7360228020171015 0.013532366071428572 0.016663012497259374
183 0.12562779017857142 0.6439377329532997 0.016880580357142856 0.010085507564130673
194 0.12953404017857142 0.5162245121683842 0.017717633928571428 0.027844770883578163
186 0.12946428571428573 0.458671344003508 0.010323660714285714 0.01841701381276036
186 0.16936383928571427 0.39826792370094277 0.009207589285714286 0.01775926331944749
102 0.18659319196428573 0.3627493970620478 0.012974330357142858 0.013374260030695024
188 0.28857421875 0.13144047358035518 0.016322544642857144 0.010743258057443543
180 0.26611328125 0.23755755316816488 0.013532366071428572 0.013374260030695024
178 0.30733816964285715 0.2376671782503837 0.015066964285714286 0.013593510195132646
176 0.38211495535714285 0.2378864284148213 0.012555803571428572 0.013593510195132646
194 0.42919921875 0.23733830300372724 0.017717633928571428 0.027844770883578163
60 0.3457728794642857 0.11291383468537601 0.014369419642857142 0.0131550098662574
32 0.42396763392857145 0.11105020828765622 0.015904017857142856 0.01644376233282175
179 0.4061802455357143 0.2002850252137689 0.012137276785714286 0.026529269896952423
175 0.40792410714285715 0.1467879850909888 0.008649553571428572 0.022582766937075203
32 0.7266322544642857 0.3823722867792151 0.009905133928571428 0.021486516114887087
177 0.72607421875 0.458671344003508 0.008510044642857142 0.021925016443762334
195 0.7044503348214286 0.5498794124095593 0.015485491071428572 0.022802017101512827
192 0.6261858258928571 0.424906818680114 0.018275669642857144 0.02850252137689103
181 0.16922433035714285 0.3260249945187459 0.008928571428571428 0.021925016443762334
14 0.16936383928571427 0.46272747204560405 0.008649553571428572 0.019951764963823723
25 0.2627650669642857 0.4860776145582109 0.0146484375 0.016224512168384126
190 0.6465541294642857 0.8138566103924578 0.0068359375 0.010085507564130673
14 0.6463448660714286 0.7739530804648104 0.008649553571428572 0.018855514141635606
178 0.6627371651785714 0.5497697873273405 0.015764508928571428 0.013374260030695024
183 0.62646484375 0.8062924797193598 0.0068359375 0.026090769568077175
177 0.54345703125 0.8001534751151064 0.015206473214285714 0.013374260030695024
63 0.4697963169642857 0.8001534751151064 0.011858258928571428 0.013374260030695024
32 0.4302455357142857 0.798618723964043 0.015066964285714286 0.01644376233282175
192 0.3876255580357143 0.8000438500328875 0.017717633928571428 0.026748520061390047
14 0.2885044642857143 0.3318351238763429 0.008649553571428572 0.01907476430607323
195 0.22844587053571427 0.36242052181539136 0.018833705357142856 0.029818022363516772
186 0.14969308035714285 0.36242052181539136 0.010881696428571428 0.014909011181758386
189 0.5467354910714286 0.36242052181539136 0.020089285714285716 0.013593510195132646
177 0.5671037946428571 0.2670467002850252 0.008649553571428572 0.018855514141635606
184 0.5383649553571429 0.3094716071037053 0.006417410714285714 0.03354527515895637
194 0.5070452008928571 0.29993422495066874 0.019112723214285716 0.029818022363516772
196 0.46561104910714285 0.29993422495066874 0.018275669642857144 0.02850252137689103
186 0.4257114955357143 0.29993422495066874 0.011021205357142858 0.015347511510633634
187 0.208984375 0.33117737338303005 0.008649553571428572 0.00723525542644157
187 0.208984375 0.26869107651830737 0.008649553571428572 0.00723525542644157
187 0.26869419642857145 0.29993422495066874 0.004464285714285714 0.013593510195132646
194 0.30943080357142855 0.8000438500328875 0.018415178571428572 0.02894102170576628
183 0.18101283482142858 0.806182854637141 0.0068359375 0.0263100197325148
194 0.24881417410714285 0.7056566542424907 0.017996651785714284 0.028283271212453408
119 0.6023297991071429 0.8262442446831835 0.017438616071428572 0.02302126726595045
195 0.6067243303571429 0.706095154571366 0.017578125 0.027844770883578163
195 0.6067243303571429 0.6428414821311116 0.018136160714285716 0.02850252137689103
183 0.5409458705357143 0.6185047138785355 0.0068359375 0.0263100197325148
192 0.48744419642857145 0.4577943433457575 0.019252232142857144 0.03025652269239202
182 0.48758370535714285 0.516882262661697 0.008649553571428572 0.013374260030695024
63 0.48744419642857145 0.5798070598552949 0.008928571428571428 0.023898267923700943
142 0.5184849330357143 0.6123657092742819 0.008510044642857142 0.013593510195132646
179 0.48911830357142855 0.6329752247314185 0.01171875 0.026748520061390047
181 0.7040318080357143 0.7375575531681648 0.013253348214285714 0.013593510195132646
60 0.72607421875 0.7754878316158738 0.008510044642857142 0.022802017101512827
193 0.6658761160714286 0.7374479280859461 0.018136160714285716 0.028721771541328656
188 0.6296037946428571 0.7374479280859461 0.008091517857142858 0.023459767594825695
182 0.583984375 0.736899802674852 0.008928571428571428 0.013593510195132646
192 0.5465959821428571 0.7374479280859461 0.018136160714285716 0.028721771541328656
194 0.5070452008928571 0.7374479280859461 0.017996651785714284 0.028283271212453408
189 0.34786551339285715 0.7374479280859461 0.019949776785714284 0.01512826134619601
119 0.36356026785714285 0.7110282832712125 0.017578125 0.02718702039026529
119 0.36363002232142855 0.6345099758824819 0.017717633928571428 0.02104801578601184
193 0.38985770089285715 0.6124753343565008 0.017717633928571428 0.027406270554702915
25 0.42654854910714285 0.6107213330409997 0.013253348214285714 0.016882262661696998
195 0.46923828125 0.6124753343565008 0.015485491071428572 0.023898267923700943
25 0.3690708705357143 0.8283271212453409 0.010463169642857142 0.02236351677263758
32 0.32896205357142855 0.887086165314624 0.009765625 0.02367901775926332
63 0.2275390625 0.8625301468976102 0.014229910714285714 0.0131550098662574
187 0.646484375 0.1437184827888621 0.008649553571428572 0.00723525542644157
194 0.646484375 0.20620477965358475 0.018694196428571428 0.029160271870203903
60 0.6236049107142857 0.36242052181539136 0.012834821428571428 0.0131550098662574
184 0.5934709821428571 0.3721771541328656 0.006417410714285714 0.03354527515895637
63 0.6465541294642857 0.39607542205656654 0.008510044642857142 0.01644376233282175
195 0.4476841517857143 0.20883578162683622 0.015625 0.024775268581451435
180 0.4476841517857143 0.26057882043411534 0.008370535714285714 0.02433676825257619
119 0.14920479910714285 0.29269896952422714 0.0166015625 0.028064021048015787
190 0.208984375 0.19326901995176496 0.008649553571428572 0.014251260688445516
176 0.14229910714285715 0.48739311554483666 0.011439732142857142 0.0131550098662574
32 0.6720145089285714 0.11159833369875027 0.012276785714285714 0.015347511510633634
179 0.54345703125 0.11499671124753344 0.0146484375 0.01907476430607323
179 0.5026506696428571 0.11499671124753344 0.014229910714285714 0.018636263977197982
119 0.46177455357142855 0.11982021486516115 0.016183035714285716 0.027844770883578163
175 0.08977399553571429 0.6390046042534532 0.009068080357142858 0.02039026529269897
176 0.08963448660714286 0.46196009647007236 0.008510044642857142 0.02104801578601184
180 0.14857700892857142 0.17529050646787986 0.010323660714285714 0.014251260688445516
180 0.10623604910714286 0.17518088138566104 0.012974330357142858 0.013593510195132646
192 0.24874441964285715 0.8312869984652489 0.017020089285714284 0.027844770883578163
102 0.4872349330357143 0.20631440473580356 0.0087890625 0.0197325147993861
187 0.46756417410714285 0.23744792808594606 0.004603794642857143 0.013593510195132646
32 0.10797991071428571 0.11115983336987503 0.013950892857142858 0.016224512168384126
192 0.08970424107142858 0.14415698311773734 0.019252232142857144 0.030475772856829644
179 0.09144810267857142 0.19600964700723525 0.011858258928571428 0.02455601841701381
102 0.11432756696428571 0.2997149747862311 0.015206473214285714 0.013593510195132646
60 0.513671875 0.6749616312212234 0.014229910714285714 0.013374260030695024
193 0.5272042410714286 0.5790396842797632 0.018415178571428572 0.02894102170576628
180 0.5465959821428571 0.5499890374917781 0.013392857142857142 0.013374260030695024
179 0.6189313616071429 0.547686910765183 0.014927455357142858 0.019294014470510854
60 0.5270647321428571 0.7086165314623986 0.008649553571428572 0.019294014470510854
192 0.28857421875 0.5160052620039465 0.018275669642857144 0.028721771541328656
177 0.28857421875 0.6485419864064899 0.008510044642857142 0.02236351677263758
194 0.26806640625 0.6749616312212234 0.017996651785714284 0.028283271212453408
180 0.6863141741071429 0.832383249287437 0.009068080357142858 0.01775926331944749
60 0.6662248883928571 0.9247971935978953 0.013532366071428572 0.013593510195132646