187 0.6554129464285714 0.36242052181539136 0.004464285714285714 0.013593510195132646
187 0.5272042410714286 0.7242929182196887 0.008649553571428572 0.00723525542644157
187 0.27218191964285715 0.8625301468976102 0.004464285714285714 0.013593510195132646
187 0.13846261160714285 0.23744792808594606 0.004603794642857143 0.013593510195132646
187 0.7260044642857143 0.16564349923262442 0.008649553571428572 0.00723525542644157
187 0.12109375 0.9250164437623328 0.004464285714285714 0.013593510195132646
187 0.5272042410714286 0.8884016663012497 0.008649553571428572 0.007016005262003947
191 0.28857421875 0.7094935321201491 0.012137276785714286 0.018855514141635606
142 0.30287388392857145 0.9250164437623328 0.008649553571428572 0.01447051085288314
196 0.26736886160714285 0.924906818680114 0.017717633928571428 0.027844770883578163
32 0.36879185267857145 0.6431703573777681 0.009905133928571428 0.021267265950449463
191 0.3680943080357143 0.5695023021267266 0.010463169642857142 0.01644376233282175
179 0.6085379464285714 0.7774610830958123 0.011997767857142858 0.02367901775926332
178 0.6065848214285714 0.5835343126507345 0.008649553571428572 0.019513264634948475
184 0.5839146205357143 0.4971497478623109 0.006556919642857143 0.03354527515895637
193 0.5458286830357143 0.48750274062705545 0.017996651785714284 0.028283271212453408
184 0.5144391741071429 0.4973689980267485 0.006556919642857143 0.03310677483008112
196 0.46742466517857145 0.48750274062705545 0.017717633928571428 0.027844770883578163
183 0.48353794642857145 0.3975005481254111 0.016741071428571428 0.010085507564130673
142 0.38037109375 0.17463275597456698 0.008510044642857142 0.01381276035957027
182 0.30740792410714285 0.674632755974567 0.009068080357142858 0.013593510195132646
195 0.32833426339285715 0.8336987502740627 0.018275669642857144 0.028721771541328656
177 0.32833426339285715 0.892896294672221 0.008510044642857142 0.023459767594825695
190 0.6863141741071429 0.31308923481692613 0.009068080357142858 0.010085507564130673
63 0.6653180803571429 0.29960534970401226 0.012276785714285714 0.013374260030695024
180 0.6263253348214286 0.3000438500328875 0.013811383928571428 0.013374260030695024
186 0.58935546875 0.29960534970401226 0.011021205357142858 0.01512826134619601
195 0.6465541294642857 0.20445077833808376 0.017438616071428572 0.027844770883578163
63 0.6262555803571429 0.17518088138566104 0.013671875 0.013593510195132646
119 0.5826590401785714 0.18197763648322737 0.015206473214285714 0.02718702039026529
188 0.5804966517857143 0.6748520061390046 0.008649553571428572 0.019294014470510854
179 0.525390625 0.6434992326244244 0.01171875 0.02762552071914054
188 0.5445033482142857 0.6124753343565008 0.007254464285714286 0.023459767594825695
175 0.671875 0.6125849594387196 0.013671875 0.01447051085288314
186 0.22886439732142858 0.8624205218153914 0.011858258928571428 0.016882262661696998
177 0.19133649553571427 0.6121464591098443 0.014369419642857142 0.0131550098662574
14 0.22265625 0.4877219907914931 0.012834821428571428 0.013374260030695024
183 0.7220284598214286 0.6906380179785134 0.0166015625 0.010085507564130673
195 0.7054966517857143 0.6749616312212234 0.018136160714285716 0.028721771541328656
175 0.6691545758928571 0.6749616312212234 0.011021205357142858 0.013374260030695024
195 0.7059151785714286 0.8625301468976102 0.015904017857142856 0.02499451874588906
192 0.6260463169642857 0.8624205218153914 0.018833705357142856 0.029598772199079148
191 0.72607421875 0.6374698531023898 0.013253348214285714 0.020828765621574215
32 0.7265625 0.5747643060732296 0.009765625 0.024775268581451435
180 0.7071707589285714 0.362639771979829 0.010881696428571428 0.013593510195132646
63 0.43526785714285715 0.23711905283928963 0.010323660714285714 0.013374260030695024
63 0.38685825892857145 0.23700942775707082 0.014229910714285714 0.014032010524007894
185 0.35721261160714285 0.24687568515676386 0.007114955357142857 0.033764525323393996
63 0.3037806919642857 0.23700942775707082 0.012974330357142858 0.014032010524007894
188 0.6659458705357143 0.48739311554483666 0.0068359375 0.017978513483885114
194 0.646484375 0.583205437404078 0.018136160714285716 0.02850252137689103
195 0.5858677455357143 0.42501644376233283 0.017717633928571428 0.027844770883578163
194 0.5461774553571429 0.424906818680114 0.017857142857142856 0.028064021048015787
60 0.5048130580357143 0.4247971935978952 0.012974330357142858 0.013374260030695024
190 0.54833984375 0.8625301468976102 0.009905133928571428 0.013593510195132646
175 0.38232421875 0.8627493970620478 0.012416294642857142 0.013593510195132646
196 0.3472377232142857 0.8625301468976102 0.019252232142857144 0.03025652269239202
182 0.44775390625 0.5025213768910327 0.0087890625 0.013593510195132646
182 0.44775390625 0.6268362201271651 0.0087890625 0.013593510195132646
191 0.46323939732142855 0.6749616312212234 0.011579241071428572 0.018197763648322735
142 0.416015625 0.6748520061390046 0.008649553571428572 0.013593510195132646
188 0.23116629464285715 0.17485200613900462 0.008649553571428572 0.018636263977197982
25 0.17054966517857142 0.212453409340057 0.011021205357142858 0.02236351677263758
14 0.46498325892857145 0.11236570927428195 0.013113839285714286 0.01381276035957027
195 0.72607421875 0.204889278666959 0.015764508928571428 0.024775268581451435
60 0.7112165178571429 0.23744792808594606 0.011997767857142858 0.0131550098662574
194 0.6250697544642857 0.23744792808594606 0.019391741071428572 0.03025652269239202
186 0.7265625 0.2727472045604034 0.010044642857142858 0.01710151282613462
175 0.14529854910714285 0.9247971935978953 0.012416294642857142 0.013593510195132646
186 0.24895368303571427 0.8293137469853102 0.010463169642857142 0.017320762990572242
184 0.24267578125 0.7545494409120806 0.021344866071428572 0.010304757728568297
192 0.24881417410714285 0.7047796535847402 0.017996651785714284 0.028283271212453408
192 0.24881417410714285 0.6418548563911423 0.018833705357142856 0.029598772199079148
196 0.24881417410714285 0.5783819337864503 0.0185546875 0.029379522034641527
192 0.18959263392857142 0.8624205218153914 0.018973214285714284 0.030037272527954396
195 0.12953404017857142 0.5184170138127604 0.017717633928571428 0.027844770883578163
195 0.12946428571428573 0.45428634071475554 0.015625 0.02455601841701381
184 0.49923270089285715 0.29006796755097564 0.006277901785714286 0.03332602499451875
32 0.42333984375 0.2987283490462618 0.015206473214285714 0.01644376233282175
178 0.6864536830357143 0.39070379302784475 0.008510044642857142 0.021925016443762334
178 0.28857421875 0.7575093181319886 0.008510044642857142 0.018855514141635606
60 0.31396484375 0.8001534751151064 0.011300223214285714 0.014251260688445516
188 0.32840401785714285 0.5701600526200394 0.012276785714285714 0.012058759044069283
178 0.32833426339285715 0.4552729664547248 0.008510044642857142 0.02302126726595045
25 0.28745814732142855 0.4486954615215961 0.0107421875 0.019951764963823723
187 0.2885044642857143 0.3936636702477527 0.008649553571428572 0.00723525542644157
190 0.28857421875 0.26255207191405394 0.010463169642857142 0.01644376233282175
193 0.19029017857142858 0.23733830300372724 0.017857142857142856 0.028283271212453408
184 0.17543247767857142 0.5771760578820434 0.021344866071428572 0.010304757728568297
32 0.6867327008928571 0.6442666081999562 0.009626116071428572 0.019513264634948475
63 0.52734375 0.20445077833808376 0.008370535714285714 0.016882262661696998
32 0.50341796875 0.23558430168822628 0.015206473214285714 0.016882262661696998
177 0.46958705357142855 0.1747423810567858 0.010602678571428572 0.013593510195132646
192 0.40785435267857145 0.20686253014689762 0.016880580357142856 0.027844770883578163
32 0.40848214285714285 0.32580574435430826 0.009765625 0.02499451874588906
175 0.42543247767857145 0.4247971935978952 0.013253348214285714 0.01381276035957027
180 0.5668247767857143 0.27208945406709056 0.008649553571428572 0.02236351677263758
184 0.4810267857142857 0.6988598991449244 0.020926339285714284 0.010743258057443543
190 0.48744419642857145 0.6539136154352115 0.0078125 0.01512826134619601
195 0.46616908482142855 0.6124753343565008 0.017996651785714284 0.028283271212453408
119 0.34716796875 0.6194913396185047 0.016322544642857144 0.027844770883578163
185 0.25502232142857145 0.28327121245340936 0.021205357142857144 0.010085507564130673
183 0.2719029017857143 0.29368559526419646 0.006417410714285714 0.026090769568077175
195 0.38804408482142855 0.29993422495066874 0.017996651785714284 0.028064021048015787
187 0.30845424107142855 0.5498794124095593 0.004464285714285714 0.013593510195132646
102 0.32833426339285715 0.2762552071914054 0.008510044642857142 0.019294014470510854
175 0.12939453125 0.893444420083315 0.0087890625 0.017540013155009866
175 0.15011160714285715 0.7375575531681648 0.011160714285714286 0.014032010524007894
176 0.16915457589285715 0.7144266608199956 0.008510044642857142 0.02039026529269897
175 0.18345424107142858 0.6749616312212234 0.013113839285714286 0.013374260030695024
191 0.26388113839285715 0.6749616312212234 0.010463169642857142 0.01644376233282175
184 0.16301618303571427 0.6520499890374918 0.021065848214285716 0.010085507564130673