187 0.08970424107142858 0.9185485639114229 0.008649553571428572 0.00723525542644157
187 0.27685546875 0.23744792808594606 0.004603794642857143 0.013593510195132646
187 0.16922433035714285 0.18219688664766498 0.008649553571428572 0.007016005262003947
187 0.208984375 0.2097127822845867 0.008649553571428572 0.00723525542644157
196 0.2885044642857143 0.2685814514360886 0.018415178571428572 0.02894102170576628
177 0.2885044642857143 0.39728129796097345 0.009207589285714286 0.024117518088138567
179 0.4061802455357143 0.825367244025433 0.011858258928571428 0.022144266608199955
193 0.40785435267857145 0.767704450778338 0.017438616071428572 0.027844770883578163
178 0.39083426339285715 0.7370094277570708 0.0146484375 0.013374260030695024
181 0.40799386160714285 0.6523788642841483 0.008510044642857142 0.02302126726595045
192 0.4292689732142857 0.6124753343565008 0.018694196428571428 0.029160271870203903
60 0.4077845982142857 0.8980486735365052 0.008649553571428572 0.02236351677263758
177 0.42752511160714285 0.9250164437623328 0.015206473214285714 0.0131550098662574
175 0.5843331473214286 0.9246875685156764 0.015764508928571428 0.013374260030695024
178 0.6253487723214286 0.9251260688445516 0.013811383928571428 0.013374260030695024
192 0.46609933035714285 0.36242052181539136 0.018136160714285716 0.02850252137689103
182 0.40771484375 0.3139662354746766 0.009068080357142858 0.012716509537382154
187 0.40792410714285715 0.26869107651830737 0.008649553571428572 0.00723525542644157
192 0.42857142857142855 0.23744792808594606 0.018136160714285716 0.02850252137689103
180 0.48744419642857145 0.46283709712782284 0.008649553571428572 0.020609515457136594
176 0.48751395089285715 0.5815610611707959 0.008510044642857142 0.02302126726595045
119 0.6021902901785714 0.7708835781626836 0.017717633928571428 0.02587151940363955
195 0.5055106026785714 0.7374479280859461 0.017996651785714284 0.028283271212453408
181 0.6065150669642857 0.5144705108528831 0.0087890625 0.018197763648322735
187 0.48744419642857145 0.8312869984652489 0.008649553571428572 0.00723525542644157
181 0.46875 0.8623108967331725 0.013392857142857142 0.0131550098662574
196 0.42647879464285715 0.8625301468976102 0.018415178571428572 0.02894102170576628
175 0.3921595982142857 0.8625301468976102 0.012834821428571428 0.013593510195132646
102 0.48765345982142855 0.7668274501205876 0.0087890625 0.018197763648322735
195 0.46742466517857145 0.7374479280859461 0.017717633928571428 0.027406270554702915
176 0.4476841517857143 0.6397719798289849 0.008370535714285714 0.021925016443762334
188 0.4476841517857143 0.5304757728568297 0.016741071428571428 0.010743258057443543
188 0.08970424107142858 0.8412628809471607 0.015066964285714286 0.012716509537382154
60 0.08942522321428571 0.7714317035737777 0.008649553571428572 0.01907476430607323
185 0.08356584821428571 0.701381276035957 0.021484375 0.010085507564130673
176 0.10239955357142858 0.42523569392677046 0.015345982142857142 0.014251260688445516
193 0.19091796875 0.424906818680114 0.017996651785714284 0.028064021048015787
192 0.22935267857142858 0.424906818680114 0.018694196428571428 0.029379522034641527
177 0.7066824776785714 0.6749616312212234 0.012416294642857142 0.013374260030695024
183 0.72998046875 0.689761017320763 0.0166015625 0.01052400789300592
63 0.7259347098214286 0.8313966235474677 0.0087890625 0.02367901775926332
184 0.6402064732142857 0.4580135935101951 0.020926339285714284 0.010085507564130673
195 0.30880301339285715 0.424906818680114 0.018275669642857144 0.02850252137689103
190 0.27553013392857145 0.36242052181539136 0.009486607142857142 0.015786011839508878
187 0.30845424107142855 0.48739311554483666 0.004464285714285714 0.013593510195132646
191 0.34444754464285715 0.48739311554483666 0.012555803571428572 0.0197325147993861
102 0.39195033482142855 0.4872834904626179 0.014927455357142858 0.01381276035957027
119 0.40345982142857145 0.4021048015786012 0.017578125 0.020609515457136594
195 0.5080915178571429 0.36242052181539136 0.016183035714285716 0.025433019074764307
176 0.36837332589285715 0.38555141416356065 0.0087890625 0.023898267923700943
183 0.39501953125 0.2939048454286341 0.006277901785714286 0.026529269896952423
175 0.42606026785714285 0.30037272527954395 0.014787946428571428 0.013593510195132646
14 0.12932477678571427 0.3899364174523131 0.008649553571428572 0.01907476430607323
179 0.13127790178571427 0.5072352554264415 0.01171875 0.021267265950449463
194 0.15073939732142858 0.6749616312212234 0.018275669642857144 0.028721771541328656
193 0.16922433035714285 0.7076299057224293 0.018694196428571428 0.029160271870203903
194 0.62548828125 0.424906818680114 0.017717633928571428 0.02718702039026529
63 0.5671037946428571 0.3976101732076299 0.008649553571428572 0.017320762990572242
32 0.5514090401785714 0.360885770664328 0.014369419642857142 0.016224512168384126
175 0.46937779017857145 0.4246875685156764 0.014927455357142858 0.013593510195132646
32 0.47412109375 0.1737557553168165 0.013253348214285714 0.015566761675071256
176 0.54296875 0.2997149747862311 0.014508928571428572 0.0131550098662574
185 0.3452845982142857 0.2470949353212015 0.006696428571428571 0.03332602499451875
190 0.12946428571428573 0.6884455163341372 0.007254464285714286 0.01710151282613462
175 0.3130580357142857 0.7374479280859461 0.013392857142857142 0.013374260030695024
190 0.35707310267857145 0.7374479280859461 0.0068359375 0.017320762990572242
175 0.16915457589285715 0.34159175619381715 0.0087890625 0.020171015128261346
186 0.16901506696428573 0.2712124534093401 0.009347098214285714 0.017978513483885114
186 0.4081333705357143 0.46185047138785357 0.009905133928571428 0.016882262661696998
184 0.4413364955357143 0.39048454286340717 0.021065848214285716 0.010085507564130673
60 0.4478236607142857 0.3327121245340934 0.008649553571428572 0.019513264634948475
102 0.646484375 0.7713220784915589 0.008370535714285714 0.019294014470510854
186 0.6466238839285714 0.7082876562157422 0.009486607142857142 0.01644376233282175
14 0.646484375 0.6375794781846086 0.008370535714285714 0.020609515457136594
196 0.646484375 0.5792589344442008 0.018694196428571428 0.029379522034641527
194 0.6251395089285714 0.8624205218153914 0.017857142857142856 0.028283271212453408
186 0.5880998883928571 0.8625301468976102 0.0107421875 0.015347511510633634
190 0.5382254464285714 0.8625301468976102 0.008649553571428572 0.015786011839508878
188 0.48744419642857145 0.3209822407366806 0.013113839285714286 0.010085507564130673
185 0.6743861607142857 0.8098004823503617 0.006417410714285714 0.03310677483008112
186 0.5852399553571429 0.6117079587809691 0.011439732142857142 0.016224512168384126
191 0.646484375 0.25827669370752027 0.012555803571428572 0.0197325147993861
190 0.40792410714285715 0.5748739311554484 0.007254464285714286 0.013593510195132646
181 0.14906529017857142 0.8002631001973252 0.013532366071428572 0.013593510195132646
102 0.30161830357142855 0.862639771979829 0.014787946428571428 0.01381276035957027
191 0.20905412946428573 0.7052181539136154 0.014090401785714286 0.022144266608199955
191 0.19635881696428573 0.6124753343565008 0.0126953125 0.019951764963823723
192 0.14850725446428573 0.6124753343565008 0.019112723214285716 0.030037272527954396
179 0.525390625 0.3229554922166192 0.01171875 0.02367901775926332
195 0.46630859375 0.29993422495066874 0.015764508928571428 0.02455601841701381
192 0.208984375 0.45538259153694366 0.018415178571428572 0.02894102170576628
190 0.19084821428571427 0.6749616312212234 0.0078125 0.012935759701819776
184 0.17543247767857142 0.7836000877000657 0.021344866071428572 0.010085507564130673
142 0.26206752232142855 0.550098662573997 0.008231026785714286 0.01447051085288314
193 0.3091517857142857 0.5498794124095593 0.018136160714285716 0.02850252137689103
175 0.7096819196428571 0.36231089673317257 0.012276785714285714 0.013374260030695024
193 0.6659458705357143 0.36242052181539136 0.018275669642857144 0.02850252137689103
179 0.7244001116071429 0.2734049550537163 0.011858258928571428 0.028064021048015787
187 0.6067243303571429 0.45614996711247535 0.008649553571428572 0.00723525542644157
191 0.54833984375 0.48750274062705545 0.013811383928571428 0.02170576627932471
193 0.5057198660714286 0.48739311554483666 0.018415178571428572 0.02894102170576628