187 0.2885044642857143 0.8455382591536944 0.008649553571428572 0.00723525542644157
187 0.13595145089285715 0.23744792808594606 0.004603794642857143 0.013593510195132646
187 0.08970424107142858 0.885332163999123 0.008649553571428572 0.007016005262003947
187 0.16922433035714285 0.6328655996491998 0.008649553571428572 0.00723525542644157
187 0.19315011160714285 0.11247533435650077 0.004603794642857143 0.013593510195132646
187 0.4476841517857143 0.8229554922166191 0.008649553571428572 0.00723525542644157
187 0.7260044642857143 0.8880727910545932 0.008649553571428572 0.00723525542644157
190 0.18498883928571427 0.8000438500328875 0.008649553571428572 0.01710151282613462
184 0.2822963169642857 0.7088357816268362 0.021065848214285716 0.010085507564130673
196 0.3887416294642857 0.6749616312212234 0.017717633928571428 0.02696777022582767
178 0.45975167410714285 0.6749616312212234 0.015206473214285714 0.013374260030695024
32 0.7267020089285714 0.38412628809471605 0.009765625 0.0197325147993861
14 0.7119838169642857 0.424906818680114 0.014927455357142858 0.013593510195132646
193 0.72607421875 0.45812321859241395 0.017717633928571428 0.027844770883578163
183 0.6975446428571429 0.4935321201490901 0.006417410714285714 0.0263100197325148
178 0.5671037946428571 0.5814514360885771 0.008649553571428572 0.020171015128261346
190 0.28857421875 0.43762332821749617 0.009626116071428572 0.013593510195132646
181 0.31103515625 0.36242052181539136 0.014927455357142858 0.013593510195132646
188 0.2885044642857143 0.33501425126068846 0.015904017857142856 0.011401008550756413
25 0.27294921875 0.36439377329532996 0.015485491071428572 0.01710151282613462
102 0.15290178571428573 0.36253014689761015 0.011439732142857142 0.013374260030695024
193 0.30782645089285715 0.29993422495066874 0.017717633928571428 0.02762552071914054
175 0.3926478794642857 0.23744792808594606 0.011579241071428572 0.0131550098662574
119 0.42982700892857145 0.2301030475772857 0.015904017857142856 0.027844770883578163
193 0.3065708705357143 0.23744792808594606 0.017717633928571428 0.026748520061390047
175 0.19447544642857142 0.23744792808594606 0.012834821428571428 0.013593510195132646
178 0.22244698660714285 0.11203683402762551 0.011858258928571428 0.014032010524007894
192 0.208984375 0.20916465687349264 0.018694196428571428 0.029379522034641527
63 0.28871372767857145 0.26759482569611925 0.008510044642857142 0.022144266608199955
194 0.42857142857142855 0.48739311554483666 0.017857142857142856 0.0263100197325148
60 0.4077845982142857 0.4021048015786012 0.008649553571428572 0.021925016443762334
119 0.41245814732142855 0.5183073887305415 0.017438616071428572 0.02324051743038807
25 0.40904017857142855 0.5701600526200394 0.010881696428571428 0.01775926331944749
194 0.16922433035714285 0.3954176715632537 0.017578125 0.027844770883578163
188 0.72607421875 0.5913176934882701 0.015485491071428572 0.011401008550756413
176 0.7261439732142857 0.714207410655558 0.008928571428571428 0.019513264634948475
119 0.7031947544642857 0.7447928085946064 0.013532366071428572 0.028064021048015787
195 0.6653878348214286 0.7374479280859461 0.016322544642857144 0.02565226923920193
119 0.5624302455357143 0.7712124534093401 0.017717633928571428 0.022144266608199955
14 0.08963448660714286 0.8356720017540014 0.008510044642857142 0.02170576627932471
195 0.15087890625 0.7999342249506687 0.017996651785714284 0.028283271212453408
195 0.08970424107142858 0.5807936855952642 0.015625 0.02455601841701381
190 0.08970424107142858 0.5322297741723306 0.006696428571428571 0.012058759044069283
188 0.08970424107142858 0.47007235255426444 0.017299107142857144 0.011401008550756413
179 0.5909598214285714 0.7399693049769788 0.017578125 0.018855514141635606
180 0.46435546875 0.6126945845209384 0.0146484375 0.013374260030695024
179 0.18401227678571427 0.4846524884893664 0.016462053571428572 0.018636263977197982
102 0.18331473214285715 0.4246875685156764 0.014787946428571428 0.0131550098662574
181 0.20912388392857142 0.5099758824819118 0.008649553571428572 0.02367901775926332
177 0.44754464285714285 0.5206095154571366 0.008370535714285714 0.018636263977197982
196 0.44761439732142855 0.4539574654680991 0.017717633928571428 0.027844770883578163
175 0.44775390625 0.40484542863407147 0.0087890625 0.018636263977197982
180 0.43394252232142855 0.362639771979829 0.0126953125 0.013593510195132646
193 0.5077427455357143 0.5499890374917781 0.017717633928571428 0.027406270554702915
192 0.6863141741071429 0.45439596579697433 0.0185546875 0.029160271870203903
186 0.6858956473214286 0.3943214207410656 0.010463169642857142 0.01644376233282175
25 0.22495814732142858 0.42655119491339616 0.014090401785714286 0.017320762990572242
178 0.5032784598214286 0.6749616312212234 0.014090401785714286 0.013374260030695024
192 0.5272042410714286 0.7698969524227143 0.017578125 0.027844770883578163
192 0.5479910714285714 0.8625301468976102 0.018694196428571428 0.029379522034641527
102 0.5915178571428571 0.8622012716509537 0.010602678571428572 0.014251260688445516
192 0.6067243303571429 0.7673755755316817 0.018415178571428572 0.02894102170576628
195 0.6067940848214286 0.7045604034203026 0.017996651785714284 0.028283271212453408
196 0.5056501116071429 0.8000438500328875 0.017717633928571428 0.02718702039026529
176 0.46854073660714285 0.8000438500328875 0.0146484375 0.0131550098662574
186 0.59033203125 0.6124753343565008 0.0107421875 0.016005262003946502
188 0.53857421875 0.6749616312212234 0.007672991071428571 0.020828765621574215
186 0.44761439732142855 0.2660600745450559 0.010184151785714286 0.017320762990572242
189 0.4261997767857143 0.29993422495066874 0.020089285714285716 0.01710151282613462
180 0.38895089285714285 0.17452313089234817 0.014787946428571428 0.013593510195132646
189 0.34814453125 0.17485200613900462 0.019949776785714284 0.01775926331944749
60 0.31229073660714285 0.17507125630344222 0.014090401785714286 0.013374260030695024
184 0.2617885044642857 0.18482788862091645 0.006556919642857143 0.0328875246656435
25 0.22760881696428573 0.1764963823722868 0.014090401785714286 0.016663012497259374
192 0.18987165178571427 0.7375575531681648 0.018415178571428572 0.02894102170576628
190 0.20905412946428573 0.7011620258715194 0.008231026785714286 0.015786011839508878
142 0.20905412946428573 0.5957026967770226 0.0087890625 0.0131550098662574
182 0.24881417410714285 0.7859022144266609 0.0087890625 0.012935759701819776
184 0.2772739955357143 0.7276912957684718 0.006556919642857143 0.03332602499451875
194 0.19070870535714285 0.29993422495066874 0.017857142857142856 0.028064021048015787
176 0.48751395089285715 0.7718702039026529 0.008510044642857142 0.02039026529269897
63 0.48744419642857145 0.6987502740627055 0.008649553571428572 0.02455601841701381
182 0.6066545758928571 0.6313308484981364 0.0087890625 0.013374260030695024
63 0.2735072544642857 0.11258495943871957 0.012974330357142858 0.013374260030695024
14 0.24895368303571427 0.2059855294891471 0.008510044642857142 0.017320762990572242
187 0.7260044642857143 0.7686910765183074 0.008649553571428572 0.007016005262003947
178 0.7057756696428571 0.674632755974567 0.012276785714285714 0.013593510195132646
102 0.6252790178571429 0.6748520061390046 0.013671875 0.013593510195132646
184 0.57666015625 0.6847182635386977 0.006277901785714286 0.03332602499451875
180 0.67333984375 0.8627493970620478 0.013532366071428572 0.013593510195132646
182 0.6194893973214286 0.862639771979829 0.008510044642857142 0.01381276035957027