187 0.6107003348214286 0.1749616312212234 0.004603794642857143 0.013593510195132646
187 0.6862444196428571 0.22867792150844113 0.008649553571428572 0.007016005262003947
187 0.2885044642857143 0.16191624643718483 0.008649553571428572 0.00723525542644157
184 0.28236607142857145 0.6919535189651392 0.021205357142857144 0.010085507564130673
63 0.2758091517857143 0.6126945845209384 0.012555803571428572 0.01381276035957027
192 0.28857421875 0.5160052620039465 0.018275669642857144 0.028721771541328656
185 0.68017578125 0.5142512606884455 0.021344866071428572 0.00986625739969305
176 0.5876116071428571 0.42501644376233283 0.010881696428571428 0.01381276035957027
102 0.5479910714285714 0.42457794343345756 0.013671875 0.013374260030695024
183 0.6902204241071429 0.5847401885551414 0.0166015625 0.010085507564130673
102 0.6681082589285714 0.6124753343565008 0.015345982142857142 0.013374260030695024
183 0.6107003348214286 0.6404297303222978 0.0166015625 0.01052400789300592
190 0.5084402901785714 0.6123657092742819 0.010463169642857142 0.01710151282613462
196 0.3861607142857143 0.1749616312212234 0.018415178571428572 0.02894102170576628
63 0.35219029017857145 0.17507125630344222 0.013253348214285714 0.013374260030695024
188 0.40785435267857145 0.2765840824380618 0.016322544642857144 0.012058759044069283
191 0.34256417410714285 0.23733830300372724 0.011858258928571428 0.018636263977197982
178 0.3099888392857143 0.23679017759263318 0.012276785714285714 0.013593510195132646
192 0.26722935267857145 0.5499890374917781 0.017717633928571428 0.027844770883578163
195 0.22691127232142858 0.5499890374917781 0.017717633928571428 0.027406270554702915
175 0.28885323660714285 0.3252576189432142 0.008510044642857142 0.022144266608199955
195 0.22774832589285715 0.29993422495066874 0.017717633928571428 0.02762552071914054
195 0.5085797991071429 0.36242052181539136 0.015485491071428572 0.024117518088138567
175 0.5669642857142857 0.3955272966454725 0.008370535714285714 0.021925016443762334
195 0.5669642857142857 0.33304099978074986 0.018415178571428572 0.02894102170576628
191 0.4642857142857143 0.36242052181539136 0.011997767857142858 0.018855514141635606
189 0.5670340401785714 0.26726595044946283 0.010463169642857142 0.031572023679017756
189 0.5886579241071429 0.17485200613900462 0.019949776785714284 0.012058759044069283
184 0.6527622767857143 0.43882920412190307 0.021205357142857144 0.00986625739969305
25 0.6653878348214286 0.4857487393115545 0.012137276785714286 0.01775926331944749
192 0.20905412946428573 0.20664327998246 0.017438616071428572 0.027844770883578163
188 0.22049386160714285 0.17485200613900462 0.007393973214285714 0.01775926331944749
195 0.28857421875 0.20686253014689762 0.015485491071428572 0.02433676825257619
14 0.11181640625 0.29993422495066874 0.013253348214285714 0.013593510195132646
32 0.15394810267857142 0.17353650515237887 0.013532366071428572 0.016005262003946502
63 0.11265345982142858 0.42501644376233283 0.013532366071428572 0.01381276035957027
184 0.1630859375 0.6876781407586056 0.021205357142857144 0.00986625739969305
180 0.40806361607142855 0.458671344003508 0.008649553571428572 0.021486516114887087
142 0.40785435267857145 0.40287217715413287 0.0087890625 0.01381276035957027
194 0.42836216517857145 0.36242052181539136 0.018275669642857144 0.02850252137689103
181 0.4725864955357143 0.424906818680114 0.012974330357142858 0.0131550098662574
188 0.40785435267857145 0.5662135496601622 0.017717633928571428 0.00986625739969305
190 0.41775948660714285 0.6123657092742819 0.009626116071428572 0.01710151282613462
186 0.44712611607142855 0.644376233282175 0.009765625 0.016224512168384126
142 0.48744419642857145 0.7097127822845867 0.008649553571428572 0.013593510195132646
60 0.4276646205357143 0.8000438500328875 0.011300223214285714 0.0131550098662574
193 0.5076729910714286 0.6749616312212234 0.017857142857142856 0.028283271212453408
189 0.6067243303571429 0.5795878096908572 0.0078125 0.031352773514580136
186 0.6066545758928571 0.46119272089454066 0.010184151785714286 0.01775926331944749
195 0.4476841517857143 0.7035737776803332 0.018136160714285716 0.02850252137689103
180 0.43150111607142855 0.6748520061390046 0.011997767857142858 0.013593510195132646
25 0.3949497767857143 0.6766060074545056 0.010881696428571428 0.016224512168384126
177 0.4476841517857143 0.7639771979828985 0.008370535714285714 0.025213768910326683
192 0.4476841517857143 0.8328217496163122 0.018136160714285716 0.028721771541328656
196 0.4258510044642857 0.8624205218153914 0.017717633928571428 0.026090769568077175
195 0.4476841517857143 0.5790396842797632 0.018136160714285716 0.02850252137689103
195 0.44761439732142855 0.45505371629028724 0.016322544642857144 0.02565226923920193
63 0.6464146205357143 0.7778995834246876 0.008510044642857142 0.019294014470510854
32 0.6473911830357143 0.6999561499671125 0.010184151785714286 0.021267265950449463
186 0.6263253348214286 0.675180881385661 0.011300223214285714 0.016005262003946502
192 0.5865652901785714 0.7999342249506687 0.017996651785714284 0.028283271212453408
182 0.49741908482142855 0.7998245998684499 0.0087890625 0.013593510195132646
192 0.12946428571428573 0.7073010304757729 0.018973214285714284 0.029818022363516772
180 0.12925502232142858 0.7651830738873054 0.008510044642857142 0.022802017101512827
180 0.12939453125 0.45198421398816047 0.0087890625 0.02433676825257619
192 0.6863141741071429 0.2708835781626836 0.017438616071428572 0.027844770883578163
188 0.6266043526785714 0.29993422495066874 0.008231026785714286 0.020609515457136594
190 0.5453404017857143 0.2998245998684499 0.008649553571428572 0.01644376233282175
102 0.6861746651785714 0.3375356281517211 0.008510044642857142 0.02170576627932471
63 0.6861746651785714 0.3935540451655339 0.008510044642857142 0.021486516114887087
60 0.703125 0.9246875685156764 0.014229910714285714 0.013374260030695024
193 0.66552734375 0.924906818680114 0.017717633928571428 0.027844770883578163
25 0.72509765625 0.6468976101732077 0.0107421875 0.018636263977197982
183 0.7039620535714286 0.6186143389607542 0.006696428571428571 0.026090769568077175
179 0.7244001116071429 0.5814514360885771 0.011858258928571428 0.02236351677263758
195 0.6465541294642857 0.6425126068844552 0.015485491071428572 0.02433676825257619
181 0.6466936383928571 0.5204998903749177 0.0087890625 0.024117518088138567
194 0.16922433035714285 0.2716509537382153 0.018136160714285716 0.02850252137689103
142 0.31905691964285715 0.17485200613900462 0.008649553571428572 0.01381276035957027
192 0.3462611607142857 0.6124753343565008 0.018136160714285716 0.028721771541328656
177 0.3047572544642857 0.6125849594387196 0.012974330357142858 0.013593510195132646
185 0.27734375 0.665314623985968 0.006417410714285714 0.03354527515895637
177 0.24867466517857142 0.6399912299934225 0.008510044642857142 0.019294014470510854
181 0.31103515625 0.6754001315500987 0.011021205357142858 0.01381276035957027
181 0.3452845982142857 0.6745231308923482 0.013113839285714286 0.013374260030695024
188 0.5669642857142857 0.4564788423591318 0.013671875 0.010085507564130673
186 0.5891462053571429 0.48783161587371193 0.011439732142857142 0.014909011181758386
190 0.6178152901785714 0.48750274062705545 0.010463169642857142 0.012058759044069283
183 0.5438058035714286 0.6186143389607542 0.006417410714285714 0.026090769568077175
176 0.5272739955357143 0.5770664327998246 0.008510044642857142 0.01841701381276036
184 0.4736328125 0.5597456698092523 0.006417410714285714 0.03332602499451875
186 0.3680943080357143 0.2736242052181539 0.0087890625 0.017540013155009866
185 0.37430245535714285 0.3372067529050647 0.021205357142857144 0.010085507564130673
177 0.38734654017857145 0.4247971935978952 0.011300223214285714 0.01381276035957027
178 0.5422712053571429 0.4872834904626179 0.011160714285714286 0.013374260030695024
142 0.18763950892857142 0.48717386538039903 0.009207589285714286 0.013593510195132646
179 0.21051897321428573 0.5792589344442008 0.011997767857142858 0.0263100197325148
119 0.21344866071428573 0.7638675729006796 0.017857142857142856 0.026748520061390047
194 0.14920479910714285 0.7999342249506687 0.017717633928571428 0.027844770883578163
25 0.3271484375 0.8329313746985311 0.010881696428571428 0.01841701381276036
187 0.24874441964285715 0.3936636702477527 0.008649553571428572 0.00723525542644157