187 0.3461216517857143 0.9015782551512495 0.005859375 0.004822446295484437
187 0.48911830357142855 0.472818939061815 0.0030691964285714285 0.00920648838228847
187 0.5884486607142857 0.3570802279701885 0.005859375 0.004822446295484437
187 0.2216796875 0.1343708899605436 0.0030691964285714285 0.00920648838228847
187 0.10379464285714286 0.2533976326172731 0.005859375 0.004822446295484437
187 0.5673828125 0.3035949145111793 0.0030691964285714285 0.00920648838228847
187 0.7230050223214286 0.9219640508548882 0.005719866071428571 0.004822446295484437
187 0.5345982142857143 0.9287593160894344 0.005859375 0.004822446295484437
187 0.373046875 0.9221832529592284 0.005859375 0.004822446295484437
187 0.5615234375 0.9202104340201666 0.005859375 0.004822446295484437
187 0.44210379464285715 0.1343708899605436 0.0030691964285714285 0.00920648838228847
187 0.29227120535714285 0.9245944761069707 0.005859375 0.004822446295484437
187 0.42689732142857145 0.9059622972380534 0.005859375 0.004822446295484437
187 0.7499302455357143 0.10938185006576064 0.005719866071428571 0.004822446295484437
188 0.34605189732142855 0.8697939500219202 0.007952008928571428 0.008768084173608066
196 0.3871372767857143 0.8535729943007453 0.011997767857142858 0.01797457255589654
191 0.4370814732142857 0.8535729943007453 0.0078125 0.012275317843051293
60 0.46756417410714285 0.8533537921964051 0.009068080357142858 0.00920648838228847
195 0.521484375 0.8534633932485752 0.011997767857142858 0.018632178868917142
192 0.46847098214285715 0.6420429636124507 0.012555803571428572 0.01972818939061815
60 0.4930943080357143 0.6420429636124507 0.009347098214285714 0.00920648838228847
190 0.42689732142857145 0.7947172292854011 0.005580357142857143 0.011179307321350284
119 0.40304129464285715 0.8781236299868479 0.011997767857142858 0.01578255151249452
63 0.3350306919642857 0.8535729943007453 0.0087890625 0.00920648838228847
180 0.22872488839285715 0.8957693993862341 0.007952008928571428 0.00898728627794827
14 0.24860491071428573 0.8957693993862341 0.009486607142857142 0.009425690486628672
60 0.27957589285714285 0.8958790004384042 0.008649553571428572 0.008768084173608066
178 0.21142578125 0.7030907496711969 0.005719866071428571 0.013371328364752301
191 0.58837890625 0.4483779044278825 0.009068080357142858 0.014248136782113108
180 0.57275390625 0.4729285401139851 0.009905133928571428 0.00898728627794827
186 0.5461774553571429 0.4732573432704954 0.007254464285714286 0.010083296799649276
195 0.7103097098214286 0.38820692678649715 0.0126953125 0.020166593599298552
193 0.5076032366071429 0.7060499780797895 0.011579241071428572 0.018851380973257344
185 0.5032784598214286 0.6677992108724243 0.014090401785714286 0.006795265234546251
175 0.5076729910714286 0.5842832091188075 0.005859375 0.011179307321350284
184 0.5117885044642857 0.7926348092941692 0.014369419642857142 0.00657606313020605
191 0.48890904017857145 0.8958790004384042 0.008510044642857142 0.0131521262604121
185 0.5410853794642857 0.4238272687417799 0.004324776785714286 0.02257781674704077
32 0.6056780133928571 0.4296361245067953 0.008231026785714286 0.01052170100832968
119 0.6327427455357143 0.42558088557650153 0.010184151785714286 0.019070583077597545
177 0.6851981026785714 0.43051293292415604 0.010463169642857142 0.00920648838228847
175 0.5191127232142857 0.38842612889083733 0.008649553571428572 0.00920648838228847
184 0.14878627232142858 0.6063130206049978 0.004324776785714286 0.022797018851380975
182 0.2504185267857143 0.7689609820254274 0.005859375 0.009644892590968873
14 0.28250558035714285 0.7690705830775976 0.009207589285714286 0.00898728627794827
185 0.22042410714285715 0.8046909250328803 0.004743303571428571 0.022797018851380975
63 0.23842075892857142 0.8274879438842613 0.005859375 0.014028934677772907
194 0.23842075892857142 0.28079789565979835 0.011997767857142858 0.018851380973257344
190 0.23835100446428573 0.2535072336694432 0.0048828125 0.006795265234546251
192 0.23835100446428573 0.3674923279263481 0.012416294642857142 0.019508987286277948
186 0.23835100446428573 0.41308636562911005 0.0068359375 0.012056115738711091
194 0.19754464285714285 0.43062253397632616 0.012276785714285714 0.019070583077597545
195 0.25272042410714285 0.30370451556334943 0.010463169642857142 0.016001753616834723
182 0.29847935267857145 0.3034853134590092 0.005719866071428571 0.009425690486628672
182 0.38232421875 0.3035949145111793 0.005161830357142857 0.00920648838228847
14 0.44398716517857145 0.3035949145111793 0.007393973214285714 0.00920648838228847
179 0.10484095982142858 0.27805786935554583 0.008231026785714286 0.014686540990793511
182 0.10379464285714286 0.368478737395879 0.005859375 0.00920648838228847
182 0.10372488839285714 0.4476106970626918 0.005998883928571429 0.008768084173608066
119 0.10679408482142858 0.4860806663743972 0.012137276785714286 0.018632178868917142
185 0.17180524553571427 0.5507452871547567 0.004324776785714286 0.02257781674704077
25 0.10477120535714286 0.7050635686102587 0.007254464285714286 0.016001753616834723
176 0.10365513392857142 0.7399167032003507 0.005859375 0.015124945199473916
178 0.10379464285714286 0.7877027619465147 0.005859375 0.013371328364752301
184 0.4580078125 0.1588119245944761 0.014229910714285714 0.006795265234546251
183 0.4564732142857143 0.19070583077597544 0.011160714285714286 0.0070144673388864535
179 0.46484375 0.2595352915387988 0.010044642857142858 0.012713722051731697
186 0.49183872767857145 0.26128890837352037 0.007672991071428571 0.010083296799649276
179 0.5242047991071429 0.25942569048662867 0.011579241071428572 0.012494519947391494
183 0.5371791294642857 0.2878123629986848 0.011300223214285714 0.0070144673388864535
179 0.5479910714285714 0.3018412976764577 0.011160714285714286 0.012713722051731697
191 0.45375279017857145 0.2764138535729943 0.008231026785714286 0.0131521262604121
14 0.45382254464285715 0.31707584392810173 0.005859375 0.014686540990793511
192 0.45375279017857145 0.4112231477422183 0.0126953125 0.01972818939061815
176 0.7228655133928571 0.8729723805348532 0.005998883928571429 0.014248136782113108
119 0.7197963169642857 0.7520824199912319 0.011858258928571428 0.01709776413853573
180 0.6789899553571429 0.6418237615081105 0.009765625 0.00920648838228847
186 0.6533900669642857 0.6420429636124507 0.007672991071428571 0.010960105217010083
180 0.576171875 0.6421525646646208 0.008928571428571428 0.00898728627794827
189 0.5202985491071429 0.6420429636124507 0.013532366071428572 0.011398509425690487
188 0.6489955357142857 0.7688513809732573 0.005022321428571429 0.016440157825515125
119 0.6320452008928571 0.7740026304252521 0.009347098214285714 0.018851380973257344
60 0.5345284598214286 0.791319596668128 0.005719866071428571 0.011398509425690487
195 0.5345284598214286 0.66297676457694 0.012137276785714286 0.019070583077597545
196 0.45375279017857145 0.8746163963174046 0.011579241071428572 0.018851380973257344
186 0.5230189732142857 0.3035949145111793 0.007533482142857143 0.01052170100832968
193 0.5076032366071429 0.15486628671635247 0.012137276785714286 0.019070583077597545
176 0.5614536830357143 0.31937746602367384 0.005719866071428571 0.016220955721174924
187 0.373046875 0.8323103901797457 0.005859375 0.004822446295484437
102 0.37290736607142855 0.7845243314335818 0.005859375 0.014905743095133712
190 0.30824497767857145 0.8535729943007453 0.006556919642857143 0.010083296799649276
14 0.22760881696428573 0.8534633932485752 0.009347098214285714 0.009425690486628672
196 0.7230050223214286 0.45166593599298555 0.0126953125 0.01994739149495835
193 0.7091936383928571 0.4729285401139851 0.012137276785714286 0.019070583077597545
175 0.7230050223214286 0.41341516878562035 0.005719866071428571 0.014028934677772907
178 0.7228655133928571 0.3292415607189829 0.005719866071428571 0.0131521262604121
186 0.7230050223214286 0.28035949145111794 0.0068359375 0.01183691363437089
102 0.7230050223214286 0.20473476545374836 0.005719866071428571 0.013590530469092503
175 0.5613839285714286 0.4594476106970627 0.005580357142857143 0.016659359929855327
180 0.5615931919642857 0.40574309513371326 0.005719866071428571 0.013590530469092503
183 0.5641043526785714 0.5794607628233231 0.011300223214285714 0.007233669443226655
176 0.31912667410714285 0.7936212187637002 0.005719866071428571 0.016001753616834723
184 0.41566685267857145 0.7622753178430512 0.004324776785714286 0.02257781674704077
176 0.4398716517857143 0.7690705830775976 0.009486607142857142 0.00898728627794827
196 0.31919642857142855 0.6199035510740903 0.011997767857142858 0.018851380973257344
186 0.27797154017857145 0.5574309513371328 0.007672991071428571 0.01052170100832968
182 0.25265066964285715 0.5577597544936431 0.005859375 0.009425690486628672
60 0.5615234375 0.7872643577378343 0.005859375 0.015563349408154318
119 0.5583844866071429 0.6631959666812801 0.011858258928571428 0.014248136782113108
196 0.5753348214285714 0.8112669881630864 0.011997767857142858 0.018851380973257344
184 0.6619698660714286 0.8046909250328803 0.004464285714285714 0.022797018851380975
182 0.4921875 0.1343708899605436 0.005580357142857143 0.00920648838228847
25 0.48158482142857145 0.32200789127575624 0.007254464285714286 0.0131521262604121
193 0.48074776785714285 0.3680403331871986 0.012276785714285714 0.019289785181937746
184 0.51416015625 0.08548882069267864 0.004324776785714286 0.02235861464270057
177 0.57568359375 0.0920648838228847 0.010463169642857142 0.00920648838228847
182 0.6632254464285714 0.0919552827707146 0.005859375 0.009425690486628672
175 0.6864536830357143 0.0920648838228847 0.007672991071428571 0.00920648838228847
32 0.7086356026785714 0.09151687856203419 0.009905133928571428 0.011179307321350284
193 0.13071986607142858 0.6207803594914512 0.012276785714285714 0.019289785181937746
102 0.13051060267857142 0.6646207803594915 0.005719866071428571 0.016220955721174924
184 0.13490513392857142 0.7018851380973258 0.014229910714285714 0.00657606313020605
193 0.13071986607142858 0.7485751863217887 0.01171875 0.018851380973257344
190 0.14871651785714285 0.7689609820254274 0.005859375 0.010960105217010083
190 0.15757533482142858 0.8167470407715914 0.004603794642857143 0.008329679964927663
63 0.16908482142857142 0.8534633932485752 0.008370535714285714 0.009425690486628672
187 0.7499302455357143 0.8323103901797457 0.005719866071428571 0.004822446295484437
183 0.7351422991071429 0.857628233231039 0.004324776785714286 0.017755370451556333
184 0.6548549107142857 0.8602586584831214 0.004743303571428571 0.02257781674704077
192 0.6282087053571429 0.8534633932485752 0.011997767857142858 0.018632178868917142
195 0.6009347098214286 0.8535729943007453 0.011300223214285714 0.017536168347216132
194 0.5745675223214286 0.8535729943007453 0.0126953125 0.01972818939061815
194 0.7499302455357143 0.7897851819377466 0.012137276785714286 0.018851380973257344
188 0.7499302455357143 0.6254932047347654 0.010463169642857142 0.0076720736519070585
180 0.14236886160714285 0.8535729943007453 0.009068080357142858 0.008768084173608066
185 0.41685267857142855 0.9025646646207803 0.004185267857142857 0.02257781674704077
189 0.4268275669642857 0.8745067952652346 0.0068359375 0.021262604120999562
182 0.07672991071428571 0.32266549758877683 0.006138392857142857 0.00920648838228847
185 0.07254464285714286 0.27279701885138097 0.014229910714285714 0.006795265234546251
182 0.08642578125 0.26128890837352037 0.005719866071428571 0.00920648838228847
195 0.07686941964285714 0.5379219640508549 0.010602678571428572 0.016659359929855327
14 0.07686941964285714 0.5733231039017974 0.005859375 0.012932924156071899
185 0.08628627232142858 0.7624945199473915 0.004324776785714286 0.023016220955721176
195 0.11753627232142858 0.7688513809732573 0.010463169642857142 0.016440157825515125
180 0.7499302455357143 0.2799210872424375 0.005719866071428571 0.016659359929855327
176 0.7410016741071429 0.38820692678649715 0.009905133928571428 0.00920648838228847
195 0.7499302455357143 0.4094695309074967 0.012137276785714286 0.018851380973257344
189 0.6814313616071429 0.1343708899605436 0.013532366071428572 0.008329679964927663
191 0.6531110491071429 0.13448049101271373 0.007393973214285714 0.011617711530030689
188 0.5975167410714286 0.13448049101271373 0.005859375 0.016001753616834723
186 0.5765904017857143 0.13404208680403332 0.007254464285714286 0.010740903112669882