187 0.25990513392857145 0.14763261727312582 0.007533482142857143 0.006356861025865849
187 0.09619140625 0.10488820692678649 0.004045758928571429 0.012056115738711091
187 0.16999162946428573 0.7647961420429636 0.004045758928571429 0.01183691363437089
187 0.25990513392857145 0.8252959228408593 0.007533482142857143 0.006137658921525646
187 0.0849609375 0.29493643138974135 0.007533482142857143 0.006356861025865849
187 0.6449497767857143 0.8406400701446733 0.007533482142857143 0.006137658921525646
32 0.34779575892857145 0.4339105655414292 0.010602678571428572 0.013371328364752301
181 0.37841796875 0.5449364313897413 0.011579241071428572 0.01183691363437089
188 0.32993861607142855 0.566308636562911 0.013671875 0.010740903112669882
102 0.46986607142857145 0.5756247259973696 0.007533482142857143 0.015344147303814117
190 0.46993582589285715 0.6157387110916265 0.005998883928571429 0.01446733888645331
184 0.47537667410714285 0.6845681718544498 0.018833705357142856 0.008768084173608066
180 0.4701450892857143 0.7266549758877685 0.0078125 0.016659359929855327
63 0.23988560267857142 0.32474791758000876 0.009347098214285714 0.011617711530030689
182 0.2806919642857143 0.324967119684349 0.007254464285714286 0.012056115738711091
63 0.22488839285714285 0.29756685664182375 0.007533482142857143 0.01819377466023674
60 0.22481863839285715 0.19234984655852697 0.007672991071428571 0.017755370451556333
185 0.23039899553571427 0.3516001753616835 0.0185546875 0.008768084173608066
142 0.224609375 0.3921525646646208 0.007533482142857143 0.010960105217010083
192 0.24393136160714285 0.5447172292854011 0.016322544642857144 0.025427444103463395
60 0.29506138392857145 0.34962735642262166 0.007533482142857143 0.01841297676457694
177 0.2764369419642857 0.4896975010960105 0.012416294642857142 0.01183691363437089
63 0.23981584821428573 0.4896975010960105 0.009765625 0.01183691363437089
191 0.20961216517857142 0.48980710214818063 0.011300223214285714 0.017755370451556333
189 0.10170200892857142 0.5997369574747917 0.017578125 0.0131521262604121
192 0.15492466517857142 0.6850065760631302 0.015485491071428572 0.024550635686102586
192 0.17320033482142858 0.709776413853573 0.015764508928571428 0.02498903989478299
192 0.22495814732142858 0.738053485313459 0.016043526785714284 0.02498903989478299
14 0.244140625 0.7647961420429636 0.012276785714285714 0.01183691363437089
182 0.49693080357142855 0.8189390618149934 0.007533482142857143 0.01183691363437089
180 0.4488002232142857 0.8199254712845243 0.011997767857142858 0.011617711530030689
102 0.5274135044642857 0.7094476106970627 0.009905133928571428 0.011617711530030689
102 0.5521065848214286 0.7101052170100833 0.011858258928571428 0.012494519947391494
191 0.5538504464285714 0.8198158702323542 0.009765625 0.015344147303814117
60 0.6316964285714286 0.819596668128014 0.013392857142857142 0.01183691363437089
191 0.24114118303571427 0.2698377904427883 0.0107421875 0.01709776413853573
193 0.25997488839285715 0.3547786058746164 0.015764508928571428 0.024769837790442787
187 0.43491908482142855 0.6822665497588777 0.007672991071428571 0.006356861025865849
176 0.11997767857142858 0.41451117930732134 0.007533482142857143 0.017536168347216132
191 0.11997767857142858 0.4708461201227532 0.011439732142857142 0.01797457255589654
195 0.11990792410714286 0.35028496273564225 0.013532366071428572 0.021481806225339763
119 0.11586216517857142 0.24397194213064446 0.015485491071428572 0.01972818939061815
186 0.13609095982142858 0.3798772468215695 0.010184151785714286 0.01446733888645331
190 0.6099330357142857 0.45330995177553707 0.006696428571428571 0.010083296799649276
32 0.5267159598214286 0.5988601490574309 0.0107421875 0.013590530469092503
32 0.48291015625 0.5985313459009206 0.012974330357142858 0.014248136782113108
63 0.24679129464285715 0.8198158702323542 0.013392857142857142 0.01183691363437089
178 0.27413504464285715 0.8197062691801841 0.01171875 0.011617711530030689
189 0.31333705357142855 0.8197062691801841 0.017578125 0.015124945199473916
185 0.32442801339285715 0.7994300745287155 0.0185546875 0.008768084173608066
179 0.13881138392857142 0.6572775098640947 0.013671875 0.016440157825515125
102 0.22488839285714285 0.6287812362998685 0.0078125 0.016001753616834723
142 0.6449497767857143 0.4457474791758001 0.008091517857142858 0.011617711530030689
14 0.6449497767857143 0.41692240245506357 0.007533482142857143 0.01972818939061815
195 0.6448800223214286 0.34951775537045154 0.014369419642857142 0.02257781674704077
182 0.6448800223214286 0.28277071459886016 0.007672991071428571 0.011398509425690487
190 0.6725027901785714 0.2698377904427883 0.007952008928571428 0.011398509425690487
25 0.64599609375 0.5235642262165717 0.009347098214285714 0.017755370451556333
102 0.6099330357142857 0.6770056992547129 0.007533482142857143 0.019070583077597545
184 0.5497349330357143 0.7734546251644016 0.005719866071428571 0.02915387987724682
193 0.0849609375 0.4082639193336256 0.016462053571428572 0.025646646207803596
192 0.10281808035714286 0.48980710214818063 0.016183035714285716 0.025646646207803596
175 0.7149135044642857 0.35105217010083295 0.007672991071428571 0.016440157825515125
179 0.6998465401785714 0.3822884699693117 0.015764508928571428 0.016220955721174924
187 0.7149135044642857 0.4072775098640947 0.007672991071428571 0.006137658921525646
142 0.69921875 0.4348969750109601 0.007254464285714286 0.012275317843051293
175 0.6616908482142857 0.4345681718544498 0.01171875 0.012056115738711091
181 0.5750558035714286 0.5786935554581324 0.0078125 0.019289785181937746
186 0.5749162946428571 0.7331214379658044 0.008091517857142858 0.016001753616834723
190 0.39990234375 0.6793073213502849 0.0087890625 0.010083296799649276
25 0.3989955357142857 0.636891714160456 0.009207589285714286 0.021262604120999562
193 0.4183872767857143 0.5997369574747917 0.015625 0.023235423060061378
182 0.39976283482142855 0.7343270495396755 0.007952008928571428 0.01183691363437089
195 0.4180385044642857 0.8197062691801841 0.016043526785714284 0.025208241999123193
14 0.693359375 0.8198158702323542 0.011160714285714286 0.01183691363437089
32 0.6690150669642857 0.8188294607628234 0.011300223214285714 0.013371328364752301
177 0.71484375 0.7976764576939939 0.007533482142857143 0.019289785181937746
177 0.6983119419642857 0.7644673388864534 0.009626116071428572 0.012494519947391494
179 0.7135184151785714 0.6776633055677335 0.0107421875 0.023016220955721176
192 0.7149832589285714 0.6245067952652346 0.015625 0.024550635686102586
193 0.6611328125 0.5998465585269619 0.015904017857142856 0.024769837790442787
32 0.5880301339285714 0.54351161771153 0.013671875 0.014686540990793511
32 0.5892159598214286 0.3788908373520386 0.011579241071428572 0.014248136782113108
195 0.36495535714285715 0.24287593160894344 0.015066964285714286 0.024550635686102586
25 0.3516322544642857 0.3263919333625603 0.010184151785714286 0.014905743095133712
176 0.31131417410714285 0.27005699254712845 0.011858258928571428 0.012275317843051293
195 0.27664620535714285 0.21481806225339764 0.015625 0.024550635686102586
102 0.24497767857142858 0.21492766330556773 0.012555803571428572 0.011617711530030689
189 0.20703125 0.10488820692678649 0.017578125 0.010740903112669882
184 0.16224888392857142 0.11321788689171416 0.005859375 0.029592284085927224
102 0.13706752232142858 0.1045594037702762 0.011300223214285714 0.01183691363437089
182 0.36502511160714285 0.5612669881630864 0.007672991071428571 0.011617711530030689
25 0.16838727678571427 0.2684129767645769 0.012276785714285714 0.015563349408154318
184 0.18080357142857142 0.20615957913195967 0.005580357142857143 0.02915387987724682
182 0.3999720982142857 0.5760631302060499 0.0078125 0.01183691363437089
186 0.294921875 0.569596668128014 0.009486607142857142 0.015563349408154318
14 0.2949916294642857 0.6721832529592284 0.007393973214285714 0.019508987286277948
32 0.3124302455357143 0.5432924156071899 0.014090401785714286 0.014686540990793511
180 0.7147739955357143 0.5175361683472162 0.007393973214285714 0.01972818939061815
193 0.6613420758928571 0.48980710214818063 0.016043526785714284 0.025208241999123193
185 0.6315569196428571 0.4984655852696186 0.005580357142857143 0.029373081981587022
179 0.7134486607142857 0.47227093380096447 0.010602678571428572 0.024331433581762384
14 0.10602678571428571 0.6545374835598422 0.01171875 0.012275317843051293
187 0.10246930803571429 0.709776413853573 0.004045758928571429 0.01183691363437089
186 0.0849609375 0.6247259973695748 0.008649553571428572 0.01578255151249452
119 0.17124720982142858 0.5383603682595353 0.0126953125 0.024112231477422183
25 0.6437639508928571 0.6886234107847435 0.009626116071428572 0.015124945199473916