187 0.5669642857142857 0.8260249945187459 0.008649553571428572 0.00723525542644157
187 0.39662388392857145 0.23744792808594606 0.004464285714285714 0.013593510195132646
187 0.37765066964285715 0.29993422495066874 0.004464285714285714 0.013593510195132646
187 0.646484375 0.27669370752028066 0.008649553571428572 0.007016005262003947
187 0.2885044642857143 0.689212891909669 0.008649553571428572 0.00723525542644157
187 0.6862444196428571 0.26638894979171235 0.008649553571428572 0.007016005262003947
187 0.08970424107142858 0.8537601403201053 0.008649553571428572 0.007016005262003947
179 0.5652901785714286 0.7158517868888402 0.01171875 0.026748520061390047
186 0.58349609375 0.5498794124095593 0.011300223214285714 0.015786011839508878
182 0.5544084821428571 0.6125849594387196 0.008649553571428572 0.013593510195132646
195 0.42626953125 0.6124753343565008 0.018833705357142856 0.029598772199079148
194 0.38741629464285715 0.6124753343565008 0.017857142857142856 0.028283271212453408
192 0.5272042410714286 0.8946502959877219 0.018136160714285716 0.028721771541328656
175 0.5272042410714286 0.7009427757070817 0.009207589285714286 0.017540013155009866
183 0.5232979910714286 0.580355185266389 0.016741071428571428 0.010085507564130673
184 0.556640625 0.5403420302565227 0.006696428571428571 0.03354527515895637
32 0.5125558035714286 0.7987283490462618 0.014229910714285714 0.016224512168384126
25 0.47349330357142855 0.8015786011839509 0.013113839285714286 0.016224512168384126
176 0.40785435267857145 0.8320543740407805 0.008510044642857142 0.021486516114887087
184 0.4139927455357143 0.9041876781407586 0.021344866071428572 0.010085507564130673
193 0.5078822544642857 0.23744792808594606 0.017717633928571428 0.0263100197325148
195 0.5272042410714286 0.2693488270116203 0.016462053571428572 0.02565226923920193
175 0.5274135044642857 0.3976101732076299 0.0087890625 0.021267265950449463
189 0.5067661830357143 0.424906818680114 0.019949776785714284 0.013593510195132646
190 0.3681640625 0.6037053277789959 0.008649553571428572 0.012935759701819776
178 0.40799386160714285 0.7728568296426223 0.008510044642857142 0.02324051743038807
184 0.3984375 0.852773514580136 0.006417410714285714 0.03354527515895637
175 0.3525390625 0.7999342249506687 0.011160714285714286 0.01381276035957027
181 0.2759486607142857 0.7999342249506687 0.015345982142857142 0.013374260030695024
25 0.47244698660714285 0.30114010085507564 0.011021205357142858 0.015566761675071256
175 0.24874441964285715 0.8950887963165972 0.008370535714285714 0.02039026529269897
60 0.3042689732142857 0.9251260688445516 0.013671875 0.01381276035957027
183 0.24504743303571427 0.6375794781846086 0.017159598214285716 0.010085507564130673
176 0.2671595982142857 0.5502082876562158 0.012555803571428572 0.01381276035957027
102 0.48709542410714285 0.33665862749397063 0.009068080357142858 0.02302126726595045
176 0.4717494419642857 0.36209164656873494 0.0126953125 0.013374260030695024
192 0.4273158482142857 0.36242052181539136 0.018136160714285716 0.02850252137689103
188 0.46275111607142855 0.924906818680114 0.006417410714285714 0.022144266608199955
102 0.4473353794642857 0.9049550537162903 0.0087890625 0.01644376233282175
178 0.20884486607142858 0.8397281297960973 0.008649553571428572 0.02499451874588906
187 0.22893415178571427 0.8625301468976102 0.004464285714285714 0.013593510195132646
60 0.20877511160714285 0.7045604034203026 0.008510044642857142 0.01907476430607323
196 0.20905412946428573 0.6414163560622671 0.017438616071428572 0.027844770883578163
25 0.19524274553571427 0.5520719140539355 0.0126953125 0.017978513483885114
190 0.08970424107142858 0.4436527077395308 0.010323660714285714 0.014251260688445516
180 0.10372488839285714 0.4872834904626179 0.011021205357142858 0.01381276035957027
102 0.15234375 0.48783161587371193 0.015904017857142856 0.014032010524007894
188 0.208984375 0.5322297741723306 0.013671875 0.012935759701819776
190 0.6415318080357143 0.29993422495066874 0.008231026785714286 0.01710151282613462
178 0.6465541294642857 0.45077833808375356 0.008510044642857142 0.02455601841701381
180 0.6463448660714286 0.5110721333041 0.008649553571428572 0.019294014470510854
192 0.16929408482142858 0.5790396842797632 0.017996651785714284 0.028064021048015787
191 0.14753069196428573 0.5499890374917781 0.010463169642857142 0.01644376233282175
193 0.19008091517857142 0.6749616312212234 0.017996651785714284 0.028283271212453408
184 0.2647181919642857 0.6650953738215304 0.006277901785714286 0.03310677483008112
14 0.16922433035714285 0.4640429730322298 0.008370535714285714 0.023459767594825695
25 0.16831752232142858 0.38785354089015567 0.011300223214285714 0.025433019074764307
194 0.18938337053571427 0.36242052181539136 0.0185546875 0.029379522034641527
186 0.23137555803571427 0.36231089673317257 0.0107421875 0.014689761017320764
183 0.27518136160714285 0.3561718921289191 0.006277901785714286 0.026090769568077175
192 0.30922154017857145 0.36242052181539136 0.017717633928571428 0.028064021048015787
190 0.12946428571428573 0.6483227362420522 0.007254464285714286 0.013593510195132646
185 0.12332589285714286 0.595483446612585 0.021205357142857144 0.01052400789300592
183 0.3641880580357143 0.8847840385880289 0.0166015625 0.00986625739969305
196 0.12946428571428573 0.7077395308046481 0.018415178571428572 0.02894102170576628
181 0.14481026785714285 0.7374479280859461 0.011160714285714286 0.013374260030695024
142 0.208984375 0.330629247971936 0.008649553571428572 0.01447051085288314
182 0.18184988839285715 0.23700942775707082 0.008510044642857142 0.013593510195132646
195 0.14808872767857142 0.23744792808594606 0.017717633928571428 0.02718702039026529
142 0.20884486607142858 0.3843455382591537 0.009207589285714286 0.012716509537382154
186 0.208984375 0.4560403420302565 0.010044642857142858 0.016663012497259374
32 0.607421875 0.7143170357377768 0.009765625 0.019294014470510854
180 0.5110212053571429 0.6745231308923482 0.014787946428571428 0.01381276035957027
190 0.4873744419642857 0.6846086384564788 0.010463169642857142 0.010743258057443543
195 0.48744419642857145 0.7697873273404955 0.019252232142857144 0.03025652269239202
14 0.5939592633928571 0.6124753343565008 0.010463169642857142 0.013374260030695024
32 0.40855189732142855 0.33698750274062705 0.009905133928571428 0.020609515457136594
177 0.4077845982142857 0.39980267485200616 0.008928571428571428 0.02039026529269897
193 0.4287806919642857 0.424906818680114 0.018275669642857144 0.02850252137689103
186 0.28836495535714285 0.6452532339399255 0.009765625 0.01710151282613462
178 0.30405970982142855 0.6121464591098443 0.014369419642857142 0.0131550098662574
63 0.6067940848214286 0.7566323174742381 0.008510044642857142 0.017540013155009866
187 0.6067243303571429 0.8312869984652489 0.008649553571428572 0.00723525542644157
188 0.5862862723214286 0.9250164437623328 0.0068359375 0.020609515457136594
191 0.6067243303571429 0.46217934663451 0.010881696428571428 0.01710151282613462
191 0.6067243303571429 0.4058320543740408 0.011997767857142858 0.018855514141635606
192 0.6649693080357143 0.29993422495066874 0.017717633928571428 0.02762552071914054
179 0.6727818080357143 0.36505152378864286 0.017717633928571428 0.018855514141635606
178 0.7263532366071429 0.3973909230431923 0.009068080357142858 0.023898267923700943
193 0.7260044642857143 0.3290944968208726 0.018415178571428572 0.02894102170576628
182 0.7103794642857143 0.2997149747862311 0.008649553571428572 0.013593510195132646
25 0.70654296875 0.4269896952422714 0.0107421875 0.01775926331944749
193 0.111328125 0.7374479280859461 0.018136160714285716 0.028721771541328656
175 0.08977399553571429 0.7123437842578382 0.008510044642857142 0.017978513483885114
25 0.10518973214285714 0.6733172549879413 0.014787946428571428 0.01710151282613462
180 0.08970424107142858 0.6477746108309581 0.008928571428571428 0.019513264634948475
194 0.12953404017857142 0.39322516991887746 0.017717633928571428 0.027844770883578163