187 0.13071986607142858 0.6100394563787812 0.005859375 0.004822446295484437
187 0.5345982142857143 0.2255589653660675 0.005859375 0.004822446295484437
187 0.17271205357142858 0.0920648838228847 0.0030691964285714285 0.00920648838228847
187 0.7499302455357143 0.928320911880754 0.005719866071428571 0.004822446295484437
187 0.7392578125 0.8112669881630864 0.0030691964285714285 0.00920648838228847
187 0.3461216517857143 0.5850504164839982 0.005859375 0.004822446295484437
191 0.10379464285714286 0.7099956159579132 0.006975446428571429 0.010960105217010083
185 0.09953962053571429 0.6699912319158264 0.014369419642857142 0.006795265234546251
102 0.10372488839285714 0.6180403331871986 0.005719866071428571 0.016440157825515125
191 0.09054129464285714 0.5997369574747917 0.009207589285714286 0.01446733888645331
193 0.10372488839285714 0.8330775975449364 0.012137276785714286 0.019070583077597545
179 0.11495535714285714 0.9365409907935116 0.011439732142857142 0.012932924156071899
189 0.10379464285714286 0.5784743533537922 0.006417410714285714 0.021481806225339763
180 0.10379464285714286 0.5335379219640508 0.005859375 0.014028934677772907
182 0.10372488839285714 0.504384042086804 0.005998883928571429 0.008768084173608066
184 0.10930524553571429 0.6062034195528277 0.004324776785714286 0.023016220955721176
32 0.13106863839285715 0.5756247259973696 0.006556919642857143 0.016220955721174924
183 0.12799944196428573 0.4170320035072337 0.011300223214285714 0.006795265234546251
191 0.14195033482142858 0.5574309513371328 0.008231026785714286 0.0131521262604121
180 0.17375837053571427 0.5575405523893029 0.009905133928571428 0.009425690486628672
186 0.25369698660714285 0.5571021481806225 0.007393973214285714 0.010302498903989479
192 0.30580357142857145 0.5574309513371328 0.011997767857142858 0.018851380973257344
187 0.5345982142857143 0.28255151249451993 0.005859375 0.004822446295484437
179 0.49595424107142855 0.30523893029373084 0.009486607142857142 0.012932924156071899
195 0.5345284598214286 0.41111354669004824 0.010463169642857142 0.016440157825515125
191 0.5166713169642857 0.43062253397632616 0.007672991071428571 0.012056115738711091
14 0.47042410714285715 0.34612012275317844 0.009207589285714286 0.00920648838228847
63 0.3896484375 0.34612012275317844 0.010323660714285714 0.00920648838228847
102 0.10379464285714286 0.3256247259973696 0.005859375 0.016001753616834723
195 0.10372488839285714 0.2817843051293292 0.012137276785714286 0.019070583077597545
179 0.10267857142857142 0.24682156948706707 0.008091517857142858 0.017536168347216132
102 0.10372488839285714 0.20330995177553704 0.005719866071428571 0.012932924156071899
14 0.10365513392857142 0.1584831214379658 0.005859375 0.014028934677772907
182 0.19070870535714285 0.09217448487505481 0.005859375 0.009425690486628672
189 0.23842075892857142 0.15661990355107408 0.006138392857142857 0.021262604120999562
142 0.35365513392857145 0.21898290223586148 0.005859375 0.00920648838228847
187 0.38643973214285715 0.21898290223586148 0.0030691964285714285 0.00920648838228847
192 0.41392299107142855 0.21909250328803156 0.012276785714285714 0.019070583077597545
187 0.23842075892857142 0.3248575186321789 0.005859375 0.004822446295484437
179 0.23960658482142858 0.3589434458570802 0.007952008928571428 0.019070583077597545
192 0.27957589285714285 0.38820692678649715 0.012555803571428572 0.01972818939061815
195 0.3334263392857143 0.38820692678649715 0.010881696428571428 0.01709776413853573
183 0.18722098214285715 0.11661551950898728 0.011160714285714286 0.0070144673388864535
14 0.1845703125 0.1592503288031565 0.005859375 0.012494519947391494
119 0.19859095982142858 0.3834940815431828 0.011579241071428572 0.018632178868917142
187 0.7499302455357143 0.8746163963174046 0.005719866071428571 0.004822446295484437
176 0.7500697544642857 0.742437527400263 0.005998883928571429 0.012275317843051293
191 0.7068219866071429 0.5997369574747917 0.006556919642857143 0.01052170100832968
176 0.6534598214285714 0.599956159579132 0.010602678571428572 0.00920648838228847
192 0.6277901785714286 0.5997369574747917 0.012834821428571428 0.020166593599298552
192 0.6153041294642857 0.5768303375712407 0.012974330357142858 0.020385795703638757
102 0.6040736607142857 0.5573213502849628 0.008649553571428572 0.00898728627794827
195 0.7499302455357143 0.5769399386234108 0.0107421875 0.016659359929855327
182 0.72314453125 0.49419114423498467 0.005998883928571429 0.009425690486628672
175 0.7232142857142857 0.32211749232792636 0.005859375 0.012932924156071899
176 0.28201729910714285 0.9382946076282332 0.008510044642857142 0.00898728627794827
193 0.2509765625 0.9381850065760632 0.011997767857142858 0.01841297676457694
119 0.22886439732142858 0.9430074528715475 0.009905133928571428 0.018851380973257344
188 0.29227120535714285 0.9084831214379658 0.011997767857142858 0.008110477860587462
25 0.29136439732142855 0.7871547566856641 0.007672991071428571 0.01183691363437089
119 0.30726841517857145 0.6794169224024551 0.011858258928571428 0.018632178868917142
189 0.29227120535714285 0.6614423498465585 0.006138392857142857 0.021262604120999562
187 0.2787388392857143 0.5997369574747917 0.0030691964285714285 0.00920648838228847
180 0.24944196428571427 0.599956159579132 0.010323660714285714 0.00920648838228847
196 0.19768415178571427 0.5997369574747917 0.011997767857142858 0.01841297676457694
181 0.42689732142857145 0.3200350723366944 0.005859375 0.0131521262604121
60 0.42689732142857145 0.4036606751424814 0.005859375 0.012056115738711091
185 0.43882533482142855 0.4238272687417799 0.004324776785714286 0.02257781674704077
185 0.42264229910714285 0.1605655414291977 0.014369419642857142 0.006795265234546251
181 0.4268275669642857 0.11343708899605436 0.005719866071428571 0.016440157825515125
190 0.2525111607142857 0.0920648838228847 0.006138392857142857 0.008768084173608066
180 0.5345284598214286 0.5802279701885138 0.005719866071428571 0.014028934677772907
184 0.5304129464285714 0.5339763261727313 0.014508928571428572 0.0070144673388864535
181 0.5765904017857143 0.43062253397632616 0.010602678571428572 0.00898728627794827
192 0.5345982142857143 0.6214379658044717 0.012276785714285714 0.019289785181937746
195 0.5345982142857143 0.6649495835160018 0.010323660714285714 0.016440157825515125
32 0.5185546875 0.7679745725558965 0.010044642857142858 0.010740903112669882
180 0.49881417410714285 0.7688513809732573 0.009068080357142858 0.00898728627794827
188 0.4722377232142857 0.7689609820254274 0.005301339285714286 0.01446733888645331
181 0.43722098214285715 0.7687417799210873 0.009765625 0.00920648838228847
191 0.41343470982142855 0.7689609820254274 0.007114955357142857 0.010960105217010083
177 0.6533203125 0.3034853134590092 0.008370535714285714 0.009425690486628672
191 0.6857561383928571 0.3035949145111793 0.008510044642857142 0.0131521262604121
178 0.6422991071428571 0.3627794826830338 0.005859375 0.014028934677772907
195 0.6561802455357143 0.43062253397632616 0.010463169642857142 0.016440157825515125
182 0.6898716517857143 0.43051293292415604 0.005301339285714286 0.00920648838228847
182 0.7101004464285714 0.43029373081981587 0.006138392857142857 0.009644892590968873
187 0.6287667410714286 0.38820692678649715 0.0030691964285714285 0.00920648838228847
14 0.18464006696428573 0.838009644892591 0.005998883928571429 0.012275317843051293
185 0.18031529017857142 0.7004603244191144 0.014369419642857142 0.006795265234546251
142 0.22970145089285715 0.7689609820254274 0.005440848214285714 0.009644892590968873
180 0.25453404017857145 0.7692897851819378 0.009068080357142858 0.00898728627794827
195 0.2792271205357143 0.7689609820254274 0.0107421875 0.01709776413853573
102 0.30113002232142855 0.7690705830775976 0.009068080357142858 0.00898728627794827
186 0.33070591517857145 0.7689609820254274 0.007114955357142857 0.01052170100832968
180 0.38755580357142855 0.7690705830775976 0.008091517857142858 0.00898728627794827
192 0.34605189732142855 0.4919991231915826 0.012137276785714286 0.019070583077597545
195 0.3604213169642857 0.472818939061815 0.0107421875 0.01709776413853573
63 0.41162109375 0.4727093380096449 0.0107421875 0.00898728627794827
194 0.4408482142857143 0.472818939061815 0.011997767857142858 0.018851380973257344
102 0.34591238839285715 0.40453748355984215 0.005998883928571429 0.012494519947391494
195 0.34605189732142855 0.3655195089872863 0.010463169642857142 0.016440157825515125
195 0.3603515625 0.3459009206488382 0.010602678571428572 0.016659359929855327
177 0.39990234375 0.7889083735203858 0.005998883928571429 0.014028934677772907
119 0.39697265625 0.7037483559842175 0.012137276785714286 0.015563349408154318
196 0.3863002232142857 0.6843489697501096 0.012555803571428572 0.01972818939061815
184 0.3604213169642857 0.6910346339324858 0.004324776785714286 0.02257781674704077
190 0.39990234375 0.6174923279263481 0.004603794642857143 0.009644892590968873
195 0.3858119419642857 0.8112669881630864 0.0107421875 0.01709776413853573
179 0.3369838169642857 0.8131302060499781 0.009905133928571428 0.012494519947391494
191 0.27992466517857145 0.8112669881630864 0.007672991071428571 0.012275317843051293
183 0.3164760044642857 0.6567295046032442 0.011300223214285714 0.0070144673388864535
142 0.3192661830357143 0.6142042963612451 0.005998883928571429 0.009644892590968873
183 0.32177734375 0.7792634809294169 0.011300223214285714 0.0070144673388864535
32 0.31954520089285715 0.8296799649276633 0.006556919642857143 0.01709776413853573
180 0.31947544642857145 0.5330995177553705 0.006138392857142857 0.012275317843051293
178 0.31905691964285715 0.4881630863656291 0.005859375 0.016659359929855327
180 0.37290736607142855 0.452213941253836 0.005859375 0.014028934677772907
176 0.37290736607142855 0.485861464270057 0.005859375 0.015563349408154318
184 0.36886160714285715 0.39741341516878564 0.014508928571428572 0.00657606313020605
177 0.38643973214285715 0.38831652783866727 0.008649553571428572 0.00898728627794827
185 0.39578683035714285 0.3307759754493643 0.014508928571428572 0.0070144673388864535
32 0.61572265625 0.5294826830337571 0.006556919642857143 0.012932924156071899
181 0.6153041294642857 0.4584612012275318 0.005998883928571429 0.013809732573432706
32 0.6247907366071429 0.42941692240245505 0.009626116071428572 0.010960105217010083
176 0.6155831473214286 0.36113546690048226 0.005719866071428571 0.014248136782113108
196 0.6005859375 0.3035949145111793 0.011997767857142858 0.018851380973257344
189 0.5742885044642857 0.3035949145111793 0.013532366071428572 0.010960105217010083
189 0.34605189732142855 0.28046909250328805 0.007114955357142857 0.021262604120999562
191 0.07686941964285714 0.36716352476983777 0.009486607142857142 0.014905743095133712
142 0.07686941964285714 0.29427882507672076 0.005859375 0.00898728627794827
181 0.07686941964285714 0.24835598421744848 0.005859375 0.01446733888645331
182 0.0947265625 0.17678649715037265 0.005859375 0.009425690486628672
195 0.17117745535714285 0.17667689609820253 0.012555803571428572 0.01972818939061815
187 0.19796316964285715 0.17667689609820253 0.0030691964285714285 0.00920648838228847
189 0.21142578125 0.11212187637001315 0.007114955357142857 0.021262604120999562
187 0.09026227678571429 0.3459009206488382 0.0030691964285714285 0.00920648838228847
175 0.22140066964285715 0.3460105217010083 0.009486607142857142 0.00898728627794827
25 0.24888392857142858 0.34502411223147744 0.007533482142857143 0.010960105217010083
183 0.20877511160714285 0.8643138974134151 0.011300223214285714 0.0070144673388864535
180 0.24700055803571427 0.6841297676457694 0.0087890625 0.00920648838228847
195 0.169921875 0.6843489697501096 0.010881696428571428 0.01709776413853573
187 0.14411272321428573 0.6843489697501096 0.0030691964285714285 0.00920648838228847
32 0.6965680803571429 0.7857299430074529 0.006696428571428571 0.01731696624287593
60 0.6959402901785714 0.753288031565103 0.005719866071428571 0.016440157825515125
183 0.693359375 0.6557430951337133 0.011160714285714286 0.006795265234546251
182 0.6960100446428571 0.45330995177553707 0.005859375 0.00920648838228847
188 0.6960797991071429 0.41834721613327486 0.011021205357142858 0.007233669443226655
177 0.45375279017857145 0.4514467338886453 0.005998883928571429 0.012932924156071899
32 0.44370814732142855 0.5561157387110917 0.010463169642857142 0.010960105217010083
192 0.41224888392857145 0.5574309513371328 0.012555803571428572 0.01972818939061815
176 0.7499302455357143 0.3306663743971942 0.005719866071428571 0.016440157825515125
187 0.7364676339285714 0.38820692678649715 0.0030691964285714285 0.00920648838228847
176 0.7228655133928571 0.5357299430074529 0.005998883928571429 0.012275317843051293
196 0.7091936383928571 0.5574309513371328 0.012974330357142858 0.020166593599298552
102 0.75 0.49210872424375274 0.005859375 0.012713722051731697
102 0.7499302455357143 0.4545155633494082 0.005719866071428571 0.013809732573432706
188 0.7384207589285714 0.3460105217010083 0.005580357142857143 0.016440157825515125
14 0.7077985491071429 0.3460105217010083 0.0087890625 0.00898728627794827
188 0.6540178571428571 0.26128890837352037 0.005022321428571429 0.0131521262604121
176 0.6270228794642857 0.2609601052170101 0.009347098214285714 0.00898728627794827
14 0.6692243303571429 0.5017536168347216 0.005859375 0.013590530469092503
193 0.6691545758928571 0.45133713283647525 0.012416294642857142 0.019289785181937746
60 0.6692243303571429 0.3302279701885138 0.005859375 0.015563349408154318
182 0.3999720982142857 0.48147742218325296 0.005859375 0.00898728627794827
32 0.4003208705357143 0.45287154756685666 0.006556919642857143 0.01709776413853573
63 0.4107142857142857 0.430403331871986 0.010602678571428572 0.00898728627794827
186 0.07686941964285714 0.7061595791319597 0.006975446428571429 0.011617711530030689
175 0.09151785714285714 0.8115957913195967 0.010323660714285714 0.00898728627794827
25 0.14732142857142858 0.8101709776413853 0.010044642857142858 0.011398509425690487
119 0.42996651785714285 0.5392371766768961 0.011997767857142858 0.01446733888645331
60 0.48081752232142855 0.36595791319596666 0.005719866071428571 0.011179307321350284
14 0.6251395089285714 0.3038141166155195 0.007254464285714286 0.00920648838228847