187 0.38016183035714285 0.7689609820254274 0.0030691964285714285 0.00920648838228847
187 0.6026785714285714 0.6420429636124507 0.0030691964285714285 0.00920648838228847
187 0.5345982142857143 0.6979395002192021 0.005859375 0.004822446295484437
187 0.7290736607142857 0.8958790004384042 0.0030691964285714285 0.00920648838228847
187 0.7499302455357143 0.8491889522139413 0.005719866071428571 0.004822446295484437
187 0.6422991071428571 0.6633055677334503 0.005859375 0.004822446295484437
187 0.48074776785714285 0.8784524331433582 0.005859375 0.005041648399824638
187 0.6691545758928571 0.19136343708899606 0.005719866071428571 0.004822446295484437
187 0.13071986607142858 0.8437088996054362 0.005859375 0.004822446295484437
119 0.20842633928571427 0.2774002630425252 0.011997767857142858 0.017755370451556333
14 0.21142578125 0.37297238053485315 0.005719866071428571 0.013809732573432706
184 0.21568080357142858 0.44048662867163524 0.014229910714285714 0.006795265234546251
196 0.21142578125 0.24013590530469092 0.012137276785714286 0.019070583077597545
184 0.20724051339285715 0.18993862341078474 0.014369419642857142 0.006795265234546251
192 0.21149553571428573 0.15377027619465147 0.012276785714285714 0.019508987286277948
189 0.21149553571428573 0.11102586584831214 0.006696428571428571 0.021262604120999562
189 0.19754464285714285 0.0920648838228847 0.013671875 0.009644892590968873
195 0.17082868303571427 0.09217448487505481 0.012416294642857142 0.019508987286277948
119 0.14927455357142858 0.09688733011836914 0.010881696428571428 0.018851380973257344
187 0.1171875 0.0920648838228847 0.0030691964285714285 0.00920648838228847
182 0.5614536830357143 0.7139412538360368 0.005998883928571429 0.008329679964927663
25 0.5622209821428571 0.7878123629986847 0.006975446428571429 0.012713722051731697
177 0.5615234375 0.829351161771153 0.006138392857142857 0.014686540990793511
182 0.5245535714285714 0.8531345900920649 0.005859375 0.00920648838228847
178 0.49190848214285715 0.8535729943007453 0.009765625 0.008768084173608066
176 0.5532924107142857 0.7687417799210873 0.009765625 0.00920648838228847
194 0.46644810267857145 0.7689609820254274 0.0126953125 0.020166593599298552
196 0.5614536830357143 0.4495835160017536 0.012416294642857142 0.019289785181937746
196 0.5614536830357143 0.3657387110916265 0.0126953125 0.01994739149495835
195 0.5754045758928571 0.6420429636124507 0.012137276785714286 0.019289785181937746
175 0.5461077008928571 0.642371766768961 0.010463169642857142 0.009425690486628672
196 0.5345284598214286 0.6642919772029812 0.012137276785714286 0.019070583077597545
119 0.11997767857142858 0.806444541867602 0.010044642857142858 0.018851380973257344
175 0.07672991071428571 0.7493423936869794 0.005859375 0.014248136782113108
177 0.08803013392857142 0.7263261727312582 0.010323660714285714 0.009425690486628672
183 0.10121372767857142 0.7004603244191144 0.011579241071428572 0.006795265234546251
194 0.10372488839285714 0.6625383603682595 0.012137276785714286 0.019070583077597545
189 0.13071986607142858 0.5783647523016221 0.005580357142857143 0.021262604120999562
192 0.11593191964285714 0.5151249451994739 0.012276785714285714 0.019289785181937746
191 0.08649553571428571 0.5151249451994739 0.008370535714285714 0.0131521262604121
182 0.14397321428571427 0.6421525646646208 0.005859375 0.009425690486628672
180 0.17103794642857142 0.6417141604559404 0.008370535714285714 0.00898728627794827
63 0.19594029017857142 0.6421525646646208 0.010184151785714286 0.00898728627794827
119 0.22335379464285715 0.6371109162647961 0.009486607142857142 0.019070583077597545
192 0.25181361607142855 0.6420429636124507 0.011997767857142858 0.018851380973257344
14 0.27615792410714285 0.6416045594037703 0.009905133928571428 0.009644892590968873
187 0.3056640625 0.6420429636124507 0.0030691964285714285 0.00920648838228847
60 0.33621651785714285 0.6421525646646208 0.010044642857142858 0.00898728627794827
189 0.3604213169642857 0.6420429636124507 0.013532366071428572 0.009644892590968873
32 0.08872767857142858 0.5992985532661114 0.010881696428571428 0.01052170100832968
192 0.08998325892857142 0.7689609820254274 0.011997767857142858 0.01841297676457694
183 0.10100446428571429 0.4499123191582639 0.011160714285714286 0.006795265234546251
192 0.10379464285714286 0.4072775098640947 0.012276785714285714 0.019289785181937746
185 0.09953962053571429 0.37395879000438403 0.014369419642857142 0.0070144673388864535
179 0.10260881696428571 0.318500657606313 0.007952008928571428 0.015344147303814117
189 0.11795479910714286 0.2613985094256905 0.013532366071428572 0.011617711530030689
192 0.5345284598214286 0.6207803594914512 0.0126953125 0.01972818939061815
63 0.5345982142857143 0.5397851819377466 0.005859375 0.012056115738711091
142 0.3999720982142857 0.7148180622533976 0.005859375 0.009644892590968873
190 0.47230747767857145 0.6843489697501096 0.006556919642857143 0.009644892590968873
192 0.5217633928571429 0.6843489697501096 0.011997767857142858 0.018851380973257344
175 0.3998325892857143 0.5746383165278387 0.005859375 0.014248136782113108
102 0.38748604910714285 0.4727093380096449 0.007393973214285714 0.00898728627794827
181 0.36397879464285715 0.4729285401139851 0.009207589285714286 0.009425690486628672
178 0.3067103794642857 0.472818939061815 0.010463169642857142 0.008768084173608066
187 0.17103794642857142 0.17667689609820253 0.0030691964285714285 0.00920648838228847
192 0.11607142857142858 0.21909250328803156 0.011997767857142858 0.018632178868917142
63 0.18443080357142858 0.24046470846120122 0.005859375 0.011398509425690487
176 0.25223214285714285 0.2613985094256905 0.010602678571428572 0.009425690486628672
195 0.30698939732142855 0.3460105217010083 0.012137276785714286 0.019070583077597545
195 0.36063058035714285 0.3459009206488382 0.011997767857142858 0.01841297676457694
183 0.07414899553571429 0.144563787812363 0.011300223214285714 0.006795265234546251
188 0.07679966517857142 0.27279701885138097 0.010184151785714286 0.006795265234546251
102 0.12109375 0.3035949145111793 0.008091517857142858 0.00920648838228847
175 0.19287109375 0.3038141166155195 0.007393973214285714 0.00920648838228847
175 0.22593470982142858 0.3034853134590092 0.007393973214285714 0.009425690486628672
190 0.07679966517857142 0.3088557650153442 0.004324776785714286 0.009644892590968873
188 0.07686941964285714 0.5004384042086804 0.009765625 0.008768084173608066
191 0.13071986607142858 0.11760192897851819 0.008091517857142858 0.012932924156071899
195 0.14446149553571427 0.17678649715037265 0.0107421875 0.016878562034195528
25 0.13141741071428573 0.19640508548882069 0.007254464285714286 0.014905743095133712
192 0.25313895089285715 0.30370451556334943 0.012137276785714286 0.019070583077597545
176 0.6421595982142857 0.3329679964927663 0.005859375 0.012713722051731697
119 0.6564592633928571 0.298882069267865 0.008510044642857142 0.019070583077597545
180 0.6421595982142857 0.3642042963612451 0.005859375 0.013809732573432706
184 0.6463448660714286 0.45232354230600613 0.014508928571428572 0.006795265234546251
180 0.5719866071428571 0.47303814116615517 0.010323660714285714 0.00920648838228847
191 0.6422293526785714 0.5356203419552827 0.008510044642857142 0.013371328364752301
195 0.6422293526785714 0.5791319596668129 0.012416294642857142 0.019289785181937746
191 0.58837890625 0.6264796142042963 0.007952008928571428 0.012713722051731697
177 0.5885184151785714 0.6635247698377904 0.005998883928571429 0.01183691363437089
177 0.6153041294642857 0.8352696185883385 0.005719866071428571 0.012056115738711091
119 0.6122349330357143 0.7885795703638755 0.012137276785714286 0.016878562034195528
192 0.6153041294642857 0.7038579570363875 0.011579241071428572 0.018851380973257344
178 0.5987025669642857 0.6842393686979396 0.009347098214285714 0.00898728627794827
175 0.6154436383928571 0.8733011836913634 0.005998883928571429 0.012275317843051293
182 0.6609235491071429 0.8955501972818939 0.005440848214285714 0.009425690486628672
181 0.70751953125 0.8958790004384042 0.010463169642857142 0.008768084173608066
190 0.5290876116071429 0.6420429636124507 0.0048828125 0.008768084173608066
175 0.44224330357142855 0.6416045594037703 0.008091517857142858 0.00920648838228847
181 0.23849051339285715 0.4490355107409031 0.005719866071428571 0.015124945199473916
195 0.23835100446428573 0.5364971503726436 0.012137276785714286 0.019070583077597545
60 0.17340959821428573 0.5573213502849628 0.009765625 0.00898728627794827
142 0.15143694196428573 0.5573213502849628 0.005998883928571429 0.00898728627794827
119 0.24155970982142858 0.5712406839105656 0.012137276785714286 0.017536168347216132
142 0.373046875 0.6707584392810171 0.005859375 0.00920648838228847
183 0.41566685267857145 0.6378781236299869 0.004324776785714286 0.01797457255589654
194 0.4268275669642857 0.8330775975449364 0.012137276785714286 0.019070583077597545
177 0.373046875 0.5778167470407716 0.005859375 0.015344147303814117
186 0.37276785714285715 0.5330995177553705 0.006417410714285714 0.011398509425690487
193 0.3729771205357143 0.49375274002630426 0.012137276785714286 0.019070583077597545
176 0.3731166294642857 0.45495396755808853 0.005998883928571429 0.014686540990793511
176 0.37318638392857145 0.40957913195966683 0.005859375 0.015563349408154318
119 0.36997767857142855 0.36190267426567296 0.01171875 0.018851380973257344
183 0.10114397321428571 0.5751863217886892 0.011439732142857142 0.0070144673388864535
186 0.15771484375 0.4927663305567733 0.0068359375 0.01183691363437089
181 0.15764508928571427 0.45309074967119684 0.005859375 0.01446733888645331
183 0.15492466517857142 0.41231915826391935 0.011300223214285714 0.0070144673388864535
102 0.19384765625 0.34612012275317844 0.009626116071428572 0.00920648838228847
192 0.22607421875 0.3459009206488382 0.012416294642857142 0.019289785181937746
191 0.7499302455357143 0.752192021043402 0.007393973214285714 0.011617711530030689
193 0.7499302455357143 0.7047347654537484 0.011858258928571428 0.018851380973257344
196 0.7352818080357143 0.6843489697501096 0.012137276785714286 0.019289785181937746
181 0.6877092633928571 0.6842393686979396 0.007952008928571428 0.00898728627794827
119 0.7467912946428571 0.6593599298553267 0.011997767857142858 0.018851380973257344
189 0.7499302455357143 0.61957474791758 0.006556919642857143 0.021262604120999562
175 0.7499302455357143 0.5405523893029373 0.005719866071428571 0.012713722051731697
189 0.7499302455357143 0.4080447172292854 0.007672991071428571 0.021262604120999562
185 0.7456752232142857 0.37406839105655415 0.014229910714285714 0.006795265234546251
179 0.18568638392857142 0.27970188513809735 0.008091517857142858 0.017536168347216132
193 0.1845703125 0.3690267426567295 0.012555803571428572 0.01994739149495835
60 0.18464006696428573 0.45287154756685666 0.005998883928571429 0.01578255151249452
25 0.6429268973214286 0.7417799210872424 0.007114955357142857 0.01183691363437089
14 0.6422991071428571 0.8277071459886015 0.005859375 0.014905743095133712
184 0.6464146205357143 0.8683691363437089 0.014369419642857142 0.006795265234546251
180 0.4805385044642857 0.8318719859710654 0.005998883928571429 0.012275317843051293
189 0.60302734375 0.8535729943007453 0.013532366071428572 0.009644892590968873
119 0.4776088169642857 0.7538360368259536 0.011858258928571428 0.019289785181937746
176 0.6960797991071429 0.36321788689171414 0.005719866071428571 0.01446733888645331
186 0.6572963169642857 0.4725997369574748 0.007672991071428571 0.01052170100832968
14 0.69580078125 0.4915607189829022 0.005998883928571429 0.014248136782113108
177 0.6960797991071429 0.5398947829899167 0.005719866071428571 0.012713722051731697
180 0.6958705357142857 0.5796799649276633 0.006138392857142857 0.016440157825515125
185 0.7003348214285714 0.6332748794388426 0.014229910714285714 0.0070144673388864535
194 0.25118582589285715 0.3460105217010083 0.012137276785714286 0.019070583077597545
184 0.35023716517857145 0.4437746602367383 0.014369419642857142 0.006795265234546251
180 0.3461216517857143 0.5840640070144674 0.005859375 0.014248136782113108
142 0.34584263392857145 0.6318500657606313 0.005859375 0.00898728627794827
187 0.6691545758928571 0.24024550635686104 0.005719866071428571 0.004822446295484437
179 0.6702706473214286 0.28298991670320034 0.007952008928571428 0.01578255151249452
183 0.6342075892857143 0.3077597544936431 0.004464285714285714 0.01797457255589654
192 0.57470703125 0.3035949145111793 0.012416294642857142 0.019289785181937746
102 0.5520368303571429 0.3460105217010083 0.010044642857142858 0.009425690486628672
186 0.5226702008928571 0.34579131959666815 0.007393973214285714 0.010740903112669882
182 0.48856026785714285 0.3459009206488382 0.005859375 0.00920648838228847
189 0.46644810267857145 0.3459009206488382 0.013532366071428572 0.010960105217010083
175 0.38351004464285715 0.3460105217010083 0.010044642857142858 0.00898728627794827
25 0.7237723214285714 0.8688075405523893 0.007254464285714286 0.016001753616834723
180 0.7230747767857143 0.7115300306882946 0.005580357142857143 0.011398509425690487
194 0.7230747767857143 0.6615519508987286 0.011997767857142858 0.018851380973257344
180 0.7230050223214286 0.6163963174046471 0.005719866071428571 0.0131521262604121
195 0.7230050223214286 0.535949145111793 0.012416294642857142 0.019289785181937746
186 0.7100306919642857 0.4725997369574748 0.007114955357142857 0.010960105217010083
185 0.12653459821428573 0.8000876808417361 0.014508928571428572 0.0070144673388864535
191 0.11851283482142858 0.7689609820254274 0.007672991071428571 0.012275317843051293
102 0.42703683035714285 0.6572775098640947 0.005859375 0.010302498903989479
188 0.4418247767857143 0.6843489697501096 0.005580357142857143 0.01841297676457694
177 0.4268275669642857 0.7030907496711969 0.005719866071428571 0.016001753616834723
189 0.46854073660714285 0.8112669881630864 0.013532366071428572 0.012275317843051293
176 0.49497767857142855 0.8110477860587462 0.008649553571428572 0.00920648838228847
192 0.48074776785714285 0.3689171416045594 0.011997767857142858 0.018851380973257344
32 0.48123604910714285 0.4099079351161771 0.0068359375 0.014028934677772907
191 0.4942103794642857 0.472818939061815 0.008510044642857142 0.0131521262604121
175 0.48060825892857145 0.5283866725120561 0.005859375 0.012056115738711091
187 0.48074776785714285 0.5786935554581324 0.005859375 0.004822446295484437
194 0.48074776785714285 0.6214379658044717 0.013113839285714286 0.020604997807978958