187 0.4476841517857143 0.37458890594167943 0.008649553571428572 0.00723525542644157
187 0.19091796875 0.23744792808594606 0.004603794642857143 0.013593510195132646
187 0.7260044642857143 0.5020828765621574 0.008649553571428572 0.007016005262003947
102 0.5272739955357143 0.3240517430388073 0.0087890625 0.02324051743038807
63 0.5271344866071429 0.2680333260249945 0.008510044642857142 0.020828765621574215
188 0.43275669642857145 0.11236570927428195 0.0078125 0.027844770883578163
182 0.3530970982142857 0.11247533435650077 0.008928571428571428 0.013593510195132646
102 0.20905412946428573 0.2684718263538698 0.008510044642857142 0.02302126726595045
176 0.2265625 0.23744792808594606 0.014229910714285714 0.0131550098662574
180 0.30092075892857145 0.23744792808594606 0.013113839285714286 0.0131550098662574
185 0.3618861607142857 0.19721552291164218 0.021205357142857144 0.00986625739969305
60 0.44775390625 0.32470949353212014 0.0087890625 0.0197325147993861
183 0.44370814732142855 0.21925016443762332 0.0166015625 0.010085507564130673
175 0.4287109375 0.17452313089234817 0.014787946428571428 0.0131550098662574
192 0.208984375 0.3931155448366586 0.018694196428571428 0.029379522034641527
183 0.38504464285714285 0.30607322955492217 0.006696428571428571 0.0263100197325148
182 0.40792410714285715 0.4079149309361982 0.008649553571428572 0.012935759701819776
196 0.46812220982142855 0.23733830300372724 0.017717633928571428 0.027844770883578163
14 0.5002092633928571 0.23755755316816488 0.0146484375 0.013374260030695024
191 0.5670340401785714 0.2568515676386757 0.011579241071428572 0.018197763648322735
182 0.28836495535714285 0.6401008550756413 0.008649553571428572 0.01381276035957027
60 0.26708984375 0.5498794124095593 0.014927455357142858 0.0131550098662574
186 0.26771763392857145 0.6749616312212234 0.010602678571428572 0.015566761675071256
193 0.08970424107142858 0.516882262661697 0.017299107142857144 0.027844770883578163
32 0.09012276785714286 0.4474895856171892 0.009765625 0.02236351677263758
194 0.08970424107142858 0.6458013593510196 0.017857142857142856 0.027844770883578163
185 0.09591238839285714 0.6877877658408243 0.021344866071428572 0.010085507564130673
195 0.11063058035714286 0.7374479280859461 0.016462053571428572 0.02565226923920193
176 0.14711216517857142 0.7374479280859461 0.011300223214285714 0.01381276035957027
183 0.18798828125 0.7313089234816926 0.006277901785714286 0.026090769568077175
187 0.10958426339285714 0.6123657092742819 0.004603794642857143 0.013593510195132646
184 0.22900390625 0.6650953738215304 0.006277901785714286 0.03310677483008112
190 0.32833426339285715 0.7074106555579917 0.008231026785714286 0.010743258057443543
188 0.30831473214285715 0.6123657092742819 0.0078125 0.02499451874588906
176 0.2631138392857143 0.7375575531681648 0.01171875 0.013593510195132646
119 0.3329380580357143 0.8224073668055251 0.017717633928571428 0.024117518088138567
183 0.33238002232142855 0.8983775487831616 0.0166015625 0.00986625739969305
189 0.349609375 0.9250164437623328 0.020089285714285716 0.014909011181758386
179 0.3443080357142857 0.17222100416575312 0.014787946428571428 0.018636263977197982
187 0.40792410714285715 0.26869107651830737 0.008649553571428572 0.00723525542644157
175 0.271484375 0.3001534751151063 0.015625 0.013593510195132646
192 0.5078822544642857 0.6749616312212234 0.018275669642857144 0.028721771541328656
195 0.46561104910714285 0.5498794124095593 0.016043526785714284 0.025433019074764307
194 0.4258510044642857 0.5498794124095593 0.017717633928571428 0.02718702039026529
179 0.3560267857142857 0.7400789300591976 0.014787946428571428 0.018636263977197982
14 0.3681640625 0.5257618943214207 0.008649553571428572 0.02367901775926332
102 0.36830357142857145 0.3962946722210042 0.008649553571428572 0.017320762990572242
25 0.3692103794642857 0.8202148651611488 0.0107421875 0.02104801578601184
191 0.39390345982142855 0.8624205218153914 0.0126953125 0.019951764963823723
188 0.43017578125 0.8624205218153914 0.006277901785714286 0.01775926331944749
184 0.7322823660714286 0.5665424249068187 0.021205357142857144 0.01052400789300592
119 0.7214704241071429 0.6370313527735145 0.017717633928571428 0.027406270554702915
119 0.6510881696428571 0.772966454724841 0.017299107142857144 0.02696777022582767
176 0.08949497767857142 0.26923920192940143 0.0087890625 0.021486516114887087
175 0.146484375 0.17518088138566104 0.012834821428571428 0.013593510195132646
119 0.2647181919642857 0.16783600087700065 0.015764508928571428 0.027844770883578163
179 0.6085379464285714 0.3811664108748082 0.011997767857142858 0.02302126726595045
142 0.6067243303571429 0.4706204779653585 0.008649553571428572 0.01381276035957027
142 0.1689453125 0.5199517649638237 0.008649553571428572 0.013374260030695024
175 0.189453125 0.5497697873273405 0.011997767857142858 0.013374260030695024
179 0.23207310267857142 0.5472484104363078 0.013532366071428572 0.01841701381276036
184 0.17543247767857142 0.5992106994080245 0.021344866071428572 0.01052400789300592
185 0.22614397321428573 0.6030475772856829 0.006417410714285714 0.033983775487831616
192 0.20905412946428573 0.8297522473141855 0.017438616071428572 0.027844770883578163
195 0.2705078125 0.7999342249506687 0.015345982142857142 0.023459767594825695
195 0.48744419642857145 0.20806840605130453 0.015904017857142856 0.02499451874588906
181 0.6464146205357143 0.5928524446393335 0.008510044642857142 0.02455601841701381
196 0.6465541294642857 0.516882262661697 0.017996651785714284 0.028283271212453408
183 0.6247907366071429 0.368449901337426 0.006277901785714286 0.026529269896952423
186 0.5669642857142857 0.7028064021048016 0.009486607142857142 0.017320762990572242
60 0.56689453125 0.7589344442008331 0.008510044642857142 0.018636263977197982
190 0.5669642857142857 0.8413725060293795 0.008649553571428572 0.012058759044069283
192 0.46561104910714285 0.924906818680114 0.017717633928571428 0.027844770883578163
185 0.4995814732142857 0.9151501863626398 0.006417410714285714 0.03332602499451875
176 0.5089285714285714 0.8000438500328875 0.014229910714285714 0.013593510195132646
181 0.5270647321428571 0.7739530804648104 0.008649553571428572 0.02236351677263758
189 0.24874441964285715 0.2659504494628371 0.010881696428571428 0.031572023679017756
60 0.6070033482142857 0.8967331725498794 0.008928571428571428 0.020171015128261346
188 0.6067243303571429 0.8350142512606884 0.015066964285714286 0.010743258057443543
175 0.6068638392857143 0.764854198640649 0.008649553571428572 0.019513264634948475
192 0.5272042410714286 0.3962946722210042 0.018973214285714284 0.029598772199079148
25 0.5281808035714286 0.4518745889059417 0.010881696428571428 0.02367901775926332
60 0.5271344866071429 0.5799166849375137 0.008510044642857142 0.01841701381276036
195 0.5478515625 0.6123657092742819 0.015904017857142856 0.02499451874588906
195 0.34946986607142855 0.5498794124095593 0.018136160714285716 0.02850252137689103
196 0.2885044642857143 0.8935540451655338 0.018415178571428572 0.028721771541328656
102 0.28843470982142855 0.8252576189432143 0.008510044642857142 0.02324051743038807
192 0.24881417410714285 0.6407586055689541 0.017717633928571428 0.027844770883578163
190 0.24881417410714285 0.599539574654681 0.009626116071428572 0.014251260688445516
178 0.31298828125 0.5503179127384346 0.016043526785714284 0.013593510195132646
188 0.5272042410714286 0.896404297303223 0.016741071428571428 0.012058759044069283
193 0.5069754464285714 0.7374479280859461 0.018973214285714284 0.030037272527954396
191 0.43310546875 0.7374479280859461 0.011021205357142858 0.017320762990572242
192 0.40785435267857145 0.8930059197544398 0.019112723214285716 0.029818022363516772
102 0.6309291294642857 0.9251260688445516 0.0126953125 0.013374260030695024