187 0.11188616071428571 0.8958790004384042 0.0030691964285714285 0.00920648838228847
187 0.19587053571428573 0.38820692678649715 0.0030691964285714285 0.00920648838228847
187 0.6798270089285714 0.38820692678649715 0.0030691964285714285 0.00920648838228847
187 0.33370535714285715 0.0920648838228847 0.0030691964285714285 0.00920648838228847
187 0.30008370535714285 0.6843489697501096 0.0030691964285714285 0.00920648838228847
187 0.07686941964285714 0.396755808855765 0.005859375 0.004822446295484437
187 0.45382254464285715 0.6637439719421306 0.005859375 0.004822446295484437
187 0.6960797991071429 0.4357737834283209 0.005719866071428571 0.004822446295484437
187 0.10379464285714286 0.8441473038141166 0.005859375 0.004822446295484437
187 0.7499302455357143 0.9061814993423937 0.005719866071428571 0.004822446295484437
175 0.23842075892857142 0.870670758439281 0.006138392857142857 0.014028934677772907
191 0.22586495535714285 0.8112669881630864 0.008370535714285714 0.0131521262604121
180 0.20270647321428573 0.8959886014905744 0.0078125 0.00898728627794827
119 0.2236328125 0.773893029373082 0.009207589285714286 0.018632178868917142
183 0.18191964285714285 0.7436431389741341 0.011439732142857142 0.006795265234546251
176 0.1845703125 0.7073651907058308 0.005859375 0.016220955721174924
179 0.18338448660714285 0.6653879877246821 0.007952008928571428 0.01731696624287593
194 0.18450055803571427 0.6196843489697501 0.012137276785714286 0.019289785181937746
178 0.1845703125 0.5811047786058746 0.005859375 0.01709776413853573
192 0.1845703125 0.5344147303814116 0.011439732142857142 0.018851380973257344
192 0.25160435267857145 0.6843489697501096 0.012416294642857142 0.01972818939061815
192 0.2510463169642857 0.8112669881630864 0.012974330357142858 0.020166593599298552
194 0.29227120535714285 0.6189171416045594 0.012555803571428572 0.01994739149495835
60 0.24972098214285715 0.5573213502849628 0.010602678571428572 0.00898728627794827
196 0.22488839285714285 0.5574309513371328 0.011997767857142858 0.01797457255589654
102 0.5345284598214286 0.7112012275317843 0.005719866071428571 0.014248136782113108
185 0.5303431919642857 0.667470407715914 0.014369419642857142 0.0070144673388864535
188 0.5345982142857143 0.6111354669004823 0.008649553571428572 0.00920648838228847
191 0.5193219866071429 0.5574309513371328 0.008231026785714286 0.012713722051731697
182 0.5263671875 0.8536825953529154 0.006138392857142857 0.009864094695309075
192 0.46595982142857145 0.8535729943007453 0.012834821428571428 0.020166593599298552
183 0.5049525669642857 0.7954844366505919 0.011300223214285714 0.0070144673388864535
184 0.50341796875 0.7105436212187637 0.014369419642857142 0.006795265234546251
176 0.5207868303571429 0.6844585708022797 0.0078125 0.009425690486628672
193 0.5076032366071429 0.6205611573871109 0.0126953125 0.01972818939061815
181 0.5076729910714286 0.5738711091626479 0.005859375 0.014905743095133712
119 0.5433175223214286 0.8487505480052608 0.011300223214285714 0.018851380973257344
188 0.580078125 0.8535729943007453 0.005859375 0.01797457255589654
192 0.6292550223214286 0.8534633932485752 0.012137276785714286 0.019070583077597545
176 0.6563895089285714 0.8534633932485752 0.010323660714285714 0.009425690486628672
187 0.6826171875 0.8535729943007453 0.0030691964285714285 0.00920648838228847
102 0.5614536830357143 0.5302498903989479 0.005719866071428571 0.015344147303814117
60 0.5614536830357143 0.6233011836913634 0.005719866071428571 0.016878562034195528
63 0.5612444196428571 0.6613327487943884 0.005859375 0.014028934677772907
180 0.5480608258928571 0.6843489697501096 0.007672991071428571 0.008768084173608066
195 0.5615234375 0.7494519947391495 0.010602678571428572 0.016659359929855327
190 0.5614536830357143 0.7774002630425252 0.0068359375 0.008110477860587462
178 0.22572544642857142 0.8536825953529154 0.009486607142857142 0.00898728627794827
25 0.3272181919642857 0.8524769837790442 0.008510044642857142 0.010960105217010083
186 0.34591238839285715 0.4099079351161771 0.006556919642857143 0.01183691363437089
176 0.34598214285714285 0.3707803594914511 0.005859375 0.015124945199473916
193 0.3599330357142857 0.3459009206488382 0.011997767857142858 0.018851380973257344
187 0.38643973214285715 0.3459009206488382 0.0030691964285714285 0.00920648838228847
178 0.43617466517857145 0.38831652783866727 0.009626116071428572 0.00898728627794827
183 0.4696568080357143 0.38404208680403334 0.004324776785714286 0.017536168347216132
185 0.35037667410714285 0.488053485313459 0.014090401785714286 0.006795265234546251
187 0.35951450892857145 0.5574309513371328 0.0030691964285714285 0.00920648838228847
60 0.3812779017857143 0.5574309513371328 0.007533482142857143 0.008768084173608066
195 0.4683314732142857 0.5574309513371328 0.011997767857142858 0.018851380973257344
193 0.39990234375 0.4104559403770276 0.0126953125 0.01994739149495835
63 0.39990234375 0.45013152126260414 0.005998883928571429 0.015124945199473916
194 0.38546316964285715 0.472818939061815 0.012555803571428572 0.01972818939061815
187 0.3999720982142857 0.36716352476983777 0.005859375 0.004822446295484437
191 0.39990234375 0.32518632178868917 0.008510044642857142 0.013371328364752301
175 0.3999720982142857 0.236957474791758 0.005859375 0.014905743095133712
63 0.3999720982142857 0.1578255151249452 0.005859375 0.012713722051731697
175 0.33119419642857145 0.38831652783866727 0.009486607142857142 0.00898728627794827
178 0.30538504464285715 0.38831652783866727 0.008370535714285714 0.00898728627794827
32 0.28397042410714285 0.38711091626479616 0.010184151785714286 0.011398509425690487
14 0.2518833705357143 0.38842612889083733 0.0087890625 0.00920648838228847
181 0.3041294642857143 0.47303814116615517 0.010602678571428572 0.00920648838228847
192 0.3330078125 0.4729285401139851 0.011997767857142858 0.018632178868917142
186 0.21156529017857142 0.580447172292854 0.005998883928571429 0.012275317843051293
195 0.23835100446428573 0.7048443665059184 0.012137276785714286 0.019070583077597545
60 0.6153738839285714 0.6283428320911881 0.005859375 0.012494519947391494
193 0.6153041294642857 0.5766111354669005 0.012416294642857142 0.019508987286277948
190 0.6153041294642857 0.5415387987724682 0.0068359375 0.011617711530030689
119 0.5446428571428571 0.6468654099079351 0.011160714285714286 0.018851380973257344
176 0.615234375 0.5002192021043402 0.005859375 0.016220955721174924
119 0.6122349330357143 0.4585708022797019 0.012416294642857142 0.01797457255589654
25 0.6146065848214286 0.4083735203857957 0.007672991071428571 0.012713722051731697
189 0.6288364955357143 0.38820692678649715 0.013532366071428572 0.010960105217010083
192 0.44154575892857145 0.8112669881630864 0.012276785714285714 0.019289785181937746
188 0.4691685267857143 0.8112669881630864 0.004185267857142857 0.014028934677772907
102 0.3876255580357143 0.8958790004384042 0.009905133928571428 0.008768084173608066
191 0.3570033482142857 0.8957693993862341 0.008649553571428572 0.013809732573432706
192 0.30482700892857145 0.8958790004384042 0.011997767857142858 0.01797457255589654
191 0.27915736607142855 0.8958790004384042 0.008370535714285714 0.0131521262604121
180 0.4268275669642857 0.7844147303814116 0.005719866071428571 0.013371328364752301
14 0.3597935267857143 0.7267645769399387 0.008928571428571428 0.009425690486628672
182 0.29966517857142855 0.7266549758877685 0.005859375 0.00920648838228847
188 0.2735072544642857 0.7266549758877685 0.004603794642857143 0.017536168347216132
102 0.21142578125 0.7425471284524331 0.005719866071428571 0.014248136782113108
184 0.18875558035714285 0.7866067514248137 0.014229910714285714 0.006795265234546251
195 0.1845703125 0.8337352038579571 0.010602678571428572 0.016878562034195528
192 0.18450055803571427 0.8759316089434459 0.011858258928571428 0.018851380973257344
175 0.22670200892857142 0.515234546251644 0.008091517857142858 0.009425690486628672
60 0.47195870535714285 0.3460105217010083 0.007254464285714286 0.00898728627794827
175 0.4169224330357143 0.34612012275317844 0.009905133928571428 0.00920648838228847
190 0.48067801339285715 0.4355545813239807 0.007393973214285714 0.010083296799649276
195 0.44008091517857145 0.472818939061815 0.010463169642857142 0.016220955721174924
180 0.48060825892857145 0.3245287154756686 0.006138392857142857 0.013809732573432706
195 0.54833984375 0.21898290223586148 0.012416294642857142 0.01972818939061815
142 0.5782645089285714 0.21887330118369136 0.006138392857142857 0.009425690486628672
187 0.6018415178571429 0.21898290223586148 0.0030691964285714285 0.00920648838228847
176 0.48074776785714285 0.61957474791758 0.005859375 0.016440157825515125
189 0.4658900669642857 0.6420429636124507 0.013532366071428572 0.012275317843051293
119 0.47774832589285715 0.5798991670320035 0.011858258928571428 0.01731696624287593
119 0.4976283482142857 0.5950241122314774 0.009207589285714286 0.018632178868917142
142 0.6153738839285714 0.2366286716352477 0.005859375 0.00898728627794827
187 0.6018415178571429 0.1343708899605436 0.0030691964285714285 0.00920648838228847
196 0.5478515625 0.1343708899605436 0.011997767857142858 0.018851380973257344
191 0.4990234375 0.1343708899605436 0.0078125 0.012275317843051293
182 0.43959263392857145 0.13448049101271373 0.005859375 0.009425690486628672
60 0.6063755580357143 0.34579131959666815 0.0087890625 0.009425690486628672
185 0.5284598214285714 0.35258658483121436 0.004464285714285714 0.02257781674704077
181 0.4951869419642857 0.3460105217010083 0.010184151785714286 0.00898728627794827
60 0.40931919642857145 0.09217448487505481 0.010044642857142858 0.00898728627794827
191 0.48074776785714285 0.11332748794388427 0.008649553571428572 0.013590530469092503
185 0.40408761160714285 0.11321788689171416 0.014369419642857142 0.007233669443226655
186 0.3731166294642857 0.36562911003945636 0.007114955357142857 0.012275317843051293
25 0.37381417410714285 0.4079351161771153 0.007672991071428571 0.014905743095133712
187 0.373046875 0.4517755370451556 0.005859375 0.004822446295484437
175 0.5780552455357143 0.6842393686979396 0.0087890625 0.00898728627794827
188 0.5272042410714286 0.6420429636124507 0.005859375 0.01709776413853573
177 0.5884486607142857 0.15212626041209995 0.005859375 0.014905743095133712
192 0.58837890625 0.24134151687856203 0.011858258928571428 0.018851380973257344
176 0.5883091517857143 0.32178868917141606 0.005859375 0.013590530469092503
195 0.60205078125 0.38831652783866727 0.010463169642857142 0.016440157825515125
194 0.21149553571428573 0.45330995177553707 0.012555803571428572 0.01972818939061815
60 0.19719587053571427 0.4307321350284963 0.009905133928571428 0.00920648838228847
179 0.09430803571428571 0.4322665497588777 0.010323660714285714 0.012713722051731697
25 0.07749720982142858 0.4453090749671197 0.007114955357142857 0.015124945199473916
194 0.07686941964285714 0.49451994739149496 0.01171875 0.018851380973257344
192 0.09089006696428571 0.5151249451994739 0.012137276785714286 0.019289785181937746
178 0.11948939732142858 0.515234546251644 0.008231026785714286 0.00898728627794827
180 0.22502790178571427 0.43051293292415604 0.0078125 0.008768084173608066
192 0.6691545758928571 0.8750548005260851 0.012416294642857142 0.019289785181937746
183 0.6896623883928571 0.8919333625602806 0.004603794642857143 0.01841297676457694
32 0.6695731026785714 0.7946076282332311 0.006556919642857143 0.01446733888645331
142 0.6690848214285714 0.714160455940377 0.006138392857142857 0.008329679964927663
177 0.6281389508928571 0.6842393686979396 0.0087890625 0.00898728627794827
14 0.4536830357142857 0.6213283647523016 0.005859375 0.012494519947391494
195 0.5489676339285714 0.5574309513371328 0.010602678571428572 0.016659359929855327
192 0.45382254464285715 0.49320473476545373 0.013113839285714286 0.020604997807978958
182 0.45361328125 0.44399386234107846 0.005998883928571429 0.009425690486628672
179 0.3472377232142857 0.11508110477860588 0.008091517857142858 0.018851380973257344
194 0.3461216517857143 0.24024550635686104 0.01171875 0.018851380973257344
191 0.3622349330357143 0.3035949145111793 0.008231026785714286 0.012713722051731697
185 0.4580078125 0.144563787812363 0.014229910714285714 0.006795265234546251
191 0.45375279017857145 0.20221394125383604 0.008231026785714286 0.012932924156071899
176 0.45375279017857145 0.276085050416484 0.005719866071428571 0.013371328364752301
25 0.4545200892857143 0.36409469530907496 0.007533482142857143 0.013590530469092503
196 0.6544363839285714 0.5574309513371328 0.012276785714285714 0.019289785181937746
102 0.6055385044642857 0.5573213502849628 0.009347098214285714 0.00898728627794827
180 0.15757533482142858 0.49451994739149496 0.005719866071428571 0.014028934677772907
195 0.15764508928571427 0.6229723805348532 0.010602678571428572 0.016659359929855327
187 0.17103794642857142 0.6843489697501096 0.0030691964285714285 0.00920648838228847
182 0.19252232142857142 0.6845681718544498 0.005859375 0.00920648838228847
32 0.17410714285714285 0.6409469530907497 0.011160714285714286 0.011398509425690487
176 0.19391741071428573 0.6417141604559404 0.009486607142857142 0.00898728627794827
185 0.13929966517857142 0.8045813239807103 0.004324776785714286 0.02257781674704077
183 0.19112723214285715 0.8069925471284525 0.004464285714285714 0.017755370451556333
180 0.11216517857142858 0.7689609820254274 0.008091517857142858 0.008768084173608066
190 0.10372488839285714 0.7594256904866287 0.004324776785714286 0.011179307321350284
187 0.10379464285714286 0.7055019728189391 0.005859375 0.005041648399824638
63 0.10372488839285714 0.6203419552827707 0.005719866071428571 0.01578255151249452
14 0.11558314732142858 0.5996273564226217 0.007672991071428571 0.00898728627794827
60 0.14236886160714285 0.5996273564226217 0.009068080357142858 0.00898728627794827
196 0.17159598214285715 0.5997369574747917 0.011997767857142858 0.01841297676457694
181 0.7375139508928571 0.8113765892152565 0.0087890625 0.00898728627794827
102 0.6810128348214286 0.8112669881630864 0.007952008928571428 0.008768084173608066