187 0.12555803571428573 0.43051293292415604 0.0030691964285714285 0.00920648838228847
187 0.4594029017857143 0.17667689609820253 0.0030691964285714285 0.00920648838228847
187 0.5465959821428571 0.3035949145111793 0.0030691964285714285 0.00920648838228847
187 0.373046875 0.1036825953529154 0.005859375 0.004822446295484437
187 0.5076729910714286 0.18829460762823322 0.005859375 0.004822446295484437
187 0.7406529017857143 0.5574309513371328 0.0030691964285714285 0.00920648838228847
183 0.31640625 0.9194432266549759 0.011160714285714286 0.006795265234546251
184 0.31494140625 0.8814116615519509 0.014369419642857142 0.0070144673388864535
179 0.31801060267857145 0.83691363437089 0.008231026785714286 0.017536168347216132
188 0.31919642857142855 0.7991012713722052 0.01171875 0.007233669443226655
102 0.31912667410714285 0.7048443665059184 0.005719866071428571 0.014248136782113108
184 0.33265904017857145 0.6354669004822446 0.004603794642857143 0.022797018851380975
175 0.33035714285714285 0.8112669881630864 0.010323660714285714 0.00920648838228847
192 0.36021205357142855 0.8112669881630864 0.011997767857142858 0.018851380973257344
32 0.38636997767857145 0.8102805786935554 0.009068080357142858 0.010740903112669882
187 0.41336495535714285 0.8112669881630864 0.0030691964285714285 0.00920648838228847
178 0.47119140625 0.8113765892152565 0.010184151785714286 0.00898728627794827
102 0.328125 0.9381850065760632 0.0078125 0.00920648838228847
177 0.38706752232142855 0.9381850065760632 0.009626116071428572 0.00920648838228847
176 0.43624441964285715 0.9377466023673827 0.009765625 0.00920648838228847
179 0.40841238839285715 0.6401797457255589 0.011021205357142858 0.012494519947391494
192 0.35916573660714285 0.6843489697501096 0.012416294642857142 0.01972818939061815
142 0.3389369419642857 0.6843489697501096 0.005998883928571429 0.00920648838228847
25 0.2831333705357143 0.6854449802718106 0.010184151785714286 0.011398509425690487
184 0.24734933035714285 0.6910346339324858 0.004464285714285714 0.02257781674704077
179 0.22356305803571427 0.6862121876370013 0.010184151785714286 0.012494519947391494
194 0.373046875 0.747807978956598 0.013113839285714286 0.020385795703638757
194 0.3729771205357143 0.7920868040333188 0.012416294642857142 0.019508987286277948
102 0.38316127232142855 0.8536825953529154 0.009626116071428572 0.00898728627794827
119 0.43680245535714285 0.8486409469530908 0.008928571428571428 0.019070583077597545
32 0.4637974330357143 0.8525865848312144 0.009347098214285714 0.010740903112669882
178 0.6691545758928571 0.6149715037264357 0.005719866071428571 0.014686540990793511
191 0.6691545758928571 0.755370451556335 0.007952008928571428 0.012275317843051293
192 0.15764508928571427 0.32507672073651905 0.013113839285714286 0.020604997807978958
182 0.15771484375 0.4181280140289347 0.005998883928571429 0.008548882069267865
182 0.22160993303571427 0.472818939061815 0.005719866071428571 0.00920648838228847
195 0.15764508928571427 0.5368259535291539 0.010602678571428572 0.016659359929855327
63 0.15757533482142858 0.5843928101709777 0.005719866071428571 0.0131521262604121
60 0.15764508928571427 0.6247259973695748 0.005859375 0.015344147303814117
188 0.16692243303571427 0.6843489697501096 0.004603794642857143 0.01578255151249452
63 0.19587053571428573 0.6842393686979396 0.009765625 0.009425690486628672
193 0.4268275669642857 0.7056115738711092 0.012974330357142858 0.020166593599298552
119 0.42989676339285715 0.7411223147742219 0.012137276785714286 0.017536168347216132
142 0.41001674107142855 0.6845681718544498 0.005580357142857143 0.009644892590968873
188 0.39034598214285715 0.7266549758877685 0.005301339285714286 0.012713722051731697
183 0.35574776785714285 0.7308198158702324 0.004464285714285714 0.01797457255589654
185 0.3418666294642857 0.7027619465146865 0.014369419642857142 0.0070144673388864535
181 0.373046875 0.20210434020166593 0.005859375 0.01578255151249452
176 0.38399832589285715 0.3035949145111793 0.010463169642857142 0.00920648838228847
175 0.4155970982142857 0.30370451556334943 0.010602678571428572 0.009425690486628672
119 0.43575613839285715 0.298882069267865 0.011300223214285714 0.019070583077597545
119 0.49637276785714285 0.298882069267865 0.011439732142857142 0.019070583077597545
179 0.5172293526785714 0.3019508987286278 0.011300223214285714 0.012932924156071899
194 0.6815708705357143 0.6843489697501096 0.012416294642857142 0.01972818939061815
102 0.3461216517857143 0.3593818500657606 0.005859375 0.012932924156071899
25 0.560546875 0.8783428320911881 0.007533482142857143 0.012713722051731697
191 0.5450613839285714 0.8535729943007453 0.008928571428571428 0.014028934677772907
63 0.5711495535714286 0.6844585708022797 0.010044642857142858 0.00898728627794827
196 0.6019810267857143 0.6843489697501096 0.012276785714285714 0.019289785181937746
178 0.6571568080357143 0.6845681718544498 0.009905133928571428 0.009644892590968873
176 0.6262555803571429 0.8111573871109162 0.009486607142857142 0.00898728627794827
196 0.35923549107142855 0.3459009206488382 0.011997767857142858 0.01797457255589654
176 0.36265345982142855 0.472818939061815 0.009626116071428572 0.008768084173608066
194 0.7088448660714286 0.5997369574747917 0.011997767857142858 0.018851380973257344
192 0.7499302455357143 0.7486847873739588 0.0126953125 0.01994739149495835
63 0.7501395089285714 0.8341736080666374 0.005859375 0.016001753616834723
196 0.07679966517857142 0.36595791319596666 0.012137276785714286 0.019070583077597545
193 0.07679966517857142 0.32343270495396753 0.012137276785714286 0.019070583077597545
181 0.09214564732142858 0.3035949145111793 0.008231026785714286 0.00920648838228847
175 0.07679966517857142 0.45648838228847 0.005719866071428571 0.011617711530030689
194 0.07686941964285714 0.49430074528715473 0.012276785714285714 0.019289785181937746
184 0.08098493303571429 0.5816527838667251 0.014369419642857142 0.006795265234546251
185 0.09688895089285714 0.5930512932924156 0.004324776785714286 0.02257781674704077
184 0.10791015625 0.6274660236738273 0.014369419642857142 0.006795265234546251
191 0.10379464285714286 0.6551950898728628 0.0078125 0.012275317843051293
181 0.14292689732142858 0.6842393686979396 0.009347098214285714 0.00898728627794827
177 0.19810267857142858 0.3038141166155195 0.007533482142857143 0.00920648838228847
142 0.24972098214285715 0.30370451556334943 0.005859375 0.009425690486628672
142 0.29227120535714285 0.4502411223147742 0.006138392857142857 0.00920648838228847
194 0.29227120535714285 0.3654099079351162 0.013113839285714286 0.020604997807978958
196 0.29227120535714285 0.5368259535291539 0.012276785714285714 0.019289785181937746
187 0.29227120535714285 0.5786935554581324 0.005859375 0.004822446295484437
192 0.5202287946428571 0.8111573871109162 0.011997767857142858 0.018632178868917142
183 0.5318777901785714 0.7443007452871547 0.011300223214285714 0.006795265234546251
175 0.5345982142857143 0.7053923717667689 0.005859375 0.011398509425690487
179 0.49581473214285715 0.6440157825515125 0.009486607142857142 0.012713722051731697
63 0.46756417410714285 0.6418237615081105 0.008231026785714286 0.009644892590968873
187 0.5479910714285714 0.5574309513371328 0.0030691964285714285 0.00920648838228847
178 0.5759626116071429 0.5575405523893029 0.007672991071428571 0.009425690486628672
142 0.6422991071428571 0.3192678649715037 0.006138392857142857 0.009425690486628672
192 0.65576171875 0.30370451556334943 0.012137276785714286 0.019070583077597545
188 0.6422293526785714 0.36157387110916267 0.008510044642857142 0.0076720736519070585
184 0.7456752232142857 0.9146207803594915 0.014229910714285714 0.007233669443226655
181 0.7370954241071429 0.8113765892152565 0.010463169642857142 0.00898728627794827
179 0.7488839285714286 0.701008329679965 0.008091517857142858 0.01709776413853573
194 0.7499302455357143 0.6616615519508987 0.012416294642857142 0.019508987286277948
102 0.7363978794642857 0.6422621657167908 0.010184151785714286 0.00920648838228847
193 0.7090541294642857 0.938075405523893 0.012137276785714286 0.019070583077597545
183 0.6617606026785714 0.9421306444541867 0.004324776785714286 0.01797457255589654
176 0.58837890625 0.9194432266549759 0.005719866071428571 0.012494519947391494
142 0.5681501116071429 0.8534633932485752 0.005719866071428571 0.009425690486628672
176 0.23835100446428573 0.618478737395879 0.005719866071428571 0.011179307321350284
181 0.23842075892857142 0.5832967996492766 0.005859375 0.013590530469092503
196 0.23842075892857142 0.7919772029811486 0.012276785714285714 0.019289785181937746
25 0.23904854910714285 0.8366944322665497 0.007393973214285714 0.01446733888645331
185 0.2763671875 0.889193336256028 0.004464285714285714 0.02257781674704077
60 0.23828125 0.45056992547128455 0.005859375 0.012932924156071899
193 0.2525111607142857 0.3459009206488382 0.011997767857142858 0.018851380973257344
187 0.5749162946428571 0.9381850065760632 0.0030691964285714285 0.00920648838228847
14 0.5498046875 0.9381850065760632 0.008649553571428572 0.00920648838228847
32 0.6157924107142857 0.7114204296361245 0.006696428571428571 0.016001753616834723
176 0.7102399553571429 0.6843489697501096 0.010602678571428572 0.009644892590968873
181 0.45382254464285715 0.6682376150811048 0.005859375 0.015124945199473916
183 0.4564732142857143 0.7948268303375713 0.011160714285714286 0.00657606313020605
142 0.4536830357142857 0.8316527838667251 0.005859375 0.00920648838228847
182 0.45375279017857145 0.49561595791319596 0.005998883928571429 0.008768084173608066
189 0.4395228794642857 0.472818939061815 0.013532366071428572 0.012275317843051293
181 0.41664341517857145 0.4729285401139851 0.009905133928571428 0.009425690486628672
182 0.6690848214285714 0.49112231477422186 0.005859375 0.009425690486628672
60 0.6691545758928571 0.4048662867163525 0.005719866071428571 0.012275317843051293
32 0.5080217633928571 0.23213502849627357 0.006556919642857143 0.016659359929855327
190 0.5076032366071429 0.32398071021481806 0.005440848214285714 0.01052170100832968
176 0.5161830357142857 0.34568171854449803 0.008370535714285714 0.00920648838228847
102 0.5461774553571429 0.34579131959666815 0.008649553571428572 0.00898728627794827
181 0.6010044642857143 0.3459009206488382 0.008091517857142858 0.00920648838228847
14 0.6236049107142857 0.34612012275317844 0.007533482142857143 0.00920648838228847
176 0.49337332589285715 0.3455721174923279 0.008231026785714286 0.00898728627794827
191 0.46700613839285715 0.3459009206488382 0.008231026785714286 0.0131521262604121
32 0.44259207589285715 0.34502411223147744 0.0107421875 0.010960105217010083
25 0.4130859375 0.34699693117053926 0.0078125 0.010960105217010083
60 0.6960797991071429 0.5415387987724682 0.005719866071428571 0.014686540990793511
60 0.6828962053571429 0.515234546251644 0.008649553571428572 0.009425690486628672
181 0.07686941964285714 0.6208899605436212 0.005859375 0.013371328364752301
191 0.08970424107142858 0.472818939061815 0.007254464285714286 0.011398509425690487
185 0.14453125 0.46624287593160896 0.004464285714285714 0.022797018851380975
194 0.11746651785714286 0.6420429636124507 0.011997767857142858 0.018851380973257344
193 0.14522879464285715 0.6420429636124507 0.012276785714285714 0.019289785181937746
181 0.30126953125 0.6420429636124507 0.007393973214285714 0.008768084173608066
32 0.5888671875 0.3307759754493643 0.006696428571428571 0.013590530469092503
102 0.5885184151785714 0.4094695309074967 0.005719866071428571 0.013590530469092503
196 0.58837890625 0.4958351600175362 0.012416294642857142 0.019289785181937746
189 0.5738699776785714 0.2613985094256905 0.013532366071428572 0.0076720736519070585
175 0.5262974330357143 0.26128890837352037 0.007952008928571428 0.00920648838228847
25 0.4911411830357143 0.2626041209995616 0.009905133928571428 0.01183691363437089
60 0.4413364955357143 0.26128890837352037 0.007672991071428571 0.00920648838228847
178 0.41636439732142855 0.2613985094256905 0.009347098214285714 0.00898728627794827
60 0.07700892857142858 0.7974572555896536 0.005580357142857143 0.0131521262604121
195 0.0908203125 0.8958790004384042 0.011997767857142858 0.018851380973257344
176 0.17508370535714285 0.8955501972818939 0.009765625 0.00898728627794827
186 0.19552176339285715 0.8957693993862341 0.007393973214285714 0.011179307321350284
25 0.13002232142857142 0.4499123191582639 0.007254464285714286 0.016440157825515125
60 0.13051060267857142 0.36716352476983777 0.005998883928571429 0.016659359929855327
184 0.12653459821428573 0.3187198597106532 0.014508928571428572 0.00657606313020605
14 0.67919921875 0.3459009206488382 0.009347098214285714 0.00920648838228847
187 0.6960797991071429 0.4094695309074967 0.005719866071428571 0.004822446295484437
190 0.6960797991071429 0.443445857080228 0.006556919642857143 0.00920648838228847
195 0.6960797991071429 0.49408154318281455 0.011300223214285714 0.017536168347216132
186 0.58837890625 0.6205611573871109 0.007114955357142857 0.012275317843051293
178 0.5884486607142857 0.6636343708899606 0.005859375 0.013809732573432706
14 0.58837890625 0.7916483998246383 0.005719866071428571 0.012056115738711091
184 0.31494140625 0.37319158263919333 0.014369419642857142 0.007233669443226655
63 0.3192661830357143 0.3306663743971942 0.005998883928571429 0.011617711530030689
176 0.31912667410714285 0.4059622972380535 0.006277901785714286 0.0131521262604121
185 0.3231724330357143 0.45133713283647525 0.0146484375 0.0070144673388864535
14 0.3192661830357143 0.5299210872424376 0.005998883928571429 0.013371328364752301
178 0.7230050223214286 0.7441911442349847 0.005719866071428571 0.012275317843051293
195 0.7230050223214286 0.8335160017536168 0.012137276785714286 0.019070583077597545
190 0.5076729910714286 0.7823323103901797 0.005859375 0.008329679964927663
190 0.5076032366071429 0.7514248136782113 0.004324776785714286 0.00920648838228847
195 0.4395228794642857 0.7266549758877685 0.012137276785714286 0.019289785181937746