187 0.48074776785714285 0.11247533435650077 0.004464285714285714 0.013593510195132646
187 0.11788504464285714 0.36242052181539136 0.004464285714285714 0.013593510195132646
187 0.6067243303571429 0.6940363955272967 0.008649553571428572 0.00723525542644157
187 0.33677455357142855 0.23744792808594606 0.004464285714285714 0.013593510195132646
187 0.48744419642857145 0.8910326682745012 0.008649553571428572 0.007016005262003947
187 0.2885044642857143 0.27329532997149747 0.008649553571428572 0.00723525542644157
187 0.24874441964285715 0.27493970620477964 0.008649553571428572 0.007016005262003947
185 0.48123604910714285 0.6379083534312651 0.021344866071428572 0.010743258057443543
193 0.5669642857142857 0.6464591098443324 0.017857142857142856 0.028283271212453408
142 0.30126953125 0.7375575531681648 0.008231026785714286 0.013593510195132646
191 0.3680943080357143 0.6511729883797412 0.011300223214285714 0.017978513483885114
189 0.3681640625 0.5789300591975444 0.008649553571428572 0.031352773514580136
192 0.38832310267857145 0.7374479280859461 0.018275669642857144 0.028721771541328656
187 0.208984375 0.6437184827888621 0.008649553571428572 0.007016005262003947
183 0.20493861607142858 0.5944968208726157 0.016462053571428572 0.010743258057443543
186 0.18910435267857142 0.5495505371629029 0.011300223214285714 0.014689761017320764
191 0.23088727678571427 0.6749616312212234 0.013671875 0.021267265950449463
177 0.30496651785714285 0.6747423810567857 0.012555803571428572 0.013374260030695024
196 0.48744419642857145 0.2705547029160272 0.018415178571428572 0.02894102170576628
178 0.47007533482142855 0.2998245998684499 0.0126953125 0.014251260688445516
195 0.38720703125 0.29993422495066874 0.015485491071428572 0.024117518088138567
14 0.5450613839285714 0.3001534751151063 0.013113839285714286 0.013593510195132646
181 0.5863560267857143 0.29993422495066874 0.011160714285714286 0.0131550098662574
194 0.48744419642857145 0.3326024994518746 0.017578125 0.028064021048015787
183 0.4515904017857143 0.3916904187678141 0.016741071428571428 0.00986625739969305
142 0.43575613839285715 0.42501644376233283 0.0087890625 0.01381276035957027
60 0.32833426339285715 0.4061609296206972 0.008510044642857142 0.02170576627932471
25 0.6851283482142857 0.5224731418548564 0.010602678571428572 0.021925016443762334
119 0.7119140625 0.48015786011839506 0.014787946428571428 0.02762552071914054
193 0.6863141741071429 0.39344442008331504 0.017717633928571428 0.027844770883578163
32 0.6672712053571429 0.36121464591098446 0.014787946428571428 0.01644376233282175
187 0.646484375 0.33117737338303005 0.008649553571428572 0.00723525542644157
191 0.6292550223214286 0.48739311554483666 0.012416294642857142 0.0197325147993861
63 0.5943777901785714 0.48739311554483666 0.011300223214285714 0.0131550098662574
188 0.5569196428571429 0.48739311554483666 0.007254464285714286 0.022802017101512827
187 0.50732421875 0.48739311554483666 0.004603794642857143 0.013593510195132646
196 0.6465541294642857 0.26627932470949356 0.017996651785714284 0.028283271212453408
185 0.6403459821428571 0.15522911642183732 0.021205357142857144 0.010085507564130673
178 0.6464146205357143 0.3930059197544398 0.008510044642857142 0.023459767594825695
25 0.6638532366071429 0.6107213330409997 0.013532366071428572 0.017320762990572242
175 0.40771484375 0.3220784915588687 0.008510044642857142 0.020171015128261346
102 0.31382533482142855 0.30026310019732516 0.0107421875 0.01381276035957027
102 0.40799386160714285 0.4539574654680991 0.0087890625 0.020828765621574215
193 0.40785435267857145 0.5206095154571366 0.017717633928571428 0.027844770883578163
182 0.18024553571428573 0.29960534970401226 0.008649553571428572 0.01381276035957027
183 0.14836774553571427 0.30618285463714096 0.006556919642857143 0.026090769568077175
142 0.23597935267857142 0.2998245998684499 0.008231026785714286 0.01381276035957027
32 0.27378627232142855 0.29850909888182414 0.0146484375 0.01644376233282175
189 0.208984375 0.39454067090550315 0.010881696428571428 0.031352773514580136
191 0.208984375 0.4575750931813199 0.013671875 0.021486516114887087
178 0.15701729910714285 0.550098662573997 0.011858258928571428 0.0131550098662574
181 0.5272042410714286 0.590221442666082 0.008370535714285714 0.02324051743038807
189 0.5879603794642857 0.6123657092742819 0.019949776785714284 0.011401008550756413
175 0.6241629464285714 0.6124753343565008 0.011439732142857142 0.013374260030695024
181 0.32833426339285715 0.8396185047138786 0.0087890625 0.018197763648322735
191 0.44761439732142855 0.6984213988160491 0.012974330357142858 0.02039026529269897
186 0.22984095982142858 0.5497697873273405 0.011579241071428572 0.016005262003946502
195 0.72607421875 0.5165533874150405 0.016043526785714284 0.025433019074764307
190 0.677734375 0.5499890374917781 0.010881696428571428 0.014251260688445516
63 0.6321847098214286 0.674632755974567 0.016043526785714284 0.013593510195132646
177 0.42543247767857145 0.8622012716509537 0.0126953125 0.01381276035957027
192 0.40792410714285715 0.7039026529269897 0.017299107142857144 0.027844770883578163
195 0.40792410714285715 0.640868230651173 0.018415178571428572 0.02894102170576628
32 0.3877650669642857 0.8614338960754221 0.012137276785714286 0.016224512168384126
175 0.14753069196428573 0.48750274062705545 0.013253348214285714 0.013374260030695024
102 0.24888392857142858 0.32196886647664985 0.008649553571428572 0.016882262661696998
180 0.16922433035714285 0.7063144047358035 0.008370535714285714 0.022144266608199955
25 0.17027064732142858 0.7659504494628371 0.011300223214285714 0.023898267923700943
182 0.15583147321428573 0.7999342249506687 0.008091517857142858 0.01381276035957027
119 0.23395647321428573 0.7926989695242271 0.015904017857142856 0.027406270554702915
194 0.2694614955357143 0.8000438500328875 0.018275669642857144 0.02850252137689103
119 0.3501674107142857 0.5572242929182197 0.014787946428571428 0.028283271212453408
194 0.38846261160714285 0.48739311554483666 0.0185546875 0.029379522034641527
14 0.2691127232142857 0.612913834685376 0.012555803571428572 0.014251260688445516
195 0.70458984375 0.2998245998684499 0.017717633928571428 0.027844770883578163
192 0.72607421875 0.39421179565884673 0.018275669642857144 0.02850252137689103
191 0.7107282366071429 0.424906818680114 0.013532366071428572 0.02104801578601184
195 0.6654575892857143 0.424906818680114 0.018136160714285716 0.02850252137689103
181 0.32833426339285715 0.5742161806621355 0.008510044642857142 0.017978513483885114
25 0.32931082589285715 0.5220346415259811 0.010463169642857142 0.02324051743038807
183 0.16524832589285715 0.39684279763209823 0.0166015625 0.010085507564130673