187 0.15422712053571427 0.8000438500328875 0.004603794642857143 0.013593510195132646
187 0.27015904017857145 0.7375575531681648 0.004603794642857143 0.013593510195132646
187 0.30029296875 0.8625301468976102 0.004603794642857143 0.013593510195132646
187 0.11432756696428571 0.11247533435650077 0.004603794642857143 0.013593510195132646
187 0.646484375 0.7044507783380838 0.008649553571428572 0.007016005262003947
176 0.12967354910714285 0.2763648322736242 0.008510044642857142 0.019513264634948475
185 0.13567243303571427 0.4101074325805744 0.021344866071428572 0.00986625739969305
32 0.13030133928571427 0.5175400131550099 0.010044642857142858 0.02433676825257619
192 0.10853794642857142 0.5498794124095593 0.019810267857142856 0.031133523350142512
142 0.16901506696428573 0.8176934882701162 0.008510044642857142 0.013374260030695024
142 0.16915457589285715 0.5719140539355404 0.0087890625 0.012935759701819776
195 0.14773995535714285 0.5498794124095593 0.015904017857142856 0.02499451874588906
178 0.1083984375 0.9256741942556457 0.01171875 0.014032010524007894
195 0.15053013392857142 0.9250164437623328 0.018136160714285716 0.02850252137689103
177 0.08956473214285714 0.8276693707520281 0.008370535714285714 0.017978513483885114
184 0.08349609375 0.6992983994737996 0.021344866071428572 0.010743258057443543
192 0.08970424107142858 0.5791493093619821 0.017857142857142856 0.027844770883578163
63 0.08956473214285714 0.5210480157860118 0.008928571428571428 0.024775268581451435
177 0.10965401785714286 0.48717386538039903 0.012276785714285714 0.013593510195132646
102 0.24874441964285715 0.4494628370971278 0.008370535714285714 0.01841701381276036
193 0.24881417410714285 0.39136154352115765 0.017996651785714284 0.028064021048015787
14 0.5398297991071429 0.23755755316816488 0.011300223214285714 0.01381276035957027
25 0.5677315848214286 0.38949791712343784 0.010463169642857142 0.022144266608199955
183 0.6822684151785714 0.588467441350581 0.0166015625 0.010085507564130673
196 0.6646902901785714 0.6124753343565008 0.018275669642857144 0.028721771541328656
63 0.5867047991071429 0.6752905064678798 0.013811383928571428 0.014032010524007894
102 0.48758370535714285 0.2597018197763648 0.008649553571428572 0.023898267923700943
195 0.5092075892857143 0.11247533435650077 0.018415178571428572 0.02894102170576628
192 0.38685825892857145 0.11247533435650077 0.017857142857142856 0.02718702039026529
60 0.3510044642857143 0.11258495943871957 0.014229910714285714 0.01381276035957027
177 0.31033761160714285 0.11236570927428195 0.011579241071428572 0.014251260688445516
187 0.208984375 0.26869107651830737 0.008649553571428572 0.00723525542644157
180 0.20891462053571427 0.5143608857706643 0.008510044642857142 0.02324051743038807
195 0.4668666294642857 0.1749616312212234 0.018275669642857144 0.02850252137689103
194 0.6247209821428571 0.29993422495066874 0.017857142857142856 0.028064021048015787
60 0.5841238839285714 0.3001534751151063 0.013671875 0.013593510195132646
195 0.5069056919642857 0.2998245998684499 0.017717633928571428 0.027844770883578163
191 0.23081752232142858 0.36242052181539136 0.011858258928571428 0.01841701381276036
189 0.16922433035714285 0.2659504494628371 0.008091517857142858 0.031572023679017756
175 0.3486328125 0.3627493970620478 0.014787946428571428 0.01381276035957027
181 0.48758370535714285 0.6483227362420522 0.008649553571428572 0.02367901775926332
191 0.5016741071428571 0.5498794124095593 0.011997767857142858 0.018855514141635606
194 0.48744419642857145 0.5184170138127604 0.017299107142857144 0.027844770883578163
142 0.48744419642857145 0.4549440912080684 0.008649553571428572 0.0131550098662574
63 0.22530691964285715 0.7374479280859461 0.010044642857142858 0.013374260030695024
195 0.2294921875 0.6123657092742819 0.018415178571428572 0.02894102170576628
175 0.26806640625 0.6124753343565008 0.011858258928571428 0.013374260030695024
184 0.30796595982142855 0.6026090769568078 0.006556919642857143 0.03310677483008112
187 0.6067243303571429 0.33117737338303005 0.008649553571428572 0.00723525542644157
102 0.5885184151785714 0.23755755316816488 0.014369419642857142 0.01381276035957027
191 0.6067243303571429 0.39245779434334577 0.012555803571428572 0.0197325147993861
189 0.22858537946428573 0.23744792808594606 0.019949776785714284 0.012278009208506906
182 0.22356305803571427 0.11247533435650077 0.008510044642857142 0.013593510195132646
180 0.24860491071428573 0.8297522473141855 0.008649553571428572 0.019513264634948475
63 0.15206473214285715 0.8624205218153914 0.014229910714285714 0.013374260030695024
14 0.10344587053571429 0.8623108967331725 0.011021205357142858 0.013593510195132646
187 0.24874441964285715 0.6437184827888621 0.008649553571428572 0.007016005262003947
175 0.24881417410714285 0.5877000657750493 0.0087890625 0.022144266608199955
194 0.22858537946428573 0.5499890374917781 0.0185546875 0.029160271870203903
176 0.56689453125 0.45077833808375356 0.0087890625 0.019294014470510854
177 0.5669642857142857 0.5840824380618286 0.008370535714285714 0.016663012497259374
142 0.6188616071428571 0.6748520061390046 0.008091517857142858 0.013593510195132646
186 0.5867745535714286 0.36242052181539136 0.011439732142857142 0.01447051085288314
195 0.6067940848214286 0.20357377768033327 0.019112723214285716 0.030037272527954396
194 0.646484375 0.5833150624862968 0.017020089285714284 0.027844770883578163
175 0.646484375 0.6395527296645472 0.008928571428571428 0.02367901775926332
182 0.6064453125 0.5901118175838632 0.008649553571428572 0.013374260030695024
183 0.55078125 0.6185047138785355 0.006417410714285714 0.0263100197325148
190 0.5272042410714286 0.5736680552510415 0.007254464285714286 0.00986625739969305
180 0.30336216517857145 0.2998245998684499 0.012137276785714286 0.01381276035957027
186 0.32798549107142855 0.20050427537820653 0.009486607142857142 0.016882262661696998
14 0.4077845982142857 0.6957903968427976 0.008370535714285714 0.023898267923700943
188 0.40785435267857145 0.7752685814514361 0.016322544642857144 0.013593510195132646
195 0.32833426339285715 0.7049989037491778 0.015485491071428572 0.02433676825257619
195 0.4286411830357143 0.6749616312212234 0.017717633928571428 0.027406270554702915
194 0.32833426339285715 0.8956369217276913 0.018275669642857144 0.02850252137689103
192 0.30838448660714285 0.9250164437623328 0.017717633928571428 0.02718702039026529
194 0.26681082589285715 0.9250164437623328 0.017717633928571428 0.026748520061390047
187 0.22893415178571427 0.9250164437623328 0.004464285714285714 0.013593510195132646
184 0.7322823660714286 0.1965577724183293 0.021205357142857144 0.010304757728568297
183 0.7301897321428571 0.3453190089892567 0.016183035714285716 0.010085507564130673
177 0.70654296875 0.4251260688445516 0.012416294642857142 0.013593510195132646
179 0.24720982142857142 0.26485419864064896 0.011997767857142858 0.026748520061390047
188 0.16929408482142858 0.19677702258276694 0.014090401785714286 0.010743258057443543
196 0.6258370535714286 0.36242052181539136 0.018136160714285716 0.02850252137689103
196 0.6067940848214286 0.5174303880727911 0.017996651785714284 0.028064021048015787
183 0.4437779017857143 0.3275597456698093 0.016741071428571428 0.010085507564130673
184 0.4413364955357143 0.26551194913396187 0.021065848214285716 0.010085507564130673
102 0.44775390625 0.21365928524446393 0.008510044642857142 0.016882262661696998
192 0.4476841517857143 0.3966235474676606 0.018415178571428572 0.02894102170576628
142 0.46651785714285715 0.48706424029818024 0.008370535714285714 0.014251260688445516
180 0.40792410714285715 0.5287217715413287 0.008370535714285714 0.02170576627932471
192 0.4296177455357143 0.42501644376233283 0.017717633928571428 0.027844770883578163
196 0.14990234375 0.29993422495066874 0.017717633928571428 0.02718702039026529
63 0.12932477678571427 0.7135496601622451 0.008649553571428572 0.02302126726595045