187 0.16922433035714285 0.3819337864503398 0.008649553571428572 0.007016005262003947
187 0.3681640625 0.4633852225389169 0.008649553571428572 0.00723525542644157
187 0.4657505580357143 0.11247533435650077 0.004603794642857143 0.013593510195132646
187 0.2822265625 0.29993422495066874 0.004464285714285714 0.013593510195132646
187 0.6067243303571429 0.523898267923701 0.008649553571428572 0.00723525542644157
187 0.6167689732142857 0.36242052181539136 0.004464285714285714 0.013593510195132646
191 0.6705496651785714 0.924906818680114 0.010463169642857142 0.01644376233282175
14 0.6862444196428571 0.8300811225608419 0.008370535714285714 0.017978513483885114
14 0.6653878348214286 0.7376671782503836 0.014369419642857142 0.013374260030695024
177 0.6267438616071429 0.7374479280859461 0.014369419642857142 0.013374260030695024
191 0.5517578125 0.7375575531681648 0.013392857142857142 0.02104801578601184
187 0.6664341517857143 0.6749616312212234 0.004464285714285714 0.013374260030695024
119 0.5116489955357143 0.682196886647665 0.016880580357142856 0.027844770883578163
176 0.47195870535714285 0.6748520061390046 0.011439732142857142 0.013593510195132646
188 0.16922433035714285 0.27219907914930935 0.011439732142857142 0.012935759701819776
184 0.14362444196428573 0.24720456040342031 0.0068359375 0.03310677483008112
63 0.1845703125 0.36285902214426663 0.010881696428571428 0.013593510195132646
187 0.22893415178571427 0.36242052181539136 0.004464285714285714 0.013593510195132646
60 0.2646484375 0.36231089673317257 0.013671875 0.013374260030695024
195 0.22809709821428573 0.11236570927428195 0.015345982142857142 0.023898267923700943
142 0.28857421875 0.2218811664108748 0.0087890625 0.0131550098662574
192 0.3101283482142857 0.23744792808594606 0.018415178571428572 0.02894102170576628
193 0.32840401785714285 0.33402762552071913 0.018415178571428572 0.028721771541328656
102 0.38692801339285715 0.4246875685156764 0.011858258928571428 0.0131550098662574
195 0.40785435267857145 0.39212891909668934 0.016880580357142856 0.026529269896952423
177 0.3495396205357143 0.36209164656873494 0.012974330357142858 0.01381276035957027
186 0.4267578125 0.4876123657092743 0.011997767857142858 0.01447051085288314
142 0.5461077008928571 0.4872834904626179 0.008231026785714286 0.01381276035957027
180 0.5816127232142857 0.48717386538039903 0.014229910714285714 0.013593510195132646
119 0.4828404017857143 0.7693488270116202 0.017578125 0.02499451874588906
196 0.4266880580357143 0.7999342249506687 0.017717633928571428 0.026529269896952423
32 0.3876953125 0.799166849375137 0.011997767857142858 0.015347511510633634
175 0.35226004464285715 0.7998245998684499 0.012276785714285714 0.014032010524007894
63 0.31263950892857145 0.8627493970620478 0.013950892857142858 0.013593510195132646
142 0.3681640625 0.38215303661477745 0.008649553571428572 0.0131550098662574
178 0.43296595982142855 0.8629686472264855 0.014369419642857142 0.013593510195132646
32 0.3931361607142857 0.8611050208287656 0.015625 0.01644376233282175
179 0.5400390625 0.8598991449243587 0.017578125 0.018855514141635606
194 0.587890625 0.8625301468976102 0.018136160714285716 0.02850252137689103
195 0.6067243303571429 0.8962946722210041 0.018136160714285716 0.02850252137689103
177 0.2885044642857143 0.3949791712343784 0.008649553571428572 0.01907476430607323
194 0.32833426339285715 0.5184170138127604 0.017438616071428572 0.027844770883578163
187 0.4278041294642857 0.424906818680114 0.004603794642857143 0.013593510195132646
181 0.4478236607142857 0.45932909449682086 0.008649553571428572 0.022802017101512827
25 0.38692801339285715 0.5514141635606227 0.015485491071428572 0.016663012497259374
32 0.34493582589285715 0.5485639114229336 0.013532366071428572 0.015786011839508878
192 0.4476841517857143 0.32964262223196666 0.017020089285714284 0.027844770883578163
184 0.44161551339285715 0.27570708178031134 0.021623883928571428 0.010304757728568297
186 0.46902901785714285 0.1747423810567858 0.01171875 0.015347511510633634
179 0.5652204241071429 0.1447051085288314 0.011858258928571428 0.021925016443762334
178 0.5490373883928571 0.11247533435650077 0.013253348214285714 0.0131550098662574
102 0.5669642857142857 0.20368340276255206 0.008649553571428572 0.021925016443762334
190 0.5669642857142857 0.27022582766937076 0.010881696428571428 0.010743258057443543
25 0.5544084821428571 0.36428414821311117 0.015066964285714286 0.01644376233282175
63 0.5027204241071429 0.362639771979829 0.011579241071428572 0.013593510195132646
178 0.5140904017857143 0.4247971935978952 0.011997767857142858 0.013374260030695024
196 0.5670340401785714 0.8920192940144706 0.017717633928571428 0.027844770883578163
14 0.5048828125 0.9250164437623328 0.012834821428571428 0.0131550098662574
178 0.46407645089285715 0.924906818680114 0.015206473214285714 0.014251260688445516
177 0.38462611607142855 0.9250164437623328 0.015345982142857142 0.0131550098662574
14 0.48758370535714285 0.14613023459767596 0.008649553571428572 0.023898267923700943
191 0.5921456473214286 0.17485200613900462 0.012974330357142858 0.02039026529269897
196 0.48744419642857145 0.20795878096908574 0.018973214285714284 0.029598772199079148
195 0.4873744419642857 0.26869107651830737 0.0166015625 0.026090769568077175
180 0.6463448660714286 0.3891690418767814 0.008649553571428572 0.018855514141635606
181 0.646484375 0.3260249945187459 0.008649553571428572 0.019294014470510854
176 0.646484375 0.25981144485858365 0.008649553571428572 0.019294014470510854
142 0.6067940848214286 0.18877439158079368 0.0087890625 0.014032010524007894
183 0.5750558035714286 0.11894321420741065 0.006417410714285714 0.02565226923920193
195 0.5850306919642857 0.424906818680114 0.018275669642857144 0.02850252137689103
180 0.11607142857142858 0.6122560841920631 0.014508928571428572 0.013374260030695024
181 0.12939453125 0.5297083972812979 0.008510044642857142 0.02367901775926332
176 0.15108816964285715 0.4872834904626179 0.011997767857142858 0.01381276035957027
194 0.22998046875 0.48739311554483666 0.017717633928571428 0.026748520061390047
25 0.20765904017857142 0.4482569611927209 0.011021205357142858 0.022144266608199955
176 0.22251674107142858 0.4247971935978952 0.011997767857142858 0.013374260030695024
193 0.30684988839285715 0.11236570927428195 0.017717633928571428 0.027844770883578163
181 0.72607421875 0.6534751151063364 0.008510044642857142 0.020828765621574215
182 0.7260044642857143 0.5807936855952642 0.008649553571428572 0.014032010524007894
25 0.72509765625 0.515128261346196 0.009905133928571428 0.023459767594825695
119 0.7215401785714286 0.39059416794562596 0.017857142857142856 0.02170576627932471
193 0.7050083705357143 0.36242052181539136 0.017717633928571428 0.028064021048015787
191 0.48744419642857145 0.6989695242271432 0.010881696428571428 0.01710151282613462
63 0.20919363839285715 0.14919973689980268 0.0087890625 0.016882262661696998
189 0.208984375 0.20741065555799168 0.007254464285714286 0.031572023679017756
186 0.20891462053571427 0.2646349484762114 0.009347098214285714 0.017978513483885114
179 0.40611049107142855 0.8285463714097786 0.011997767857142858 0.02587151940363955
177 0.5274832589285714 0.8334795001096251 0.008649553571428572 0.021267265950449463
25 0.6851283482142857 0.15259811444858584 0.010602678571428572 0.0197325147993861
187 0.6664341517857143 0.11247533435650077 0.004464285714285714 0.013593510195132646
142 0.6351841517857143 0.11247533435650077 0.0078125 0.013593510195132646
175 0.08963448660714286 0.4661258495943872 0.008510044642857142 0.02324051743038807
179 0.08796037946428571 0.38489366367024774 0.011858258928571428 0.026090769568077175
192 0.10986328125 0.36242052181539136 0.017717633928571428 0.02762552071914054
119 0.10309709821428571 0.2303222977417233 0.015345982142857142 0.027406270554702915
186 0.3099888392857143 0.8001534751151064 0.011160714285714286 0.016882262661696998
60 0.18422154017857142 0.9253453190089893 0.013253348214285714 0.01381276035957027
185 0.24246651785714285 0.8978294233720675 0.020926339285714284 0.01052400789300592
195 0.24874441964285715 0.8285463714097786 0.015904017857142856 0.02499451874588906
190 0.181640625 0.8624205218153914 0.0078125 0.012935759701819776
177 0.22970145089285715 0.8625301468976102 0.013811383928571428 0.014032010524007894
178 0.08970424107142858 0.8258057443543083 0.008370535714285714 0.019951764963823723
182 0.6862444196428571 0.5716948037711028 0.008649553571428572 0.013374260030695024
188 0.48744419642857145 0.44705108528831394 0.012834821428571428 0.011401008550756413
32 0.48828125 0.8312869984652489 0.009765625 0.020828765621574215