187 0.24030412946428573 0.1749616312212234 0.004603794642857143 0.013593510195132646
187 0.3978794642857143 0.11247533435650077 0.004464285714285714 0.013593510195132646
187 0.5890066964285714 0.36242052181539136 0.004464285714285714 0.013593510195132646
187 0.15631975446428573 0.8000438500328875 0.004603794642857143 0.013593510195132646
187 0.32833426339285715 0.46546809910107434 0.008510044642857142 0.007016005262003947
187 0.3814174107142857 0.5498794124095593 0.004464285714285714 0.013593510195132646
191 0.380859375 0.1749616312212234 0.012276785714285714 0.019294014470510854
176 0.31117466517857145 0.17507125630344222 0.013253348214285714 0.013374260030695024
63 0.46470424107142855 0.11192720894540671 0.011439732142857142 0.014251260688445516
196 0.5076032366071429 0.11236570927428195 0.017717633928571428 0.027406270554702915
196 0.3680943080357143 0.3967331725498794 0.017438616071428572 0.027844770883578163
60 0.6065150669642857 0.15073448805086603 0.008510044642857142 0.01644376233282175
191 0.5396902901785714 0.1749616312212234 0.012416294642857142 0.0197325147993861
191 0.5145786830357143 0.1749616312212234 0.013532366071428572 0.021486516114887087
182 0.72607421875 0.5825476869107652 0.0087890625 0.013593510195132646
190 0.7214704241071429 0.5498794124095593 0.009068080357142858 0.015786011839508878
193 0.6655970982142857 0.36242052181539136 0.018136160714285716 0.02850252137689103
182 0.2885044642857143 0.9094496820872615 0.008649553571428572 0.012278009208506906
183 0.3150111607142857 0.8562815172111379 0.006696428571428571 0.026090769568077175
32 0.28920200892857145 0.8393992545494409 0.009765625 0.01775926331944749
190 0.28857421875 0.6273843455382592 0.0068359375 0.014251260688445516
178 0.26834542410714285 0.5497697873273405 0.014090401785714286 0.013374260030695024
102 0.5669642857142857 0.20642402981802235 0.008370535714285714 0.021267265950449463
192 0.5669642857142857 0.14053935540451656 0.019810267857142856 0.031133523350142512
32 0.5482700892857143 0.29916684937513705 0.012276785714285714 0.015566761675071256
196 0.5272042410714286 0.3317254987941241 0.018136160714285716 0.02850252137689103
60 0.46616908482142855 0.36253014689761015 0.010463169642857142 0.013374260030695024
177 0.3486328125 0.3627493970620478 0.010602678571428572 0.01381276035957027
182 0.7095424107142857 0.6124753343565008 0.008928571428571428 0.01381276035957027
195 0.6862444196428571 0.5781626836220127 0.015904017857142856 0.02499451874588906
180 0.6067243303571429 0.44694146020609515 0.008649553571428572 0.023459767594825695
194 0.40785435267857145 0.5839728129796098 0.016880580357142856 0.027844770883578163
187 0.40792410714285715 0.6437184827888621 0.008649553571428572 0.007016005262003947
189 0.5080217633928571 0.7374479280859461 0.019949776785714284 0.012058759044069283
119 0.19210379464285715 0.8695461521596142 0.017299107142857144 0.02762552071914054
32 0.30189732142857145 0.9238105678579259 0.013671875 0.016005262003946502
177 0.19126674107142858 0.7374479280859461 0.015066964285714286 0.01381276035957027
179 0.15094866071428573 0.7400789300591976 0.016183035714285716 0.018636263977197982
175 0.12953404017857142 0.520938390703793 0.008510044642857142 0.021925016443762334
192 0.16929408482142858 0.7082876562157422 0.017996651785714284 0.028283271212453408
177 0.16936383928571427 0.7716509537382154 0.008370535714285714 0.023898267923700943
194 0.12946428571428573 0.39256741942556456 0.017299107142857144 0.027844770883578163
14 0.12932477678571427 0.27011620258715197 0.008649553571428572 0.017978513483885114
183 0.14076450892857142 0.1062267046700285 0.006417410714285714 0.026090769568077175
181 0.44754464285714285 0.27296645472484105 0.008370535714285714 0.02455601841701381
183 0.44363839285714285 0.20784915588686692 0.016462053571428572 0.01052400789300592
191 0.4476841517857143 0.3877439158079369 0.012555803571428572 0.019513264634948475
196 0.3876255580357143 0.424906818680114 0.017996651785714284 0.028064021048015787
188 0.35756138392857145 0.424906818680114 0.0078125 0.01710151282613462
32 0.32889229910714285 0.38522253891690417 0.009905133928571428 0.025433019074764307
187 0.32833426339285715 0.26869107651830737 0.008510044642857142 0.00723525542644157
184 0.27748325892857145 0.3720675290506468 0.006417410714285714 0.033764525323393996
177 0.19224330357142858 0.36209164656873494 0.01171875 0.013374260030695024
180 0.24895368303571427 0.8226266169699628 0.0087890625 0.01841701381276036
32 0.2647181919642857 0.7988379741284806 0.0126953125 0.016005262003946502
191 0.6465541294642857 0.5870423152817364 0.0126953125 0.019951764963823723
195 0.6247907366071429 0.5499890374917781 0.015485491071428572 0.02433676825257619
181 0.5442243303571429 0.5498794124095593 0.01171875 0.013593510195132646
181 0.12946428571428573 0.7065336549002412 0.008370535714285714 0.01907476430607323
187 0.12946428571428573 0.5812321859241394 0.008649553571428572 0.007016005262003947
186 0.22537667410714285 0.6749616312212234 0.011021205357142858 0.016005262003946502
176 0.6626674107142857 0.11225608419206315 0.012834821428571428 0.014032010524007894
142 0.6865234375 0.21859241394431045 0.009207589285714286 0.012716509537382154
192 0.6863141741071429 0.2716509537382153 0.018275669642857144 0.02850252137689103
181 0.6861746651785714 0.40144705108528833 0.008510044642857142 0.017540013155009866
175 0.16922433035714285 0.5288313966235475 0.008370535714285714 0.018855514141635606
60 0.18366350446428573 0.4251260688445516 0.012416294642857142 0.013593510195132646
181 0.4647739955357143 0.8625301468976102 0.0107421875 0.01447051085288314
63 0.3876953125 0.8624205218153914 0.011997767857142858 0.01381276035957027
32 0.22921316964285715 0.11137908353431265 0.012276785714285714 0.015347511510633634
25 0.24972098214285715 0.2647445735584302 0.010323660714285714 0.022582766937075203
60 0.5274832589285714 0.6453628590221443 0.008649553571428572 0.02302126726595045
180 0.5272042410714286 0.5897829423372067 0.008370535714285714 0.017978513483885114
180 0.6067940848214286 0.2673755755316817 0.008510044642857142 0.02170576627932471
194 0.6067940848214286 0.5822188116641087 0.018833705357142856 0.029598772199079148
32 0.68701171875 0.45088796316597235 0.010184151785714286 0.020828765621574215
184 0.7130998883928571 0.4776364832273624 0.006277901785714286 0.03310677483008112
176 0.4476841517857143 0.5781626836220127 0.008370535714285714 0.024117518088138567
180 0.4473353794642857 0.7146459109844332 0.008510044642857142 0.021267265950449463
142 0.44754464285714285 0.7547686910765183 0.008649553571428572 0.013374260030695024
60 0.4476841517857143 0.8374260030695023 0.008370535714285714 0.02433676825257619
60 0.11265345982142858 0.6748520061390046 0.0146484375 0.013593510195132646
183 0.15478515625 0.6687130015347511 0.006556919642857143 0.02587151940363955
192 0.11014229910714286 0.9250164437623328 0.0185546875 0.029379522034641527
102 0.4077845982142857 0.8400570050427538 0.008649553571428572 0.018197763648322735
60 0.35142299107142855 0.800372725279544 0.013671875 0.013374260030695024
196 0.30831473214285715 0.8000438500328875 0.018415178571428572 0.02894102170576628
102 0.43178013392857145 0.6748520061390046 0.013950892857142858 0.013593510195132646
60 0.48744419642857145 0.6512826134619601 0.008370535714285714 0.022144266608199955
183 0.38058035714285715 0.7434773076079807 0.006417410714285714 0.026748520061390047
196 0.30698939732142855 0.7374479280859461 0.017996651785714284 0.028283271212453408
187 0.22893415178571427 0.7375575531681648 0.004464285714285714 0.013593510195132646