187 0.5669642857142857 0.8354527515895637 0.008649553571428572 0.00723525542644157
187 0.646484375 0.5875904406928305 0.008649553571428572 0.007016005262003947
187 0.24874441964285715 0.8499232624424469 0.008649553571428572 0.00723525542644157
187 0.14369419642857142 0.1749616312212234 0.004464285714285714 0.013593510195132646
187 0.4476841517857143 0.5051523788642841 0.008649553571428572 0.007016005262003947
187 0.5615234375 0.9250164437623328 0.004464285714285714 0.013593510195132646
176 0.12946428571428573 0.2622231966673975 0.008370535714285714 0.020171015128261346
177 0.08984375 0.20368340276255206 0.008928571428571428 0.01841701381276036
190 0.09723772321428571 0.11236570927428195 0.009486607142857142 0.010743258057443543
187 0.12946428571428573 0.45614996711247535 0.008649553571428572 0.00723525542644157
119 0.17389787946428573 0.5143608857706643 0.017438616071428572 0.02587151940363955
192 0.19022042410714285 0.5499890374917781 0.017717633928571428 0.026529269896952423
195 0.32833426339285715 0.3908134181100636 0.016880580357142856 0.027844770883578163
185 0.3091517857142857 0.3720675290506468 0.006696428571428571 0.033764525323393996
194 0.26743861607142855 0.5498794124095593 0.018136160714285716 0.02850252137689103
142 0.23025948660714285 0.5495505371629029 0.008510044642857142 0.01381276035957027
196 0.22788783482142858 0.36242052181539136 0.017996651785714284 0.028064021048015787
176 0.5670340401785714 0.776474457355843 0.008510044642857142 0.022144266608199955
14 0.5668247767857143 0.7149747862310897 0.008370535714285714 0.02499451874588906
195 0.5669642857142857 0.5799166849375137 0.015625 0.02455601841701381
183 0.5631277901785714 0.4672221004165753 0.016880580357142856 0.010085507564130673
177 0.4652622767857143 0.424906818680114 0.014229910714285714 0.0131550098662574
194 0.48744419642857145 0.6411971058978294 0.017857142857142856 0.028283271212453408
191 0.4320591517857143 0.6123657092742819 0.010881696428571428 0.01710151282613462
196 0.38623046875 0.6123657092742819 0.017717633928571428 0.02718702039026529
196 0.3065708705357143 0.6124753343565008 0.017717633928571428 0.027844770883578163
119 0.3726283482142857 0.32580574435430826 0.017857142857142856 0.025433019074764307
195 0.26736886160714285 0.29993422495066874 0.018833705357142856 0.029818022363516772
195 0.22816685267857142 0.2998245998684499 0.017717633928571428 0.027844770883578163
186 0.36788504464285715 0.2739530804648104 0.010323660714285714 0.016882262661696998
190 0.3680943080357143 0.19162464371848278 0.009905133928571428 0.011401008550756413
192 0.42836216517857145 0.11236570927428195 0.017717633928571428 0.026529269896952423
188 0.15555245535714285 0.11236570927428195 0.007254464285714286 0.02565226923920193
192 0.16922433035714285 0.20795878096908574 0.017299107142857144 0.027844770883578163
183 0.17313058035714285 0.26792370094277573 0.016741071428571428 0.010085507564130673
60 0.18617466517857142 0.17485200613900462 0.0126953125 0.01381276035957027
187 0.26869419642857145 0.1749616312212234 0.004464285714285714 0.013593510195132646
175 0.3281947544642857 0.15402324051743038 0.0087890625 0.02302126726595045
182 0.6467633928571429 0.44299495724621796 0.008649553571428572 0.01381276035957027
175 0.3125697544642857 0.424906818680114 0.011021205357142858 0.0131550098662574
119 0.12493024553571429 0.6470072352554265 0.017438616071428572 0.02455601841701381
182 0.4966517857142857 0.11236570927428195 0.008091517857142858 0.01381276035957027
183 0.6268833705357143 0.10633632975224731 0.0068359375 0.0263100197325148
193 0.2676478794642857 0.6749616312212234 0.017717633928571428 0.027844770883578163
196 0.28857421875 0.5781626836220127 0.0185546875 0.029379522034641527
195 0.28857421875 0.5173207629905723 0.017159598214285716 0.027844770883578163
142 0.2885044642857143 0.4667836000877001 0.008649553571428572 0.013593510195132646
179 0.29024832589285715 0.7114667836000877 0.011858258928571428 0.02104801578601184
181 0.22551618303571427 0.7999342249506687 0.012416294642857142 0.01381276035957027
196 0.14913504464285715 0.29993422495066874 0.017857142857142856 0.028064021048015787
192 0.14878627232142858 0.23733830300372724 0.018833705357142856 0.029598772199079148
185 0.20298549107142858 0.722977417233063 0.021484375 0.010304757728568297
63 0.208984375 0.6386757290067967 0.008370535714285714 0.02455601841701381
189 0.23025948660714285 0.6124753343565008 0.019949776785714284 0.01644376233282175
142 0.24874441964285715 0.2788862091646569 0.008649553571428572 0.014032010524007894
196 0.24881417410714285 0.203135277351458 0.017717633928571428 0.027844770883578163
192 0.24881417410714285 0.14163560622670468 0.018275669642857144 0.02850252137689103
63 0.14285714285714285 0.6122560841920631 0.01171875 0.013374260030695024
191 0.16922433035714285 0.4640429730322298 0.013113839285714286 0.020828765621574215
190 0.27573939732142855 0.7374479280859461 0.006277901785714286 0.014251260688445516
32 0.32882254464285715 0.6534751151063364 0.009765625 0.023459767594825695
179 0.3265904017857143 0.589673317254988 0.011997767857142858 0.023459767594825695
188 0.24881417410714285 0.5128261346196009 0.016322544642857144 0.012278009208506906
63 0.24895368303571427 0.447599210699408 0.008510044642857142 0.01775926331944749
102 0.24881417410714285 0.40374917781188335 0.0087890625 0.023459767594825695
25 0.15708705357142858 0.5511949133961851 0.011997767857142858 0.01710151282613462
175 0.46554129464285715 0.11258495943871957 0.014787946428571428 0.013374260030695024
195 0.58740234375 0.17485200613900462 0.017717633928571428 0.027406270554702915
60 0.62158203125 0.17507125630344222 0.014090401785714286 0.013374260030695024
14 0.5421316964285714 0.1747423810567858 0.011160714285714286 0.013593510195132646
190 0.5272042410714286 0.2085069063801798 0.009486607142857142 0.012716509537382154
179 0.51123046875 0.30267485200613903 0.0126953125 0.018636263977197982
189 0.6067940848214286 0.2707739530804648 0.010463169642857142 0.031572023679017756
142 0.62646484375 0.36242052181539136 0.008510044642857142 0.013593510195132646
177 0.7043108258928571 0.3619820214865161 0.013811383928571428 0.013593510195132646
32 0.6868024553571429 0.4614119710589783 0.009765625 0.02039026529269897
187 0.6862444196428571 0.518636263977198 0.008649553571428572 0.00723525542644157
183 0.6623186383928571 0.43115544836658626 0.006277901785714286 0.026090769568077175
60 0.34681919642857145 0.23755755316816488 0.011439732142857142 0.013374260030695024
183 0.31752232142857145 0.24369655777241833 0.006417410714285714 0.026090769568077175
32 0.40855189732142855 0.2725279543959658 0.009626116071428572 0.02324051743038807
185 0.7197963169642857 0.19414602060951547 0.021065848214285716 0.010304757728568297
196 0.72607421875 0.14218373163779874 0.017717633928571428 0.027844770883578163
185 0.70361328125 0.18460863845647885 0.0068359375 0.03332602499451875
195 0.208984375 0.33238324928743695 0.018415178571428572 0.02894102170576628
182 0.6067940848214286 0.13944310458232845 0.0087890625 0.013593510195132646
181 0.48709542410714285 0.14042973032229775 0.008510044642857142 0.02433676825257619
119 0.6512276785714286 0.1352773514580136 0.017857142857142856 0.02762552071914054
102 0.6467633928571429 0.27603595702696776 0.008370535714285714 0.02324051743038807
14 0.6465541294642857 0.33687787765840826 0.0087890625 0.022144266608199955
188 0.4716796875 0.5499890374917781 0.007254464285714286 0.020828765621574215
183 0.4234095982142857 0.5560184170138127 0.006417410714285714 0.0263100197325148
186 0.35030691964285715 0.5491120368340277 0.010881696428571428 0.014689761017320764
189 0.5272042410714286 0.5810129357597018 0.011439732142857142 0.031572023679017756
188 0.5272042410714286 0.6445954834466125 0.010881696428571428 0.010085507564130673
186 0.52734375 0.45702696777022583 0.010044642857142858 0.018636263977197982
192 0.5272042410714286 0.39136154352115765 0.017857142857142856 0.028064021048015787
193 0.46602957589285715 0.36242052181539136 0.017717633928571428 0.02762552071914054
180 0.42982700892857145 0.36242052181539136 0.015345982142857142 0.0131550098662574
185 0.09598214285714286 0.5668713001534751 0.021205357142857144 0.00986625739969305
193 0.08970424107142858 0.4532997149747862 0.017857142857142856 0.027844770883578163
192 0.10972377232142858 0.424906818680114 0.017996651785714284 0.028064021048015787
196 0.15046037946428573 0.424906818680114 0.017717633928571428 0.02762552071914054
119 0.29296875 0.19951764963823723 0.018136160714285716 0.022802017101512827
184 0.2611607142857143 0.24698531023898268 0.006417410714285714 0.03354527515895637
196 0.18868582589285715 0.23733830300372724 0.017996651785714284 0.028283271212453408