187 0.5272042410714286 0.15917561938171454 0.008649553571428572 0.007016005262003947
187 0.6680385044642857 0.23744792808594606 0.004603794642857143 0.013593510195132646
187 0.08970424107142858 0.292808594606446 0.008649553571428572 0.00723525542644157
187 0.32833426339285715 0.5840824380618286 0.008510044642857142 0.007016005262003947
187 0.32833426339285715 0.9082438061828546 0.008510044642857142 0.00723525542644157
187 0.5740094866071429 0.9250164437623328 0.004603794642857143 0.013593510195132646
187 0.09563337053571429 0.1749616312212234 0.004603794642857143 0.013593510195132646
187 0.3827427455357143 0.6749616312212234 0.004603794642857143 0.013374260030695024
187 0.18275669642857142 0.29993422495066874 0.004464285714285714 0.013593510195132646
187 0.26974051339285715 0.23744792808594606 0.004603794642857143 0.013593510195132646
187 0.7260044642857143 0.2797632098224074 0.008649553571428572 0.007016005262003947
142 0.16950334821428573 0.633304099978075 0.008649553571428572 0.012935759701819776
184 0.18610491071428573 0.6028283271212453 0.006417410714285714 0.03354527515895637
177 0.10721261160714286 0.6125849594387196 0.014369419642857142 0.014032010524007894
182 0.24895368303571427 0.5882481911861434 0.009068080357142858 0.013593510195132646
178 0.27001953125 0.5499890374917781 0.015764508928571428 0.01381276035957027
187 0.30845424107142855 0.5498794124095593 0.004464285714285714 0.013593510195132646
119 0.40352957589285715 0.5790396842797632 0.018275669642857144 0.024117518088138567
184 0.38699776785714285 0.5597456698092523 0.006417410714285714 0.03332602499451875
179 0.39327566964285715 0.4276474457355843 0.015904017857142856 0.018636263977197982
187 0.5272042410714286 0.20620477965358475 0.008649553571428572 0.00723525542644157
188 0.5144391741071429 0.2998245998684499 0.0068359375 0.022144266608199955
189 0.5476422991071429 0.23744792808594606 0.019949776785714284 0.01710151282613462
63 0.5057896205357143 0.17463275597456698 0.014090401785714286 0.013374260030695024
182 0.4281529017857143 0.17507125630344222 0.008928571428571428 0.01381276035957027
176 0.30594308035714285 0.1749616312212234 0.011439732142857142 0.0131550098662574
32 0.2636021205357143 0.17353650515237887 0.014927455357142858 0.01644376233282175
60 0.18338448660714285 0.17485200613900462 0.012974330357142858 0.014251260688445516
190 0.16922433035714285 0.458671344003508 0.0078125 0.014909011181758386
184 0.15904017857142858 0.5597456698092523 0.006417410714285714 0.03332602499451875
63 0.19077845982142858 0.424906818680114 0.015206473214285714 0.0131550098662574
184 0.27720424107142855 0.4151501863626398 0.006696428571428571 0.03310677483008112
191 0.08970424107142858 0.7663889497917123 0.011160714285714286 0.017320762990572242
25 0.08858816964285714 0.39706204779653587 0.010602678571428572 0.021486516114887087
179 0.48583984375 0.8228458671344003 0.012137276785714286 0.02236351677263758
184 0.5544084821428571 0.7901775926331944 0.006417410714285714 0.03332602499451875
177 0.5668247767857143 0.70664327998246 0.008370535714285714 0.019294014470510854
14 0.6236049107142857 0.6747423810567857 0.015625 0.01381276035957027
193 0.10993303571428571 0.7374479280859461 0.017857142857142856 0.027844770883578163
142 0.12953404017857142 0.5254330190747643 0.0087890625 0.013374260030695024
178 0.12953404017857142 0.4549440912080684 0.008510044642857142 0.01841701381276036
63 0.15506417410714285 0.4251260688445516 0.011858258928571428 0.0131550098662574
194 0.10958426339285714 0.424906818680114 0.0185546875 0.029379522034641527
102 0.16936383928571427 0.7067529050646788 0.008370535714285714 0.01907476430607323
195 0.16929408482142858 0.8944310458232844 0.015485491071428572 0.02433676825257619
184 0.11593191964285714 0.9347730760798071 0.006417410714285714 0.03310677483008112
180 0.32833426339285715 0.5211576408682307 0.008510044642857142 0.017978513483885114
63 0.5669642857142857 0.8360008770006577 0.008928571428571428 0.02367901775926332
102 0.6706891741071429 0.8005919754439815 0.010184151785714286 0.014251260688445516
179 0.6847098214285714 0.7688007016005262 0.012276785714285714 0.026090769568077175
102 0.7073800223214286 0.6749616312212234 0.011300223214285714 0.013374260030695024
180 0.18966238839285715 0.5497697873273405 0.014090401785714286 0.013374260030695024
177 0.16915457589285715 0.5788204341153256 0.0087890625 0.020171015128261346
25 0.35191127232142855 0.8602280201710151 0.011021205357142858 0.01775926331944749
32 0.38699776785714285 0.8613242709932033 0.014229910714285714 0.01644376233282175
32 0.4310825892857143 0.8614338960754221 0.013950892857142858 0.015786011839508878
191 0.32833426339285715 0.7635386976540233 0.012137276785714286 0.01907476430607323
192 0.26834542410714285 0.7374479280859461 0.018275669642857144 0.028721771541328656
192 0.5669642857142857 0.640868230651173 0.018415178571428572 0.02894102170576628
185 0.5607561383928571 0.5664327998245998 0.021065848214285716 0.010304757728568297
184 0.5946568080357143 0.5400131550098662 0.006556919642857143 0.0328875246656435
178 0.6067243303571429 0.6352773514580136 0.008649553571428572 0.020828765621574215
184 0.6725027901785714 0.6026090769568078 0.006556919642857143 0.03310677483008112
177 0.6861746651785714 0.6382372286779215 0.008510044642857142 0.02324051743038807
180 0.6463448660714286 0.7577285682964262 0.008649553571428572 0.019294014470510854
177 0.646484375 0.8898267923700943 0.008370535714285714 0.02039026529269897
181 0.20891462053571427 0.21519403639552728 0.008510044642857142 0.022144266608199955
176 0.14425223214285715 0.17518088138566104 0.010602678571428572 0.013593510195132646
178 0.208984375 0.39530804648103485 0.008370535714285714 0.020609515457136594
142 0.20884486607142858 0.5221442666081999 0.008649553571428572 0.012935759701819776
181 0.44775390625 0.45275158956369216 0.008510044642857142 0.019294014470510854
195 0.44761439732142855 0.5192940144705108 0.015485491071428572 0.02433676825257619
179 0.5079520089285714 0.5472484104363078 0.013392857142857142 0.01841701381276036
177 0.5461077008928571 0.5498794124095593 0.015206473214285714 0.013593510195132646
102 0.5272739955357143 0.7757070817803113 0.008510044642857142 0.017540013155009866
142 0.5046037946428571 0.6741942556456917 0.008649553571428572 0.013593510195132646
181 0.1962890625 0.36253014689761015 0.014787946428571428 0.013374260030695024
178 0.15736607142857142 0.3622012716509537 0.013392857142857142 0.014032010524007894
195 0.6067243303571429 0.45362859022144264 0.018415178571428572 0.02894102170576628
187 0.50732421875 0.424906818680114 0.004603794642857143 0.013593510195132646
177 0.4677036830357143 0.36242052181539136 0.015485491071428572 0.0131550098662574
181 0.47391183035714285 0.2998245998684499 0.014229910714285714 0.013374260030695024
180 0.3544921875 0.3001534751151063 0.01171875 0.014032010524007894
191 0.30894252232142855 0.23733830300372724 0.010463169642857142 0.01644376233282175
181 0.48758370535714285 0.7076299057224293 0.008649553571428572 0.020828765621574215
186 0.48744419642857145 0.5818899364174523 0.010044642857142858 0.017978513483885114
183 0.72998046875 0.8424687568515676 0.0166015625 0.00986625739969305
183 0.7047991071428571 0.931265073448805 0.006417410714285714 0.026090769568077175
180 0.6725725446428571 0.9252356939267704 0.013392857142857142 0.013593510195132646
188 0.6628766741071429 0.8624205218153914 0.0068359375 0.02433676825257619
32 0.12995256696428573 0.3315062486296865 0.009626116071428572 0.02367901775926332
178 0.12946428571428573 0.2725279543959658 0.008370535714285714 0.02104801578601184
195 0.12946428571428573 0.39618504713878533 0.018694196428571428 0.029379522034641527
194 0.24881417410714285 0.5184170138127604 0.017438616071428572 0.027844770883578163
191 0.24881417410714285 0.4517649638237229 0.0107421875 0.016882262661696998
175 0.40792410714285715 0.25915369436527075 0.008370535714285714 0.02455601841701381
185 0.439453125 0.35277351458013595 0.006696428571428571 0.033764525323393996
183 0.40394810267857145 0.22221004165753125 0.0166015625 0.00986625739969305
181 0.4077845982142857 0.1502959877219908 0.008649553571428572 0.019513264634948475
178 0.42006138392857145 0.11269458452093839 0.013113839285714286 0.013593510195132646
175 0.31089564732142855 0.2997149747862311 0.014927455357142858 0.014032010524007894
177 0.267578125 0.2998245998684499 0.011160714285714286 0.013374260030695024
177 0.2275390625 0.3000438500328875 0.012834821428571428 0.013374260030695024
14 0.28878348214285715 0.5278447708835782 0.008649553571428572 0.01775926331944749
192 0.28857421875 0.5828765621574216 0.017159598214285716 0.027844770883578163
184 0.2822963169642857 0.4459548344661258 0.021065848214285716 0.01052400789300592
190 0.6375558035714286 0.29993422495066874 0.008091517857142858 0.01052400789300592
178 0.5862165178571429 0.3001534751151063 0.011997767857142858 0.014032010524007894
180 0.72607421875 0.3313966235474677 0.008510044642857142 0.023898267923700943
119 0.7306082589285714 0.3825915369436527 0.017857142857142856 0.02324051743038807
195 0.72607421875 0.45636921727691293 0.017438616071428572 0.027844770883578163
60 0.7258649553571429 0.5142512606884455 0.008928571428571428 0.023459767594825695
119 0.625 0.5571146678360008 0.015904017857142856 0.02762552071914054
195 0.7051478794642857 0.424906818680114 0.017717633928571428 0.02762552071914054
186 0.6252092633928571 0.42457794343345756 0.011579241071428572 0.014689761017320764
14 0.4873744419642857 0.3222977417233063 0.0087890625 0.022802017101512827
60 0.4872349330357143 0.19995614996711247 0.0087890625 0.022802017101512827
189 0.28857421875 0.20346415259811446 0.009068080357142858 0.031572023679017756