187 0.42166573660714285 0.8625301468976102 0.004603794642857143 0.013593510195132646
187 0.5272042410714286 0.8816049112036835 0.008649553571428572 0.007016005262003947
187 0.35470145089285715 0.9250164437623328 0.004603794642857143 0.013593510195132646
187 0.08970424107142858 0.8697654023240518 0.008649553571428572 0.007016005262003947
187 0.08970424107142858 0.5656654242490682 0.008649553571428572 0.007016005262003947
187 0.6862444196428571 0.7848059636044727 0.008649553571428572 0.00723525542644157
187 0.11655970982142858 0.29993422495066874 0.004603794642857143 0.013593510195132646
187 0.12276785714285714 0.1749616312212234 0.004464285714285714 0.013593510195132646
185 0.13567243303571427 0.19304976978732735 0.021344866071428572 0.010304757728568297
178 0.18994140625 0.2376671782503837 0.013532366071428572 0.0131550098662574
193 0.23053850446428573 0.23733830300372724 0.017717633928571428 0.027844770883578163
192 0.24874441964285715 0.3318351238763429 0.017299107142857144 0.027844770883578163
182 0.24860491071428573 0.4710589782942337 0.008649553571428572 0.013374260030695024
177 0.16922433035714285 0.5208287656215742 0.008370535714285714 0.02039026529269897
175 0.6309291294642857 0.7376671782503836 0.014369419642857142 0.013374260030695024
191 0.6067940848214286 0.8832492874369656 0.011579241071428572 0.018197763648322735
63 0.6305803571428571 0.9251260688445516 0.014508928571428572 0.013374260030695024
180 0.6067940848214286 0.6521596141197106 0.008510044642857142 0.020828765621574215
195 0.6272321428571429 0.6124753343565008 0.018694196428571428 0.029160271870203903
192 0.6668526785714286 0.6124753343565008 0.017857142857142856 0.028283271212453408
188 0.3056640625 0.8000438500328875 0.007254464285714286 0.02499451874588906
60 0.2885044642857143 0.708397281297961 0.008649553571428572 0.02104801578601184
178 0.28843470982142855 0.5928524446393335 0.0087890625 0.0197325147993861
184 0.23995535714285715 0.5597456698092523 0.006417410714285714 0.03332602499451875
193 0.28857421875 0.8333698750274062 0.017438616071428572 0.028064021048015787
186 0.30984933035714285 0.8625301468976102 0.010602678571428572 0.015347511510633634
175 0.34946986607142855 0.8625301468976102 0.014787946428571428 0.0131550098662574
177 0.38441685267857145 0.8628590221442666 0.012974330357142858 0.013374260030695024
190 0.48744419642857145 0.6930497697873274 0.008649553571428572 0.013593510195132646
192 0.5076729910714286 0.6124753343565008 0.018694196428571428 0.029160271870203903
190 0.46268136160714285 0.48750274062705545 0.006277901785714286 0.012058759044069283
177 0.48758370535714285 0.7625520719140539 0.008649553571428572 0.02104801578601184
188 0.5 0.8000438500328875 0.008649553571428572 0.02718702039026529
192 0.3680943080357143 0.8324928743696558 0.017996651785714284 0.028064021048015787
186 0.36837332589285715 0.7713220784915589 0.009347098214285714 0.016663012497259374
119 0.3906947544642857 0.7303222977417233 0.014369419642857142 0.02762552071914054
196 0.40785435267857145 0.5782723087042315 0.017996651785714284 0.028283271212453408
180 0.40785435267857145 0.5249945187458891 0.0087890625 0.02302126726595045
178 0.08942522321428571 0.8418110063582548 0.008649553571428572 0.018636263977197982
187 0.08970424107142858 0.7686910765183074 0.008649553571428572 0.007016005262003947
183 0.30433872767857145 0.6062267046700285 0.006556919642857143 0.0263100197325148
32 0.43052455357142855 0.23635167726375794 0.015625 0.016224512168384126
175 0.3929966517857143 0.23755755316816488 0.014787946428571428 0.01381276035957027
142 0.3778599330357143 0.3001534751151063 0.008231026785714286 0.013593510195132646
190 0.44761439732142855 0.38292041219030915 0.0068359375 0.01644376233282175
188 0.4605189732142857 0.42501644376233283 0.008091517857142858 0.027844770883578163
186 0.4873744419642857 0.45275158956369216 0.009068080357142858 0.01710151282613462
191 0.18436104910714285 0.5498794124095593 0.012137276785714286 0.018855514141635606
190 0.16929408482142858 0.4518745889059417 0.0068359375 0.014909011181758386
188 0.16922433035714285 0.3780969085726814 0.010881696428571428 0.010743258057443543
179 0.16761997767857142 0.3240517430388073 0.011858258928571428 0.0263100197325148
190 0.16922433035714285 0.6599429949572462 0.007254464285714286 0.011401008550756413
14 0.16936383928571427 0.7716509537382154 0.008649553571428572 0.023898267923700943
32 0.16985212053571427 0.8193378645033984 0.009626116071428572 0.017978513483885114
25 0.10574776785714286 0.8642841482131112 0.013950892857142858 0.017978513483885114
194 0.34800502232142855 0.7999342249506687 0.017717633928571428 0.027844770883578163
186 0.5106724330357143 0.8625301468976102 0.011021205357142858 0.014909011181758386
194 0.6653180803571429 0.7375575531681648 0.018415178571428572 0.02894102170576628
25 0.6685965401785714 0.5515237886428415 0.011579241071428572 0.01644376233282175
192 0.6465541294642857 0.5179785134838851 0.017717633928571428 0.027844770883578163
181 0.6271623883928571 0.4877219907914931 0.012974330357142858 0.01381276035957027
187 0.14934430803571427 0.5498794124095593 0.004603794642857143 0.013593510195132646
192 0.12946428571428573 0.4541767156325367 0.018694196428571428 0.029160271870203903
25 0.12841796875 0.3881824161368121 0.011021205357142858 0.021267265950449463
179 0.20731026785714285 0.26912957684718264 0.01171875 0.025213768910326683
194 0.646484375 0.767156325367244 0.018694196428571428 0.029379522034641527
181 0.6334402901785714 0.800372725279544 0.013253348214285714 0.013374260030695024
189 0.5459681919642857 0.7375575531681648 0.019949776785714284 0.013593510195132646
178 0.20919363839285715 0.5771760578820434 0.0087890625 0.02039026529269897
181 0.22321428571428573 0.6124753343565008 0.010881696428571428 0.013374260030695024
63 0.20891462053571427 0.5197325147993861 0.008510044642857142 0.020828765621574215
177 0.18875558035714285 0.3622012716509537 0.014508928571428572 0.0131550098662574
180 0.44775390625 0.5277351458013594 0.0087890625 0.022802017101512827
186 0.44754464285714285 0.6436088577066433 0.009207589285714286 0.01775926331944749
192 0.14739118303571427 0.29993422495066874 0.017717633928571428 0.02718702039026529
188 0.27364676339285715 0.23744792808594606 0.007672991071428571 0.02499451874588906
142 0.3085239955357143 0.23722867792150845 0.009068080357142858 0.014032010524007894
189 0.32833426339285715 0.20543740407805305 0.008231026785714286 0.031572023679017756
176 0.41971261160714285 0.17485200613900462 0.013532366071428572 0.013374260030695024
25 0.44859095982142855 0.1964481473361105 0.0107421875 0.02324051743038807
102 0.5270647321428571 0.5761894321420741 0.008649553571428572 0.02499451874588906
176 0.52734375 0.4587809690857268 0.008649553571428572 0.019951764963823723
181 0.5270647321428571 0.38862091646568736 0.008649553571428572 0.020828765621574215
119 0.5226702008928571 0.2647445735584302 0.017996651785714284 0.02696777022582767
185 0.5499441964285714 0.227581670686253 0.006417410714285714 0.03332602499451875
60 0.40799386160714285 0.3283271212453409 0.008510044642857142 0.017320762990572242
193 0.42947823660714285 0.424906818680114 0.017717633928571428 0.02762552071914054
180 0.6068638392857143 0.5304757728568297 0.008370535714285714 0.01907476430607323
184 0.6005161830357143 0.473799605349704 0.021065848214285716 0.010085507564130673
183 0.6263950892857143 0.41876781407586056 0.006696428571428571 0.0263100197325148
179 0.6083984375 0.27768033326024993 0.011997767857142858 0.022144266608199955
192 0.6067243303571429 0.3313966235474677 0.017299107142857144 0.027844770883578163
63 0.6067243303571429 0.400460425345319 0.008928571428571428 0.01907476430607323
192 0.5467354910714286 0.424906818680114 0.018694196428571428 0.029379522034641527
187 0.12946428571428573 0.26869107651830737 0.008649553571428572 0.00723525542644157
195 0.5669642857142857 0.8282174961631221 0.015625 0.024775268581451435
194 0.34849330357142855 0.23744792808594606 0.018694196428571428 0.029379522034641527
142 0.26402064732142855 0.29993422495066874 0.008510044642857142 0.013593510195132646
32 0.7263532366071429 0.6955711466783601 0.009905133928571428 0.022144266608199955
195 0.72607421875 0.5162245121683842 0.0185546875 0.029160271870203903
191 0.72607421875 0.45275158956369216 0.011021205357142858 0.01710151282613462
186 0.7044503348214286 0.42446831835123877 0.011579241071428572 0.015786011839508878
180 0.58447265625 0.6121464591098443 0.013532366071428572 0.013593510195132646
175 0.6690848214285714 0.48739311554483666 0.011160714285714286 0.0131550098662574
175 0.6861049107142857 0.45154571365928525 0.008649553571428572 0.017320762990572242
191 0.6862444196428571 0.2793247094935321 0.010881696428571428 0.01710151282613462
196 0.6660853794642857 0.23744792808594606 0.017717633928571428 0.02762552071914054
188 0.6863141741071429 0.5309142731857049 0.015485491071428572 0.010743258057443543
102 0.38023158482142855 0.6747423810567857 0.014369419642857142 0.01381276035957027
142 0.43736049107142855 0.6748520061390046 0.008649553571428572 0.013593510195132646
179 0.3666294642857143 0.5724621793466345 0.012276785714285714 0.02718702039026529
194 0.34619140625 0.5498794124095593 0.018275669642857144 0.02850252137689103
194 0.5272042410714286 0.7074106555579917 0.018973214285714284 0.029598772199079148
178 0.208984375 0.212453409340057 0.008370535714285714 0.0197325147993861
60 0.14962332589285715 0.17485200613900462 0.0126953125 0.013374260030695024