187 0.7149135044642857 0.8681499342393687 0.007672991071428571 0.006356861025865849
187 0.7499302455357143 0.8484217448487505 0.007672991071428571 0.006356861025865849
187 0.09228515625 0.10488820692678649 0.004045758928571429 0.012056115738711091
187 0.31270926339285715 0.7647961420429636 0.004045758928571429 0.01183691363437089
187 0.6799665178571429 0.834721613327488 0.007533482142857143 0.006137658921525646
187 0.36495535714285715 0.5922840859272249 0.007533482142857143 0.006137658921525646
187 0.6449497767857143 0.12878123629986848 0.007533482142857143 0.006356861025865849
187 0.6158621651785714 0.8747259973695748 0.004045758928571429 0.012056115738711091
187 0.16469029017857142 0.5997369574747917 0.004045758928571429 0.01183691363437089
187 0.11153738839285714 0.21481806225339764 0.004045758928571429 0.01183691363437089
187 0.0849609375 0.8269399386234108 0.007533482142857143 0.006356861025865849
187 0.6799665178571429 0.12604120999561597 0.007533482142857143 0.006137658921525646
192 0.6616908482142857 0.6547566856641823 0.015625 0.024550635686102586
179 0.6955217633928571 0.8222270933800965 0.0126953125 0.016659359929855327
14 0.19001116071428573 0.5723366944322665 0.007533482142857143 0.020166593599298552
119 0.21079799107142858 0.5382507672073652 0.011997767857142858 0.024331433581762384
193 0.27845982142857145 0.5448268303375713 0.015625 0.02389302937308198
142 0.30245535714285715 0.5447172292854011 0.007533482142857143 0.012275317843051293
177 0.19001116071428573 0.5160017536168348 0.007533482142857143 0.01709776413853573
196 0.18994140625 0.35192897851819377 0.015764508928571428 0.024769837790442787
195 0.7499302455357143 0.7896755808855765 0.015764508928571428 0.024769837790442787
60 0.6605050223214286 0.709776413853573 0.013532366071428572 0.01183691363437089
179 0.6272321428571429 0.8222270933800965 0.013950892857142858 0.016220955721174924
185 0.4814453125 0.8284743533537922 0.005580357142857143 0.02915387987724682
188 0.4492885044642857 0.8198158702323542 0.0068359375 0.01578255151249452
142 0.43491908482142855 0.3975230162209557 0.007952008928571428 0.011617711530030689
196 0.41636439732142855 0.43478737395879 0.016043526785714284 0.025208241999123193
191 0.43491908482142855 0.36135466900482244 0.010184151785714286 0.016001753616834723
187 0.43491908482142855 0.2973476545374836 0.007672991071428571 0.006356861025865849
192 0.43491908482142855 0.24057430951337133 0.016322544642857144 0.025646646207803596
189 0.41573660714285715 0.15990793511617712 0.017578125 0.013809732573432706
184 0.38134765625 0.16801841297676456 0.005719866071428571 0.03003068829460763
180 0.34347098214285715 0.1600175361683472 0.012555803571428572 0.01183691363437089
195 0.31222098214285715 0.15968873301183692 0.013671875 0.02082419991231916
195 0.34884207589285715 0.32474791758000876 0.015764508928571428 0.024769837790442787
185 0.4053431919642857 0.46580447172292855 0.0185546875 0.00920648838228847
194 0.3809291294642857 0.48980710214818063 0.015485491071428572 0.02389302937308198
194 0.45284598214285715 0.43478737395879 0.015625 0.024331433581762384
193 0.46993582589285715 0.35181937746602365 0.016043526785714284 0.02498903989478299
119 0.11593191964285714 0.196733888645331 0.015345982142857142 0.02082419991231916
180 0.20166015625 0.21448925909688732 0.010184151785714286 0.012494519947391494
195 0.22495814732142858 0.29767645769399387 0.015206473214285714 0.024550635686102586
189 0.11997767857142858 0.24484875054800526 0.006417410714285714 0.02761946514686541
181 0.11997767857142858 0.40092064883822887 0.0078125 0.018851380973257344
182 0.16538783482142858 0.5448268303375713 0.007672991071428571 0.012056115738711091
196 0.3109654017857143 0.21481806225339764 0.015625 0.02367382726874178
193 0.25997488839285715 0.1859929855326611 0.016043526785714284 0.025208241999123193
195 0.27880859375 0.7647961420429636 0.013532366071428572 0.020604997807978958
189 0.25990513392857145 0.6266988163086366 0.008370535714285714 0.02761946514686541
63 0.279296875 0.6550854888206927 0.013671875 0.012056115738711091
194 0.60986328125 0.5180841736080667 0.0166015625 0.026085050416484
25 0.6649693080357143 0.5432924156071899 0.009626116071428572 0.014686540990793511
195 0.6099330357142857 0.5731039017974573 0.015904017857142856 0.024769837790442787
191 0.44594029017857145 0.6548662867163525 0.011021205357142858 0.01731696624287593
178 0.6097935267857143 0.4720517316966243 0.0078125 0.02082419991231916
32 0.6105608258928571 0.41801841297676456 0.0087890625 0.020166593599298552
195 0.6099330357142857 0.35039456378781236 0.013671875 0.021262604120999562
60 0.5543387276785714 0.3245287154756686 0.009626116071428572 0.012056115738711091
195 0.5915876116071429 0.8197062691801841 0.013811383928571428 0.021701008329679965
14 0.70361328125 0.5451556334940816 0.011579241071428572 0.012275317843051293
179 0.36342075892857145 0.40957913195966683 0.010323660714285714 0.018632178868917142
192 0.6449497767857143 0.18478737395879 0.014508928571428572 0.024550635686102586
191 0.6448800223214286 0.5211530030688295 0.011021205357142858 0.01731696624287593
119 0.46595982142857145 0.7455063568610258 0.015904017857142856 0.023235423060061378
190 0.4888392857142857 0.709776413853573 0.008370535714285714 0.01446733888645331
195 0.5580357142857143 0.709776413853573 0.015904017857142856 0.02498903989478299
177 0.5917271205357143 0.709776413853573 0.012137276785714286 0.012713722051731697
180 0.4859095982142857 0.8747259973695748 0.009486607142857142 0.011617711530030689
189 0.5399693080357143 0.904427882507672 0.0087890625 0.02761946514686541
63 0.6099330357142857 0.9127575624725998 0.007533482142857143 0.014905743095133712
32 0.26039341517857145 0.40464708461201226 0.0087890625 0.017536168347216132
178 0.31703404017857145 0.43478737395879 0.011300223214285714 0.012056115738711091
25 0.18896484375 0.2487943884261289 0.009626116071428572 0.01578255151249452
194 0.18994140625 0.1303156510302499 0.016043526785714284 0.025208241999123193
179 0.17243303571428573 0.10718982902235862 0.015625 0.016220955721174924
177 0.26004464285714285 0.13524769837790443 0.0078125 0.01797457255589654
178 0.6798967633928571 0.518412976764577 0.007393973214285714 0.021920210434020166
177 0.6268833705357143 0.4346777729066199 0.011579241071428572 0.01183691363437089
175 0.6800362723214286 0.6869793950021921 0.007672991071428571 0.016220955721174924
60 0.330078125 0.24605436212187637 0.0078125 0.018632178868917142
63 0.3301478794642857 0.3031565103024989 0.007672991071428571 0.01972818939061815
193 0.34765625 0.2698377904427883 0.015625 0.023235423060061378
180 0.24386160714285715 0.27016659359929857 0.013113839285714286 0.012494519947391494
188 0.22488839285714285 0.5702542744410346 0.015625 0.00898728627794827
63 0.22502790178571427 0.6889522139412538 0.007533482142857143 0.020604997807978958
193 0.24400111607142858 0.8198158702323542 0.015625 0.024550635686102586
182 0.294921875 0.4077159140727751 0.007533482142857143 0.012275317843051293
175 0.294921875 0.356532222709338 0.0078125 0.017755370451556333
187 0.17243303571428573 0.8198158702323542 0.00390625 0.01183691363437089
192 0.20738002232142858 0.8197062691801841 0.015764508928571428 0.024769837790442787
25 0.08391462053571429 0.7987724682156949 0.009347098214285714 0.02104340201665936
179 0.14146205357142858 0.7623849188952214 0.012834821428571428 0.016659359929855327
191 0.17138671875 0.7646865409907935 0.011021205357142858 0.01731696624287593
194 0.24274553571428573 0.7647961420429636 0.016183035714285716 0.025427444103463395
63 0.2797154017857143 0.819596668128014 0.010323660714285714 0.01183691363437089
102 0.314453125 0.8198158702323542 0.011160714285714286 0.01183691363437089
102 0.34298270089285715 0.8200350723366945 0.011579241071428572 0.012275317843051293
187 0.38246372767857145 0.8198158702323542 0.004045758928571429 0.01183691363437089
183 0.4273158482142857 0.8143358176238492 0.005580357142857143 0.023235423060061378
176 0.36502511160714285 0.7846339324857519 0.007672991071428571 0.019508987286277948
182 0.3648158482142857 0.7427663305567733 0.008091517857142858 0.011179307321350284
63 0.3296595982142857 0.636891714160456 0.007533482142857143 0.021701008329679965
188 0.2762974330357143 0.5998465585269619 0.005998883928571429 0.01819377466023674
14 0.5752650669642857 0.7857299430074529 0.007672991071428571 0.02082419991231916
187 0.39990234375 0.5173169662428759 0.007672991071428571 0.006137658921525646
177 0.6800362723214286 0.1844585708022797 0.007672991071428571 0.01819377466023674
196 0.6798967633928571 0.24386234107847435 0.0166015625 0.026085050416484
179 0.6814313616071429 0.30140289346777727 0.010463169642857142 0.022797018851380975
32 0.6248604910714286 0.1588119245944761 0.011997767857142858 0.013809732573432706
184 0.5977957589285714 0.16834721613327489 0.005580357142857143 0.029373081981587022
189 0.6259765625 0.3798772468215695 0.017578125 0.0131521262604121
177 0.48465401785714285 0.4350065760631302 0.012276785714285714 0.012056115738711091
195 0.46993582589285715 0.627137220517317 0.014090401785714286 0.02235861464270057
181 0.6657366071428571 0.5998465585269619 0.013113839285714286 0.011617711530030689