187 0.3681640625 0.8909230431922824 0.008649553571428572 0.00723525542644157
187 0.18331473214285715 0.23744792808594606 0.004464285714285714 0.013593510195132646
187 0.6862444196428571 0.24797193597895198 0.008649553571428572 0.007016005262003947
187 0.16517857142857142 0.11247533435650077 0.004464285714285714 0.013593510195132646
187 0.6067243303571429 0.47906160929620695 0.008649553571428572 0.007016005262003947
184 0.6006556919642857 0.8362201271650954 0.021344866071428572 0.010085507564130673
189 0.5465262276785714 0.7374479280859461 0.019949776785714284 0.01512826134619601
175 0.5104631696428571 0.7378864284148213 0.013671875 0.014251260688445516
177 0.4257114955357143 0.7375575531681648 0.012137276785714286 0.013593510195132646
25 0.6056780133928571 0.703683402762552 0.0107421875 0.019513264634948475
182 0.6068638392857143 0.6543521157640868 0.008928571428571428 0.01381276035957027
185 0.5609654017857143 0.523898267923701 0.021484375 0.00986625739969305
195 0.6655970982142857 0.29993422495066874 0.015625 0.02455601841701381
142 0.6864536830357143 0.40067967550975664 0.0087890625 0.01381276035957027
180 0.6213727678571429 0.5497697873273405 0.011439732142857142 0.01381276035957027
190 0.12946428571428573 0.5297083972812979 0.010881696428571428 0.015786011839508878
119 0.14585658482142858 0.5431922823942118 0.014369419642857142 0.028283271212453408
179 0.19377790178571427 0.547138785354089 0.014229910714285714 0.018636263977197982
180 0.12932477678571427 0.3432361324270993 0.008649553571428572 0.02039026529269897
181 0.40785435267857145 0.3289848717386538 0.008510044642857142 0.022144266608199955
178 0.40792410714285715 0.398158298618724 0.008370535714285714 0.02587151940363955
195 0.22844587053571427 0.17485200613900462 0.015485491071428572 0.02433676825257619
187 0.208984375 0.20620477965358475 0.008649553571428572 0.00723525542644157
190 0.208984375 0.26825257618943216 0.010044642857142858 0.014251260688445516
189 0.208984375 0.33315062486296865 0.008649553571428572 0.031352773514580136
181 0.19015066964285715 0.36231089673317257 0.012834821428571428 0.013374260030695024
186 0.16922433035714285 0.45549221661916245 0.009486607142857142 0.017320762990572242
25 0.17027064732142858 0.5110721333041 0.010463169642857142 0.02455601841701381
176 0.6861049107142857 0.8973909230431922 0.008370535714285714 0.02324051743038807
190 0.6738978794642857 0.9250164437623328 0.007672991071428571 0.011401008550756413
178 0.6711077008928571 0.5498794124095593 0.0126953125 0.013593510195132646
193 0.5669642857142857 0.3287656215742162 0.017020089285714284 0.027844770883578163
60 0.5046735491071429 0.36253014689761015 0.0126953125 0.013374260030695024
187 0.50732421875 0.29993422495066874 0.004603794642857143 0.013593510195132646
60 0.1689453125 0.8306292479719359 0.008370535714285714 0.022582766937075203
196 0.18924386160714285 0.8624205218153914 0.018833705357142856 0.029598772199079148
191 0.16929408482142858 0.6490901118175839 0.0126953125 0.019951764963823723
192 0.6862444196428571 0.5171015128261346 0.017020089285714284 0.027844770883578163
182 0.6219308035714286 0.424906818680114 0.008370535714285714 0.013593510195132646
177 0.6654575892857143 0.7376671782503836 0.013113839285714286 0.013374260030695024
25 0.5660574776785714 0.7170576627932471 0.010184151785714286 0.02302126726595045
177 0.5435965401785714 0.6749616312212234 0.014927455357142858 0.013374260030695024
177 0.48758370535714285 0.7094935321201491 0.008649553571428572 0.02324051743038807
179 0.44935825892857145 0.39421179565884673 0.01171875 0.02367901775926332
190 0.4476841517857143 0.32087261565446173 0.010881696428571428 0.012058759044069283
194 0.4476841517857143 0.2673755755316817 0.018694196428571428 0.029160271870203903
188 0.3163364955357143 0.8624205218153914 0.007672991071428571 0.019951764963823723
191 0.3680943080357143 0.8228458671344003 0.012416294642857142 0.0197325147993861
176 0.35274832589285715 0.7999342249506687 0.012137276785714286 0.013374260030695024
194 0.32833426339285715 0.7670467002850252 0.018833705357142856 0.029598772199079148
196 0.30838448660714285 0.7374479280859461 0.017996651785714284 0.028283271212453408
192 0.2679966517857143 0.7374479280859461 0.017857142857142856 0.027844770883578163
102 0.2886439732142857 0.7162902872177154 0.009207589285714286 0.018855514141635606
189 0.28857421875 0.6425126068844552 0.007393973214285714 0.031352773514580136
183 0.19315011160714285 0.6186143389607542 0.006556919642857143 0.026090769568077175
176 0.24867466517857142 0.4012278009208507 0.008510044642857142 0.019294014470510854
193 0.24881417410714285 0.5829861872396405 0.017438616071428572 0.028064021048015787
184 0.25502232142857145 0.6336329752247314 0.021205357142857144 0.01052400789300592
188 0.24874441964285715 0.7726375794781846 0.012276785714285714 0.012278009208506906
183 0.25272042410714285 0.8198859899144925 0.0166015625 0.010304757728568297
25 0.6199776785714286 0.3607761455821092 0.014229910714285714 0.01644376233282175
25 0.20793805803571427 0.7632098224073668 0.0107421875 0.02104801578601184
180 0.208984375 0.7187020390265293 0.008370535714285714 0.01841701381276036
189 0.20905412946428573 0.6434992326244244 0.009068080357142858 0.031572023679017756
194 0.208984375 0.5801359351019513 0.018415178571428572 0.02894102170576628
189 0.34946986607142855 0.7374479280859461 0.020089285714285716 0.01512826134619601
14 0.2885044642857143 0.33611050208287657 0.008649553571428572 0.02236351677263758
32 0.3858119419642857 0.29850909888182414 0.014927455357142858 0.01644376233282175
63 0.4478236607142857 0.20324490243367682 0.008649553571428572 0.0197325147993861
63 0.328125 0.7026967770225828 0.008928571428571428 0.017978513483885114
32 0.3290318080357143 0.6353869765402324 0.009626116071428572 0.021486516114887087
102 0.30922154017857145 0.42457794343345756 0.011021205357142858 0.013374260030695024
192 0.5272042410714286 0.8955272966454725 0.017299107142857144 0.027844770883578163
180 0.5398995535714286 0.924906818680114 0.010602678571428572 0.01381276035957027
60 0.62353515625 0.9251260688445516 0.014369419642857142 0.01381276035957027
182 0.5272739955357143 0.6547906160929621 0.0087890625 0.013374260030695024
181 0.6219308035714286 0.6121464591098443 0.013392857142857142 0.013593510195132646
119 0.6658063616071429 0.6053497040122781 0.014927455357142858 0.02850252137689103
193 0.5064871651785714 0.6123657092742819 0.017717633928571428 0.026748520061390047
177 0.46763392857142855 0.6121464591098443 0.013950892857142858 0.013593510195132646
189 0.42724609375 0.6124753343565008 0.019949776785714284 0.01644376233282175
192 0.34688895089285715 0.6124753343565008 0.0185546875 0.029160271870203903
187 0.5470842633928571 0.48739311554483666 0.004603794642857143 0.013593510195132646
188 0.24881417410714285 0.2160710370532778 0.011300223214285714 0.010743258057443543
196 0.18729073660714285 0.11247533435650077 0.017717633928571428 0.026748520061390047
196 0.5862165178571429 0.424906818680114 0.018136160714285716 0.02850252137689103
178 0.6066545758928571 0.40024117518088137 0.0087890625 0.022582766937075203
179 0.40945870535714285 0.8390703793027845 0.011997767857142858 0.022802017101512827
193 0.3866489955357143 0.8625301468976102 0.018275669642857144 0.02850252137689103