187 0.15883091517857142 0.23744792808594606 0.004603794642857143 0.013593510195132646
187 0.48744419642857145 0.7720894540670905 0.008649553571428572 0.00723525542644157
187 0.2885044642857143 0.8242709932032449 0.008649553571428572 0.00723525542644157
187 0.08970424107142858 0.8206533654900241 0.008649553571428572 0.007016005262003947
187 0.10993303571428571 0.9250164437623328 0.004464285714285714 0.013593510195132646
180 0.16908482142857142 0.21190528392896293 0.008649553571428572 0.019513264634948475
175 0.19377790178571427 0.11236570927428195 0.015066964285714286 0.013374260030695024
142 0.3099888392857143 0.11258495943871957 0.008370535714285714 0.01381276035957027
60 0.3539341517857143 0.11203683402762551 0.014508928571428572 0.0131550098662574
180 0.08956473214285714 0.6360447270335453 0.008649553571428572 0.024117518088138567
181 0.08949497767857142 0.5747643060732296 0.008510044642857142 0.022582766937075203
193 0.08970424107142858 0.5175400131550099 0.017857142857142856 0.027844770883578163
63 0.10630580357142858 0.36242052181539136 0.013950892857142858 0.013593510195132646
119 0.14753069196428573 0.3554045165533874 0.015764508928571428 0.02718702039026529
191 0.19342912946428573 0.3622012716509537 0.012416294642857142 0.0197325147993861
182 0.27845982142857145 0.36242052181539136 0.008928571428571428 0.013593510195132646
119 0.5716378348214286 0.33227362420521817 0.017717633928571428 0.026090769568077175
176 0.5149274553571429 0.42523569392677046 0.014229910714285714 0.013374260030695024
195 0.5669642857142857 0.26726595044946283 0.018136160714285716 0.02850252137689103
196 0.5669642857142857 0.20324490243367682 0.018136160714285716 0.02850252137689103
184 0.5608258928571429 0.1504056128042096 0.021205357142857144 0.010085507564130673
180 0.6217912946428571 0.11236570927428195 0.014787946428571428 0.013374260030695024
193 0.6676897321428571 0.11247533435650077 0.018415178571428572 0.02894102170576628
192 0.11070033482142858 0.1749616312212234 0.017717633928571428 0.026748520061390047
60 0.08984375 0.2620039465029599 0.008649553571428572 0.022802017101512827
195 0.08970424107142858 0.1409778557333918 0.017857142857142856 0.028064021048015787
102 0.10686383928571429 0.11258495943871957 0.013950892857142858 0.013374260030695024
192 0.58642578125 0.5499890374917781 0.0185546875 0.029160271870203903
190 0.12946428571428573 0.7660600745450559 0.0078125 0.014909011181758386
192 0.12946428571428573 0.5787108090331068 0.017857142857142856 0.028283271212453408
119 0.12493024553571429 0.4557114667836001 0.017717633928571428 0.024775268581451435
184 0.47530691964285715 0.622231966673975 0.006417410714285714 0.03332602499451875
195 0.40785435267857145 0.5804648103486078 0.017996651785714284 0.028283271212453408
176 0.3125 0.5498794124095593 0.015904017857142856 0.0131550098662574
176 0.7257254464285714 0.20532777899583424 0.009207589285714286 0.019951764963823723
14 0.7121930803571429 0.23744792808594606 0.013671875 0.013593510195132646
192 0.62548828125 0.36242052181539136 0.017717633928571428 0.028064021048015787
193 0.646484375 0.3950887963165972 0.018136160714285716 0.02850252137689103
119 0.244140625 0.1439377329532997 0.017857142857142856 0.022144266608199955
185 0.39711216517857145 0.30969085726814294 0.006556919642857143 0.03310677483008112
175 0.3495396205357143 0.3001534751151063 0.014927455357142858 0.013593510195132646
184 0.28250558035714285 0.7723087042315282 0.021484375 0.00986625739969305
32 0.18763950892857142 0.7365709274281955 0.012555803571428572 0.015566761675071256
182 0.16922433035714285 0.7103705327778996 0.008928571428571428 0.0131550098662574
176 0.28822544642857145 0.20993203244902434 0.008370535714285714 0.021267265950449463
184 0.25767299107142855 0.18449901337426003 0.006417410714285714 0.03354527515895637
190 0.6067243303571429 0.759044069283052 0.010881696428571428 0.013593510195132646
196 0.6067940848214286 0.8336987502740627 0.017996651785714284 0.028283271212453408
32 0.7267020089285714 0.8277789958342469 0.009765625 0.02170576627932471
191 0.7137974330357143 0.9250164437623328 0.0107421875 0.016663012497259374
175 0.7263532366071429 0.6504056128042096 0.009068080357142858 0.023898267923700943
188 0.72607421875 0.5324490243367682 0.013532366071428572 0.012058759044069283
194 0.7053571428571429 0.48739311554483666 0.019252232142857144 0.03025652269239202
25 0.6667131696428571 0.36022802017101513 0.011997767857142858 0.017978513483885114
181 0.5431780133928571 0.3000438500328875 0.014090401785714286 0.013374260030695024
175 0.6068638392857143 0.2685814514360886 0.008370535714285714 0.02455601841701381
14 0.6268833705357143 0.23722867792150845 0.012974330357142858 0.013593510195132646
189 0.6067243303571429 0.39454067090550315 0.010044642857142858 0.031352773514580136
102 0.72607421875 0.3831396623547468 0.008510044642857142 0.02302126726595045
196 0.72607421875 0.3286559964919974 0.017996651785714284 0.028064021048015787
63 0.5865652901785714 0.23733830300372724 0.014090401785714286 0.013374260030695024
63 0.5076032366071429 0.23722867792150845 0.013811383928571428 0.0131550098662574
189 0.587890625 0.6123657092742819 0.020089285714285716 0.01710151282613462
175 0.47495814732142855 0.5496601622451217 0.012416294642857142 0.013593510195132646
186 0.5666852678571429 0.6406489804867354 0.009765625 0.017540013155009866
184 0.27804129464285715 0.622231966673975 0.006417410714285714 0.03332602499451875
63 0.22879464285714285 0.6128042096031572 0.015345982142857142 0.014032010524007894
25 0.28955078125 0.6517211137908353 0.010184151785714286 0.01907476430607323
184 0.29478236607142855 0.7222100416575312 0.021205357142857144 0.010085507564130673
25 0.28745814732142855 0.5898925674194255 0.0107421875 0.018636263977197982
190 0.24874441964285715 0.4733611050208288 0.008649553571428572 0.012716509537382154
179 0.24714006696428573 0.3975005481254111 0.011579241071428572 0.028064021048015787
175 0.24832589285714285 0.330629247971936 0.008370535714285714 0.016224512168384126
180 0.6861049107142857 0.2135496601622451 0.008649553571428572 0.018855514141635606
182 0.4790736607142857 0.23722867792150845 0.008649553571428572 0.014032010524007894
195 0.42696707589285715 0.23744792808594606 0.015764508928571428 0.02455601841701381
176 0.19273158482142858 0.6749616312212234 0.0146484375 0.013374260030695024
184 0.20277622767857142 0.6448147336110502 0.021065848214285716 0.010085507564130673
194 0.20905412946428573 0.5171015128261346 0.017996651785714284 0.028283271212453408
190 0.3681640625 0.19688664766498576 0.007254464285714286 0.010085507564130673
184 0.3618861607142857 0.13045384784038588 0.021205357142857144 0.010085507564130673
185 0.37437220982142855 0.25718044288533215 0.021065848214285716 0.010085507564130673
102 0.3681640625 0.3328217496163122 0.008649553571428572 0.021925016443762334
180 0.31284877232142855 0.36253014689761015 0.013253348214285714 0.013374260030695024
175 0.3076869419642857 0.23733830300372724 0.012137276785714286 0.01381276035957027
192 0.18819754464285715 0.23744792808594606 0.019252232142857144 0.03025652269239202
32 0.46861049107142855 0.48662573996930497 0.012555803571428572 0.016005262003946502
185 0.48123604910714285 0.37645253233939924 0.021344866071428572 0.010085507564130673
25 0.48653738839285715 0.3336987502740627 0.011300223214285714 0.022802017101512827
194 0.5474330357142857 0.48739311554483666 0.018415178571428572 0.02894102170576628
193 0.7047293526785714 0.5499890374917781 0.017717633928571428 0.027406270554702915
192 0.6646205357142857 0.5498794124095593 0.018415178571428572 0.02894102170576628
178 0.6862444196428571 0.77768033326025 0.008649553571428572 0.02367901775926332
195 0.6863141741071429 0.6432799824599869 0.018275669642857144 0.02850252137689103
32 0.16985212053571427 0.7664985748739311 0.009626116071428572 0.020171015128261346
194 0.16922433035714285 0.8326024994518746 0.017578125 0.027844770883578163
175 0.16929408482142858 0.8910326682745012 0.0087890625 0.021925016443762334
192 0.14773995535714285 0.9250164437623328 0.018694196428571428 0.029379522034641527
142 0.16922433035714285 0.44156983117737336 0.008928571428571428 0.012716509537382154
142 0.47105189732142855 0.4247971935978952 0.008510044642857142 0.01381276035957027