187 0.30712890625 0.21481806225339764 0.004045758928571429 0.01183691363437089
187 0.43491908482142855 0.17700569925471285 0.007672991071428571 0.006356861025865849
187 0.7499302455357143 0.18643138974134152 0.007672991071428571 0.006356861025865849
187 0.36495535714285715 0.8873301183691363 0.007533482142857143 0.006137658921525646
187 0.25990513392857145 0.8084173608066637 0.007533482142857143 0.006137658921525646
187 0.48744419642857145 0.6547566856641823 0.00390625 0.01183691363437089
195 0.48890904017857145 0.48980710214818063 0.014090401785714286 0.022139412538360367
190 0.46993582589285715 0.6832529592284086 0.008510044642857142 0.011398509425690487
191 0.4349888392857143 0.23980710214818063 0.009207589285714286 0.01446733888645331
25 0.4159458705357143 0.21646207803594913 0.011300223214285714 0.014686540990793511
176 0.43491908482142855 0.4587900043840421 0.007393973214285714 0.020166593599298552
119 0.4388950892857143 0.5200569925471284 0.015904017857142856 0.020385795703638757
63 0.5399693080357143 0.515234546251644 0.007393973214285714 0.015563349408154318
60 0.5606863839285714 0.5451556334940816 0.011160714285714286 0.01183691363437089
188 0.5865652901785714 0.5448268303375713 0.0068359375 0.021262604120999562
14 0.4511021205357143 0.48991670320035074 0.011300223214285714 0.01183691363437089
194 0.4170619419642857 0.48980710214818063 0.016043526785714284 0.025208241999123193
176 0.37841796875 0.4895879000438404 0.010184151785714286 0.011617711530030689
176 0.45765904017857145 0.37943884261288907 0.013253348214285714 0.012275317843051293
142 0.5902622767857143 0.21459886014905744 0.006975446428571429 0.012275317843051293
195 0.6286272321428571 0.21481806225339764 0.013950892857142858 0.021920210434020166
32 0.4170619419642857 0.5432924156071899 0.014369419642857142 0.014686540990793511
178 0.3999720982142857 0.6174923279263481 0.0078125 0.01972818939061815
183 0.4033900669642857 0.6809513371328365 0.0146484375 0.009425690486628672
188 0.38657924107142855 0.709776413853573 0.005580357142857143 0.021920210434020166
193 0.39990234375 0.46043402016659357 0.016322544642857144 0.025646646207803596
190 0.39990234375 0.25328803156510304 0.0087890625 0.009425690486628672
178 0.4888392857142857 0.27016659359929857 0.012555803571428572 0.012494519947391494
63 0.5749860491071429 0.5094256904866287 0.007393973214285714 0.01972818939061815
178 0.5179966517857143 0.5450460324419114 0.012834821428571428 0.012056115738711091
177 0.5749162946428571 0.4099079351161771 0.007533482142857143 0.018851380973257344
183 0.5911690848214286 0.26435773783428324 0.005998883928571429 0.022797018851380975
177 0.6249302455357143 0.26972818939061816 0.011021205357142858 0.011617711530030689
193 0.294921875 0.572775098640947 0.015904017857142856 0.02498903989478299
186 0.29506138392857145 0.6242875931608943 0.008928571428571428 0.015344147303814117
63 0.24776785714285715 0.6551950898728628 0.012276785714285714 0.01183691363437089
190 0.20891462053571427 0.6547566856641823 0.007672991071428571 0.012713722051731697
195 0.17110770089285715 0.6547566856641823 0.016043526785714284 0.02498903989478299
190 0.40994698660714285 0.8747259973695748 0.0068359375 0.013809732573432706
187 0.38246372767857145 0.7647961420429636 0.004045758928571429 0.01183691363437089
179 0.3472377232142857 0.7670977641385357 0.013113839285714286 0.016878562034195528
183 0.31815011160714285 0.7702761946514687 0.005719866071428571 0.022797018851380975
196 0.27706473214285715 0.7647961420429636 0.016183035714285716 0.025427444103463395
193 0.43491908482142855 0.7358614642700569 0.015764508928571428 0.02498903989478299
177 0.6797572544642857 0.24101271372205174 0.007672991071428571 0.019508987286277948
190 0.6799665178571429 0.3508329679964928 0.005580357142857143 0.009425690486628672
60 0.5881696428571429 0.37976764576939936 0.013671875 0.012056115738711091
177 0.5048130580357143 0.41188075405523894 0.007393973214285714 0.017536168347216132
177 0.5050223214285714 0.4655852696185883 0.0078125 0.020166593599298552
193 0.5048828125 0.5177553704515563 0.016183035714285716 0.025427444103463395
177 0.6448800223214286 0.5217010083296799 0.007672991071428571 0.01446733888645331
187 0.6449497767857143 0.4072775098640947 0.007533482142857143 0.006137658921525646
183 0.6415318080357143 0.3471065322227093 0.014927455357142858 0.00898728627794827
195 0.6449497767857143 0.29603244191144235 0.015904017857142856 0.025208241999123193
191 0.08489118303571429 0.7300526085050416 0.0107421875 0.016878562034195528
180 0.13811383928571427 0.709776413853573 0.013671875 0.01183691363437089
193 0.15492466517857142 0.680512932924156 0.015764508928571428 0.024769837790442787
195 0.1728515625 0.7647961420429636 0.013950892857142858 0.021920210434020166
194 0.32993861607142855 0.6265892152564665 0.015904017857142856 0.025208241999123193
185 0.32442801339285715 0.5230162209557212 0.0185546875 0.008768084173608066
184 0.35281808035714285 0.48114861902674266 0.005859375 0.029373081981587022
179 0.17619977678571427 0.49210872424375274 0.013950892857142858 0.016659359929855327
178 0.21233258928571427 0.4900263042525208 0.013113839285714286 0.012056115738711091
194 0.18994140625 0.572775098640947 0.016043526785714284 0.02498903989478299
184 0.23039899553571427 0.618478737395879 0.0185546875 0.00898728627794827
193 0.32993861607142855 0.24309513371328365 0.015904017857142856 0.02498903989478299
186 0.32986886160714285 0.29800526085050416 0.0087890625 0.014686540990793511
188 0.32993861607142855 0.34535291538798774 0.011160714285714286 0.010740903112669882
14 0.32993861607142855 0.4071679088119246 0.007533482142857143 0.018632178868917142
142 0.32986886160714285 0.45659798334064006 0.007672991071428571 0.01183691363437089
102 0.31284877232142855 0.4901359053046909 0.010463169642857142 0.012275317843051293
177 0.34535435267857145 0.37976764576939936 0.012974330357142858 0.012932924156071899
32 0.34326171875 0.32343270495396753 0.012974330357142858 0.014248136782113108
178 0.37730189732142855 0.324967119684349 0.011579241071428572 0.012056115738711091
186 0.09995814732142858 0.6540990793511617 0.009626116071428572 0.0131521262604121
14 0.11983816964285714 0.6869793950021921 0.007533482142857143 0.01841297676457694
195 0.10232979910714286 0.8198158702323542 0.013532366071428572 0.02104340201665936
186 0.18987165178571427 0.6317404647084612 0.009207589285714286 0.01578255151249452
182 0.5170200892857143 0.2695089872862779 0.0078125 0.012056115738711091
193 0.7499302455357143 0.3549978079789566 0.016880580357142856 0.0265234546251644
195 0.7499302455357143 0.4083735203857957 0.015206473214285714 0.024550635686102586
177 0.7499302455357143 0.5161113546690048 0.007672991071428571 0.020385795703638757
195 0.7499302455357143 0.5734327049539676 0.014927455357142858 0.024550635686102586
196 0.7318638392857143 0.5997369574747917 0.016462053571428572 0.025865848312143797
14 0.2949916294642857 0.7418895221394125 0.007393973214285714 0.020385795703638757
60 0.28138950892857145 0.5446076282332311 0.010602678571428572 0.012056115738711091
195 0.18994140625 0.73914949583516 0.016322544642857144 0.025865848312143797
119 0.11586216517857142 0.6352476983779044 0.015764508928571428 0.01841297676457694
175 0.11997767857142858 0.5683910565541429 0.0078125 0.016659359929855327
193 0.10072544642857142 0.5448268303375713 0.015904017857142856 0.025208241999123193
191 0.11997767857142858 0.5243314335817624 0.010044642857142858 0.01578255151249452
187 0.0849609375 0.5173169662428759 0.007533482142857143 0.006137658921525646
25 0.10777064732142858 0.48871109162647963 0.012416294642857142 0.014248136782113108
119 0.5358537946428571 0.7409031126698816 0.015625 0.022797018851380975
182 0.5472237723214286 0.5996273564226217 0.007952008928571428 0.012056115738711091
178 0.5862165178571429 0.600065760631302 0.011160714285714286 0.012056115738711091
187 0.48744419642857145 0.7647961420429636 0.00390625 0.01183691363437089
191 0.44984654017857145 0.7647961420429636 0.009347098214285714 0.014905743095133712
186 0.36502511160714285 0.7914291977202981 0.009068080357142858 0.015124945199473916
177 0.34737723214285715 0.8746163963174046 0.014229910714285714 0.01183691363437089
184 0.27022879464285715 0.8833844804910127 0.005580357142857143 0.029373081981587022
60 0.22495814732142858 0.8415168785620342 0.007672991071428571 0.01578255151249452
25 0.6619001116071429 0.4912319158263919 0.013811383928571428 0.014905743095133712
195 0.6268136160714286 0.48980710214818063 0.015625 0.024331433581762384
191 0.5878208705357143 0.48980710214818063 0.010184151785714286 0.016001753616834723