187 0.646484375 0.7541109405832055 0.008649553571428572 0.00723525542644157
187 0.38650948660714285 0.8000438500328875 0.004603794642857143 0.013593510195132646
187 0.5329938616071429 0.23744792808594606 0.004603794642857143 0.013593510195132646
187 0.5272042410714286 0.5111817583863187 0.008649553571428572 0.00723525542644157
187 0.4476841517857143 0.15084411313308485 0.008649553571428572 0.007016005262003947
187 0.16106305803571427 0.23744792808594606 0.004603794642857143 0.013593510195132646
195 0.28857421875 0.5838631878973909 0.018833705357142856 0.029818022363516772
102 0.26513671875 0.6124753343565008 0.011858258928571428 0.013374260030695024
25 0.23088727678571427 0.6142293356720018 0.010881696428571428 0.017320762990572242
187 0.26869419642857145 0.5498794124095593 0.004464285714285714 0.013593510195132646
195 0.22823660714285715 0.48750274062705545 0.016462053571428572 0.02565226923920193
181 0.19342912946428573 0.4876123657092743 0.014369419642857142 0.013593510195132646
63 0.14878627232142858 0.4872834904626179 0.013532366071428572 0.013374260030695024
119 0.13399832589285715 0.5158956369217277 0.017996651785714284 0.026748520061390047
182 0.16936383928571427 0.6541328655996492 0.008649553571428572 0.012935759701819776
195 0.12953404017857142 0.5789300591975444 0.017717633928571428 0.027844770883578163
142 0.19245256696428573 0.7371190528392896 0.0087890625 0.01447051085288314
178 0.20912388392857142 0.8191186143389607 0.008370535714285714 0.018855514141635606
186 0.20870535714285715 0.8902652926989695 0.009765625 0.01775926331944749
195 0.6250697544642857 0.6749616312212234 0.015764508928571428 0.024775268581451435
192 0.646484375 0.577943433457575 0.018136160714285716 0.02850252137689103
25 0.6593191964285714 0.48563911422933564 0.013392857142857142 0.016663012497259374
189 0.6247907366071429 0.5499890374917781 0.019949776785714284 0.012058759044069283
183 0.22928292410714285 0.23152817364613024 0.006556919642857143 0.026748520061390047
119 0.27378627232142855 0.23021267265950449 0.012974330357142858 0.02762552071914054
32 0.20954241071428573 0.3890594167945626 0.009765625 0.02170576627932471
60 0.20926339285714285 0.46206972155229115 0.008928571428571428 0.019951764963823723
142 0.20912388392857142 0.5252137689103267 0.008649553571428572 0.013374260030695024
195 0.18868582589285715 0.5499890374917781 0.017717633928571428 0.027844770883578163
195 0.14906529017857142 0.5498794124095593 0.015485491071428572 0.02324051743038807
182 0.41727120535714285 0.3001534751151063 0.008370535714285714 0.014032010524007894
191 0.3900669642857143 0.29993422495066874 0.011997767857142858 0.018855514141635606
191 0.48744419642857145 0.26529269896952423 0.011160714285714286 0.017540013155009866
194 0.38734654017857145 0.23733830300372724 0.017717633928571428 0.026090769568077175
188 0.48744419642857145 0.7623328217496164 0.015066964285714286 0.013593510195132646
186 0.48765345982142855 0.6437184827888621 0.009347098214285714 0.01841701381276036
177 0.48744419642857145 0.5778338083753563 0.008370535714285714 0.022582766937075203
177 0.48744419642857145 0.5134838851129139 0.008649553571428572 0.02367901775926332
190 0.5055803571428571 0.6124753343565008 0.010044642857142858 0.015566761675071256
193 0.5487583705357143 0.6124753343565008 0.017996651785714284 0.028283271212453408
63 0.6279994419642857 0.6124753343565008 0.012137276785714286 0.013374260030695024
119 0.6690848214285714 0.6053497040122781 0.013392857142857142 0.02762552071914054
180 0.5908900669642857 0.4246875685156764 0.014090401785714286 0.013593510195132646
191 0.6236746651785714 0.48750274062705545 0.010463169642857142 0.01644376233282175
102 0.5669642857142857 0.4019951764963824 0.008370535714285714 0.018636263977197982
142 0.5670340401785714 0.2704450778338084 0.0087890625 0.013374260030695024
63 0.36802455357142855 0.4005700504275378 0.008649553571428572 0.022802017101512827
192 0.34654017857142855 0.48739311554483666 0.018415178571428572 0.02894102170576628
25 0.31612723214285715 0.4892567419425565 0.011439732142857142 0.01775926331944749
142 0.16922433035714285 0.8922385441789081 0.008649553571428572 0.01249725937294453
14 0.18631417410714285 0.9250164437623328 0.015206473214285714 0.013593510195132646
182 0.20912388392857142 0.6301249725937295 0.009207589285714286 0.0131550098662574
177 0.34877232142857145 0.17507125630344222 0.013950892857142858 0.01381276035957027
191 0.42947823660714285 0.1749616312212234 0.011021205357142858 0.01710151282613462
182 0.68603515625 0.26923920192940143 0.0087890625 0.013593510195132646
180 0.6281389508928571 0.3001534751151063 0.012416294642857142 0.013593510195132646
192 0.5055803571428571 0.29993422495066874 0.018415178571428572 0.02894102170576628
192 0.5456194196428571 0.17485200613900462 0.017857142857142856 0.028283271212453408
195 0.6067940848214286 0.5835343126507345 0.017717633928571428 0.027844770883578163
196 0.5057896205357143 0.42501644376233283 0.017717633928571428 0.027844770883578163
181 0.48765345982142855 0.44847621135715854 0.008510044642857142 0.020828765621574215
182 0.4779575892857143 0.7374479280859461 0.008370535714285714 0.01381276035957027
119 0.4032505580357143 0.6465687349265512 0.017717633928571428 0.02587151940363955
187 0.38797433035714285 0.6123657092742819 0.004464285714285714 0.013593510195132646
194 0.42696707589285715 0.424906818680114 0.018275669642857144 0.02850252137689103
177 0.5269252232142857 0.32470949353212014 0.008649553571428572 0.022802017101512827
178 0.40792410714285715 0.38949791712343784 0.008649553571428572 0.02302126726595045
194 0.427734375 0.48739311554483666 0.018136160714285716 0.02850252137689103
195 0.72607421875 0.2693488270116203 0.015764508928571428 0.024775268581451435
186 0.7258649553571429 0.3252576189432142 0.009765625 0.016882262661696998
175 0.7257952008928571 0.5060293795220346 0.009068080357142858 0.02324051743038807
187 0.7260044642857143 0.5812321859241394 0.008649553571428572 0.007016005262003947
119 0.45228794642857145 0.20554702916027187 0.017857142857142856 0.025213768910326683
178 0.44789341517857145 0.2773514580135935 0.008510044642857142 0.02324051743038807
196 0.08970424107142858 0.2684718263538698 0.017578125 0.027844770883578163
196 0.11070033482142858 0.23744792808594606 0.017717633928571428 0.02762552071914054
192 0.08970424107142858 0.456917342688007 0.017857142857142856 0.028064021048015787
193 0.11056082589285714 0.48739311554483666 0.017717633928571428 0.02762552071914054
63 0.26904296875 0.4872834904626179 0.010463169642857142 0.013374260030695024
177 0.08970424107142858 0.6428414821311116 0.008370535714285714 0.02455601841701381
184 0.6800362723214286 0.5123876342907258 0.021065848214285716 0.010085507564130673
180 0.44740513392857145 0.44968208726156544 0.008649553571428572 0.020609515457136594
194 0.4476841517857143 0.3903749177811883 0.017020089285714284 0.027844770883578163
195 0.4476841517857143 0.5827669370752028 0.016183035714285716 0.025433019074764307
192 0.11083984375 0.924906818680114 0.019112723214285716 0.030037272527954396
182 0.14725167410714285 0.9252356939267704 0.0087890625 0.013593510195132646
192 0.08970424107142858 0.8915807936855953 0.018136160714285716 0.028721771541328656
193 0.08970424107142858 0.8290944968208727 0.017578125 0.027844770883578163
192 0.11083984375 0.7374479280859461 0.017717633928571428 0.027844770883578163
32 0.607421875 0.7094935321201491 0.009765625 0.025433019074764307
191 0.673828125 0.424906818680114 0.009765625 0.015347511510633634
25 0.6217912946428571 0.42720894540670906 0.012555803571428572 0.01775926331944749
188 0.5442243303571429 0.7374479280859461 0.007254464285714286 0.02565226923920193
175 0.5022321428571429 0.7370094277570708 0.015066964285714286 0.01381276035957027