187 0.22963169642857142 0.8535729943007453 0.0030691964285714285 0.00920648838228847
187 0.0830078125 0.0920648838228847 0.0030691964285714285 0.00920648838228847
187 0.7499302455357143 0.22917580008768085 0.005719866071428571 0.005041648399824638
187 0.07686941964285714 0.2878123629986848 0.005859375 0.004822446295484437
192 0.5076032366071429 0.45056992547128455 0.012137276785714286 0.019070583077597545
178 0.5075334821428571 0.3301183691363437 0.005580357142857143 0.01446733888645331
175 0.4174107142857143 0.30370451556334943 0.009207589285714286 0.00898728627794827
178 0.5242047991071429 0.3034853134590092 0.009347098214285714 0.009425690486628672
60 0.6311383928571429 0.3034853134590092 0.007533482142857143 0.009425690486628672
186 0.6579241071428571 0.3040333187198597 0.0078125 0.009644892590968873
191 0.21142578125 0.28156510302498905 0.009068080357142858 0.014248136782113108
187 0.17103794642857142 0.1343708899605436 0.0030691964285714285 0.00920648838228847
63 0.14878627232142858 0.13448049101271373 0.009347098214285714 0.009425690486628672
177 0.11669921875 0.13448049101271373 0.010184151785714286 0.00898728627794827
185 0.21561104910714285 0.318500657606313 0.014369419642857142 0.0070144673388864535
177 0.22649274553571427 0.43062253397632616 0.009068080357142858 0.009425690486628672
177 0.27999441964285715 0.21931170539237177 0.008928571428571428 0.009425690486628672
14 0.34619140625 0.3655195089872863 0.005998883928571429 0.014248136782113108
180 0.3461216517857143 0.4089215256466462 0.005859375 0.013371328364752301
188 0.34605189732142855 0.8332967996492766 0.010184151785714286 0.0076720736519070585
119 0.34298270089285715 0.7936212187637002 0.012137276785714286 0.015563349408154318
119 0.34291294642857145 0.7014467338886453 0.011997767857142858 0.01797457255589654
63 0.3085239955357143 0.6844585708022797 0.010463169642857142 0.00898728627794827
190 0.21819196428571427 0.6843489697501096 0.006696428571428571 0.007452871547566856
188 0.19928850446428573 0.6842393686979396 0.004324776785714286 0.016440157825515125
178 0.17068917410714285 0.6420429636124507 0.009626116071428572 0.00920648838228847
63 0.14501953125 0.6418237615081105 0.009626116071428572 0.00920648838228847
181 0.5236467633928571 0.4732573432704954 0.0087890625 0.009644892590968873
63 0.5345982142857143 0.4466242875931609 0.005859375 0.016001753616834723
183 0.5318080357142857 0.407606313020605 0.011160714285714286 0.006795265234546251
119 0.5315987723214286 0.36091626479614203 0.011858258928571428 0.015124945199473916
192 0.4927455357142857 0.26128890837352037 0.012555803571428572 0.01972818939061815
192 0.4662388392857143 0.26128890837352037 0.011997767857142858 0.018851380973257344
194 0.49497767857142855 0.8958790004384042 0.011997767857142858 0.018851380973257344
142 0.48067801339285715 0.8268303375712407 0.005998883928571429 0.008768084173608066
63 0.5440848214285714 0.6843489697501096 0.009486607142857142 0.00920648838228847
194 0.6024693080357143 0.6843489697501096 0.012137276785714286 0.018851380973257344
188 0.48067801339285715 0.4893686979395002 0.009626116071428572 0.0076720736519070585
196 0.44126674107142855 0.1343708899605436 0.011997767857142858 0.01841297676457694
119 0.45682198660714285 0.19421306444541866 0.012137276785714286 0.017536168347216132
186 0.45375279017857145 0.24320473476545376 0.0068359375 0.011617711530030689
32 0.40025111607142855 0.19202104340201667 0.006696428571428571 0.015344147303814117
176 0.3999720982142857 0.3164182376150811 0.005859375 0.012932924156071899
142 0.39990234375 0.4218544498027181 0.005998883928571429 0.008548882069267865
192 0.38546316964285715 0.43051293292415604 0.012276785714285714 0.019289785181937746
194 0.7499302455357143 0.873958790004384 0.012137276785714286 0.018851380973257344
177 0.7375139508928571 0.8957693993862341 0.0107421875 0.00898728627794827
185 0.6632952008928571 0.9025646646207803 0.004324776785714286 0.02257781674704077
102 0.6253487723214286 0.8959886014905744 0.007672991071428571 0.00898728627794827
60 0.5724748883928571 0.8956597983340641 0.007672991071428571 0.00920648838228847
180 0.5498744419642857 0.8957693993862341 0.0087890625 0.00898728627794827
175 0.74169921875 0.7268741779921087 0.009347098214285714 0.00920648838228847
63 0.7230747767857143 0.6265892152564665 0.006417410714285714 0.013809732573432706
175 0.7228655133928571 0.5424156071898291 0.005719866071428571 0.016878562034195528
188 0.6339285714285714 0.472818939061815 0.004185267857142857 0.01446733888645331
60 0.5614536830357143 0.45506356861025865 0.005719866071428571 0.01578255151249452
179 0.5603376116071429 0.3696843489697501 0.008231026785714286 0.01819377466023674
189 0.5614536830357143 0.32387110916264794 0.0068359375 0.021262604120999562
63 0.5613839285714286 0.5387987724682157 0.005859375 0.015344147303814117
187 0.5749162946428571 0.5574309513371328 0.0030691964285714285 0.00920648838228847
191 0.6305803571428571 0.5574309513371328 0.007533482142857143 0.01183691363437089
192 0.6569475446428571 0.5574309513371328 0.012276785714285714 0.019289785181937746
178 0.22230747767857142 0.642371766768961 0.010184151785714286 0.009425690486628672
195 0.23842075892857142 0.7486847873739588 0.012555803571428572 0.01994739149495835
188 0.23842075892857142 0.7870451556334941 0.008370535714285714 0.0076720736519070585
63 0.23828125 0.5406619903551074 0.005859375 0.014248136782113108
184 0.23416573660714285 0.4526523454625164 0.014369419642857142 0.00657606313020605
186 0.23842075892857142 0.4085927224901359 0.006696428571428571 0.011398509425690487
196 0.23842075892857142 0.3229943007452872 0.012834821428571428 0.01994739149495835
32 0.6966378348214286 0.28035949145111794 0.007114955357142857 0.016659359929855327
183 0.7084263392857143 0.25712406839105656 0.004464285714285714 0.017536168347216132
175 0.6575055803571429 0.43051293292415604 0.009486607142857142 0.00920648838228847
195 0.5739397321428571 0.43051293292415604 0.011997767857142858 0.018851380973257344
63 0.6961495535714286 0.4506795265234546 0.005580357142857143 0.016220955721174924
177 0.6961495535714286 0.5788031565103025 0.005859375 0.014248136782113108
181 0.73681640625 0.6418237615081105 0.009347098214285714 0.00920648838228847
190 0.16706194196428573 0.6843489697501096 0.007393973214285714 0.010083296799649276
191 0.16636439732142858 0.8957693993862341 0.007393973214285714 0.011617711530030689
182 0.20305524553571427 0.8959886014905744 0.005719866071428571 0.009425690486628672
175 0.25076729910714285 0.8958790004384042 0.009347098214285714 0.00920648838228847
32 0.13099888392857142 0.6229723805348532 0.006696428571428571 0.017536168347216132
191 0.13065011160714285 0.4507891275756247 0.007393973214285714 0.011617711530030689
188 0.13071986607142858 0.39927663305567734 0.011439732142857142 0.006795265234546251
181 0.20145089285714285 0.3035949145111793 0.009207589285714286 0.00920648838228847
179 0.22398158482142858 0.3018412976764577 0.009626116071428572 0.012713722051731697
196 0.5614536830357143 0.8735203857957037 0.011579241071428572 0.018851380973257344
142 0.5616629464285714 0.8296799649276633 0.005859375 0.008768084173608066
182 0.5156947544642857 0.8109381850065761 0.005719866071428571 0.009425690486628672
193 0.5757533482142857 0.8111573871109162 0.011997767857142858 0.018632178868917142
192 0.6833147321428571 0.8112669881630864 0.012276785714285714 0.019289785181937746
185 0.5572684151785714 0.7846339324857519 0.014369419642857142 0.006795265234546251
102 0.29220145089285715 0.7439719421306444 0.005998883928571429 0.013590530469092503
196 0.29227120535714285 0.7053923717667689 0.011997767857142858 0.018851380973257344
184 0.28794642857142855 0.6505918456817186 0.014229910714285714 0.0070144673388864535
181 0.25467354910714285 0.6419333625602806 0.009347098214285714 0.00898728627794827
195 0.3603515625 0.8958790004384042 0.010602678571428572 0.016659359929855327
180 0.23842075892857142 0.8328583954405963 0.005859375 0.013371328364752301
102 0.19496372767857142 0.6418237615081105 0.009905133928571428 0.008768084173608066
179 0.26416015625 0.6180403331871986 0.007952008928571428 0.014686540990793511
180 0.7498604910714286 0.6224243752740026 0.006138392857142857 0.012494519947391494
25 0.7490931919642857 0.4583516001753617 0.007672991071428571 0.016659359929855327
179 0.7488141741071429 0.40453748355984215 0.007952008928571428 0.015563349408154318
63 0.7499302455357143 0.32047347654537484 0.005719866071428571 0.012713722051731697
119 0.7131696428571429 0.3085269618588338 0.011439732142857142 0.018632178868917142
196 0.7362583705357143 0.43062253397632616 0.012137276785714286 0.019070583077597545
196 0.373046875 0.3689171416045594 0.011997767857142858 0.018851380973257344
183 0.37562779017857145 0.4216352476983779 0.011300223214285714 0.006795265234546251
175 0.3729771205357143 0.3295703638754932 0.005719866071428571 0.016440157825515125
192 0.373046875 0.28233231039017975 0.012555803571428572 0.01972818939061815
177 0.3729771205357143 0.24046470846120122 0.005719866071428571 0.01446733888645331
60 0.3731166294642857 0.20539237176676897 0.005998883928571429 0.0131521262604121
195 0.373046875 0.11179307321350285 0.010602678571428572 0.016659359929855327
14 0.38804408482142855 0.09217448487505481 0.010463169642857142 0.00898728627794827
142 0.3535853794642857 0.3038141166155195 0.006277901785714286 0.00920648838228847
186 0.3075474330357143 0.3035949145111793 0.007114955357142857 0.01052170100832968
183 0.24504743303571427 0.30786935554581324 0.004324776785714286 0.017755370451556333
14 0.5345982142857143 0.1972818939061815 0.005859375 0.014028934677772907
187 0.5345982142857143 0.15563349408154317 0.005859375 0.004822446295484437
187 0.5345982142857143 0.24024550635686104 0.005859375 0.004822446295484437
178 0.10372488839285714 0.15015344147303814 0.005719866071428571 0.012275317843051293
192 0.11830357142857142 0.26128890837352037 0.011997767857142858 0.018851380973257344
178 0.13051060267857142 0.2744410346339325 0.005719866071428571 0.016220955721174924
176 0.16957310267857142 0.0920648838228847 0.010463169642857142 0.00920648838228847
190 0.19559151785714285 0.0920648838228847 0.005859375 0.00920648838228847
195 0.22495814732142858 0.09217448487505481 0.010463169642857142 0.016440157825515125
119 0.1669921875 0.21405085488820694 0.01171875 0.019070583077597545
192 0.19859095982142858 0.21898290223586148 0.012416294642857142 0.01972818939061815
180 0.732421875 0.38831652783866727 0.008649553571428572 0.00898728627794827
192 0.7082170758928571 0.38831652783866727 0.012137276785714286 0.019070583077597545
182 0.6336495535714286 0.38776852257781674 0.005859375 0.00920648838228847
192 0.5735909598214286 0.38831652783866727 0.012137276785714286 0.019070583077597545
102 0.07686941964285714 0.20199473914949584 0.005859375 0.012932924156071899
192 0.07686941964285714 0.15366067514248136 0.012276785714285714 0.019289785181937746
185 0.15164620535714285 0.25482244629548445 0.004464285714285714 0.02257781674704077
177 0.16971261160714285 0.2613985094256905 0.009905133928571428 0.00898728627794827
183 0.20598493303571427 0.2572336694432267 0.004324776785714286 0.017755370451556333
193 0.22544642857142858 0.2613985094256905 0.011997767857142858 0.018632178868917142
179 0.2518833705357143 0.2595352915387988 0.009068080357142858 0.012713722051731697
183 0.3070591517857143 0.25734327049539674 0.004464285714285714 0.01797457255589654
119 0.32826450892857145 0.25624725997369574 0.011997767857142858 0.019289785181937746
175 0.3729771205357143 0.45210434020166596 0.005719866071428571 0.014686540990793511
185 0.37723214285714285 0.5328803156510302 0.014229910714285714 0.0070144673388864535
175 0.37290736607142855 0.5746383165278387 0.005859375 0.011617711530030689
192 0.3584681919642857 0.6843489697501096 0.012416294642857142 0.01972818939061815
185 0.7457449776785714 0.6708680403331871 0.014369419642857142 0.006795265234546251
194 0.7499302455357143 0.7060499780797895 0.012416294642857142 0.019289785181937746
188 0.7322823660714286 0.7689609820254274 0.005580357142857143 0.0131521262604121
25 0.6968470982142857 0.7918676019289785 0.007254464285714286 0.014686540990793511
184 0.67333984375 0.7502192021043402 0.014369419642857142 0.006795265234546251
192 0.6691545758928571 0.8327487943884261 0.011579241071428572 0.018851380973257344
179 0.4633091517857143 0.09381850065760632 0.009486607142857142 0.012713722051731697
32 0.4439174107142857 0.09140727750986409 0.008091517857142858 0.01052170100832968
182 0.48074776785714285 0.1590311266988163 0.005859375 0.00898728627794827
180 0.48060825892857145 0.23520385795703638 0.005859375 0.014905743095133712
25 0.4814453125 0.33088557650153444 0.007254464285714286 0.014686540990793511
195 0.48067801339285715 0.4110039456378781 0.011858258928571428 0.018851380973257344
176 0.23835100446428573 0.2001315212626041 0.005719866071428571 0.014028934677772907
188 0.21979631696428573 0.13448049101271373 0.004324776785714286 0.016440157825515125
176 0.4268275669642857 0.23882069267864972 0.005719866071428571 0.015124945199473916
190 0.4268275669642857 0.2772906619903551 0.007393973214285714 0.010960105217010083
189 0.4268275669642857 0.3670539237176677 0.005161830357142857 0.021262604120999562
180 0.46616908482142855 0.4729285401139851 0.009626116071428572 0.009425690486628672