187 0.11551339285714286 0.8198158702323542 0.00390625 0.01183691363437089
187 0.10260881696428571 0.7647961420429636 0.004045758928571429 0.01183691363437089
187 0.5590122767857143 0.159798334064007 0.00390625 0.01183691363437089
187 0.0849609375 0.25526085050416486 0.007533482142857143 0.006356861025865849
187 0.6449497767857143 0.3050197281893906 0.007533482142857143 0.006356861025865849
187 0.5049525669642857 0.9111135466900482 0.007672991071428571 0.006356861025865849
187 0.6449497767857143 0.9192240245506357 0.007533482142857143 0.006356861025865849
187 0.6799665178571429 0.9049758877685226 0.007533482142857143 0.006356861025865849
187 0.15492466517857142 0.8833844804910127 0.007672991071428571 0.006137658921525646
187 0.39990234375 0.7381630863656291 0.007672991071428571 0.006356861025865849
187 0.5791713169642857 0.709776413853573 0.004045758928571429 0.01183691363437089
180 0.73388671875 0.4896975010960105 0.012974330357142858 0.01183691363437089
119 0.7459542410714286 0.410894344585708 0.015345982142857142 0.02345462516440158
194 0.7323521205357143 0.3798772468215695 0.016880580357142856 0.0263042525208242
177 0.6614815848214286 0.3798772468215695 0.011300223214285714 0.01183691363437089
196 0.7499302455357143 0.29723805348531346 0.016322544642857144 0.025427444103463395
176 0.6971261160714286 0.21503726435773785 0.013671875 0.01183691363437089
187 0.62744140625 0.21481806225339764 0.004045758928571429 0.01183691363437089
191 0.5593610491071429 0.21492766330556773 0.010184151785714286 0.016001753616834723
192 0.17368861607142858 0.8198158702323542 0.015625 0.02367382726874178
14 0.21205357142857142 0.8197062691801841 0.01171875 0.011617711530030689
188 0.3399135044642857 0.8197062691801841 0.0068359375 0.02082419991231916
192 0.11990792410714286 0.7348750548005261 0.016043526785714284 0.025208241999123193
183 0.11642020089285714 0.6263700131521263 0.0146484375 0.009425690486628672
181 0.11976841517857142 0.5767207365190706 0.007672991071428571 0.017536168347216132
192 0.11997767857142858 0.5162209557211749 0.016183035714285716 0.025427444103463395
32 0.12053571428571429 0.46887330118369136 0.008928571428571428 0.018851380973257344
186 0.20556640625 0.4350065760631302 0.009626116071428572 0.014248136782113108
60 0.24386160714285715 0.4350065760631302 0.011160714285714286 0.012056115738711091
187 0.2774135044642857 0.43478737395879 0.004045758928571429 0.012056115738711091
63 0.16706194196428573 0.3798772468215695 0.013532366071428572 0.01183691363437089
194 0.5228794642857143 0.21481806225339764 0.015625 0.024112231477422183
193 0.4868861607142857 0.21481806225339764 0.015625 0.024112231477422183
195 0.45235770089285715 0.21481806225339764 0.013532366071428572 0.02104340201665936
175 0.42166573660714285 0.21503726435773785 0.013811383928571428 0.01183691363437089
177 0.3827427455357143 0.21470846120122752 0.014090401785714286 0.012056115738711091
14 0.51708984375 0.3248575186321789 0.012974330357142858 0.01183691363437089
119 0.5617327008928571 0.31828145550197284 0.013253348214285714 0.024550635686102586
178 0.5892159598214286 0.32463831652783864 0.014090401785714286 0.01183691363437089
14 0.6099330357142857 0.35039456378781236 0.007533482142857143 0.02082419991231916
182 0.5398297991071429 0.5748575186321788 0.007672991071428571 0.011617711530030689
182 0.5280412946428571 0.5448268303375713 0.006975446428571429 0.012056115738711091
192 0.48716517857142855 0.5447172292854011 0.015625 0.024550635686102586
142 0.4437779017857143 0.5448268303375713 0.006975446428571429 0.012056115738711091
14 0.49009486607142855 0.8197062691801841 0.011160714285714286 0.011617711530030689
180 0.5399693080357143 0.5248794388426129 0.007393973214285714 0.016001753616834723
188 0.6449497767857143 0.780469092503288 0.010044642857142858 0.009425690486628672
186 0.6449497767857143 0.6770056992547129 0.008928571428571428 0.015563349408154318
191 0.6448800223214286 0.5204953967558088 0.010184151785714286 0.016001753616834723
195 0.6627371651785714 0.48980710214818063 0.014090401785714286 0.022139412538360367
189 0.6449497767857143 0.4598860149057431 0.008370535714285714 0.02761946514686541
182 0.6909877232142857 0.4350065760631302 0.007254464285714286 0.012494519947391494
190 0.11216517857142858 0.32474791758000876 0.008370535714285714 0.015124945199473916
177 0.13992745535714285 0.21492766330556773 0.013113839285714286 0.011617711530030689
180 0.17180524553571427 0.21470846120122752 0.011579241071428572 0.012056115738711091
186 0.46993582589285715 0.5124945199473915 0.0087890625 0.01446733888645331
181 0.47000558035714285 0.577159140727751 0.007533482142857143 0.014905743095133712
195 0.46993582589285715 0.4068391056554143 0.0146484375 0.022797018851380975
189 0.3109654017857143 0.48980710214818063 0.017578125 0.015124945199473916
186 0.24462890625 0.4896975010960105 0.009905133928571428 0.013590530469092503
195 0.20696149553571427 0.48980710214818063 0.013532366071428572 0.02082419991231916
196 0.3833705357142857 0.48980710214818063 0.016183035714285716 0.025646646207803596
188 0.39990234375 0.5160017536168348 0.015206473214285714 0.011398509425690487
182 0.5749162946428571 0.2507672073651907 0.007533482142857143 0.01183691363437089
142 0.6798270089285714 0.30743095133713283 0.007533482142857143 0.012056115738711091
183 0.6565290178571429 0.33044717229285403 0.005580357142857143 0.02257781674704077
182 0.6800362723214286 0.4621876370013152 0.007672991071428571 0.011617711530030689
192 0.0849609375 0.299978079789566 0.015345982142857142 0.024331433581762384
184 0.09026227678571429 0.40541429197720297 0.018973214285714284 0.00898728627794827
185 0.095703125 0.4262384918895221 0.005580357142857143 0.02915387987724682
195 0.39990234375 0.24254712845243315 0.013811383928571428 0.021701008329679965
179 0.41378348214285715 0.32244629548443665 0.014229910714285714 0.016220955721174924
175 0.3998325892857143 0.34842174484875055 0.007533482142857143 0.019070583077597545
193 0.39990234375 0.4640508548882069 0.016043526785714284 0.02498903989478299
196 0.6268136160714286 0.3248575186321789 0.016462053571428572 0.025865848312143797
182 0.6448102678571429 0.4190048224462955 0.007533482142857143 0.011617711530030689
189 0.41713169642857145 0.43478737395879 0.017578125 0.013371328364752301
190 0.49679129464285715 0.4348969750109601 0.009207589285714286 0.01446733888645331
183 0.5260881696428571 0.42952652345462516 0.005859375 0.02345462516440158
25 0.5955636160714286 0.4335817623849189 0.010602678571428572 0.015344147303814117
193 0.5574079241071429 0.8197062691801841 0.016043526785714284 0.025208241999123193
191 0.6284877232142857 0.8198158702323542 0.009765625 0.015344147303814117
189 0.5049525669642857 0.7354230600613766 0.007952008928571428 0.02761946514686541
183 0.5016043526785714 0.6896098202542744 0.014927455357142858 0.008768084173608066
181 0.38671875 0.5997369574747917 0.009765625 0.01183691363437089
182 0.7149135044642857 0.4593380096448926 0.007672991071428571 0.011617711530030689
194 0.7149135044642857 0.518522577816747 0.015764508928571428 0.024769837790442787
185 0.7203543526785714 0.5708022797018851 0.018833705357142856 0.00920648838228847
184 0.6394391741071429 0.8465585269618588 0.0185546875 0.008768084173608066
32 0.5755440848214286 0.6309732573432705 0.008510044642857142 0.021262604120999562
181 0.5749162946428571 0.5709118807540552 0.007533482142857143 0.015563349408154318
179 0.6594587053571429 0.8222270933800965 0.015345982142857142 0.016659359929855327
190 0.6799665178571429 0.6177115300306883 0.007254464285714286 0.01052170100832968
195 0.6799665178571429 0.5713502849627357 0.016183035714285716 0.025646646207803596
178 0.6330217633928571 0.5446076282332311 0.013532366071428572 0.012056115738711091
176 0.15485491071428573 0.7879219640508549 0.007533482142857143 0.02082419991231916
119 0.15080915178571427 0.6236299868478737 0.015625 0.023235423060061378
182 0.15492466517857142 0.5217010083296799 0.007672991071428571 0.01183691363437089
32 0.3158482142857143 0.3784524331433582 0.013950892857142858 0.014248136782113108
102 0.13357979910714285 0.15968873301183692 0.011300223214285714 0.012056115738711091
191 0.14250837053571427 0.32474791758000876 0.011021205357142858 0.01731696624287593
175 0.24483816964285715 0.1049978079789566 0.011439732142857142 0.01183691363437089
63 0.29506138392857145 0.13776852257781674 0.0078125 0.01731696624287593
178 0.13357979910714285 0.1049978079789566 0.013532366071428572 0.01183691363437089
102 0.25997488839285715 0.17678649715037265 0.007393973214285714 0.01994739149495835
184 0.26534598214285715 0.24068391056554142 0.018694196428571428 0.008768084173608066
192 0.25997488839285715 0.29745725558965364 0.015764508928571428 0.02498903989478299
14 0.25990513392857145 0.3431608943445857 0.007533482142857143 0.01994739149495835
190 0.18994140625 0.4629548443665059 0.0087890625 0.008768084173608066
182 0.19008091517857142 0.5822007891275757 0.007952008928571428 0.011398509425690487
184 0.19545200892857142 0.8042525208242 0.018694196428571428 0.00920648838228847
60 0.3999720982142857 0.6834721613327488 0.0078125 0.018851380973257344
181 0.40004185267857145 0.6330556773345024 0.007672991071428571 0.01972818939061815
180 0.48611886160714285 0.7096668128014029 0.012974330357142858 0.012056115738711091
14 0.6270926339285714 0.3795484436650592 0.013950892857142858 0.012056115738711091