187 0.5398995535714286 0.8394344585708022 0.007533482142857143 0.006356861025865849
187 0.12513950892857142 0.43478737395879 0.00390625 0.012056115738711091
187 0.11453683035714286 0.9297457255589654 0.00390625 0.012056115738711091
187 0.7499302455357143 0.9128671635247698 0.007672991071428571 0.006356861025865849
187 0.7499302455357143 0.15168785620341954 0.007672991071428571 0.006137658921525646
187 0.6099330357142857 0.44125383603682594 0.007533482142857143 0.006137658921525646
187 0.14808872767857142 0.10488820692678649 0.004045758928571429 0.012056115738711091
192 0.11990792410714286 0.8450241122314774 0.015206473214285714 0.024550635686102586
181 0.17522321428571427 0.8199254712845243 0.013113839285714286 0.011617711530030689
181 0.24169921875 0.8197062691801841 0.010184151785714286 0.011617711530030689
60 0.27197265625 0.8200350723366945 0.010184151785714286 0.01183691363437089
177 0.11962890625 0.7895659798334064 0.007393973214285714 0.01841297676457694
182 0.11997767857142858 0.6891714160455941 0.0078125 0.01183691363437089
184 0.13567243303571427 0.6462078035949145 0.005998883928571429 0.029373081981587022
182 0.18296595982142858 0.6549758877685226 0.007393973214285714 0.012275317843051293
14 0.20710100446428573 0.6546470846120123 0.011021205357142858 0.011617711530030689
119 0.15910993303571427 0.6254932047347654 0.015764508928571428 0.01731696624287593
195 0.10142299107142858 0.709776413853573 0.013671875 0.021481806225339763
191 0.20333426339285715 0.7647961420429636 0.011300223214285714 0.01797457255589654
183 0.26792689732142855 0.7594256904866287 0.005719866071428571 0.02345462516440158
178 0.64501953125 0.5255370451556335 0.007393973214285714 0.02082419991231916
142 0.6449497767857143 0.5819815870232354 0.007533482142857143 0.010960105217010083
177 0.5749162946428571 0.6295484436650591 0.007533482142857143 0.016659359929855327
182 0.5655691964285714 0.6547566856641823 0.0078125 0.01183691363437089
189 0.48702566964285715 0.709776413853573 0.017578125 0.01052170100832968
175 0.5398297991071429 0.7985532661113547 0.007672991071428571 0.01709776413853573
192 0.5749860491071429 0.7348750548005261 0.0166015625 0.026085050416484
177 0.5223911830357143 0.7647961420429636 0.010463169642857142 0.01183691363437089
178 0.48451450892857145 0.8198158702323542 0.013950892857142858 0.01183691363437089
177 0.3793247767857143 0.7644673388864534 0.01171875 0.012056115738711091
142 0.330078125 0.459776413853573 0.0078125 0.012056115738711091
191 0.3486328125 0.48980710214818063 0.009486607142857142 0.014686540990793511
193 0.32993861607142855 0.6272468215694871 0.015904017857142856 0.024769837790442787
194 0.27671595982142855 0.6548662867163525 0.0166015625 0.026085050416484
32 0.31277901785714285 0.5988601490574309 0.014508928571428572 0.014905743095133712
184 0.24581473214285715 0.6082858395440596 0.005580357142857143 0.029373081981587022
178 0.20452008928571427 0.599956159579132 0.013113839285714286 0.01183691363437089
181 0.3818359375 0.7096668128014029 0.010323660714285714 0.012056115738711091
192 0.41873604910714285 0.709776413853573 0.0166015625 0.025865848312143797
192 0.0849609375 0.5721174923279263 0.017020089285714284 0.026742656729504603
187 0.0849609375 0.5173169662428759 0.007533482142857143 0.006137658921525646
176 0.09758649553571429 0.43478737395879 0.012416294642857142 0.012494519947391494
102 0.15464564732142858 0.12352038579570364 0.007672991071428571 0.021262604120999562
191 0.11997767857142858 0.5104120999561595 0.011160714285714286 0.017755370451556333
189 0.294921875 0.7928540113985094 0.009207589285714286 0.02761946514686541
60 0.5749162946428571 0.7878123629986847 0.007533482142857143 0.016659359929855327
194 0.5569196428571429 0.5998465585269619 0.015904017857142856 0.024769837790442787
183 0.08147321428571429 0.3463393248575186 0.014787946428571428 0.00920648838228847
177 0.5402483258928571 0.40420868040333185 0.007672991071428571 0.015344147303814117
119 0.5440848214285714 0.5781455501972819 0.015625 0.01994739149495835
180 0.5181361607142857 0.5997369574747917 0.013113839285714286 0.01183691363437089
183 0.50830078125 0.6778825076720737 0.014927455357142858 0.00898728627794827
194 0.5399693080357143 0.34951775537045154 0.0166015625 0.026085050416484
179 0.5515485491071429 0.2675361683472161 0.013532366071428572 0.016440157825515125
60 0.32979910714285715 0.9062911003945638 0.0078125 0.020385795703638757
142 0.31703404017857145 0.9297457255589654 0.007393973214285714 0.012056115738711091
192 0.27573939732142855 0.9297457255589654 0.016043526785714284 0.025208241999123193
32 0.7284458705357143 0.8186102586584831 0.012137276785714286 0.013809732573432706
190 0.6623883928571429 0.8198158702323542 0.006417410714285714 0.01446733888645331
182 0.6335797991071429 0.819487067075844 0.007393973214285714 0.012056115738711091
183 0.5862165178571429 0.824967119684349 0.005580357142857143 0.02345462516440158
179 0.3984375 0.740245506356861 0.010323660714285714 0.021920210434020166
142 0.39990234375 0.7834283209118807 0.007672991071428571 0.011398509425690487
190 0.7499302455357143 0.4469530907496712 0.009626116071428572 0.011398509425690487
176 0.7497209821428571 0.5240026304252521 0.007533482142857143 0.021262604120999562
119 0.7337472098214286 0.6060938185006576 0.013253348214285714 0.024112231477422183
187 0.732421875 0.48980710214818063 0.00390625 0.012056115738711091
142 0.5221121651785714 0.48980710214818063 0.007672991071428571 0.012056115738711091
183 0.08147321428571429 0.7355326611135466 0.014787946428571428 0.00898728627794827
176 0.0849609375 0.7944980271810609 0.007533482142857143 0.01819377466023674
196 0.24323381696428573 0.9297457255589654 0.015485491071428572 0.024331433581762384
63 0.5748465401785714 0.29405962297238053 0.007672991071428571 0.016440157825515125
188 0.5631975446428571 0.21481806225339764 0.007533482142857143 0.020166593599298552
176 0.38916015625 0.21481806225339764 0.010184151785714286 0.012275317843051293
193 0.5749162946428571 0.407606313020605 0.015904017857142856 0.024769837790442787
175 0.5749860491071429 0.45703638754932047 0.007393973214285714 0.01972818939061815
119 0.5788225446428571 0.5801183691363437 0.015345982142857142 0.01994739149495835
180 0.6100027901785714 0.5225778167470407 0.007393973214285714 0.01578255151249452
185 0.650390625 0.6910346339324858 0.018694196428571428 0.00898728627794827
196 0.6449497767857143 0.73914949583516 0.016462053571428572 0.025865848312143797
178 0.6448800223214286 0.7976764576939939 0.007393973214285714 0.01972818939061815
60 0.3462611607142857 0.37976764576939936 0.010044642857142858 0.011617711530030689
177 0.39990234375 0.5721174923279263 0.007672991071428571 0.01578255151249452
193 0.3999720982142857 0.6280140289346777 0.015345982142857142 0.024550635686102586
192 0.5225306919642857 0.6547566856641823 0.016322544642857144 0.025865848312143797
185 0.5103236607142857 0.8020604997807979 0.018694196428571428 0.008768084173608066
175 0.3804408482142857 0.32507672073651905 0.013950892857142858 0.012275317843051293
186 0.34486607142857145 0.32507672073651905 0.010044642857142858 0.012275317843051293
187 0.3124302455357143 0.3248575186321789 0.004045758928571429 0.01183691363437089
193 0.27650669642857145 0.3248575186321789 0.015625 0.024550635686102586
60 0.24434988839285715 0.32507672073651905 0.011300223214285714 0.012275317843051293
14 0.5202985491071429 0.3800964489259097 0.012137276785714286 0.01183691363437089
194 0.18980189732142858 0.46470846120122755 0.016322544642857144 0.025865848312143797
25 0.19112723214285715 0.5204953967558088 0.010044642857142858 0.021262604120999562
180 0.19001116071428573 0.4005918456817185 0.007533482142857143 0.016440157825515125
142 0.212890625 0.37976764576939936 0.0078125 0.012056115738711091
190 0.26590401785714285 0.37976764576939936 0.005580357142857143 0.015124945199473916
187 0.17243303571428573 0.10488820692678649 0.00390625 0.012056115738711091
25 0.19077845982142858 0.8518193774660237 0.009347098214285714 0.014905743095133712
178 0.14369419642857142 0.9297457255589654 0.013392857142857142 0.011617711530030689
60 0.18987165178571427 0.7998684787373959 0.007533482142857143 0.020166593599298552
102 0.17626953125 0.3796580447172293 0.012416294642857142 0.01183691363437089
191 0.20361328125 0.21481806225339764 0.011300223214285714 0.01797457255589654
192 0.27901785714285715 0.21481806225339764 0.016183035714285716 0.025427444103463395
119 0.3486328125 0.20857080227970187 0.013113839285714286 0.024331433581762384
193 0.294921875 0.6257124068391057 0.016183035714285716 0.025646646207803596
60 0.31117466517857145 0.7099956159579132 0.011021205357142858 0.012275317843051293