187 0.5661272321428571 0.43051293292415604 0.0030691964285714285 0.00920648838228847
187 0.15764508928571427 0.5217010083296799 0.005859375 0.004822446295484437
187 0.29227120535714285 0.42218325295922843 0.005859375 0.004822446295484437
187 0.1845703125 0.8187198597106532 0.005859375 0.004822446295484437
187 0.5648716517857143 0.7689609820254274 0.0030691964285714285 0.00920648838228847
187 0.3461216517857143 0.4993423936869794 0.005859375 0.004822446295484437
32 0.7232840401785714 0.2886891714160456 0.0068359375 0.014905743095133712
177 0.6837332589285714 0.26128890837352037 0.009486607142857142 0.009644892590968873
187 0.7230050223214286 0.36716352476983777 0.005719866071428571 0.004822446295484437
192 0.7230747767857143 0.4099079351161771 0.011997767857142858 0.018851380973257344
190 0.6897321428571429 0.43051293292415604 0.005580357142857143 0.00920648838228847
185 0.6512974330357143 0.43719859710653225 0.004603794642857143 0.02257781674704077
187 0.7230050223214286 0.4517755370451556 0.005719866071428571 0.004822446295484437
194 0.7090541294642857 0.6420429636124507 0.012137276785714286 0.019289785181937746
192 0.6153041294642857 0.6646207803594915 0.011300223214285714 0.018851380973257344
177 0.57275390625 0.6844585708022797 0.007393973214285714 0.00898728627794827
32 0.3036411830357143 0.8952213941253836 0.007672991071428571 0.01052170100832968
188 0.29227120535714285 0.878233231039018 0.011997767857142858 0.006795265234546251
192 0.27859933035714285 0.7266549758877685 0.012276785714285714 0.019289785181937746
193 0.22412109375 0.7266549758877685 0.012137276785714286 0.019289785181937746
102 0.203125 0.7266549758877685 0.009207589285714286 0.008768084173608066
119 0.1455078125 0.6892810170977641 0.01171875 0.018632178868917142
195 0.29220145089285715 0.6627575624725998 0.010463169642857142 0.016440157825515125
188 0.29220145089285715 0.5832967996492766 0.007952008928571428 0.00920648838228847
194 0.29227120535714285 0.5349627356422622 0.012276785714285714 0.019508987286277948
189 0.2783900669642857 0.515234546251644 0.013532366071428572 0.011617711530030689
190 0.24469866071428573 0.5151249451994739 0.004185267857142857 0.00657606313020605
189 0.22467912946428573 0.5151249451994739 0.013532366071428572 0.008329679964927663
189 0.15764508928571427 0.4078255151249452 0.005859375 0.021262604120999562
176 0.17487444196428573 0.34622972380534855 0.010184151785714286 0.009425690486628672
175 0.22140066964285715 0.3459009206488382 0.010602678571428572 0.00920648838228847
188 0.24867466517857142 0.3459009206488382 0.004603794642857143 0.01446733888645331
189 0.22593470982142858 0.472818939061815 0.013532366071428572 0.01052170100832968
180 0.24693080357142858 0.4727093380096449 0.008091517857142858 0.009425690486628672
32 0.2816685267857143 0.4720517316966243 0.010323660714285714 0.010740903112669882
192 0.31912667410714285 0.45013152126260414 0.012416294642857142 0.019508987286277948
180 0.4268275669642857 0.16275756247259973 0.005719866071428571 0.016440157825515125
188 0.4268275669642857 0.10335379219640509 0.007672991071428571 0.007233669443226655
177 0.4384068080357143 0.0920648838228847 0.007952008928571428 0.00920648838228847
177 0.4268275669642857 0.32430951337132835 0.005998883928571429 0.012056115738711091
186 0.21142578125 0.659798334064007 0.006277901785714286 0.01183691363437089
193 0.19761439732142858 0.5997369574747917 0.012137276785714286 0.019289785181937746
194 0.17013113839285715 0.5997369574747917 0.012416294642857142 0.01972818939061815
175 0.13058035714285715 0.5345243314335818 0.005859375 0.014686540990793511
194 0.21149553571428573 0.7485751863217887 0.012276785714285714 0.019289785181937746
192 0.22544642857142858 0.8958790004384042 0.012555803571428572 0.01972818939061815
190 0.6153041294642857 0.5794607628233231 0.004603794642857143 0.006795265234546251
190 0.6267438616071429 0.6843489697501096 0.007114955357142857 0.007452871547566856
175 0.615234375 0.4886014905743095 0.005859375 0.014905743095133712
182 0.6153738839285714 0.40431828145550197 0.005859375 0.008548882069267865
180 0.6153041294642857 0.3248575186321789 0.005719866071428571 0.0131521262604121
189 0.62939453125 0.3035949145111793 0.013532366071428572 0.01052170100832968
63 0.6541573660714286 0.3035949145111793 0.009486607142857142 0.00920648838228847
175 0.7049386160714286 0.3038141166155195 0.008091517857142858 0.00920648838228847
190 0.38120814732142855 0.3035949145111793 0.007393973214285714 0.00789127575624726
60 0.3729771205357143 0.2764138535729943 0.005719866071428571 0.015344147303814117
183 0.33865792410714285 0.18095133713283648 0.004324776785714286 0.017755370451556333
119 0.3032924107142857 0.18160894344585707 0.011160714285714286 0.019070583077597545
196 0.35825892857142855 0.3459009206488382 0.012555803571428572 0.01972818939061815
195 0.30482700892857145 0.3459009206488382 0.012276785714285714 0.019289785181937746
185 0.2963169642857143 0.3769180184129768 0.014508928571428572 0.006795265234546251
189 0.07686941964285714 0.7475887768522578 0.005022321428571429 0.021262604120999562
32 0.07721819196428571 0.7136124506795265 0.006556919642857143 0.016878562034195528
25 0.14620535714285715 0.6408373520385796 0.008649553571428572 0.010740903112669882
196 0.19880022321428573 0.6420429636124507 0.012276785714285714 0.019289785181937746
14 0.09207589285714286 0.7688513809732573 0.008928571428571428 0.00898728627794827
177 0.11558314732142858 0.7690705830775976 0.0107421875 0.00898728627794827
192 0.14543805803571427 0.7689609820254274 0.012137276785714286 0.019289785181937746
195 0.17180524553571427 0.7689609820254274 0.010463169642857142 0.016220955721174924
60 0.22509765625 0.8536825953529154 0.009626116071428572 0.00898728627794827
192 0.25223214285714285 0.8534633932485752 0.012276785714285714 0.019070583077597545
191 0.28243582589285715 0.8535729943007453 0.008510044642857142 0.0131521262604121
187 0.31919642857142855 0.8746163963174046 0.005859375 0.004822446295484437
195 0.29220145089285715 0.23903989478298993 0.012137276785714286 0.019070583077597545
192 0.38741629464285715 0.3459009206488382 0.012555803571428572 0.01972818939061815
191 0.7499302455357143 0.41637439719421304 0.007952008928571428 0.012494519947391494
188 0.7499302455357143 0.5688294607628234 0.008510044642857142 0.00920648838228847
181 0.7371651785714286 0.6424813678211311 0.009207589285714286 0.009644892590968873
176 0.6691545758928571 0.20506356861025865 0.005719866071428571 0.011179307321350284
195 0.6691545758928571 0.15541429197720297 0.012416294642857142 0.019289785181937746
25 0.60546875 0.0933800964489259 0.010044642857142858 0.01183691363437089
183 0.5790318080357143 0.26545374835598423 0.004324776785714286 0.01797457255589654
179 0.38427734375 0.17492327926348092 0.010463169642857142 0.012713722051731697
102 0.373046875 0.4494739149495835 0.005859375 0.012932924156071899
175 0.39146205357142855 0.4727093380096449 0.009765625 0.00898728627794827
191 0.39990234375 0.45583077597544935 0.008510044642857142 0.013371328364752301
178 0.13071986607142858 0.7093380096448926 0.005859375 0.0131521262604121
190 0.13065011160714285 0.6519070583077597 0.004324776785714286 0.00920648838228847
177 0.5345284598214286 0.11464270056992547 0.005719866071428571 0.016659359929855327
186 0.5341099330357143 0.1968434896975011 0.006277901785714286 0.012275317843051293
195 0.5345284598214286 0.24188952213941253 0.0126953125 0.01994739149495835
180 0.5265066964285714 0.17678649715037265 0.009486607142857142 0.00898728627794827
189 0.4667271205357143 0.17667689609820253 0.013532366071428572 0.009644892590968873
60 0.5885184151785714 0.7497807978956598 0.005719866071428571 0.012056115738711091
192 0.58837890625 0.7038579570363875 0.011858258928571428 0.018851380973257344
176 0.5470842633928571 0.5576501534414731 0.007672991071428571 0.00920648838228847
180 0.5717075892857143 0.4729285401139851 0.010323660714285714 0.009425690486628672
195 0.5207170758928571 0.472818939061815 0.010463169642857142 0.016220955721174924
175 0.4951171875 0.4727093380096449 0.010323660714285714 0.00898728627794827
195 0.46714564732142855 0.4729285401139851 0.012137276785714286 0.019070583077597545
32 0.41685267857142855 0.471722928540114 0.009486607142857142 0.010960105217010083
195 0.6153041294642857 0.7053923717667689 0.012416294642857142 0.019289785181937746
195 0.6005859375 0.8958790004384042 0.011997767857142858 0.018851380973257344
187 0.5749162946428571 0.8958790004384042 0.0030691964285714285 0.00920648838228847
185 0.4595424107142857 0.9024550635686103 0.004185267857142857 0.022797018851380975
102 0.3837890625 0.8957693993862341 0.008370535714285714 0.00898728627794827
193 0.3583984375 0.8958790004384042 0.011997767857142858 0.01841297676457694
181 0.3461216517857143 0.3719859710653222 0.006138392857142857 0.011398509425690487
193 0.33217075892857145 0.21909250328803156 0.011997767857142858 0.01819377466023674
189 0.58837890625 0.36486190267426566 0.007114955357142857 0.021262604120999562
190 0.58837890625 0.3126918018412977 0.005161830357142857 0.007233669443226655
187 0.6018415178571429 0.3035949145111793 0.0030691964285714285 0.00920648838228847
63 0.5788225446428571 0.30370451556334943 0.008370535714285714 0.00898728627794827
188 0.48842075892857145 0.30370451556334943 0.005301339285714286 0.016440157825515125
102 0.4672154017857143 0.30370451556334943 0.008928571428571428 0.00898728627794827
191 0.6061662946428571 0.4727093380096449 0.008091517857142858 0.012932924156071899
187 0.26534598214285715 0.4094695309074967 0.005859375 0.004822446295484437
195 0.26534598214285715 0.3654099079351162 0.010602678571428572 0.016659359929855327
189 0.26534598214285715 0.32365190705830776 0.006417410714285714 0.021262604120999562
196 0.26527622767857145 0.2381630863656291 0.012416294642857142 0.019508987286277948
182 0.2652064732142857 0.20594037702761947 0.006138392857142857 0.009425690486628672
25 0.28236607142857145 0.17569048662867162 0.009765625 0.011179307321350284
175 0.6422991071428571 0.748903989478299 0.005859375 0.015563349408154318
178 0.6422991071428571 0.713064445418676 0.005859375 0.0131521262604121
188 0.6422293526785714 0.5347435335379219 0.009347098214285714 0.008110477860587462
175 0.6424386160714286 0.49550635686102584 0.006138392857142857 0.014248136782113108
179 0.64111328125 0.45363875493204736 0.008231026785714286 0.014248136782113108
60 0.28062220982142855 0.8958790004384042 0.007952008928571428 0.008768084173608066
175 0.31905691964285715 0.791209995615958 0.005859375 0.016440157825515125
181 0.31919642857142855 0.755480052608505 0.005859375 0.013809732573432706
175 0.30643136160714285 0.7268741779921087 0.009905133928571428 0.00920648838228847
191 0.31912667410714285 0.5860368259535291 0.0087890625 0.013809732573432706
60 0.3104771205357143 0.5151249451994739 0.011021205357142858 0.008768084173608066
14 0.75 0.20078912757562473 0.005859375 0.015344147303814117
188 0.29220145089285715 0.19103463393248576 0.0107421875 0.007233669443226655
192 0.3060825892857143 0.3035949145111793 0.011997767857142858 0.018851380973257344
192 0.33377511160714285 0.30370451556334943 0.012137276785714286 0.019070583077597545
181 0.5196707589285714 0.6846777729066199 0.007254464285714286 0.009425690486628672
187 0.5076729910714286 0.5786935554581324 0.005859375 0.004822446295484437
178 0.10365513392857142 0.7051731696624287 0.005859375 0.01797457255589654
175 0.15757533482142858 0.7400263042525208 0.005719866071428571 0.012275317843051293
119 0.16071428571428573 0.7883603682595353 0.011997767857142858 0.017755370451556333