187 0.45382254464285715 0.8044717229285401 0.005859375 0.004822446295484437
187 0.11383928571428571 0.38820692678649715 0.0030691964285714285 0.00920648838228847
187 0.5076729910714286 0.12932924156071898 0.005859375 0.004822446295484437
187 0.4901646205357143 0.8112669881630864 0.003208705357142857 0.00920648838228847
187 0.7499302455357143 0.7992108724243753 0.005719866071428571 0.004822446295484437
187 0.48074776785714285 0.09644892590968873 0.005859375 0.004822446295484437
187 0.21149553571428573 0.10806663743971942 0.005859375 0.004822446295484437
187 0.1845703125 0.4636124506795265 0.005859375 0.004822446295484437
187 0.6153738839285714 0.8770276194651468 0.005859375 0.004822446295484437
187 0.10379464285714286 0.9242656729504604 0.005859375 0.005041648399824638
187 0.17912946428571427 0.0920648838228847 0.0030691964285714285 0.00920648838228847
195 0.6422991071428571 0.6625383603682595 0.010323660714285714 0.016440157825515125
193 0.6015625 0.6420429636124507 0.012834821428571428 0.020166593599298552
186 0.5751255580357143 0.642371766768961 0.007672991071428571 0.009864094695309075
189 0.5614536830357143 0.6189171416045594 0.007672991071428571 0.021262604120999562
184 0.5572684151785714 0.5767207365190706 0.014369419642857142 0.0070144673388864535
188 0.5614536830357143 0.4871766768960982 0.007672991071428571 0.007233669443226655
32 0.19817243303571427 0.6833625602805787 0.010184151785714286 0.010302498903989479
176 0.24923270089285715 0.6846777729066199 0.010184151785714286 0.00898728627794827
191 0.2748325892857143 0.6843489697501096 0.007533482142857143 0.01183691363437089
177 0.23849051339285715 0.6191363437088996 0.005719866071428571 0.013371328364752301
190 0.23842075892857142 0.5926128890837352 0.005859375 0.009864094695309075
183 0.23563058035714285 0.5321131082858396 0.011160714285714286 0.006795265234546251
177 0.17236328125 0.5150153441473038 0.008231026785714286 0.00898728627794827
187 0.1171875 0.5151249451994739 0.0030691964285714285 0.00920648838228847
179 0.09207589285714286 0.5594037702761947 0.010044642857142858 0.012275317843051293
181 0.10372488839285714 0.6222051731696624 0.005719866071428571 0.015563349408154318
181 0.10372488839285714 0.7101052170100833 0.005719866071428571 0.015563349408154318
191 0.10372488839285714 0.7855107409031127 0.007672991071428571 0.012056115738711091
192 0.10372488839285714 0.8338448049101271 0.012137276785714286 0.019289785181937746
179 0.5452706473214286 0.4746821569487067 0.011021205357142858 0.012494519947391494
192 0.5202287946428571 0.472818939061815 0.011997767857142858 0.018851380973257344
183 0.4667271205357143 0.4767645769399386 0.004324776785714286 0.01841297676457694
193 0.41224888392857145 0.472818939061815 0.012555803571428572 0.01972818939061815
187 0.45382254464285715 0.6631959666812801 0.005859375 0.005041648399824638
32 0.3905552455357143 0.64138535729943 0.008231026785714286 0.010960105217010083
192 0.4951171875 0.7266549758877685 0.012276785714285714 0.019289785181937746
188 0.54736328125 0.7266549758877685 0.004324776785714286 0.01797457255589654
63 0.5772181919642857 0.7266549758877685 0.008510044642857142 0.009644892590968873
119 0.5202287946428571 0.7640289346777729 0.010881696428571428 0.019070583077597545
191 0.54638671875 0.7689609820254274 0.007952008928571428 0.012275317843051293
186 0.5345982142857143 0.49024550635686104 0.007254464285714286 0.012932924156071899
182 0.5344587053571429 0.5743095133713284 0.005859375 0.00920648838228847
183 0.5442940848214286 0.595681718544498 0.004324776785714286 0.01819377466023674
183 0.5910295758928571 0.48147742218325296 0.011300223214285714 0.006795265234546251
185 0.6194893973214286 0.5441692240245506 0.014369419642857142 0.006795265234546251
193 0.6153041294642857 0.5795703638754932 0.0126953125 0.020166593599298552
195 0.6153041294642857 0.6215475668566418 0.012416294642857142 0.019508987286277948
183 0.6180245535714286 0.6594695309074967 0.011160714285714286 0.006795265234546251
195 0.6153738839285714 0.7073651907058308 0.010602678571428572 0.016659359929855327
181 0.3643275669642857 0.5992985532661114 0.010463169642857142 0.009644892590968873
60 0.33189174107142855 0.43051293292415604 0.008649553571428572 0.008768084173608066
181 0.31919642857142855 0.36409469530907496 0.005859375 0.014028934677772907
179 0.279296875 0.34765453748355984 0.010602678571428572 0.012713722051731697
190 0.37925502232142855 0.5997369574747917 0.006556919642857143 0.010960105217010083
192 0.4683314732142857 0.5997369574747917 0.011997767857142858 0.01841297676457694
176 0.07672991071428571 0.5838448049101271 0.005859375 0.011179307321350284
195 0.07679966517857142 0.5344147303814116 0.011858258928571428 0.018851380973257344
190 0.07679966517857142 0.5037264357737834 0.007393973214285714 0.01052170100832968
14 0.07666015625 0.4598860149057431 0.005998883928571429 0.01446733888645331
181 0.09388950892857142 0.38809732573432704 0.0078125 0.00898728627794827
196 0.07686941964285714 0.6218763700131521 0.012555803571428572 0.01972818939061815
190 0.07686941964285714 0.6570583077597545 0.006696428571428571 0.007233669443226655
178 0.07686941964285714 0.7860587461639632 0.005859375 0.012275317843051293
193 0.09130859375 0.8534633932485752 0.012137276785714286 0.019070583077597545
180 0.5193917410714286 0.2613985094256905 0.009486607142857142 0.00898728627794827
183 0.5553152901785714 0.2572336694432267 0.004324776785714286 0.017755370451556333
176 0.6232561383928571 0.2613985094256905 0.009068080357142858 0.009425690486628672
176 0.6563895089285714 0.2611793073213503 0.009207589285714286 0.009425690486628672
192 0.68359375 0.26128890837352037 0.012276785714285714 0.019289785181937746
191 0.47244698660714285 0.3459009206488382 0.008231026785714286 0.0131521262604121
102 0.41343470982142855 0.34579131959666815 0.0087890625 0.009425690486628672
187 0.5884486607142857 0.5786935554581324 0.005859375 0.004822446295484437
63 0.57080078125 0.5573213502849628 0.007672991071428571 0.00898728627794827
194 0.58837890625 0.6222051731696624 0.012416294642857142 0.019508987286277948
180 0.5883091517857143 0.790223586146427 0.005859375 0.01578255151249452
188 0.5702427455357143 0.8112669881630864 0.005440848214285714 0.014028934677772907
186 0.5223911830357143 0.8112669881630864 0.007114955357142857 0.011398509425690487
177 0.7227957589285714 0.1975010960105217 0.005859375 0.0131521262604121
182 0.7052176339285714 0.1343708899605436 0.005859375 0.00920648838228847
192 0.7230050223214286 0.24079351161771154 0.0126953125 0.01994739149495835
196 0.7230050223214286 0.32551512494519946 0.012416294642857142 0.019289785181937746
185 0.7273297991071429 0.37253397632617274 0.014090401785714286 0.006795265234546251
179 0.72412109375 0.4067295046032442 0.007952008928571428 0.01731696624287593
188 0.6884765625 0.472818939061815 0.005301339285714286 0.015344147303814117
119 0.658203125 0.47764138535729944 0.010323660714285714 0.018851380973257344
63 0.6256277901785714 0.4727093380096449 0.008510044642857142 0.00898728627794827
180 0.7230050223214286 0.48914949583516004 0.005998883928571429 0.012932924156071899
60 0.72314453125 0.5351819377466024 0.005998883928571429 0.014686540990793511
194 0.6543666294642857 0.5574309513371328 0.012137276785714286 0.019289785181937746
194 0.62744140625 0.5574309513371328 0.012137276785714286 0.019289785181937746
32 0.6787109375 0.7681937746602368 0.008649553571428572 0.010302498903989479
192 0.7499302455357143 0.7473695747479175 0.012137276785714286 0.019070583077597545
181 0.75 0.7014467338886453 0.005859375 0.01709776413853573
181 0.6797572544642857 0.1343708899605436 0.007393973214285714 0.00920648838228847
183 0.6279296875 0.13853572994300745 0.004185267857142857 0.01797457255589654
178 0.607421875 0.13448049101271373 0.009765625 0.00898728627794827
182 0.5706612723214286 0.1343708899605436 0.005719866071428571 0.00920648838228847
181 0.5482003348214286 0.13426128890837352 0.008510044642857142 0.009425690486628672
196 0.41287667410714285 0.1343708899605436 0.0126953125 0.01972818939061815
184 0.15339006696428573 0.6995835160017536 0.014369419642857142 0.006795265234546251
32 0.15792410714285715 0.7871547566856641 0.006696428571428571 0.0131521262604121
186 0.14236886160714285 0.8958790004384042 0.007672991071428571 0.011398509425690487
192 0.26527622767857145 0.3667251205611574 0.011858258928571428 0.018851380973257344
195 0.3330078125 0.3459009206488382 0.010602678571428572 0.016659359929855327
195 0.36083984375 0.472818939061815 0.011021205357142858 0.01709776413853573
179 0.26646205357142855 0.4850942569048663 0.008091517857142858 0.01709776413853573
119 0.30691964285714285 0.6372205173169663 0.01171875 0.019289785181937746
186 0.48060825892857145 0.2367382726874178 0.006975446428571429 0.01183691363437089
60 0.48067801339285715 0.32025427444103466 0.005719866071428571 0.014028934677772907
177 0.21142578125 0.15946953090749671 0.005719866071428571 0.011617711530030689
119 0.21456473214285715 0.24254712845243315 0.011997767857142858 0.016001753616834723
188 0.21812220982142858 0.2613985094256905 0.0048828125 0.012056115738711091
188 0.25244140625 0.2613985094256905 0.005161830357142857 0.016001753616834723
195 0.27915736607142855 0.26128890837352037 0.011997767857142858 0.01841297676457694
32 0.21170479910714285 0.28277071459886016 0.006556919642857143 0.0131521262604121
191 0.21149553571428573 0.3680403331871986 0.008091517857142858 0.012713722051731697
193 0.21149553571428573 0.4099079351161771 0.011997767857142858 0.018851380973257344
181 0.18436104910714285 0.32518632178868917 0.005998883928571429 0.011179307321350284
177 0.14432198660714285 0.3035949145111793 0.007952008928571428 0.00920648838228847
63 0.12200055803571429 0.3035949145111793 0.0107421875 0.00920648838228847
185 0.3418666294642857 0.5060280578693556 0.014369419642857142 0.006795265234546251
193 0.34605189732142855 0.4503507233669443 0.012137276785714286 0.019070583077597545
14 0.22795758928571427 0.43051293292415604 0.007254464285714286 0.008768084173608066
102 0.6155133928571429 0.8266111354669005 0.005859375 0.01578255151249452
188 0.3729771205357143 0.7060499780797895 0.009905133928571428 0.008768084173608066
25 0.3558872767857143 0.8545594037702762 0.008370535714285714 0.011617711530030689
176 0.22453962053571427 0.8539017974572556 0.008510044642857142 0.009425690486628672
193 0.3589564732142857 0.5574309513371328 0.011997767857142858 0.01841297676457694
196 0.10379464285714286 0.5346339324857519 0.011997767857142858 0.018851380973257344
191 0.17487444196428573 0.7689609820254274 0.0087890625 0.013590530469092503
193 0.18450055803571427 0.7463831652783867 0.012416294642857142 0.01972818939061815
63 0.18443080357142858 0.7061595791319597 0.005859375 0.013371328364752301
119 0.2891322544642857 0.20199473914949584 0.012137276785714286 0.01731696624287593
102 0.29213169642857145 0.15475668566418238 0.005859375 0.011398509425690487
60 0.30587332589285715 0.1343708899605436 0.010463169642857142 0.00920648838228847
185 0.32861328125 0.12790442788250767 0.004324776785714286 0.02257781674704077
119 0.564453125 0.6642919772029812 0.011997767857142858 0.01731696624287593
14 0.5614536830357143 0.708790004384042 0.005719866071428571 0.013371328364752301
195 0.10379464285714286 0.3237615081104779 0.012276785714285714 0.019289785181937746
193 0.10379464285714286 0.4099079351161771 0.01171875 0.018851380973257344
25 0.1044921875 0.4466242875931609 0.007254464285714286 0.012932924156071899
190 0.10379464285714286 0.19125383603682594 0.005022321428571429 0.010740903112669882
184 0.09953962053571429 0.11475230162209557 0.014369419642857142 0.007233669443226655
188 0.3999720982142857 0.1454405962297238 0.008928571428571428 0.007233669443226655
195 0.3999720982142857 0.24079351161771154 0.010323660714285714 0.016440157825515125
183 0.40262276785714285 0.31247259973695746 0.011160714285714286 0.006795265234546251
196 0.39990234375 0.3682595352915388 0.011858258928571428 0.018851380973257344
176 0.17466517857142858 0.34622972380534855 0.008649553571428572 0.00898728627794827
102 0.11467633928571429 0.2613985094256905 0.008370535714285714 0.00898728627794827
181 0.14557756696428573 0.2615081104778606 0.010463169642857142 0.00920648838228847
193 0.5736607142857143 0.5151249451994739 0.012276785714285714 0.019289785181937746