187 0.0849609375 0.860916264796142 0.007533482142857143 0.006356861025865849
187 0.7499302455357143 0.590201665935993 0.007672991071428571 0.006356861025865849
187 0.439453125 0.9297457255589654 0.00390625 0.012056115738711091
187 0.4755161830357143 0.10488820692678649 0.004045758928571429 0.012056115738711091
187 0.15855189732142858 0.10488820692678649 0.004045758928571429 0.012056115738711091
187 0.16329520089285715 0.5448268303375713 0.004045758928571429 0.012056115738711091
187 0.2762974330357143 0.159798334064007 0.004045758928571429 0.01183691363437089
187 0.39990234375 0.6090530469092503 0.007672991071428571 0.006356861025865849
187 0.5398995535714286 0.4238272687417799 0.007533482142857143 0.006356861025865849
187 0.11990792410714286 0.8422840859272249 0.007672991071428571 0.006356861025865849
186 0.2060546875 0.6548662867163525 0.009765625 0.013809732573432706
193 0.10358537946428571 0.709776413853573 0.0166015625 0.025865848312143797
63 0.0849609375 0.7426567295046033 0.007533482142857143 0.015344147303814117
32 0.08544921875 0.6330556773345024 0.008510044642857142 0.01841297676457694
187 0.0849609375 0.5722270933800965 0.007533482142857143 0.006356861025865849
193 0.0849609375 0.5158921525646646 0.015066964285714286 0.024331433581762384
14 0.10295758928571429 0.4900263042525208 0.010044642857142858 0.012494519947391494
25 0.20054408482142858 0.48838228846996934 0.011858258928571428 0.014028934677772907
185 0.37318638392857145 0.3332967996492766 0.005580357142857143 0.029592284085927224
196 0.39990234375 0.35455940377027617 0.016880580357142856 0.0265234546251644
182 0.3837193080357143 0.4896975010960105 0.007672991071428571 0.012275317843051293
180 0.41196986607142855 0.32474791758000876 0.011997767857142858 0.011617711530030689
25 0.4707728794642857 0.35905304690925033 0.009347098214285714 0.016220955721174924
60 0.4697963169642857 0.39960543621218764 0.007393973214285714 0.016220955721174924
191 0.38553292410714285 0.37976764576939936 0.011021205357142858 0.01731696624287593
192 0.41810825892857145 0.3798772468215695 0.015625 0.024112231477422183
196 0.4169224330357143 0.48980710214818063 0.016043526785714284 0.025208241999123193
60 0.43491908482142855 0.4071679088119246 0.007672991071428571 0.015563349408154318
178 0.27573939732142855 0.3796580447172293 0.011021205357142858 0.01183691363437089
60 0.6099330357142857 0.7987724682156949 0.007533482142857143 0.016659359929855327
185 0.6270926339285714 0.8112669881630864 0.006417410714285714 0.029373081981587022
178 0.60986328125 0.7450679526523455 0.007672991071428571 0.02235861464270057
182 0.6726422991071429 0.6547566856641823 0.007393973214285714 0.01183691363437089
176 0.666015625 0.5444980271810609 0.012276785714285714 0.01183691363437089
119 0.5009765625 0.5683910565541429 0.015625 0.019289785181937746
175 0.5048828125 0.5094256904866287 0.007533482142857143 0.020604997807978958
191 0.5049525669642857 0.41199035510740906 0.010463169642857142 0.016440157825515125
193 0.5049525669642857 0.29592284085927223 0.017159598214285716 0.027181060938185005
192 0.4506138392857143 0.2698377904427883 0.015625 0.024112231477422183
177 0.4151088169642857 0.26972818939061816 0.012974330357142858 0.012056115738711091
142 0.7391183035714286 0.6546470846120123 0.007533482142857143 0.012056115738711091
60 0.7342354910714286 0.709776413853573 0.012276785714285714 0.01183691363437089
142 0.7061244419642857 0.7101052170100833 0.007672991071428571 0.012494519947391494
142 0.6323939732142857 0.7095572117492328 0.007254464285714286 0.012275317843051293
102 0.69384765625 0.5998465585269619 0.011300223214285714 0.011617711530030689
192 0.6607142857142857 0.5997369574747917 0.015625 0.023235423060061378
184 0.5285295758928571 0.6085050416483998 0.006277901785714286 0.02893467777290662
60 0.6304408482142857 0.8747259973695748 0.010044642857142858 0.012056115738711091
102 0.5993303571428571 0.9297457255589654 0.012276785714285714 0.011617711530030689
176 0.5525251116071429 0.9296361245067952 0.009347098214285714 0.012275317843051293
191 0.5202287946428571 0.9297457255589654 0.010323660714285714 0.016001753616834723
25 0.4935825892857143 0.9312801402893468 0.011160714285714286 0.015124945199473916
195 0.6099330357142857 0.8464489259096888 0.013671875 0.021262604120999562
190 0.5892159598214286 0.8197062691801841 0.0068359375 0.012494519947391494
192 0.5749162946428571 0.7898947829899167 0.015904017857142856 0.024769837790442787
63 0.5601283482142857 0.709776413853573 0.009765625 0.01183691363437089
192 0.45179966517857145 0.709776413853573 0.015764508928571428 0.02498903989478299
181 0.71484375 0.513042525208242 0.0078125 0.015563349408154318
102 0.7149832589285714 0.3523673827268742 0.007533482142857143 0.019070583077597545
177 0.7149135044642857 0.18829460762823322 0.007393973214285714 0.016220955721174924
142 0.67138671875 0.10488820692678649 0.007393973214285714 0.012056115738711091
191 0.55712890625 0.10477860587461639 0.011300223214285714 0.01797457255589654
32 0.15541294642857142 0.18073213502849628 0.008649553571428572 0.016878562034195528
181 0.15485491071428573 0.12943884261288907 0.007533482142857143 0.016878562034195528
63 0.17431640625 0.21503726435773785 0.012416294642857142 0.01183691363437089
63 0.36495535714285715 0.2870451556334941 0.007533482142857143 0.020385795703638757
60 0.48897879464285715 0.8749451994739149 0.010602678571428572 0.012056115738711091
188 0.5281808035714286 0.8747259973695748 0.006417410714285714 0.019508987286277948
194 0.5574776785714286 0.8747259973695748 0.015625 0.02389302937308198
25 0.5912388392857143 0.8734107847435335 0.009486607142857142 0.015124945199473916
179 0.5228097098214286 0.817404647084612 0.0126953125 0.016220955721174924
193 0.46993582589285715 0.7919772029811486 0.015764508928571428 0.02498903989478299
194 0.45186941964285715 0.7647961420429636 0.016183035714285716 0.025427444103463395
191 0.36495535714285715 0.7474791758000877 0.009765625 0.015344147303814117
32 0.29554966517857145 0.6760192897851819 0.008510044642857142 0.022797018851380975
186 0.23988560267857142 0.7651249451994739 0.009626116071428572 0.014248136782113108
182 0.29457310267857145 0.5659798334064007 0.008231026785714286 0.011398509425690487
179 0.29345703125 0.5277290661990355 0.0107421875 0.024331433581762384
192 0.18994140625 0.5150153441473038 0.0166015625 0.026085050416484
192 0.18994140625 0.5732135028496274 0.016043526785714284 0.02498903989478299
192 0.18994140625 0.4601052170100833 0.014927455357142858 0.024550635686102586
186 0.18994140625 0.4048662867163525 0.008510044642857142 0.01446733888645331
195 0.5049525669642857 0.13426128890837352 0.013811383928571428 0.021701008329679965
178 0.48291015625 0.21481806225339764 0.011300223214285714 0.012713722051731697
181 0.38169642857142855 0.21481806225339764 0.013113839285714286 0.01183691363437089
191 0.4824916294642857 0.15990793511617712 0.011021205357142858 0.01731696624287593
192 0.41734095982142855 0.159798334064007 0.015485491071428572 0.024550635686102586
183 0.35560825892857145 0.16538798772468216 0.005580357142857143 0.023016220955721176
184 0.31668526785714285 0.1685664182376151 0.005580357142857143 0.02893467777290662
32 0.400390625 0.5728846996931171 0.008649553571428572 0.021262604120999562
176 0.3999720982142857 0.516330556773345 0.007533482142857143 0.015124945199473916
60 0.4144810267857143 0.4346777729066199 0.013392857142857142 0.01183691363437089
142 0.5286690848214286 0.3796580447172293 0.007114955357142857 0.01183691363437089
184 0.46275111607142855 0.38842612889083733 0.005580357142857143 0.029373081981587022
102 0.5398995535714286 0.3012932924156072 0.007533482142857143 0.015124945199473916
192 0.5214146205357143 0.3248575186321789 0.016880580357142856 0.0263042525208242
187 0.48744419642857145 0.3248575186321789 0.00390625 0.01183691363437089
190 0.17961774553571427 0.709776413853573 0.005998883928571429 0.01183691363437089
186 0.22481863839285715 0.6823761508110477 0.009068080357142858 0.014905743095133712
177 0.22502790178571427 0.6219859710653223 0.007533482142857143 0.019508987286277948
183 0.39195033482142855 0.7045155633494081 0.005719866071428571 0.023235423060061378
14 0.2949916294642857 0.12461639631740465 0.007393973214285714 0.02082419991231916
186 0.31515066964285715 0.2695089872862779 0.010044642857142858 0.014686540990793511
193 0.41768973214285715 0.5997369574747917 0.016183035714285716 0.025427444103463395
14 0.6798967633928571 0.803266111354669 0.007672991071428571 0.019070583077597545
177 0.6797572544642857 0.7319158263919333 0.007393973214285714 0.01578255151249452
14 0.6798270089285714 0.6795265234546252 0.007533482142857143 0.019289785181937746
177 0.6800362723214286 0.6286716352476984 0.007672991071428571 0.01841297676457694
194 0.36495535714285715 0.18478737395879 0.016183035714285716 0.025427444103463395
178 0.36502511160714285 0.3542306006137659 0.007672991071428571 0.021920210434020166
185 0.14327566964285715 0.7563568610258659 0.005580357142857143 0.029592284085927224
119 0.17710658482142858 0.758658483121438 0.0126953125 0.02498903989478299
190 0.20521763392857142 0.7647961420429636 0.008370535714285714 0.011398509425690487
192 0.34877232142857145 0.3248575186321789 0.015625 0.024550635686102586
192 0.32993861607142855 0.409798334064007 0.016462053571428572 0.025646646207803596
195 0.32993861607142855 0.46273564226216574 0.013671875 0.021481806225339763
179 0.24204799107142858 0.10258658483121438 0.014787946428571428 0.016659359929855327
32 0.22551618303571427 0.19015782551512495 0.008510044642857142 0.019508987286277948
102 0.22495814732142858 0.23388864533099518 0.007393973214285714 0.021920210434020166
176 0.22481863839285715 0.35269618588338447 0.007672991071428571 0.014905743095133712
194 0.6449497767857143 0.7358614642700569 0.014508928571428572 0.024550635686102586
195 0.7149135044642857 0.6269180184129768 0.015485491071428572 0.024550635686102586
176 0.7147739955357143 0.7921964050854888 0.007393973214285714 0.018851380973257344