187 0.5559430803571429 0.9250164437623328 0.004464285714285714 0.013593510195132646
187 0.33837890625 0.8625301468976102 0.004603794642857143 0.013593510195132646
187 0.21958705357142858 0.9250164437623328 0.004464285714285714 0.013593510195132646
187 0.45528738839285715 0.1749616312212234 0.004603794642857143 0.013593510195132646
187 0.24874441964285715 0.3723964042973032 0.008649553571428572 0.00723525542644157
187 0.646484375 0.7473141854856391 0.008649553571428572 0.00723525542644157
187 0.08970424107142858 0.5866038149528612 0.008649553571428572 0.00723525542644157
187 0.208984375 0.8351238763429073 0.008649553571428572 0.007016005262003947
195 0.5272042410714286 0.8961850471387853 0.017578125 0.027844770883578163
14 0.52734375 0.8301907476430608 0.008649553571428572 0.02039026529269897
193 0.5059988839285714 0.6124753343565008 0.018136160714285716 0.028721771541328656
193 0.505859375 0.8625301468976102 0.018415178571428572 0.02894102170576628
185 0.38636997767857145 0.8721771541328656 0.0068359375 0.03332602499451875
196 0.3680943080357143 0.8290944968208727 0.018275669642857144 0.028721771541328656
63 0.3433314732142857 0.9246875685156764 0.014508928571428572 0.014251260688445516
182 0.30301339285714285 0.9251260688445516 0.008091517857142858 0.014251260688445516
188 0.38462611607142855 0.9250164437623328 0.007254464285714286 0.02499451874588906
178 0.4312220982142857 0.9252356939267704 0.013950892857142858 0.013593510195132646
195 0.5091378348214286 0.9250164437623328 0.016043526785714284 0.025433019074764307
195 0.5457589285714286 0.1749616312212234 0.015904017857142856 0.02499451874588906
184 0.5138811383928571 0.18471826353869766 0.006556919642857143 0.03310677483008112
142 0.5055106026785714 0.23700942775707082 0.009068080357142858 0.013593510195132646
14 0.4662388392857143 0.23722867792150845 0.013392857142857142 0.0131550098662574
196 0.42689732142857145 0.23744792808594606 0.018415178571428572 0.02894102170576628
190 0.3867885044642857 0.23744792808594606 0.0068359375 0.014909011181758386
194 0.34640066964285715 0.23744792808594606 0.018136160714285716 0.02850252137689103
102 0.35267857142857145 0.2993860995395747 0.013113839285714286 0.013374260030695024
196 0.30782645089285715 0.2998245998684499 0.017717633928571428 0.027844770883578163
181 0.3148716517857143 0.17518088138566104 0.012276785714285714 0.013593510195132646
176 0.4077845982142857 0.327121245340934 0.008649553571428572 0.019294014470510854
176 0.40785435267857145 0.45461521596141197 0.0087890625 0.020828765621574215
177 0.3285435267857143 0.3984871738653804 0.008928571428571428 0.022582766937075203
183 0.33238002232142855 0.46283709712782284 0.0166015625 0.010085507564130673
14 0.34102957589285715 0.48717386538039903 0.011300223214285714 0.013593510195132646
182 0.5472935267857143 0.48717386538039903 0.008370535714285714 0.013593510195132646
183 0.5008370535714286 0.4935321201490901 0.006417410714285714 0.0263100197325148
175 0.47000558035714285 0.48739311554483666 0.011160714285714286 0.0131550098662574
184 0.42215401785714285 0.7276912957684718 0.006696428571428571 0.03332602499451875
186 0.4081333705357143 0.7713220784915589 0.009626116071428572 0.01710151282613462
185 0.49365234375 0.20357377768033327 0.021065848214285716 0.010743258057443543
179 0.5402483258928571 0.23470730103047577 0.014090401785714286 0.018636263977197982
187 0.48744419642857145 0.1437184827888621 0.008649553571428572 0.00723525542644157
196 0.5884486607142857 0.11247533435650077 0.017857142857142856 0.02718702039026529
180 0.48765345982142855 0.2742819557114668 0.0087890625 0.01841701381276036
60 0.48744419642857145 0.3356720017540013 0.008370535714285714 0.01841701381276036
175 0.43282645089285715 0.36242052181539136 0.011021205357142858 0.0131550098662574
142 0.46303013392857145 0.5499890374917781 0.008649553571428572 0.01381276035957027
195 0.5484793526785714 0.5499890374917781 0.0185546875 0.029160271870203903
175 0.24874441964285715 0.26255207191405394 0.008370535714285714 0.02433676825257619
184 0.21812220982142858 0.24720456040342031 0.006277901785714286 0.03310677483008112
119 0.16482979910714285 0.19885989914492436 0.018275669642857144 0.02762552071914054
179 0.150390625 0.17737338303003727 0.015625 0.018855514141635606
60 0.12925502232142858 0.2612365709274282 0.008510044642857142 0.01907476430607323
192 0.19008091517857142 0.17485200613900462 0.018833705357142856 0.029598772199079148
179 0.14167131696428573 0.23459767594825695 0.014090401785714286 0.018855514141635606
193 0.4286411830357143 0.42501644376233283 0.017717633928571428 0.027844770883578163
190 0.48744419642857145 0.536066652049989 0.008091517857142858 0.013593510195132646
175 0.48765345982142855 0.5805744354308265 0.008510044642857142 0.019294014470510854
63 0.6337890625 0.6125849594387196 0.015345982142857142 0.0131550098662574
186 0.5837751116071429 0.5497697873273405 0.011021205357142858 0.014689761017320764
191 0.6333705357142857 0.7374479280859461 0.011997767857142858 0.01907476430607323
184 0.580078125 0.7470949353212015 0.006417410714285714 0.03354527515895637
175 0.47474888392857145 0.7370094277570708 0.013113839285714286 0.01381276035957027
142 0.44775390625 0.577943433457575 0.0087890625 0.012716509537382154
25 0.4091099330357143 0.6988598991449244 0.0107421875 0.01907476430607323
180 0.6067243303571429 0.19951764963823723 0.008370535714285714 0.018855514141635606
189 0.5866350446428571 0.23744792808594606 0.020089285714285716 0.012278009208506906
183 0.08572823660714286 0.44880508660381496 0.0166015625 0.01052400789300592
60 0.08977399553571429 0.39136154352115765 0.008510044642857142 0.024117518088138567
195 0.11056082589285714 0.48750274062705545 0.017717633928571428 0.026090769568077175
192 0.14948381696428573 0.48739311554483666 0.017717633928571428 0.02718702039026529
187 0.18910435267857142 0.48739311554483666 0.004603794642857143 0.013593510195132646
192 0.22914341517857142 0.48750274062705545 0.017996651785714284 0.028283271212453408
180 0.2637416294642857 0.4872834904626179 0.012974330357142858 0.013374260030695024
195 0.28857421875 0.39223854417890813 0.015485491071428572 0.024117518088138567
180 0.3506556919642857 0.36285902214426663 0.011300223214285714 0.013593510195132646
196 0.6067243303571429 0.32887524665643497 0.018136160714285716 0.02850252137689103
192 0.5669642857142857 0.203135277351458 0.017857142857142856 0.028283271212453408
187 0.7260044642857143 0.20620477965358475 0.008649553571428572 0.00723525542644157
176 0.7260044642857143 0.3338083753562815 0.008649553571428572 0.022144266608199955
178 0.6642020089285714 0.36242052181539136 0.012834821428571428 0.0131550098662574
102 0.58984375 0.36253014689761015 0.013392857142857142 0.014251260688445516
181 0.7096121651785714 0.5497697873273405 0.013253348214285714 0.013374260030695024
188 0.08970424107142858 0.2179346634509976 0.016741071428571428 0.013593510195132646
192 0.11118861607142858 0.424906818680114 0.017857142857142856 0.028064021048015787
176 0.43484933035714285 0.6123657092742819 0.012555803571428572 0.013593510195132646
192 0.38741629464285715 0.6124753343565008 0.018136160714285716 0.028721771541328656
176 0.52685546875 0.5860556895417671 0.0087890625 0.02367901775926332
193 0.5480608258928571 0.6124753343565008 0.017717633928571428 0.027406270554702915
190 0.3833705357142857 0.1749616312212234 0.010044642857142858 0.010085507564130673
178 0.4081333705357143 0.2661696996272747 0.0087890625 0.02587151940363955
32 0.20961216517857142 0.7633194474895856 0.010184151785714286 0.024775268581451435
63 0.20891462053571427 0.7179346634509975 0.008510044642857142 0.016882262661696998
192 0.22956194196428573 0.6749616312212234 0.017717633928571428 0.02696777022582767
25 0.26492745535714285 0.6733172549879413 0.011997767857142858 0.017978513483885114
187 0.22893415178571427 0.7375575531681648 0.004464285714285714 0.013593510195132646
182 0.7264229910714286 0.597237447928086 0.008928571428571428 0.013593510195132646
191 0.5669642857142857 0.7113571585178688 0.011997767857142858 0.01907476430607323
192 0.28857421875 0.8324928743696558 0.017996651785714284 0.028064021048015787
188 0.28857421875 0.8823722867792151 0.013532366071428572 0.010743258057443543
182 0.3134765625 0.6123657092742819 0.008928571428571428 0.013593510195132646
186 0.34451729910714285 0.6124753343565008 0.011858258928571428 0.01381276035957027
188 0.28857421875 0.5772856829642622 0.016322544642857144 0.012278009208506906
192 0.24881417410714285 0.20752028064021047 0.018833705357142856 0.029598772199079148
176 0.18464006696428573 0.2997149747862311 0.0126953125 0.0131550098662574
175 0.20884486607142858 0.32394211795658845 0.008649553571428572 0.018197763648322735
182 0.6462751116071429 0.45264196448147337 0.0087890625 0.01381276035957027
177 0.6466238839285714 0.26748520061390046 0.008649553571428572 0.02324051743038807
60 0.6465541294642857 0.2150844113133085 0.008510044642857142 0.022802017101512827
195 0.5887974330357143 0.6749616312212234 0.015485491071428572 0.023898267923700943