187 0.6862444196428571 0.2800920850690638 0.008649553571428572 0.00723525542644157
187 0.27880859375 0.11247533435650077 0.004603794642857143 0.013593510195132646
187 0.5272042410714286 0.47632098224073666 0.008649553571428572 0.00723525542644157
187 0.08970424107142858 0.3092523569392677 0.008649553571428572 0.00723525542644157
187 0.7260044642857143 0.4688664766498575 0.008649553571428572 0.00723525542644157
187 0.2885044642857143 0.9038588028941021 0.008649553571428572 0.00723525542644157
187 0.13490513392857142 0.8000438500328875 0.004464285714285714 0.013593510195132646
187 0.10184151785714286 0.23744792808594606 0.004464285714285714 0.013593510195132646
187 0.39208984375 0.6123657092742819 0.004603794642857143 0.013593510195132646
191 0.40792410714285715 0.21201490901118175 0.010881696428571428 0.01710151282613462
196 0.38741629464285715 0.23744792808594606 0.018136160714285716 0.02850252137689103
189 0.34716796875 0.23733830300372724 0.019949776785714284 0.01644376233282175
188 0.42173549107142855 0.2998245998684499 0.008649553571428572 0.027844770883578163
195 0.2885044642857143 0.33128699846524884 0.015904017857142856 0.02499451874588906
190 0.26527622767857145 0.36242052181539136 0.009626116071428572 0.013593510195132646
32 0.6336495535714286 0.3611050208287656 0.014508928571428572 0.015786011839508878
189 0.7077985491071429 0.424906818680114 0.019949776785714284 0.013593510195132646
179 0.6877790178571429 0.580355185266389 0.012555803571428572 0.026748520061390047
177 0.34779575892857145 0.3619820214865161 0.014508928571428572 0.013593510195132646
60 0.23577008928571427 0.36231089673317257 0.013671875 0.013374260030695024
63 0.185546875 0.36242052181539136 0.011160714285714286 0.014032010524007894
142 0.15987723214285715 0.3622012716509537 0.008649553571428572 0.013593510195132646
119 0.13399832589285715 0.4509975882481912 0.017438616071428572 0.021925016443762334
14 0.12953404017857142 0.5157860118395089 0.008510044642857142 0.023459767594825695
189 0.20905412946428573 0.7058759044069283 0.010463169642857142 0.031352773514580136
181 0.60693359375 0.32810787108090333 0.0087890625 0.024775268581451435
142 0.5758928571428571 0.3001534751151063 0.008370535714285714 0.014032010524007894
63 0.6283482142857143 0.23755755316816488 0.010602678571428572 0.013374260030695024
191 0.5935407366071429 0.11236570927428195 0.014090401785714286 0.022144266608199955
102 0.3681640625 0.21771541328655997 0.008649553571428572 0.022802017101512827
14 0.3681640625 0.14327998245998685 0.008649553571428572 0.020828765621574215
14 0.3086635044642857 0.11236570927428195 0.014927455357142858 0.013374260030695024
63 0.5269949776785714 0.3243806182854637 0.0087890625 0.01907476430607323
191 0.5040457589285714 0.36242052181539136 0.010044642857142858 0.015786011839508878
193 0.46561104910714285 0.36242052181539136 0.017717633928571428 0.02762552071914054
195 0.38636997767857145 0.36242052181539136 0.017717633928571428 0.028064021048015787
193 0.46602957589285715 0.11236570927428195 0.018833705357142856 0.029598772199079148
179 0.5059988839285714 0.24018855514141635 0.015904017857142856 0.018197763648322735
184 0.4575892857142857 0.24742381056785792 0.006696428571428571 0.03266827450120587
196 0.28857421875 0.20839728129796098 0.017159598214285716 0.027844770883578163
175 0.30873325892857145 0.23744792808594606 0.012555803571428572 0.0131550098662574
175 0.28857421875 0.27022582766937076 0.008510044642857142 0.018197763648322735
180 0.2647181919642857 0.3001534751151063 0.011300223214285714 0.013593510195132646
181 0.14606584821428573 0.3000438500328875 0.013950892857142858 0.01381276035957027
63 0.12953404017857142 0.32920412190309145 0.0087890625 0.021267265950449463
184 0.09584263392857142 0.504056128042096 0.021484375 0.010085507564130673
175 0.23458426339285715 0.5495505371629029 0.011021205357142858 0.01381276035957027
60 0.16908482142857142 0.6395527296645472 0.008649553571428572 0.021486516114887087
195 0.18959263392857142 0.6124753343565008 0.015345982142857142 0.02302126726595045
182 0.24874441964285715 0.5923043192282395 0.008649553571428572 0.01381276035957027
185 0.5732421875 0.32777899583424686 0.021205357142857144 0.010085507564130673
196 0.5669642857142857 0.26649857487393114 0.017299107142857144 0.027844770883578163
32 0.20947265625 0.4615215961411971 0.009905133928571428 0.01841701381276036
194 0.20905412946428573 0.3930059197544398 0.017717633928571428 0.027844770883578163
195 0.2696010044642857 0.5499890374917781 0.018833705357142856 0.029598772199079148
192 0.3681640625 0.8910326682745012 0.018415178571428572 0.02894102170576628
178 0.34619140625 0.8623108967331725 0.0146484375 0.014032010524007894
142 0.3681640625 0.8402762552071914 0.008649553571428572 0.012935759701819776
175 0.3680943080357143 0.7628809471607104 0.0087890625 0.018636263977197982
102 0.36802455357142855 0.7011620258715194 0.008370535714285714 0.017540013155009866
193 0.34765625 0.6749616312212234 0.017857142857142856 0.02696777022582767
193 0.32833426339285715 0.6434992326244244 0.018275669642857144 0.02850252137689103
181 0.7105189732142857 0.3622012716509537 0.012555803571428572 0.013593510195132646
142 0.6309988839285714 0.4246875685156764 0.008370535714285714 0.013593510195132646
189 0.5857282366071429 0.424906818680114 0.019949776785714284 0.011401008550756413
192 0.5470145089285714 0.424906818680114 0.018136160714285716 0.02850252137689103
182 0.2490234375 0.5331067748300812 0.009207589285714286 0.014251260688445516
195 0.22802734375 0.48739311554483666 0.0185546875 0.029379522034641527
191 0.16922433035714285 0.772966454724841 0.011439732142857142 0.01775926331944749
189 0.16922433035714285 0.706095154571366 0.010881696428571428 0.031352773514580136
25 0.32924107142857145 0.8372067529050646 0.010323660714285714 0.01775926331944749
194 0.42738560267857145 0.924906818680114 0.017717633928571428 0.027844770883578163
142 0.38302176339285715 0.9247971935978953 0.008231026785714286 0.013593510195132646
187 0.30845424107142855 0.9250164437623328 0.004464285714285714 0.013593510195132646
180 0.4478236607142857 0.8370971278228458 0.008649553571428572 0.021486516114887087
196 0.46923828125 0.7999342249506687 0.017996651785714284 0.028283271212453408
63 0.6319754464285714 0.7996053497040123 0.015345982142857142 0.0131550098662574
196 0.6663643973214286 0.7999342249506687 0.017996651785714284 0.028283271212453408
32 0.32875279017857145 0.6966673975005482 0.009626116071428572 0.019513264634948475
142 0.6862444196428571 0.9112036834027626 0.008928571428571428 0.0131550098662574
182 0.6177455357142857 0.8627493970620478 0.008370535714285714 0.013593510195132646
181 0.5889369419642857 0.8622012716509537 0.013811383928571428 0.013374260030695024
186 0.46463448660714285 0.863187897390923 0.0107421875 0.015347511510633634
190 0.6153738839285714 0.9250164437623328 0.009207589285714286 0.01710151282613462
177 0.50390625 0.9252356939267704 0.013392857142857142 0.013593510195132646
184 0.46128627232142855 0.9347730760798071 0.0068359375 0.03310677483008112
181 0.7262137276785714 0.6450339837754878 0.0087890625 0.021486516114887087
192 0.7260044642857143 0.5790396842797632 0.018415178571428572 0.02894102170576628
185 0.6979631696428571 0.5597456698092523 0.006417410714285714 0.03332602499451875
187 0.6664341517857143 0.6749616312212234 0.004464285714285714 0.013374260030695024
176 0.6214425223214286 0.6749616312212234 0.014369419642857142 0.013374260030695024
187 0.5868443080357143 0.6749616312212234 0.004603794642857143 0.013374260030695024
179 0.21065848214285715 0.767704450778338 0.011997767857142858 0.024775268581451435
142 0.13999720982142858 0.48750274062705545 0.0087890625 0.01381276035957027
189 0.16922433035714285 0.4560403420302565 0.008091517857142858 0.031572023679017756
14 0.16929408482142858 0.40605130453847843 0.008510044642857142 0.020171015128261346
142 0.646484375 0.5367244025433019 0.008649553571428572 0.013593510195132646
182 0.6463448660714286 0.44880508660381496 0.008928571428571428 0.012716509537382154
119 0.6418805803571429 0.4047358035518527 0.017857142857142856 0.024117518088138567
183 0.6426478794642857 0.3260249945187459 0.016880580357142856 0.010085507564130673
178 0.16929408482142858 0.32394211795658845 0.0087890625 0.022144266608199955
180 0.28843470982142855 0.513922385441789 0.008510044642857142 0.02367901775926332
186 0.62451171875 0.5497697873273405 0.011579241071428572 0.01644376233282175
195 0.6067940848214286 0.5177592633194474 0.016322544642857144 0.02565226923920193
196 0.646484375 0.6456917342688007 0.018136160714285716 0.02850252137689103
194 0.646484375 0.7091646568734926 0.017299107142857144 0.027844770883578163
189 0.6465541294642857 0.8312869984652489 0.010463169642857142 0.031352773514580136
182 0.646484375 0.8862091646568735 0.008928571428571428 0.012716509537382154
186 0.4077845982142857 0.5847401885551414 0.009486607142857142 0.017978513483885114
102 0.38992745535714285 0.5498794124095593 0.011439732142857142 0.013593510195132646
102 0.40799386160714285 0.6325367244025433 0.008510044642857142 0.02104801578601184
189 0.40792410714285715 0.7709932032449024 0.010044642857142858 0.031352773514580136
195 0.38741629464285715 0.424906818680114 0.015904017857142856 0.02499451874588906
183 0.31801060267857145 0.43104582328436747 0.006277901785714286 0.0263100197325148
179 0.28696986607142855 0.4050646787985091 0.011997767857142858 0.026529269896952423
178 0.24867466517857142 0.3919096689322517 0.008510044642857142 0.020828765621574215
63 0.24867466517857142 0.45044946283709714 0.008510044642857142 0.022582766937075203
192 0.6273018973214286 0.6124753343565008 0.017996651785714284 0.028283271212453408
102 0.6717354910714286 0.550098662573997 0.010602678571428572 0.014032010524007894
189 0.5866350446428571 0.6124753343565008 0.020089285714285716 0.01775926331944749
191 0.5020926339285714 0.6124753343565008 0.010323660714285714 0.01644376233282175
188 0.46749441964285715 0.6123657092742819 0.008649553571428572 0.01710151282613462
186 0.42787388392857145 0.6120368340276255 0.010602678571428572 0.016005262003946502