187 0.26729910714285715 0.23744792808594606 0.004464285714285714 0.013593510195132646
187 0.62451171875 0.29993422495066874 0.004603794642857143 0.013593510195132646
187 0.12946428571428573 0.44891471168603375 0.008649553571428572 0.00723525542644157
187 0.15199497767857142 0.23744792808594606 0.004603794642857143 0.013593510195132646
187 0.34326171875 0.424906818680114 0.004603794642857143 0.013593510195132646
187 0.5721958705357143 0.11247533435650077 0.004603794642857143 0.013593510195132646
187 0.4476841517857143 0.8347950010962508 0.008649553571428572 0.00723525542644157
190 0.28857421875 0.13133084849813637 0.0068359375 0.01447051085288314
190 0.28857421875 0.21848278886209166 0.006277901785714286 0.01512826134619601
191 0.38748604910714285 0.17485200613900462 0.010463169642857142 0.01644376233282175
175 0.2885044642857143 0.39114229335672 0.008649553571428572 0.02367901775926332
185 0.5607561383928571 0.4623985967989476 0.021065848214285716 0.010085507564130673
178 0.5475725446428571 0.424906818680114 0.015066964285714286 0.0131550098662574
192 0.5053013392857143 0.48739311554483666 0.018136160714285716 0.02850252137689103
192 0.4667271205357143 0.6749616312212234 0.017996651785714284 0.028283271212453408
186 0.12946428571428573 0.774172330629248 0.009486607142857142 0.015786011839508878
176 0.14669363839285715 0.7372286779215085 0.011579241071428572 0.01381276035957027
190 0.23095703125 0.8000438500328875 0.006277901785714286 0.015786011839508878
193 0.24881417410714285 0.8330409997807499 0.017717633928571428 0.027844770883578163
177 0.12953404017857142 0.7033545275158957 0.008510044642857142 0.017978513483885114
188 0.16929408482142858 0.573887305415479 0.016322544642857144 0.011620258715194036
14 0.16908482142857142 0.45889059416794564 0.008649553571428572 0.01710151282613462
175 0.7260044642857143 0.8887305415479062 0.008649553571428572 0.01775926331944749
14 0.6862444196428571 0.6414163560622671 0.008649553571428572 0.02170576627932471
191 0.6863141741071429 0.5868230651172989 0.010463169642857142 0.01644376233282175
14 0.6864536830357143 0.46579697434773076 0.008510044642857142 0.023898267923700943
63 0.6644112723214286 0.6747423810567857 0.014090401785714286 0.01381276035957027
191 0.6309988839285714 0.6749616312212234 0.013671875 0.021267265950449463
186 0.5902622767857143 0.675180881385661 0.011160714285714286 0.01512826134619601
180 0.3055943080357143 0.9246875685156764 0.014090401785714286 0.01381276035957027
191 0.32833426339285715 0.8423591317693488 0.012137276785714286 0.018855514141635606
187 0.32833426339285715 0.7062047796535847 0.008510044642857142 0.007016005262003947
63 0.6067243303571429 0.31933786450339835 0.008649553571428572 0.022582766937075203
63 0.6068638392857143 0.3891690418767814 0.008370535714285714 0.024117518088138567
119 0.5940290178571429 0.494189870642403 0.015345982142857142 0.028064021048015787
14 0.20891462053571427 0.8295329971497478 0.0087890625 0.018636263977197982
183 0.22900390625 0.6063363297522473 0.006277901785714286 0.026529269896952423
142 0.32833426339285715 0.5667616750712563 0.0087890625 0.014032010524007894
178 0.19684709821428573 0.5497697873273405 0.015904017857142856 0.013374260030695024
32 0.15290178571428573 0.48618723964042976 0.014508928571428572 0.015566761675071256
60 0.18450055803571427 0.48717386538039903 0.012974330357142858 0.013593510195132646
177 0.27218191964285715 0.48739311554483666 0.014787946428571428 0.013593510195132646
179 0.26388113839285715 0.5473580355185267 0.0146484375 0.018636263977197982
192 0.30908203125 0.5498794124095593 0.017717633928571428 0.02718702039026529
190 0.6794084821428571 0.36242052181539136 0.010044642857142858 0.013593510195132646
185 0.6527622767857143 0.402762552071914 0.021205357142857144 0.01052400789300592
180 0.5106724330357143 0.36209164656873494 0.014090401785714286 0.01381276035957027
119 0.681640625 0.21727691295768473 0.017578125 0.022802017101512827
182 0.46609933035714285 0.17529050646787986 0.008370535714285714 0.01381276035957027
102 0.48751395089285715 0.5909888182416136 0.008510044642857142 0.01907476430607323
184 0.48123604910714285 0.5169918877439158 0.021344866071428572 0.01052400789300592
179 0.4892578125 0.6330848498136373 0.01171875 0.026090769568077175
180 0.44754464285714285 0.650186362639772 0.008649553571428572 0.02039026529269897
182 0.32826450892857145 0.6456917342688007 0.008649553571428572 0.012278009208506906
187 0.08970424107142858 0.518636263977198 0.008649553571428572 0.00723525542644157
180 0.08963448660714286 0.5748739311554484 0.008510044642857142 0.024117518088138567
60 0.08970424107142858 0.7105897829423372 0.008928571428571428 0.02324051743038807
194 0.08970424107142858 0.770664327998246 0.018136160714285716 0.02850252137689103
194 0.08970424107142858 0.831725498794124 0.018136160714285716 0.028721771541328656
60 0.14718191964285715 0.924906818680114 0.011997767857142858 0.013374260030695024
181 0.4267578125 0.48717386538039903 0.012834821428571428 0.013593510195132646
63 0.4081333705357143 0.5154571365928524 0.008510044642857142 0.021925016443762334
119 0.4222935267857143 0.5426441569831177 0.015625 0.02762552071914054
60 0.46456473214285715 0.5498794124095593 0.015904017857142856 0.0131550098662574
190 0.19782366071428573 0.23744792808594606 0.007254464285714286 0.011401008550756413
119 0.22119140625 0.10502082876562158 0.014090401785714286 0.02850252137689103
186 0.20905412946428573 0.38938829204121905 0.009068080357142858 0.017540013155009866
186 0.20891462053571427 0.4525323393992545 0.009626116071428572 0.017540013155009866
190 0.20905412946428573 0.5183073887305415 0.009068080357142858 0.014909011181758386
182 0.3890904017857143 0.5498794124095593 0.008370535714285714 0.013593510195132646
14 0.5269252232142857 0.39684279763209823 0.008649553571428572 0.02104801578601184
196 0.5470842633928571 0.29993422495066874 0.017996651785714284 0.028064021048015787
181 0.5032087053571429 0.8000438500328875 0.015625 0.014032010524007894
175 0.625 0.9250164437623328 0.013113839285714286 0.0131550098662574
187 0.5669642857142857 0.7686910765183074 0.008649553571428572 0.007016005262003947
176 0.44761439732142855 0.2638675729006797 0.008510044642857142 0.01775926331944749
119 0.4522181919642857 0.3379741284805964 0.017717633928571428 0.020828765621574215
192 0.38755580357142855 0.11247533435650077 0.018136160714285716 0.02850252137689103
183 0.2993861607142857 0.11850471387853541 0.006417410714285714 0.026529269896952423
188 0.20905412946428573 0.9071475553606665 0.016880580357142856 0.012935759701819776
187 0.30845424107142855 0.36242052181539136 0.004464285714285714 0.013593510195132646
180 0.35023716517857145 0.36253014689761015 0.015206473214285714 0.013374260030695024
191 0.5138113839285714 0.5498794124095593 0.013671875 0.021486516114887087
191 0.5506417410714286 0.5499890374917781 0.013113839285714286 0.020828765621574215
190 0.4077845982142857 0.6585178688884017 0.008649553571428572 0.013374260030695024
186 0.7262834821428571 0.706095154571366 0.009207589285714286 0.01644376233282175
188 0.72607421875 0.46097347073010303 0.011021205357142858 0.012935759701819776
180 0.7057059151785714 0.4247971935978952 0.014927455357142858 0.01381276035957027
187 0.6266043526785714 0.6123657092742819 0.004603794642857143 0.013593510195132646
32 0.5494559151785714 0.6110502082876562 0.013811383928571428 0.016224512168384126
195 0.16929408482142858 0.2697873273404955 0.017717633928571428 0.027844770883578163
182 0.18694196428571427 0.11280420960315721 0.008370535714285714 0.01381276035957027
32 0.16978236607142858 0.3313966235474677 0.009765625 0.01907476430607323
176 0.6609235491071429 0.42501644376233283 0.012416294642857142 0.013374260030695024
186 0.6659458705357143 0.5502082876562158 0.011021205357142858 0.01644376233282175
187 0.6266043526785714 0.5498794124095593 0.004603794642857143 0.013593510195132646
60 0.46840122767857145 0.6122560841920631 0.0126953125 0.013374260030695024