187 0.7057756696428571 0.17667689609820253 0.0030691964285714285 0.00920648838228847
187 0.10379464285714286 0.9007014467338886 0.005859375 0.004822446295484437
187 0.21149553571428573 0.7886891714160456 0.005859375 0.004822446295484437
187 0.5345982142857143 0.9219640508548882 0.005859375 0.004822446295484437
187 0.39076450892857145 0.8958790004384042 0.0030691964285714285 0.00920648838228847
187 0.29227120535714285 0.5006576063130206 0.005859375 0.004822446295484437
187 0.5345982142857143 0.21459886014905744 0.005859375 0.004822446295484437
187 0.3999720982142857 0.211968434896975 0.005859375 0.004822446295484437
187 0.6153738839285714 0.7547128452433144 0.005859375 0.004822446295484437
179 0.07805524553571429 0.45780359491451117 0.007952008928571428 0.017755370451556333
195 0.09089006696428571 0.4729285401139851 0.012137276785714286 0.019070583077597545
63 0.07700892857142858 0.4998903989478299 0.005859375 0.013371328364752301
191 0.11837332589285714 0.43051293292415604 0.007952008928571428 0.012713722051731697
192 0.14515904017857142 0.43051293292415604 0.012416294642857142 0.019289785181937746
60 0.16985212053571427 0.43062253397632616 0.008510044642857142 0.00898728627794827
14 0.19461495535714285 0.38831652783866727 0.009765625 0.009425690486628672
195 0.26534598214285715 0.41034633932485753 0.011997767857142858 0.018851380973257344
188 0.15764508928571427 0.6549758877685226 0.008649553571428572 0.00920648838228847
184 0.15339006696428573 0.4958351600175362 0.014369419642857142 0.0070144673388864535
63 0.14815848214285715 0.4727093380096449 0.009765625 0.00898728627794827
191 0.16629464285714285 0.5574309513371328 0.008928571428571428 0.014028934677772907
176 0.19907924107142858 0.5575405523893029 0.009765625 0.009425690486628672
186 0.22593470982142858 0.5574309513371328 0.007393973214285714 0.01052170100832968
182 0.24588448660714285 0.5575405523893029 0.005719866071428571 0.009425690486628672
32 0.2656947544642857 0.4985751863217887 0.0068359375 0.015124945199473916
190 0.48067801339285715 0.3179526523454625 0.007114955357142857 0.011617711530030689
189 0.46630859375 0.3035949145111793 0.013532366071428572 0.01052170100832968
183 0.43722098214285715 0.47687417799210874 0.004464285714285714 0.01819377466023674
179 0.4794921875 0.279373081981587 0.008091517857142858 0.019070583077597545
179 0.4795619419642857 0.24199912319158265 0.007952008928571428 0.015344147303814117
193 0.3853236607142857 0.21909250328803156 0.011997767857142858 0.01819377466023674
178 0.49462890625 0.34579131959666815 0.011021205357142858 0.009425690486628672
60 0.5345284598214286 0.44443226654975887 0.005998883928571429 0.012494519947391494
194 0.5345982142857143 0.49451994739149496 0.01171875 0.018851380973257344
196 0.49337332589285715 0.5151249451994739 0.012137276785714286 0.019289785181937746
175 0.47244698660714285 0.5151249451994739 0.007114955357142857 0.008768084173608066
187 0.494140625 0.38820692678649715 0.0030691964285714285 0.00920648838228847
187 0.4672154017857143 0.38820692678649715 0.0030691964285714285 0.00920648838228847
182 0.43470982142857145 0.38831652783866727 0.005580357142857143 0.009425690486628672
194 0.4268275669642857 0.36595791319596666 0.012137276785714286 0.019070583077597545
14 0.4267578125 0.33088557650153444 0.005859375 0.014686540990793511
142 0.5486188616071429 0.5151249451994739 0.005440848214285714 0.00920648838228847
193 0.5614536830357143 0.6645111793073214 0.012974330357142858 0.020385795703638757
181 0.5614536830357143 0.7093380096448926 0.005998883928571429 0.012275317843051293
188 0.5614536830357143 0.8218982902235862 0.011300223214285714 0.008548882069267865
178 0.5485491071428571 0.8534633932485752 0.010323660714285714 0.009425690486628672
25 0.5203683035714286 0.8546690048224463 0.007254464285714286 0.011398509425690487
196 0.4931640625 0.8535729943007453 0.012555803571428572 0.01972818939061815
60 0.44126674107142855 0.8537921964050855 0.008649553571428572 0.00920648838228847
182 0.6961495535714286 0.6620999561595792 0.006138392857142857 0.009864094695309075
189 0.6960797991071429 0.5766111354669005 0.0048828125 0.021262604120999562
25 0.6789899553571429 0.6855545813239807 0.008091517857142858 0.011179307321350284
63 0.6602260044642857 0.6842393686979396 0.0087890625 0.009425690486628672
183 0.7255859375 0.2506576063130206 0.011439732142857142 0.006795265234546251
182 0.7229352678571429 0.27202981148619026 0.005859375 0.009644892590968873
183 0.7257952008928571 0.3318719859710653 0.011021205357142858 0.0070144673388864535
176 0.7230050223214286 0.45780359491451117 0.005998883928571429 0.016878562034195528
32 0.7234235491071429 0.4890398947829899 0.006556919642857143 0.01709776413853573
190 0.7230050223214286 0.5246602367382727 0.0068359375 0.010740903112669882
175 0.7064732142857143 0.5574309513371328 0.0078125 0.008768084173608066
194 0.7230050223214286 0.5792415607189829 0.012137276785714286 0.019070583077597545
187 0.7095424107142857 0.5997369574747917 0.0030691964285714285 0.00920648838228847
102 0.22398158482142858 0.4308417360806664 0.009626116071428572 0.00898728627794827
191 0.23842075892857142 0.5811047786058746 0.008091517857142858 0.012713722051731697
179 0.23953683035714285 0.6158483121437965 0.008370535714285714 0.015563349408154318
188 0.23842075892857142 0.6694432266549759 0.009486607142857142 0.008329679964927663
177 0.23835100446428573 0.7052827707145989 0.005719866071428571 0.015563349408154318
189 0.3604213169642857 0.3035949145111793 0.013532366071428572 0.00789127575624726
196 0.3876255580357143 0.3035949145111793 0.0126953125 0.01972818939061815
183 0.43394252232142855 0.29953967558088557 0.004324776785714286 0.017755370451556333
193 0.3461216517857143 0.32661113546690046 0.011997767857142858 0.018851380973257344
186 0.34605189732142855 0.410894344585708 0.0068359375 0.011617711530030689
175 0.33238002232142855 0.472818939061815 0.007114955357142857 0.008768084173608066
119 0.10065569196428571 0.8280359491451118 0.012137276785714286 0.014248136782113108
32 0.13113839285714285 0.6648399824638317 0.006696428571428571 0.01578255151249452
32 0.13099888392857142 0.5801183691363437 0.006696428571428571 0.016001753616834723
188 0.17061941964285715 0.4729285401139851 0.004743303571428571 0.011617711530030689
177 0.07686941964285714 0.7094476106970627 0.005859375 0.013809732573432706
176 0.08809988839285714 0.7691801841297676 0.009905133928571428 0.00920648838228847
185 0.14815848214285715 0.7622753178430512 0.004185267857142857 0.02257781674704077
182 0.16859654017857142 0.7688513809732573 0.005998883928571429 0.009425690486628672
190 0.07686941964285714 0.6532222709338009 0.005301339285714286 0.009644892590968873
195 0.09054129464285714 0.5574309513371328 0.010881696428571428 0.01709776413853573
102 0.3729771205357143 0.32167908811924595 0.005719866071428571 0.012056115738711091
119 0.10672433035714286 0.7531784305129329 0.012276785714285714 0.014905743095133712
179 0.10274832589285714 0.7124068391056554 0.008231026785714286 0.016220955721174924
32 0.10428292410714286 0.5757343270495396 0.006556919642857143 0.014248136782113108
184 0.20731026785714285 0.5842832091188075 0.014508928571428572 0.006795265234546251
188 0.6153041294642857 0.6128890837352039 0.007952008928571428 0.00920648838228847
102 0.6153041294642857 0.5736519070583077 0.005998883928571429 0.014028934677772907
177 0.6302315848214286 0.5574309513371328 0.008510044642857142 0.008768084173608066
196 0.6300920758928571 0.6420429636124507 0.012416294642857142 0.01972818939061815
14 0.65234375 0.6421525646646208 0.007254464285714286 0.00898728627794827
102 0.5883091517857143 0.8669443226654976 0.005580357142857143 0.016220955721174924
176 0.32840401785714285 0.21865409907935116 0.009765625 0.00898728627794827
142 0.3524693080357143 0.2613985094256905 0.005998883928571429 0.009864094695309075
189 0.31912667410714285 0.32584392810170976 0.0068359375 0.021262604120999562
182 0.38804408482142855 0.3459009206488382 0.005719866071428571 0.00920648838228847
102 0.41029575892857145 0.3459009206488382 0.008370535714285714 0.009644892590968873
190 0.47481863839285715 0.3459009206488382 0.0068359375 0.010960105217010083
194 0.45375279017857145 0.49430074528715473 0.011858258928571428 0.018851380973257344
195 0.3999720982142857 0.8311047786058746 0.010323660714285714 0.016440157825515125
182 0.39990234375 0.5667470407715914 0.005998883928571429 0.008548882069267865
178 0.44161551339285715 0.5150153441473038 0.007952008928571428 0.00898728627794827
196 0.5345982142857143 0.8730819815870232 0.011997767857142858 0.018851380973257344
190 0.5345982142857143 0.795703638754932 0.006138392857142857 0.009644892590968873
119 0.5315290178571429 0.7533976326172731 0.011997767857142858 0.016659359929855327
183 0.5318777901785714 0.7109820254274442 0.011300223214285714 0.006795265234546251
60 0.5457589285714286 0.5573213502849628 0.008370535714285714 0.00898728627794827
184 0.6066545758928571 0.5507452871547567 0.004324776785714286 0.02257781674704077
186 0.23835100446428573 0.41275756247259976 0.0068359375 0.012275317843051293
183 0.23583984375 0.32277509864094694 0.011579241071428572 0.006795265234546251
182 0.3104771205357143 0.3034853134590092 0.005998883928571429 0.009425690486628672
14 0.33558872767857145 0.3035949145111793 0.0107421875 0.00920648838228847
187 0.3461216517857143 0.24024550635686104 0.005859375 0.004822446295484437
190 0.19377790178571427 0.43051293292415604 0.004185267857142857 0.00789127575624726
183 0.42417689732142855 0.8001972818939062 0.011300223214285714 0.006795265234546251
193 0.4268275669642857 0.7036387549320473 0.011858258928571428 0.018851380973257344
183 0.42410714285714285 0.628233231039018 0.011160714285714286 0.0070144673388864535
63 0.4662388392857143 0.5994081543182814 0.009207589285714286 0.009425690486628672
181 0.49169921875 0.5997369574747917 0.009626116071428572 0.008768084173608066
185 0.5262276785714286 0.5930512932924156 0.004464285714285714 0.02257781674704077
195 0.41224888392857145 0.7689609820254274 0.012555803571428572 0.01972818939061815
60 0.30336216517857145 0.7689609820254274 0.009347098214285714 0.00920648838228847
63 0.2783203125 0.7689609820254274 0.009486607142857142 0.008768084173608066
181 0.2544642857142857 0.7691801841297676 0.010323660714285714 0.00920648838228847
179 0.2553013392857143 0.47457255589653663 0.011439732142857142 0.012713722051731697
102 0.29227120535714285 0.36299868478737396 0.006138392857142857 0.01183691363437089
60 0.7147042410714286 0.30370451556334943 0.009765625 0.009425690486628672
102 0.65185546875 0.3035949145111793 0.0087890625 0.00920648838228847
175 0.6316266741071429 0.3038141166155195 0.008231026785714286 0.00920648838228847
188 0.595703125 0.3035949145111793 0.005580357142857143 0.01797457255589654
119 0.5783342633928571 0.30863656291100394 0.011021205357142858 0.01841297676457694
193 0.5205775669642857 0.30370451556334943 0.012137276785714286 0.019070583077597545
175 0.5075334821428571 0.3297895659798334 0.005859375 0.016001753616834723
193 0.6153041294642857 0.5366067514248137 0.011858258928571428 0.018851380973257344
196 0.13071986607142858 0.4495835160017536 0.012276785714285714 0.019289785181937746
177 0.13071986607142858 0.5392371766768961 0.005859375 0.012275317843051293
183 0.6448800223214286 0.6229723805348532 0.011300223214285714 0.0070144673388864535
192 0.6422293526785714 0.6644015782551512 0.012137276785714286 0.019289785181937746
176 0.6422293526785714 0.7099956159579132 0.005719866071428571 0.011398509425690487
14 0.6422991071428571 0.4526523454625164 0.005859375 0.0131521262604121
142 0.57275390625 0.43051293292415604 0.006277901785714286 0.00920648838228847
183 0.5049525669642857 0.41571679088119246 0.011300223214285714 0.007233669443226655
178 0.41489955357142855 0.5153441473038142 0.008928571428571428 0.00920648838228847
102 0.3999720982142857 0.41714160455940374 0.005859375 0.0131521262604121
184 0.39571707589285715 0.37472599736957474 0.014369419642857142 0.006795265234546251
190 0.37974330357142855 0.472818939061815 0.005859375 0.010960105217010083
179 0.54345703125 0.2596448925909689 0.009905133928571428 0.012932924156071899
14 0.5719866071428571 0.2613985094256905 0.007254464285714286 0.00898728627794827
179 0.6824079241071429 0.25942569048662867 0.009905133928571428 0.012494519947391494
186 0.49267578125 0.3042525208241999 0.007393973214285714 0.011398509425690487
193 0.45382254464285715 0.6209995615957913 0.011997767857142858 0.018851380973257344
182 0.45375279017857145 0.6719640508548882 0.005998883928571429 0.00898728627794827
181 0.4536830357142857 0.7041867601928978 0.005859375 0.016440157825515125
182 0.45382254464285715 0.7940596229723805 0.005859375 0.009425690486628672
14 0.45382254464285715 0.8284743533537922 0.005859375 0.014248136782113108