187 0.4476841517857143 0.13779872834904627 0.008649553571428572 0.00723525542644157
187 0.30287388392857145 0.1749616312212234 0.004464285714285714 0.013593510195132646
187 0.7080078125 0.11247533435650077 0.004464285714285714 0.013593510195132646
187 0.08970424107142858 0.8197763648322737 0.008649553571428572 0.007016005262003947
187 0.24462890625 0.11247533435650077 0.004603794642857143 0.013593510195132646
187 0.34005301339285715 0.8625301468976102 0.004603794642857143 0.013593510195132646
187 0.6862444196428571 0.5032887524665643 0.008649553571428572 0.00723525542644157
119 0.64208984375 0.3282174961631221 0.017996651785714284 0.021486516114887087
184 0.6314871651785714 0.30958123218592415 0.006556919642857143 0.03332602499451875
185 0.66064453125 0.22780092085069065 0.006556919642857143 0.033764525323393996
193 0.646484375 0.4571365928524446 0.018136160714285716 0.02850252137689103
179 0.6480189732142857 0.5691734268800701 0.011997767857142858 0.02455601841701381
63 0.48758370535714285 0.8938829204121903 0.008370535714285714 0.019294014470510854
179 0.5098353794642857 0.7348169261126946 0.015764508928571428 0.018636263977197982
185 0.5208565848214286 0.6410874808156106 0.021065848214285716 0.010085507564130673
179 0.5256696428571429 0.5907695680771761 0.012276785714285714 0.027844770883578163
188 0.6465541294642857 0.21223415917561939 0.016322544642857144 0.011401008550756413
192 0.6262555803571429 0.1749616312212234 0.018136160714285716 0.02850252137689103
194 0.6681082589285714 0.48739311554483666 0.017857142857142856 0.02718702039026529
185 0.5608956473214286 0.6387853540890156 0.021344866071428572 0.010304757728568297
195 0.5669642857142857 0.8332602499451874 0.015066964285714286 0.02433676825257619
189 0.5670340401785714 0.895856171892129 0.009068080357142858 0.031572023679017756
193 0.5669642857142857 0.5171015128261346 0.017578125 0.027844770883578163
63 0.5795200892857143 0.4246875685156764 0.015625 0.014032010524007894
175 0.5028599330357143 0.6125849594387196 0.011579241071428572 0.013593510195132646
184 0.5385044642857143 0.7279105459329095 0.006417410714285714 0.033764525323393996
14 0.5896344866071429 0.7375575531681648 0.013532366071428572 0.013593510195132646
186 0.5457589285714286 0.4876123657092743 0.010881696428571428 0.01447051085288314
142 0.5894252232142857 0.4876123657092743 0.008649553571428572 0.013593510195132646
186 0.44775390625 0.26901995176496385 0.009626116071428572 0.017540013155009866
63 0.48744419642857145 0.212453409340057 0.008370535714285714 0.0197325147993861
191 0.34298270089285715 0.17485200613900462 0.011300223214285714 0.01775926331944749
32 0.39208984375 0.1737557553168165 0.012137276785714286 0.015566761675071256
184 0.41796875 0.16520499890374918 0.006417410714285714 0.03354527515895637
180 0.3408900669642857 0.3622012716509537 0.013253348214285714 0.013593510195132646
102 0.390625 0.362639771979829 0.010602678571428572 0.013593510195132646
189 0.42933872767857145 0.29993422495066874 0.019949776785714284 0.012278009208506906
142 0.29952566964285715 0.3619820214865161 0.008370535714285714 0.013593510195132646
176 0.28843470982142855 0.268910326682745 0.008510044642857142 0.02170576627932471
176 0.26953125 0.23722867792150845 0.012834821428571428 0.013593510195132646
184 0.45396205357142855 0.2067529050646788 0.020926339285714284 0.010085507564130673
190 0.3779994419642857 0.29993422495066874 0.009626116071428572 0.01052400789300592
63 0.34800502232142855 0.30026310019732516 0.013253348214285714 0.01381276035957027
191 0.34786551339285715 0.23733830300372724 0.010463169642857142 0.01644376233282175
191 0.30629185267857145 0.23744792808594606 0.009905133928571428 0.015786011839508878
186 0.36788504464285715 0.20346415259811446 0.009765625 0.017540013155009866
193 0.3680943080357143 0.39519842139881606 0.017438616071428572 0.027844770883578163
194 0.6067243303571429 0.768362201271651 0.018694196428571428 0.029160271870203903
186 0.5094168526785714 0.674632755974567 0.011300223214285714 0.015786011839508878
178 0.48765345982142855 0.6436088577066433 0.008510044642857142 0.02302126726595045
32 0.6072126116071429 0.5782723087042315 0.009905133928571428 0.023898267923700943
63 0.24860491071428573 0.6533654900241175 0.008370535714285714 0.024117518088138567
183 0.24469866071428573 0.5967989475992107 0.016462053571428572 0.010085507564130673
187 0.26869419642857145 0.6123657092742819 0.004464285714285714 0.013593510195132646
180 0.08977399553571429 0.6429511072133304 0.008510044642857142 0.02170576627932471
14 0.08963448660714286 0.5928524446393335 0.0087890625 0.017978513483885114
142 0.08956473214285714 0.4577943433457575 0.008928571428571428 0.0131550098662574
193 0.08970424107142858 0.39136154352115765 0.018694196428571428 0.029379522034641527
183 0.099609375 0.5436307827230871 0.006417410714285714 0.026090769568077175
178 0.20884486607142858 0.5114010085507564 0.008649553571428572 0.023898267923700943
182 0.5668247767857143 0.20072352554264417 0.008649553571428572 0.013374260030695024
186 0.6698521205357143 0.11225608419206315 0.011858258928571428 0.015347511510633634
193 0.5669642857142857 0.26923920192940143 0.018694196428571428 0.029379522034641527
186 0.48744419642857145 0.5825476869107652 0.010044642857142858 0.016663012497259374
177 0.38609095982142855 0.550098662573997 0.0126953125 0.013593510195132646
192 0.15094866071428573 0.424906818680114 0.017857142857142856 0.02762552071914054
119 0.18708147321428573 0.41756193817145365 0.016741071428571428 0.027406270554702915
188 0.7008231026785714 0.36242052181539136 0.0068359375 0.02367901775926332
192 0.72607421875 0.3962946722210042 0.017996651785714284 0.028283271212453408
187 0.7061941964285714 0.424906818680114 0.004464285714285714 0.013593510195132646
189 0.7054268973214286 0.23744792808594606 0.019949776785714284 0.012278009208506906
60 0.5939592633928571 0.2376671782503837 0.011021205357142858 0.013593510195132646
195 0.3681640625 0.8309581232185924 0.018415178571428572 0.02894102170576628
176 0.36781529017857145 0.7780092085069064 0.009068080357142858 0.017320762990572242
184 0.35337611607142855 0.6848278886209165 0.006417410714285714 0.03310677483008112
181 0.40792410714285715 0.590221442666082 0.008370535714285714 0.016663012497259374
194 0.6263253348214286 0.924906818680114 0.017996651785714284 0.028283271212453408
119 0.6418108258928571 0.8970620477965359 0.017717633928571428 0.023898267923700943
25 0.24783761160714285 0.5202806402104801 0.0107421875 0.020171015128261346
175 0.2490234375 0.4675509756632317 0.008928571428571428 0.024775268581451435
195 0.16922433035714285 0.3297522473141855 0.015904017857142856 0.02499451874588906
192 0.22914341517857142 0.5498794124095593 0.017717633928571428 0.02718702039026529
189 0.6862444196428571 0.2077395308046481 0.010881696428571428 0.031352773514580136
194 0.6863141741071429 0.33161587371190526 0.017717633928571428 0.027844770883578163
142 0.541015625 0.11192720894540671 0.008370535714285714 0.014251260688445516
196 0.5055106026785714 0.11247533435650077 0.018275669642857144 0.02850252137689103
196 0.48744419642857145 0.14437623328217497 0.017857142857142856 0.028283271212453408
142 0.6990094866071429 0.4872834904626179 0.008510044642857142 0.01381276035957027
178 0.6297433035714286 0.362639771979829 0.014229910714285714 0.014032010524007894
183 0.5814034598214286 0.368449901337426 0.006277901785714286 0.026529269896952423
186 0.48744419642857145 0.4549440912080684 0.010044642857142858 0.016663012497259374
32 0.4882114955357143 0.3912519184389388 0.009905133928571428 0.019951764963823723
32 0.24944196428571427 0.13198859899144924 0.010044642857142858 0.02367901775926332
179 0.2505580357142857 0.2019294014470511 0.011997767857142858 0.025433019074764307
119 0.30726841517857145 0.10513045384784038 0.016880580357142856 0.027406270554702915
180 0.34409877232142855 0.11258495943871957 0.014369419642857142 0.013374260030695024
102 0.36830357142857145 0.13670247752685816 0.008649553571428572 0.021267265950449463
189 0.22788783482142858 0.29993422495066874 0.019949776785714284 0.012716509537382154
180 0.3681640625 0.5730103047577285 0.008649553571428572 0.019513264634948475
60 0.3682338169642857 0.6392238544178909 0.0087890625 0.018636263977197982
193 0.5462472098214286 0.8624205218153914 0.017996651785714284 0.028283271212453408
184 0.45389229910714285 0.8278886209164656 0.021065848214285716 0.010085507564130673