187 0.6544363839285714 0.0920648838228847 0.0030691964285714285 0.00920648838228847
187 0.48074776785714285 0.9175800087680842 0.005859375 0.004822446295484437
187 0.111328125 0.1343708899605436 0.0030691964285714285 0.00920648838228847
187 0.6960797991071429 0.11135466900482245 0.005719866071428571 0.004822446295484437
187 0.251953125 0.0920648838228847 0.0030691964285714285 0.00920648838228847
187 0.6422991071428571 0.7038579570363875 0.005859375 0.004822446295484437
187 0.29227120535714285 0.7435335379219641 0.005859375 0.004822446295484437
187 0.6960797991071429 0.8875493204734766 0.005719866071428571 0.004822446295484437
191 0.5181361607142857 0.43051293292415604 0.009486607142857142 0.014905743095133712
180 0.49155970982142855 0.430403331871986 0.009068080357142858 0.00898728627794827
179 0.5357142857142857 0.45287154756685666 0.008091517857142858 0.01841297676457694
196 0.5345284598214286 0.49517755370451555 0.011858258928571428 0.018851380973257344
180 0.5345284598214286 0.533757124068391 0.005719866071428571 0.016220955721174924
194 0.5345982142857143 0.4072775098640947 0.012276785714285714 0.019289785181937746
187 0.5345982142857143 0.3248575186321789 0.005859375 0.004822446295484437
60 0.53466796875 0.2345462516440158 0.005719866071428571 0.014905743095133712
188 0.5345284598214286 0.19848750548005262 0.011021205357142858 0.008548882069267865
185 0.5304129464285714 0.1435773783428321 0.014508928571428572 0.0070144673388864535
194 0.48067801339285715 0.6193555458132398 0.0126953125 0.01994739149495835
102 0.48067801339285715 0.5745287154756685 0.005719866071428571 0.012713722051731697
188 0.48067801339285715 0.4574747917580009 0.009905133928571428 0.008329679964927663
195 0.46700613839285715 0.6843489697501096 0.010463169642857142 0.01578255151249452
63 0.35860770089285715 0.6845681718544498 0.009347098214285714 0.00920648838228847
192 0.48067801339285715 0.7065979833406401 0.0126953125 0.01994739149495835
196 0.48074776785714285 0.8759316089434459 0.011997767857142858 0.018851380973257344
181 0.6316964285714286 0.5996273564226217 0.008091517857142858 0.00898728627794827
14 0.6593191964285714 0.5996273564226217 0.009486607142857142 0.00898728627794827
142 0.6153738839285714 0.6245067952652346 0.005859375 0.008768084173608066
142 0.6692940848214286 0.6715256466462078 0.005998883928571429 0.00898728627794827
176 0.6060267857142857 0.5996273564226217 0.009765625 0.00898728627794827
175 0.5468052455357143 0.599956159579132 0.010463169642857142 0.00920648838228847
177 0.49183872767857145 0.5996273564226217 0.009626116071428572 0.00898728627794827
191 0.59716796875 0.43062253397632616 0.007672991071428571 0.012056115738711091
25 0.5733816964285714 0.4316089434458571 0.009765625 0.010960105217010083
102 0.5193917410714286 0.47303814116615517 0.006696428571428571 0.00920648838228847
179 0.6141880580357143 0.3716571679088119 0.008231026785714286 0.015563349408154318
60 0.6153041294642857 0.28693555458132397 0.005719866071428571 0.013590530469092503
102 0.615234375 0.19772029811486191 0.005859375 0.01578255151249452
195 0.6153041294642857 0.11288908373520386 0.011858258928571428 0.018851380973257344
194 0.6292550223214286 0.0920648838228847 0.0126953125 0.020166593599298552
190 0.10379464285714286 0.2125164401578255 0.005859375 0.008110477860587462
189 0.10379464285714286 0.24145111793073212 0.006975446428571429 0.021262604120999562
187 0.10379464285714286 0.3248575186321789 0.005859375 0.004822446295484437
176 0.10372488839285714 0.36288908373520384 0.005719866071428571 0.012932924156071899
189 0.11809430803571429 0.43062253397632616 0.013532366071428572 0.011617711530030689
182 0.1845703125 0.4050854888206927 0.005859375 0.00920648838228847
119 0.18143136160714285 0.3638754932047348 0.012137276785714286 0.016220955721174924
182 0.193359375 0.3038141166155195 0.005580357142857143 0.00920648838228847
176 0.27866908482142855 0.3035949145111793 0.010184151785714286 0.00920648838228847
191 0.3028041294642857 0.3035949145111793 0.008231026785714286 0.012713722051731697
142 0.18443080357142858 0.4823542306006138 0.005859375 0.008548882069267865
183 0.18708147321428573 0.6121218763700131 0.011439732142857142 0.006795265234546251
179 0.17361886160714285 0.7284085927224901 0.009347098214285714 0.012275317843051293
32 0.12144252232142858 0.7256685664182376 0.009347098214285714 0.010740903112669882
180 0.40980747767857145 0.7692897851819378 0.008231026785714286 0.009425690486628672
179 0.5168805803571429 0.682595352915388 0.008928571428571428 0.012275317843051293
179 0.5491768973214286 0.6824857518632179 0.009626116071428572 0.012494519947391494
196 0.6296037946428571 0.6843489697501096 0.011997767857142858 0.01841297676457694
180 0.5076729910714286 0.6579351161771153 0.005859375 0.013809732573432706
186 0.5077427455357143 0.6204515563349409 0.005998883928571429 0.012056115738711091
192 0.5076729910714286 0.5765015344147304 0.012276785714285714 0.019289785181937746
25 0.5179966517857143 0.5567733450241122 0.008928571428571428 0.010083296799649276
32 0.6696428571428571 0.5731039017974573 0.006696428571428571 0.014248136782113108
192 0.6284877232142857 0.5574309513371328 0.012555803571428572 0.01972818939061815
189 0.71044921875 0.6420429636124507 0.013532366071428572 0.012275317843051293
196 0.73681640625 0.6420429636124507 0.012416294642857142 0.01972818939061815
192 0.6691545758928571 0.45089872862779484 0.0126953125 0.01972818939061815
192 0.6691545758928571 0.3667251205611574 0.012137276785714286 0.019289785181937746
142 0.6361607142857143 0.3459009206488382 0.005301339285714286 0.00920648838228847
142 0.31912667410714285 0.2348750548005261 0.005998883928571429 0.00898728627794827
195 0.31912667410714285 0.1960762823323104 0.012416294642857142 0.019508987286277948
177 0.33133370535714285 0.17678649715037265 0.008091517857142858 0.00898728627794827
186 0.31919642857142855 0.40925032880315654 0.006975446428571429 0.012275317843051293
182 0.22405133928571427 0.430403331871986 0.006138392857142857 0.00898728627794827
191 0.27357700892857145 0.17667689609820253 0.0078125 0.012275317843051293
25 0.22921316964285715 0.17799210872424376 0.007533482142857143 0.011398509425690487
192 0.17068917410714285 0.17667689609820253 0.012416294642857142 0.019289785181937746
185 0.19308035714285715 0.14105655414291976 0.004185267857142857 0.02257781674704077
182 0.17173549107142858 0.13459009206488382 0.006138392857142857 0.00920648838228847
177 0.14592633928571427 0.1343708899605436 0.0078125 0.00920648838228847
60 0.26527622767857145 0.19925471284524332 0.005719866071428571 0.013590530469092503
196 0.30594308035714285 0.21909250328803156 0.011997767857142858 0.018632178868917142
187 0.3325892857142857 0.21898290223586148 0.0030691964285714285 0.00920648838228847
184 0.3887416294642857 0.21240683910565542 0.004324776785714286 0.02235861464270057
102 0.6787806919642857 0.13459009206488382 0.008510044642857142 0.00920648838228847
190 0.6583426339285714 0.13448049101271373 0.006696428571428571 0.0076720736519070585
186 0.6307896205357143 0.13448049101271373 0.007672991071428571 0.009425690486628672
175 0.6005859375 0.13448049101271373 0.0078125 0.009425690486628672
63 0.5525948660714286 0.13415168785620343 0.0078125 0.00920648838228847
182 0.6960100446428571 0.2508768084173608 0.005859375 0.008548882069267865
193 0.6815708705357143 0.3035949145111793 0.012416294642857142 0.01972818939061815
14 0.6262555803571429 0.3039237176676896 0.010044642857142858 0.009425690486628672
179 0.5894949776785714 0.32463831652783864 0.008231026785714286 0.01578255151249452
119 0.5915876116071429 0.3700131521262604 0.011858258928571428 0.01709776413853573
180 0.5794503348214286 0.38809732573432704 0.0107421875 0.00898728627794827
14 0.6560407366071429 0.17667689609820253 0.010184151785714286 0.00920648838228847
60 0.6283482142857143 0.17667689609820253 0.008928571428571428 0.00920648838228847
183 0.46463448660714285 0.18084173608066637 0.004324776785714286 0.01797457255589654
25 0.3617466517857143 0.17799210872424376 0.009207589285714286 0.01183691363437089
177 0.34619140625 0.7882507672073652 0.005998883928571429 0.01183691363437089
193 0.3461216517857143 0.8342832091188075 0.012276785714285714 0.019289785181937746
186 0.3593052455357143 0.8958790004384042 0.007393973214285714 0.01052170100832968
181 0.3858119419642857 0.8960982025427444 0.007393973214285714 0.00920648838228847
193 0.34605189732142855 0.7050635686102587 0.012137276785714286 0.019070583077597545
187 0.3461216517857143 0.6631959666812801 0.005859375 0.005041648399824638
119 0.34298270089285715 0.6174923279263481 0.011858258928571428 0.015344147303814117
190 0.3461216517857143 0.5711310828583954 0.005580357142857143 0.007233669443226655
183 0.30057198660714285 0.5617053923717668 0.004324776785714286 0.017755370451556333
191 0.2826450892857143 0.5574309513371328 0.008370535714285714 0.0131521262604121
14 0.19880022321428573 0.5575405523893029 0.008091517857142858 0.00898728627794827
180 0.14857700892857142 0.5573213502849628 0.008928571428571428 0.00898728627794827
196 0.11802455357142858 0.5574309513371328 0.011997767857142858 0.01841297676457694
63 0.10379464285714286 0.6266988163086366 0.005859375 0.012713722051731697
119 0.10679408482142858 0.6569487067075844 0.011858258928571428 0.01578255151249452
196 0.14439174107142858 0.472818939061815 0.011997767857142858 0.01841297676457694
183 0.15492466517857142 0.41560718982902234 0.011300223214285714 0.0070144673388864535
185 0.15339006696428573 0.2920868040333187 0.014369419642857142 0.006795265234546251
192 0.15764508928571427 0.2394782989916703 0.012555803571428572 0.01994739149495835
196 0.373046875 0.19870670758439282 0.012276785714285714 0.019508987286277948
192 0.3729771205357143 0.24090311266988162 0.012137276785714286 0.019289785181937746
178 0.37290736607142855 0.3214598860149057 0.005859375 0.013809732573432706
190 0.373046875 0.37604120999561597 0.006138392857142857 0.006795265234546251
193 0.3729771205357143 0.41111354669004824 0.012974330357142858 0.020385795703638757
175 0.43715122767857145 0.43051293292415604 0.009905133928571428 0.008768084173608066
189 0.46728515625 0.43051293292415604 0.013532366071428572 0.00789127575624726
189 0.21149553571428573 0.1559622972380535 0.005301339285714286 0.021262604120999562
183 0.21421595982142858 0.23421744848750548 0.011021205357142858 0.006795265234546251
188 0.19503348214285715 0.26128890837352037 0.005301339285714286 0.014905743095133712
32 0.17389787946428573 0.2603024989039895 0.0107421875 0.011179307321350284
193 0.14320591517857142 0.26128890837352037 0.012416294642857142 0.01972818939061815
182 0.11439732142857142 0.2610697062691802 0.006138392857142857 0.00920648838228847
185 0.21561104910714285 0.27466023673827267 0.014369419642857142 0.0070144673388864535
195 0.21142578125 0.32540552389302935 0.012137276785714286 0.019070583077597545
186 0.19768415178571427 0.38809732573432704 0.006975446428571429 0.010302498903989479
32 0.7235630580357143 0.7450679526523455 0.006556919642857143 0.0131521262604121
194 0.7094029017857143 0.8535729943007453 0.011997767857142858 0.018851380973257344
179 0.7218191964285714 0.6225339763261727 0.008091517857142858 0.016220955721174924
63 0.7230050223214286 0.497807978956598 0.005719866071428571 0.01446733888645331
185 0.7188895089285714 0.45407715914072777 0.014508928571428572 0.007233669443226655
184 0.17278180803571427 0.08548882069267864 0.004324776785714286 0.02235861464270057
181 0.3731166294642857 0.7490135905304691 0.005998883928571429 0.013590530469092503
192 0.3729771205357143 0.7917580008768084 0.011858258928571428 0.018851380973257344
195 0.373046875 0.8345024112231477 0.010602678571428572 0.016659359929855327
195 0.373046875 0.8751644015782551 0.010323660714285714 0.016440157825515125
175 0.3729771205357143 0.6157387110916265 0.005719866071428571 0.016220955721174924
119 0.4146205357142857 0.5524989039894783 0.011160714285714286 0.019070583077597545
189 0.4403599330357143 0.5574309513371328 0.013532366071428572 0.012275317843051293
14 0.48974609375 0.5574309513371328 0.008231026785714286 0.008768084173608066
176 0.7499302455357143 0.7432047347654538 0.005719866071428571 0.015563349408154318
142 0.7499302455357143 0.801183691363437 0.005719866071428571 0.00920648838228847
188 0.7499302455357143 0.8363656291100394 0.008510044642857142 0.006795265234546251
180 0.7500697544642857 0.618478737395879 0.005719866071428571 0.016001753616834723
181 0.7331194196428571 0.3460105217010083 0.0078125 0.00898728627794827
119 0.6390904017857143 0.6699912319158264 0.012276785714285714 0.01819377466023674
190 0.6422293526785714 0.6223147742218326 0.005161830357142857 0.00920648838228847
119 0.6507393973214286 0.6795265234546252 0.009068080357142858 0.018851380973257344
186 0.6958705357142857 0.6603463393248575 0.006696428571428571 0.012056115738711091
192 0.6018415178571429 0.6420429636124507 0.011997767857142858 0.01841297676457694
60 0.58837890625 0.6155195089872862 0.005719866071428571 0.01578255151249452
180 0.13092912946428573 0.5733231039017974 0.005719866071428571 0.012056115738711091
63 0.13065011160714285 0.5339763261727313 0.005719866071428571 0.012275317843051293
14 0.13058035714285715 0.4487067075843928 0.005859375 0.016220955721174924
63 0.13071986607142858 0.32288469969311706 0.005859375 0.01183691363437089
180 0.2924107142857143 0.6253836036825954 0.005859375 0.014905743095133712
177 0.29234095982142855 0.5800087680841736 0.005998883928571429 0.014028934677772907
194 0.29220145089285715 0.5361683472161333 0.011858258928571428 0.018851380973257344
185 0.2880859375 0.4490355107409031 0.014508928571428572 0.007233669443226655
142 0.48074776785714285 0.4048662867163525 0.005859375 0.008768084173608066
195 0.52197265625 0.38831652783866727 0.012137276785714286 0.019070583077597545
190 0.57763671875 0.3459009206488382 0.0068359375 0.008768084173608066
183 0.6085379464285714 0.3419552827707146 0.004185267857142857 0.01797457255589654
60 0.46861049107142855 0.3035949145111793 0.009486607142857142 0.00920648838228847
176 0.43931361607142855 0.3035949145111793 0.009765625 0.00920648838228847
25 0.4110630580357143 0.3048005260850504 0.0087890625 0.011179307321350284
119 0.38650948660714285 0.30841736080666377 0.009905133928571428 0.019289785181937746
60 0.35728236607142855 0.3035949145111793 0.010323660714285714 0.00920648838228847
195 0.22607421875 0.7689609820254274 0.0107421875 0.01709776413853573
192 0.26527622767857145 0.790223586146427 0.012416294642857142 0.01972818939061815
177 0.33384486607142855 0.8110477860587462 0.0078125 0.00920648838228847
195 0.6422293526785714 0.4502411223147742 0.012137276785714286 0.019289785181937746
142 0.6422991071428571 0.3655195089872863 0.005859375 0.008548882069267865
189 0.6422293526785714 0.49594476106970625 0.006556919642857143 0.021262604120999562
178 0.6423688616071429 0.5768303375712407 0.005998883928571429 0.015563349408154318
183 0.12806919642857142 0.118478737395879 0.011439732142857142 0.006795265234546251
193 0.13065011160714285 0.1985971065322227 0.012137276785714286 0.019289785181937746
187 0.14411272321428573 0.3035949145111793 0.0030691964285714285 0.00920648838228847
178 0.6035853794642857 0.0919552827707146 0.008231026785714286 0.00898728627794827
25 0.5619419642857143 0.20232354230600613 0.007533482142857143 0.012275317843051293
181 0.5615931919642857 0.2335598421744849 0.005998883928571429 0.014686540990793511
180 0.5617327008928571 0.4147303814116616 0.005998883928571429 0.0131521262604121
60 0.6960797991071429 0.827159140727751 0.005998883928571429 0.013371328364752301
190 0.6960797991071429 0.7484655852696186 0.004603794642857143 0.011617711530030689
187 0.6960797991071429 0.7055019728189391 0.005719866071428571 0.005041648399824638
192 0.4268275669642857 0.23958790004384042 0.011858258928571428 0.018851380973257344
186 0.42689732142857145 0.28068829460762823 0.006417410714285714 0.012056115738711091
178 0.4268275669642857 0.3203638754932047 0.005719866071428571 0.014248136782113108