187 0.17766462053571427 0.8000438500328875 0.004603794642857143 0.013593510195132646
187 0.6862444196428571 0.9015566761675071 0.008649553571428572 0.007016005262003947
187 0.39864676339285715 0.23744792808594606 0.004603794642857143 0.013593510195132646
187 0.6135602678571429 0.48717386538039903 0.004464285714285714 0.013593510195132646
187 0.10609654017857142 0.29993422495066874 0.004603794642857143 0.013593510195132646
187 0.5543387276785714 0.424906818680114 0.004603794642857143 0.013593510195132646
187 0.6178850446428571 0.9250164437623328 0.004464285714285714 0.013593510195132646
187 0.48744419642857145 0.8726156544617408 0.008649553571428572 0.007016005262003947
187 0.12946428571428573 0.7686910765183074 0.008649553571428572 0.007016005262003947
194 0.26722935267857145 0.7374479280859461 0.017717633928571428 0.027844770883578163
182 0.2885044642857143 0.7041219030914273 0.008649553571428572 0.01381276035957027
119 0.28397042410714285 0.6382372286779215 0.017717633928571428 0.02499451874588906
186 0.26869419642857145 0.5498794124095593 0.010602678571428572 0.015786011839508878
194 0.22816685267857142 0.5499890374917781 0.019112723214285716 0.030037272527954396
185 0.29478236607142855 0.7746108309581232 0.021205357142857144 0.010085507564130673
183 0.2631138392857143 0.8062924797193598 0.006417410714285714 0.026090769568077175
63 0.22523716517857142 0.8001534751151064 0.015206473214285714 0.013374260030695024
190 0.12953404017857142 0.3978294233720675 0.010463169642857142 0.014251260688445516
176 0.12953404017857142 0.44770883578162685 0.008510044642857142 0.019294014470510854
187 0.12946428571428573 0.518636263977198 0.008649553571428572 0.00723525542644157
177 0.12939453125 0.6383468537601403 0.008510044642857142 0.02302126726595045
179 0.13120814732142858 0.7149747862310897 0.011858258928571428 0.024117518088138567
185 0.6801060267857143 0.8222977417233063 0.021205357142857144 0.00986625739969305
119 0.6650390625 0.7446831835123876 0.016183035714285716 0.027844770883578163
119 0.6817801339285714 0.5727910545932909 0.017299107142857144 0.021267265950449463
194 0.6863141741071429 0.5179785134838851 0.017717633928571428 0.027844770883578163
196 0.6863141741071429 0.455163341372506 0.0185546875 0.029379522034641527
179 0.2870396205357143 0.8980486735365052 0.012416294642857142 0.02236351677263758
190 0.27036830357142855 0.9250164437623328 0.010881696428571428 0.011401008550756413
185 0.22028459821428573 0.9347730760798071 0.006417410714285714 0.03310677483008112
181 0.23430524553571427 0.8625301468976102 0.012416294642857142 0.013593510195132646
179 0.10588727678571429 0.8650515237886428 0.017020089285714284 0.018636263977197982
119 0.14934430803571427 0.9181100635825477 0.016322544642857144 0.027844770883578163
195 0.08970424107142858 0.8910326682745012 0.015625 0.02455601841701381
14 0.08963448660714286 0.8372067529050646 0.008510044642857142 0.01907476430607323
184 0.08342633928571429 0.6453628590221443 0.021205357142857144 0.010304757728568297
181 0.08984375 0.589673317254988 0.008649553571428572 0.023459767594825695
191 0.1064453125 0.5498794124095593 0.011997767857142858 0.018855514141635606
183 0.3052455357142857 0.5561280420960316 0.006417410714285714 0.026090769568077175
14 0.3681640625 0.5088796316597237 0.008649553571428572 0.01841701381276036
14 0.3681640625 0.33545275158956367 0.008649553571428572 0.020171015128261346
175 0.38985770089285715 0.3000438500328875 0.012137276785714286 0.013374260030695024
178 0.4296875 0.3000438500328875 0.015625 0.013374260030695024
193 0.26827566964285715 0.424906818680114 0.018415178571428572 0.02894102170576628
187 0.208984375 0.3936636702477527 0.008649553571428572 0.00723525542644157
181 0.5671037946428571 0.1475553606665205 0.008649553571428572 0.0197325147993861
188 0.5669642857142857 0.21004165753124315 0.015066964285714286 0.011401008550756413
190 0.5378766741071429 0.23733830300372724 0.0068359375 0.010743258057443543
60 0.5668247767857143 0.25904406928305196 0.008649553571428572 0.02170576627932471
102 0.19098772321428573 0.3622012716509537 0.012555803571428572 0.014032010524007894
195 0.208984375 0.32920412190309145 0.017299107142857144 0.027844770883578163
190 0.20905412946428573 0.4744573558430169 0.008231026785714286 0.01710151282613462
175 0.2275390625 0.48739311554483666 0.014229910714285714 0.0131550098662574
119 0.26918247767857145 0.4803771102828327 0.017438616071428572 0.02762552071914054
196 0.12946428571428573 0.33128699846524884 0.018415178571428572 0.02894102170576628
175 0.22726004464285715 0.29993422495066874 0.011160714285714286 0.0131550098662574
189 0.24881417410714285 0.3317254987941241 0.010463169642857142 0.031572023679017756
189 0.3085239955357143 0.48739311554483666 0.019949776785714284 0.01710151282613462
179 0.3539341517857143 0.48520061390046043 0.015066964285714286 0.019294014470510854
190 0.48744419642857145 0.313746985310239 0.008649553571428572 0.011401008550756413
178 0.5059988839285714 0.36253014689761015 0.013392857142857142 0.01381276035957027
189 0.7043805803571429 0.36242052181539136 0.020089285714285716 0.016224512168384126
181 0.591796875 0.3627493970620478 0.014787946428571428 0.01381276035957027
178 0.66162109375 0.4247971935978952 0.011858258928571428 0.013374260030695024
176 0.6297433035714286 0.4247971935978952 0.011160714285714286 0.013374260030695024
192 0.5867745535714286 0.424906818680114 0.018136160714285716 0.02850252137689103
177 0.39132254464285715 0.862639771979829 0.013950892857142858 0.013374260030695024
195 0.24881417410714285 0.831725498794124 0.017717633928571428 0.027844770883578163
175 0.24888392857142858 0.8946502959877219 0.008649553571428572 0.020828765621574215
191 0.6067940848214286 0.1513922385441789 0.010184151785714286 0.016005262003946502
195 0.5669642857142857 0.5784915588686691 0.015345982142857142 0.02433676825257619
178 0.59130859375 0.6124753343565008 0.015764508928571428 0.013374260030695024
188 0.5272042410714286 0.7210041657531243 0.017857142857142856 0.010743258057443543
182 0.5271344866071429 0.7859022144266609 0.009068080357142858 0.01381276035957027
188 0.5272042410714286 0.8228458671344003 0.016462053571428572 0.013593510195132646
32 0.4086216517857143 0.8241613681210261 0.009765625 0.02324051743038807
194 0.42947823660714285 0.5499890374917781 0.019112723214285716 0.030037272527954396
25 0.5011858258928571 0.5479061609296207 0.0146484375 0.017978513483885114
179 0.38497488839285715 0.49002411751808816 0.016322544642857144 0.018855514141635606
119 0.5422712053571429 0.6052400789300592 0.016741071428571428 0.027844770883578163
189 0.5272042410714286 0.6437184827888621 0.009207589285714286 0.031572023679017756
25 0.5471540178571429 0.7354746766060074 0.011160714285714286 0.017320762990572242
176 0.5051618303571429 0.8001534751151064 0.012834821428571428 0.013374260030695024
177 0.5670340401785714 0.7052181539136154 0.0087890625 0.022582766937075203
181 0.5670340401785714 0.8914711686033765 0.0087890625 0.02236351677263758
194 0.4476841517857143 0.39618504713878533 0.018136160714285716 0.02850252137689103
178 0.44789341517857145 0.4637140977855733 0.0087890625 0.020609515457136594
63 0.6289760044642857 0.550098662573997 0.014090401785714286 0.013593510195132646
195 0.6067940848214286 0.582657311992984 0.015206473214285714 0.02433676825257619
175 0.6067940848214286 0.7109186581889937 0.008510044642857142 0.02039026529269897
194 0.16929408482142858 0.8931155448366587 0.017717633928571428 0.027844770883578163
194 0.24881417410714285 0.703135277351458 0.0185546875 0.029379522034641527
192 0.72607421875 0.5213768910326683 0.017996651785714284 0.028064021048015787
186 0.72607421875 0.3910326682745012 0.010463169642857142 0.018636263977197982
176 0.5670340401785714 0.32427099320324493 0.0087890625 0.01841701381276036
183 0.5370396205357143 0.3062924797193598 0.006556919642857143 0.02587151940363955
196 0.5069754464285714 0.29993422495066874 0.018694196428571428 0.029379522034641527
192 0.46602957589285715 0.29993422495066874 0.017717633928571428 0.026748520061390047
119 0.48270089285714285 0.8277789958342469 0.017857142857142856 0.02170576627932471
142 0.48744419642857145 0.7771322078491559 0.008649553571428572 0.01381276035957027
119 0.4828404017857143 0.7131111598333699 0.018136160714285716 0.021267265950449463
181 0.5026506696428571 0.675180881385661 0.012834821428571428 0.01381276035957027
189 0.4873744419642857 0.64207410655558 0.009068080357142858 0.031352773514580136
188 0.48744419642857145 0.5950449462837097 0.01171875 0.013593510195132646
63 0.19245256696428573 0.6749616312212234 0.0126953125 0.013374260030695024