187 0.5669642857142857 0.7049989037491778 0.008649553571428572 0.00723525542644157
187 0.2885044642857143 0.9185485639114229 0.008649553571428572 0.00723525542644157
187 0.35107421875 0.6749616312212234 0.004603794642857143 0.013374260030695024
187 0.3984375 0.23744792808594606 0.004464285714285714 0.013593510195132646
187 0.7083565848214286 0.424906818680114 0.004603794642857143 0.013593510195132646
187 0.5272042410714286 0.6992983994737996 0.008649553571428572 0.00723525542644157
187 0.4476841517857143 0.9092304319228239 0.008649553571428572 0.007016005262003947
188 0.72607421875 0.20543740407805305 0.016322544642857144 0.012716509537382154
180 0.7071707589285714 0.17463275597456698 0.013950892857142858 0.01381276035957027
181 0.6621791294642857 0.17518088138566104 0.014369419642857142 0.013593510195132646
176 0.5851004464285714 0.17518088138566104 0.014229910714285714 0.013593510195132646
186 0.6259765625 0.30026310019732516 0.011997767857142858 0.015566761675071256
177 0.5671735491071429 0.33347950010962507 0.0087890625 0.0197325147993861
60 0.5669642857142857 0.3978294233720675 0.008370535714285714 0.025213768910326683
183 0.57861328125 0.41887743915807935 0.006556919642857143 0.026529269896952423
180 0.39111328125 0.362639771979829 0.012137276785714286 0.013593510195132646
182 0.49595424107142855 0.4251260688445516 0.008928571428571428 0.014032010524007894
183 0.43408203125 0.29379522034641525 0.006556919642857143 0.0263100197325148
192 0.6863141741071429 0.5787108090331068 0.017996651785714284 0.028283271212453408
190 0.6863141741071429 0.5076737557553168 0.006277901785714286 0.012935759701819776
186 0.6257672991071429 0.48783161587371193 0.011021205357142858 0.016663012497259374
185 0.6200474330357143 0.6847182635386977 0.006277901785714286 0.03332602499451875
181 0.5810546875 0.6749616312212234 0.011997767857142858 0.013374260030695024
192 0.5669642857142857 0.45428634071475554 0.018136160714285716 0.02850252137689103
182 0.5272739955357143 0.4691953518965139 0.0087890625 0.013593510195132646
142 0.32840401785714285 0.323613242709932 0.008928571428571428 0.013593510195132646
119 0.32373046875 0.27417233062924795 0.017717633928571428 0.027406270554702915
25 0.3272181919642857 0.2179346634509976 0.0107421875 0.021925016443762334
192 0.28857421875 0.1419644814733611 0.017159598214285716 0.027844770883578163
175 0.2684849330357143 0.11247533435650077 0.014090401785714286 0.0131550098662574
192 0.42905970982142855 0.11247533435650077 0.017717633928571428 0.02718702039026529
192 0.5089983258928571 0.17485200613900462 0.017717633928571428 0.026090769568077175
190 0.28857421875 0.8345757509318132 0.008231026785714286 0.012935759701819776
14 0.30908203125 0.8628590221442666 0.013811383928571428 0.013374260030695024
183 0.4390345982142857 0.8563911422933567 0.006417410714285714 0.0263100197325148
32 0.28920200892857145 0.7592633194474896 0.009765625 0.02455601841701381
184 0.29764229910714285 0.7276912957684718 0.006277901785714286 0.03332602499451875
195 0.34940011160714285 0.7374479280859461 0.015485491071428572 0.02433676825257619
32 0.3812779017857143 0.7359131769348827 0.015625 0.016005262003946502
196 0.42919921875 0.7374479280859461 0.017717633928571428 0.027844770883578163
182 0.4476841517857143 0.6962288971716729 0.008649553571428572 0.013374260030695024
182 0.4574497767857143 0.6747423810567857 0.008370535714285714 0.01381276035957027
179 0.5124162946428571 0.6723306292479719 0.017578125 0.018636263977197982
196 0.646484375 0.3965139223854418 0.018136160714285716 0.028721771541328656
182 0.646484375 0.2059855294891471 0.008928571428571428 0.013374260030695024
188 0.6067940848214286 0.21026090769568076 0.0126953125 0.011401008550756413
194 0.6067940848214286 0.2715413286559965 0.017996651785714284 0.028283271212453408
32 0.6589006696428571 0.29916684937513705 0.012555803571428572 0.016005262003946502
182 0.56689453125 0.5194036395527296 0.0087890625 0.014032010524007894
186 0.7257952008928571 0.272418329313747 0.010184151785714286 0.017320762990572242
176 0.10623604910714286 0.5496601622451217 0.015485491071428572 0.0131550098662574
14 0.19454520089285715 0.3000438500328875 0.011858258928571428 0.013374260030695024
102 0.27099609375 0.2998245998684499 0.013532366071428572 0.013374260030695024
185 0.10958426339285714 0.68449901337426 0.006277901785714286 0.033764525323393996
102 0.08963448660714286 0.6369217276912957 0.008510044642857142 0.019294014470510854
182 0.09005301339285714 0.5632536724402544 0.0087890625 0.013593510195132646
183 0.5103934151785714 0.24358693269019951 0.006277901785714286 0.0263100197325148
179 0.40625 0.2739530804648104 0.011997767857142858 0.023898267923700943
102 0.52734375 0.32854637140977855 0.008649553571428572 0.019951764963823723
187 0.18910435267857142 0.36242052181539136 0.004603794642857143 0.013593510195132646
193 0.10818917410714286 0.36242052181539136 0.017996651785714284 0.028064021048015787
185 0.40171595982142855 0.5258715194036395 0.021344866071428572 0.00986625739969305
14 0.40799386160714285 0.4632755974566981 0.008510044642857142 0.017540013155009866
180 0.14878627232142858 0.29993422495066874 0.011021205357142858 0.0131550098662574
177 0.3856724330357143 0.48706424029818024 0.015485491071428572 0.01381276035957027
185 0.6979631696428571 0.12168384126288095 0.006417410714285714 0.03420302565226924
63 0.44789341517857145 0.2011620258715194 0.0087890625 0.021267265950449463
25 0.15541294642857142 0.23887305415479063 0.010881696428571428 0.016882262661696998
195 0.08970424107142858 0.20302565226923922 0.018415178571428572 0.02894102170576628
188 0.16922433035714285 0.5894540670905504 0.015066964285714286 0.012935759701819776
192 0.18959263392857142 0.6124753343565008 0.018136160714285716 0.028721771541328656
182 0.21805245535714285 0.6122560841920631 0.008649553571428572 0.01381276035957027
196 0.48744419642857145 0.3920192940144705 0.018694196428571428 0.029379522034641527
63 0.5666155133928571 0.20083315062486295 0.0087890625 0.02236351677263758
63 0.5669642857142857 0.2685814514360886 0.008370535714285714 0.017978513483885114
183 0.6765485491071429 0.1062267046700285 0.006556919642857143 0.026090769568077175
60 0.42403738839285715 0.23744792808594606 0.016322544642857144 0.013593510195132646
142 0.08949497767857142 0.5229116421837317 0.0087890625 0.013593510195132646
63 0.44754464285714285 0.580355185266389 0.008649553571428572 0.01841701381276036
189 0.46951729910714285 0.5498794124095593 0.019949776785714284 0.01710151282613462
189 0.6067243303571429 0.4549440912080684 0.008091517857142858 0.031572023679017756
142 0.6068638392857143 0.3785354089015567 0.008649553571428572 0.014251260688445516
185 0.5939592633928571 0.6220127165095374 0.006556919642857143 0.033764525323393996