187 0.10149274553571429 0.1749616312212234 0.004603794642857143 0.013593510195132646
187 0.5785435267857143 0.8625301468976102 0.004464285714285714 0.013593510195132646
187 0.6681082589285714 0.29993422495066874 0.004464285714285714 0.013593510195132646
187 0.08970424107142858 0.2661696996272747 0.008649553571428572 0.007016005262003947
187 0.36356026785714285 0.8625301468976102 0.004464285714285714 0.013593510195132646
187 0.25697544642857145 0.8000438500328875 0.004464285714285714 0.013593510195132646
187 0.09493582589285714 0.11247533435650077 0.004603794642857143 0.013593510195132646
187 0.08970424107142858 0.8926770445077834 0.008649553571428572 0.00723525542644157
187 0.47628348214285715 0.1749616312212234 0.004464285714285714 0.013593510195132646
178 0.12925502232142858 0.2771322078491559 0.0087890625 0.02587151940363955
195 0.12953404017857142 0.5212672659504495 0.017717633928571428 0.027844770883578163
178 0.14202008928571427 0.550098662573997 0.011997767857142858 0.013593510195132646
180 0.6065150669642857 0.7635386976540233 0.008510044642857142 0.01775926331944749
179 0.6051199776785714 0.6464591098443324 0.011858258928571428 0.023459767594825695
185 0.576171875 0.622231966673975 0.006417410714285714 0.03332602499451875
142 0.5089983258928571 0.6124753343565008 0.008231026785714286 0.01381276035957027
189 0.6067243303571429 0.3295329971497479 0.008649553571428572 0.031572023679017756
25 0.6277204241071429 0.2989475992106994 0.011021205357142858 0.015566761675071256
14 0.52734375 0.3862091646568735 0.009207589285714286 0.021267265950449463
192 0.46568080357142855 0.36242052181539136 0.018415178571428572 0.02894102170576628
14 0.4261997767857143 0.36253014689761015 0.012555803571428572 0.013374260030695024
25 0.40652901785714285 0.3373163779872835 0.011439732142857142 0.023898267923700943
180 0.16929408482142858 0.3374260030695023 0.008510044642857142 0.01841701381276036
189 0.10832868303571429 0.29993422495066874 0.019949776785714284 0.015786011839508878
142 0.16922433035714285 0.279982459986845 0.008928571428571428 0.013593510195132646
60 0.14794921875 0.17463275597456698 0.014090401785714286 0.013374260030695024
187 0.18910435267857142 0.23744792808594606 0.004603794642857143 0.013593510195132646
194 0.22998046875 0.23733830300372724 0.017717633928571428 0.027844770883578163
177 0.328125 0.5846305634729226 0.008928571428571428 0.020828765621574215
187 0.4278041294642857 0.23744792808594606 0.004603794642857143 0.013593510195132646
186 0.36788504464285715 0.45077833808375356 0.010323660714285714 0.017540013155009866
176 0.3681640625 0.5892348169261127 0.008649553571428572 0.02433676825257619
177 0.48744419642857145 0.3287656215742162 0.008370535714285714 0.018197763648322735
189 0.5074637276785714 0.42501644376233283 0.019949776785714284 0.014251260688445516
195 0.5076032366071429 0.29993422495066874 0.017717633928571428 0.02762552071914054
177 0.5836356026785714 0.29960534970401226 0.011858258928571428 0.01381276035957027
119 0.20445033482142858 0.5850690638017979 0.017717633928571428 0.02039026529269897
177 0.22663225446428573 0.36242052181539136 0.0146484375 0.013593510195132646
60 0.31396484375 0.362639771979829 0.012137276785714286 0.013593510195132646
191 0.08970424107142858 0.39563692172769127 0.01171875 0.018197763648322735
102 0.08984375 0.46163122122341593 0.008370535714285714 0.018636263977197982
186 0.10874720982142858 0.550098662573997 0.011021205357142858 0.015347511510633634
63 0.7259347098214286 0.9046261784696339 0.008510044642857142 0.016224512168384126
102 0.7260044642857143 0.7625520719140539 0.008649553571428572 0.02367901775926332
14 0.7262834821428571 0.7181539136154352 0.008649553571428572 0.023459767594825695
179 0.6217215401785714 0.6155448366586275 0.017438616071428572 0.018197763648322735
183 0.15638950892857142 0.2313089234816926 0.006417410714285714 0.0263100197325148
188 0.16929408482142858 0.5299276474457356 0.015485491071428572 0.013593510195132646
25 0.40652901785714285 0.7062047796535847 0.011160714285714286 0.016224512168384126
196 0.38685825892857145 0.6749616312212234 0.017857142857142856 0.027844770883578163
188 0.4261997767857143 0.7374479280859461 0.0078125 0.022144266608199955
142 0.4652622767857143 0.7378864284148213 0.008370535714285714 0.014251260688445516
184 0.4017857142857143 0.5200613900460426 0.021484375 0.010085507564130673
191 0.40785435267857145 0.764854198640649 0.014090401785714286 0.022144266608199955
179 0.16748046875 0.6544617408463056 0.012416294642857142 0.02324051743038807
63 0.16929408482142858 0.57564130673098 0.008510044642857142 0.020828765621574215
190 0.16922433035714285 0.7684718263538698 0.010881696428571428 0.010085507564130673
180 0.22726004464285715 0.48739311554483666 0.011160714285714286 0.0131550098662574
180 0.27029854910714285 0.4876123657092743 0.012137276785714286 0.013593510195132646
193 0.08970424107142858 0.5819995614996711 0.017299107142857144 0.027844770883578163
119 0.11335100446428571 0.6054593290944968 0.017159598214285716 0.028283271212453408
191 0.14676339285714285 0.6124753343565008 0.012555803571428572 0.019513264634948475
188 0.12946428571428573 0.6418548563911423 0.01171875 0.012935759701819776
14 0.12960379464285715 0.7718702039026529 0.008649553571428572 0.023898267923700943
178 0.08949497767857142 0.7174961631221224 0.008510044642857142 0.02433676825257619
196 0.08970424107142858 0.640868230651173 0.018973214285714284 0.029818022363516772
182 0.5108816964285714 0.6749616312212234 0.008649553571428572 0.013374260030695024
177 0.4872349330357143 0.5853979390484543 0.0087890625 0.02324051743038807
181 0.48751395089285715 0.5254330190747643 0.0087890625 0.019513264634948475
32 0.48779296875 0.83117737338303 0.009905133928571428 0.021925016443762334
180 0.46498325892857145 0.8624205218153914 0.012834821428571428 0.013374260030695024
178 0.72607421875 0.5138127603595702 0.008510044642857142 0.02302126726595045
178 0.7135184151785714 0.4251260688445516 0.014369419642857142 0.0131550098662574
177 0.6268833705357143 0.424906818680114 0.011300223214285714 0.014032010524007894
63 0.22279575892857142 0.29993422495066874 0.014229910714285714 0.013593510195132646
25 0.28745814732142855 0.13516772637579477 0.0107421875 0.02039026529269897
142 0.21847098214285715 0.11203683402762551 0.008928571428571428 0.013593510195132646
187 0.14934430803571427 0.11247533435650077 0.004603794642857143 0.013593510195132646
175 0.44761439732142855 0.33326024994518744 0.008510044642857142 0.02367901775926332
195 0.4476841517857143 0.4591098443323833 0.015904017857142856 0.02499451874588906
196 0.34702845982142855 0.48750274062705545 0.017717633928571428 0.027844770883578163
178 0.08970424107142858 0.8264634948476212 0.008370535714285714 0.02039026529269897
184 0.10365513392857142 0.7276912957684718 0.006417410714285714 0.03332602499451875
180 0.18380301339285715 0.7379960534970401 0.014927455357142858 0.0131550098662574
188 0.20905412946428573 0.697325147993861 0.013253348214285714 0.012935759701819776
183 0.20500837053571427 0.6434992326244244 0.0166015625 0.010085507564130673
179 0.7276785714285714 0.3869765402324052 0.011997767857142858 0.026748520061390047
183 0.7094029017857143 0.4935321201490901 0.006417410714285714 0.0263100197325148
119 0.6667131696428571 0.4946283709712782 0.014508928571428572 0.02762552071914054
191 0.72607421875 0.19973689980267484 0.0126953125 0.020171015128261346
189 0.7049386160714286 0.17485200613900462 0.020089285714285716 0.014251260688445516
187 0.6266043526785714 0.1749616312212234 0.004603794642857143 0.013593510195132646
185 0.5884486607142857 0.18471826353869766 0.006696428571428571 0.03310677483008112
177 0.5503627232142857 0.1749616312212234 0.014229910714285714 0.0131550098662574
102 0.28857421875 0.3418110063582548 0.008510044642857142 0.019294014470510854
186 0.2885044642857143 0.5137031352773515 0.009765625 0.017978513483885114
175 0.3682338169642857 0.3259153694365271 0.0087890625 0.02039026529269897
63 0.3905552455357143 0.4246875685156764 0.014090401785714286 0.013593510195132646
194 0.32833426339285715 0.7041219030914273 0.017996651785714284 0.028283271212453408
185 0.32212611607142855 0.63560622670467 0.021205357142857144 0.010085507564130673
60 0.24881417410714285 0.7688007016005262 0.008510044642857142 0.01907476430607323
192 0.24874441964285715 0.704889278666959 0.01953125 0.030695023021267268
185 0.1826171875 0.6846086384564788 0.006696428571428571 0.03354527515895637
142 0.15276227678571427 0.6749616312212234 0.009207589285714286 0.013374260030695024
187 0.10958426339285714 0.6749616312212234 0.004603794642857143 0.013374260030695024
181 0.24867466517857142 0.8240517430388072 0.008510044642857142 0.021267265950449463
102 0.23674665178571427 0.8620916465687349 0.011439732142857142 0.0131550098662574
177 0.18854631696428573 0.8624205218153914 0.012137276785714286 0.01381276035957027