187 0.6449497767857143 0.791209995615958 0.007533482142857143 0.006356861025865849
187 0.09933035714285714 0.9297457255589654 0.00390625 0.012056115738711091
187 0.0849609375 0.6283428320911881 0.007533482142857143 0.006356861025865849
187 0.0849609375 0.8594914511179307 0.007533482142857143 0.006137658921525646
187 0.32400948660714285 0.10488820692678649 0.004045758928571429 0.012056115738711091
187 0.0849609375 0.12494519947391496 0.007533482142857143 0.006137658921525646
191 0.20821707589285715 0.7646865409907935 0.011021205357142858 0.01731696624287593
175 0.2598353794642857 0.6788689171416046 0.007672991071428571 0.018851380973257344
191 0.25990513392857145 0.6297676457693994 0.010044642857142858 0.01578255151249452
185 0.3477260044642857 0.5910784743533538 0.005719866071428571 0.02915387987724682
142 0.13623046875 0.5997369574747917 0.007672991071428571 0.01183691363437089
192 0.5749162946428571 0.6285620341955283 0.015904017857142856 0.024769837790442787
32 0.57568359375 0.6799649276633055 0.0087890625 0.01709776413853573
63 0.5902622767857143 0.709776413853573 0.011160714285714286 0.01183691363437089
179 0.5735212053571429 0.516330556773345 0.010602678571428572 0.019070583077597545
14 0.5749860491071429 0.4094695309074967 0.007952008928571428 0.01841297676457694
142 0.5750558035714286 0.36365629110039455 0.0078125 0.012713722051731697
14 0.5525948660714286 0.7646865409907935 0.011997767857142858 0.011617711530030689
195 0.48695591517857145 0.7647961420429636 0.015764508928571428 0.02498903989478299
181 0.30970982142857145 0.8201446733888645 0.011439732142857142 0.011617711530030689
193 0.32993861607142855 0.8482025427444103 0.015904017857142856 0.025208241999123193
102 0.3506556919642857 0.8745067952652346 0.0107421875 0.012056115738711091
195 0.3837193080357143 0.8748355984217449 0.015485491071428572 0.024550635686102586
196 0.32993861607142855 0.7349846558526962 0.016183035714285716 0.025427444103463395
190 0.32993861607142855 0.6987067075843928 0.009486607142857142 0.012494519947391494
190 0.32993861607142855 0.6218763700131521 0.007533482142857143 0.010083296799649276
192 0.32993861607142855 0.571679088119246 0.015904017857142856 0.02498903989478299
195 0.38295200892857145 0.5448268303375713 0.015625 0.024331433581762384
196 0.38071986607142855 0.5997369574747917 0.015625 0.023235423060061378
25 0.43568638392857145 0.6307540552389302 0.009765625 0.021262604120999562
183 0.4384068080357143 0.6787593160894344 0.0146484375 0.009425690486628672
102 0.42013113839285715 0.765234546251644 0.013532366071428572 0.01183691363437089
175 0.6449497767857143 0.742437527400263 0.007533482142857143 0.01709776413853573
194 0.5920758928571429 0.7647961420429636 0.015625 0.024550635686102586
193 0.6449497767857143 0.6818281455501973 0.015625 0.024331433581762384
142 0.6450892857142857 0.5724462954844366 0.0078125 0.012056115738711091
176 0.6448102678571429 0.5252082419991232 0.007533482142857143 0.01841297676457694
191 0.6652483258928571 0.48980710214818063 0.010184151785714286 0.016001753616834723
183 0.47342354910714285 0.8593818500657606 0.0146484375 0.00898728627794827
25 0.45570591517857145 0.8759316089434459 0.013253348214285714 0.01446733888645331
195 0.31173270089285715 0.5448268303375713 0.015764508928571428 0.024769837790442787
32 0.4003208705357143 0.6731696624287593 0.0087890625 0.019289785181937746
60 0.37960379464285715 0.7099956159579132 0.009765625 0.01183691363437089
176 0.3081752232142857 0.7098860149057431 0.011160714285714286 0.011617711530030689
179 0.2963169642857143 0.7300526085050416 0.010602678571428572 0.02389302937308198
181 0.62939453125 0.5447172292854011 0.011021205357142858 0.012275317843051293
194 0.5915178571428571 0.5448268303375713 0.016462053571428572 0.025646646207803596
102 0.5588030133928571 0.5448268303375713 0.011021205357142858 0.012056115738711091
192 0.7149135044642857 0.5723366944322665 0.015206473214285714 0.024550635686102586
179 0.7164481026785714 0.6277948268303376 0.010463169642857142 0.022797018851380975
191 0.6608537946428571 0.709776413853573 0.011439732142857142 0.01797457255589654
186 0.6628766741071429 0.43478737395879 0.009905133928571428 0.012932924156071899
191 0.5913783482142857 0.43478737395879 0.011439732142857142 0.017755370451556333
182 0.5256696428571429 0.43478737395879 0.007533482142857143 0.012494519947391494
194 0.48667689732142855 0.43478737395879 0.015764508928571428 0.024769837790442787
119 0.12395368303571429 0.40387987724682156 0.015485491071428572 0.02345462516440158
180 0.1201171875 0.5138097325734327 0.007533482142857143 0.01709776413853573
32 0.13246372767857142 0.4886014905743095 0.013253348214285714 0.01446733888645331
193 0.7149135044642857 0.8485313459009206 0.015764508928571428 0.02498903989478299
177 0.71484375 0.7943884261288908 0.007533482142857143 0.01446733888645331
181 0.71484375 0.7377246821569488 0.007533482142857143 0.015563349408154318
192 0.6271623883928571 0.8747259973695748 0.015764508928571428 0.024769837790442787
182 0.6021205357142857 0.8741779921087243 0.008091517857142858 0.01183691363437089
63 0.5749860491071429 0.9066199035510741 0.007393973214285714 0.01972818939061815
102 0.5182059151785714 0.9299649276633055 0.0107421875 0.011617711530030689
25 0.4903041294642857 0.876150811047786 0.010184151785714286 0.014905743095133712
188 0.0849609375 0.46690048224462954 0.010044642857142858 0.01183691363437089
196 0.0849609375 0.4070583077597545 0.015345982142857142 0.024550635686102586
181 0.08510044642857142 0.5158921525646646 0.007533482142857143 0.014686540990793511
189 0.11997767857142858 0.6277948268303376 0.010044642857142858 0.02761946514686541
178 0.11997767857142858 0.6840201665935993 0.007533482142857143 0.01819377466023674
195 0.11990792410714286 0.7923060061376589 0.013811383928571428 0.021701008329679965
25 0.5887974330357143 0.27126260412099956 0.012137276785714286 0.014686540990793511
179 0.6114676339285714 0.4124287593160894 0.010602678571428572 0.021262604120999562
195 0.6099330357142857 0.4632836475230162 0.013392857142857142 0.021262604120999562
195 0.5223214285714286 0.48980710214818063 0.013671875 0.021262604120999562
60 0.3300083705357143 0.1290004384042087 0.007952008928571428 0.021262604120999562
60 0.34933035714285715 0.21470846120122752 0.012555803571428572 0.011617711530030689
182 0.32979910714285715 0.41494958351600175 0.0078125 0.011398509425690487
179 0.08349609375 0.5758439281017098 0.010463169642857142 0.018851380973257344
119 0.08077566964285714 0.7924156071898291 0.015625 0.024112231477422183
142 0.11265345982142858 0.7647961420429636 0.007114955357142857 0.01183691363437089
183 0.09207589285714286 0.814226216571679 0.005580357142857143 0.023016220955721176
182 0.14753069196428573 0.8198158702323542 0.007114955357142857 0.012275317843051293
191 0.5169503348214286 0.8197062691801841 0.009626116071428572 0.015124945199473916
185 0.41573660714285715 0.8283647523016221 0.005859375 0.029373081981587022
195 0.25997488839285715 0.9019070583077597 0.016043526785714284 0.025208241999123193
14 0.2949916294642857 0.8394344585708022 0.007393973214285714 0.016440157825515125
190 0.30154854910714285 0.7647961420429636 0.009626116071428572 0.01183691363437089
182 0.16761997767857142 0.9297457255589654 0.007114955357142857 0.012056115738711091
179 0.13609095982142858 0.9321569487067076 0.014927455357142858 0.016440157825515125
190 0.22488839285714285 0.8311047786058746 0.008370535714285714 0.015124945199473916
176 0.22488839285714285 0.798882069267865 0.007533482142857143 0.013809732573432706
189 0.22488839285714285 0.7367382726874178 0.006417410714285714 0.02761946514686541
180 0.22502790178571427 0.680512932924156 0.007533482142857143 0.019070583077597545
180 0.19008091517857142 0.7449583516001753 0.007393973214285714 0.016878562034195528
191 0.18994140625 0.6331652783866725 0.009626116071428572 0.015124945199473916
196 0.18994140625 0.5699254712845243 0.015764508928571428 0.02498903989478299
177 0.18980189732142858 0.46591407277509866 0.007672991071428571 0.014686540990793511
178 0.17236328125 0.43478737395879 0.010184151785714286 0.011617711530030689
63 0.107421875 0.4348969750109601 0.013392857142857142 0.01183691363437089
60 0.48667689732142855 0.2695089872862779 0.010463169642857142 0.012056115738711091
119 0.5246233258928571 0.2635905304690925 0.011858258928571428 0.024331433581762384
185 0.4644252232142857 0.23005260850504164 0.018694196428571428 0.00898728627794827
195 0.46993582589285715 0.1316308636562911 0.014369419642857142 0.02257781674704077
178 0.42208426339285715 0.10488820692678649 0.014090401785714286 0.012056115738711091
185 0.353515625 0.11332748794388427 0.005859375 0.029373081981587022
188 0.10337611607142858 0.21481806225339764 0.006417410714285714 0.021920210434020166
188 0.0849609375 0.28375712406839104 0.013671875 0.009425690486628672
177 0.17243303571428573 0.32507672073651905 0.009486607142857142 0.012275317843051293
63 0.21100725446428573 0.324967119684349 0.012974330357142858 0.012494519947391494
181 0.17096819196428573 0.26972818939061816 0.011579241071428572 0.011617711530030689
177 0.20863560267857142 0.26972818939061816 0.009905133928571428 0.011617711530030689
187 0.2774135044642857 0.2698377904427883 0.004045758928571429 0.01183691363437089
119 0.3090122767857143 0.2633713283647523 0.013113839285714286 0.024331433581762384
188 0.34940011160714285 0.2698377904427883 0.005998883928571429 0.018851380973257344
186 0.36495535714285715 0.35379219640508547 0.008928571428571428 0.01578255151249452
183 0.36844308035714285 0.3953309951775537 0.014508928571428572 0.00898728627794827
178 0.310546875 0.21492766330556773 0.013113839285714286 0.011617711530030689
176 0.27685546875 0.21492766330556773 0.012416294642857142 0.011617711530030689
183 0.55712890625 0.8691363437088996 0.005719866071428571 0.022797018851380975
175 0.5399693080357143 0.7361902674265673 0.007393973214285714 0.015563349408154318
187 0.5398995535714286 0.6272468215694871 0.007533482142857143 0.006356861025865849
190 0.5399693080357143 0.5897632617273126 0.0068359375 0.009425690486628672
175 0.294921875 0.34886014905743096 0.007533482142857143 0.015563349408154318
192 0.27685546875 0.37976764576939936 0.016043526785714284 0.025208241999123193
188 0.24965122767857142 0.37976764576939936 0.007114955357142857 0.016878562034195528
190 0.21072823660714285 0.37976764576939936 0.008510044642857142 0.009425690486628672
190 0.36893136160714285 0.3248575186321789 0.007114955357142857 0.01446733888645331
32 0.12053571428571429 0.35105217010083295 0.008649553571428572 0.01994739149495835
195 0.22495814732142858 0.4080447172292854 0.016043526785714284 0.025208241999123193
187 0.3124302455357143 0.48980710214818063 0.004045758928571429 0.012056115738711091
181 0.3081752232142857 0.3800964489259097 0.011439732142857142 0.01183691363437089
195 0.18987165178571427 0.35149057430951336 0.013392857142857142 0.021262604120999562
14 0.19001116071428573 0.40387987724682156 0.007533482142857143 0.016440157825515125
25 0.20403180803571427 0.4334721613327488 0.011300223214285714 0.015563349408154318
192 0.24274553571428573 0.43478737395879 0.015904017857142856 0.024769837790442787
191 0.2822963169642857 0.43478737395879 0.009068080357142858 0.014248136782113108
188 0.32993861607142855 0.4629548443665059 0.010044642857142858 0.01052170100832968
102 0.6097935267857143 0.7903331871985971 0.0078125 0.018632178868917142
186 0.55517578125 0.5996273564226217 0.010184151785714286 0.012932924156071899
193 0.5049525669642857 0.569596668128014 0.016880580357142856 0.0265234546251644
188 0.5399693080357143 0.35718982902235863 0.014369419642857142 0.009425690486628672
179 0.5412946428571429 0.39697501096010523 0.010602678571428572 0.02235861464270057
63 0.5399693080357143 0.46514686540990796 0.007393973214285714 0.016220955721174924
189 0.41685267857142855 0.48980710214818063 0.017578125 0.012056115738711091
102 0.38692801339285715 0.3796580447172293 0.0126953125 0.01183691363437089
196 0.39990234375 0.34984655852696184 0.015206473214285714 0.024550635686102586
196 0.43491908482142855 0.4048662867163525 0.015485491071428572 0.024550635686102586
175 0.4349888392857143 0.30688294607628236 0.0078125 0.020604997807978958
182 0.3872767857142857 0.2698377904427883 0.008091517857142858 0.01183691363437089