187 0.24874441964285715 0.2531243148432361 0.008649553571428572 0.00723525542644157
187 0.2885044642857143 0.7194694146020609 0.008649553571428572 0.00723525542644157
187 0.208984375 0.2601403201052401 0.008649553571428572 0.00723525542644157
187 0.10818917410714286 0.36242052181539136 0.004603794642857143 0.013593510195132646
187 0.26199776785714285 0.9250164437623328 0.004464285714285714 0.013593510195132646
187 0.5272042410714286 0.7894102170576628 0.008649553571428572 0.00723525542644157
187 0.6533203125 0.6749616312212234 0.004464285714285714 0.013374260030695024
187 0.7260044642857143 0.1645472484104363 0.008649553571428572 0.00723525542644157
187 0.6581333705357143 0.9250164437623328 0.004603794642857143 0.013593510195132646
187 0.11990792410714286 0.29993422495066874 0.004603794642857143 0.013593510195132646
189 0.26932198660714285 0.36242052181539136 0.019949776785714284 0.011401008550756413
194 0.24881417410714285 0.3943214207410656 0.017996651785714284 0.028283271212453408
186 0.31270926339285715 0.42446831835123877 0.0107421875 0.015347511510633634
63 0.28857421875 0.6364832273624205 0.008510044642857142 0.020609515457136594
179 0.3267299107142857 0.5928524446393335 0.012276785714285714 0.02762552071914054
175 0.31040736607142855 0.6750712563034422 0.012555803571428572 0.013593510195132646
186 0.34451729910714285 0.6748520061390046 0.0107421875 0.015347511510633634
178 0.40792410714285715 0.5146897610173208 0.008370535714285714 0.022144266608199955
191 0.40785435267857145 0.44803771102828327 0.011579241071428572 0.018197763648322735
193 0.6465541294642857 0.20335452751589564 0.017717633928571428 0.027844770883578163
192 0.6261160714285714 0.1749616312212234 0.018415178571428572 0.02894102170576628
181 0.5529436383928571 0.1749616312212234 0.014090401785714286 0.013593510195132646
179 0.5814732142857143 0.49013374260030695 0.015904017857142856 0.018636263977197982
192 0.5091378348214286 0.48739311554483666 0.017717633928571428 0.02718702039026529
185 0.4585658482142857 0.4969304976978733 0.006696428571428571 0.033983775487831616
192 0.4476841517857143 0.518636263977198 0.017020089285714284 0.027844770883578163
178 0.3680943080357143 0.456917342688007 0.008510044642857142 0.02587151940363955
175 0.5481305803571429 0.550098662573997 0.012555803571428572 0.014032010524007894
183 0.5708705357142857 0.569283051962289 0.016741071428571428 0.010304757728568297
102 0.3857421875 0.42501644376233283 0.014508928571428572 0.013374260030695024
32 0.34898158482142855 0.4859679894759921 0.013532366071428572 0.01644376233282175
142 0.30643136160714285 0.4880508660381495 0.0087890625 0.013593510195132646
193 0.6067243303571429 0.20620477965358475 0.018694196428571428 0.029160271870203903
181 0.5048130580357143 0.36242052181539136 0.011300223214285714 0.01447051085288314
119 0.5941685267857143 0.30727910545932907 0.015066964285714286 0.027406270554702915
195 0.5064871651785714 0.29993422495066874 0.015485491071428572 0.022802017101512827
189 0.22809709821428573 0.36242052181539136 0.020089285714285716 0.012278009208506906
192 0.18882533482142858 0.36242052181539136 0.017717633928571428 0.028064021048015787
25 0.32728794642857145 0.39070379302784475 0.010881696428571428 0.02104801578601184
190 0.12946428571428573 0.38675729006796755 0.0078125 0.015786011839508878
179 0.19217354910714285 0.6096250822188116 0.014090401785714286 0.018636263977197982
177 0.6648297991071429 0.8623108967331725 0.0146484375 0.0131550098662574
119 0.6273716517857143 0.8692172769129577 0.013113839285714286 0.028283271212453408
63 0.5900530133928571 0.8628590221442666 0.013811383928571428 0.01381276035957027
193 0.5857282366071429 0.7374479280859461 0.017996651785714284 0.028283271212453408
32 0.5433175223214286 0.7360228020171015 0.015764508928571428 0.016224512168384126
188 0.26095145089285715 0.6749616312212234 0.006277901785714286 0.02696777022582767
193 0.20905412946428573 0.7081780311335234 0.016322544642857144 0.028064021048015787
195 0.20905412946428573 0.831725498794124 0.017717633928571428 0.027844770883578163
196 0.22914341517857142 0.9250164437623328 0.017717633928571428 0.02762552071914054
63 0.5435267857142857 0.6123657092742819 0.014787946428571428 0.013593510195132646
14 0.47119140625 0.6750712563034422 0.013532366071428572 0.013593510195132646
196 0.42640904017857145 0.6749616312212234 0.018833705357142856 0.029598772199079148
193 0.5475027901785714 0.6749616312212234 0.017717633928571428 0.027844770883578163
175 0.5670340401785714 0.7116860337645253 0.009068080357142858 0.02324051743038807
195 0.7057059151785714 0.5498794124095593 0.018275669642857144 0.02850252137689103
179 0.7140764508928571 0.6151063363297522 0.014090401785714286 0.018636263977197982
142 0.7260044642857143 0.5301468976101732 0.008649553571428572 0.014032010524007894
102 0.7262834821428571 0.403968427976321 0.008370535714285714 0.018197763648322735
187 0.7260044642857143 0.33117737338303005 0.008649553571428572 0.00723525542644157
32 0.48779296875 0.3994737996053497 0.009905133928571428 0.02324051743038807
196 0.48744419642857145 0.3283271212453409 0.017020089285714284 0.027844770883578163
14 0.56640625 0.6552291164218373 0.008649553571428572 0.018197763648322735
187 0.5669642857142857 0.7686910765183074 0.008649553571428572 0.007016005262003947
192 0.72607421875 0.20730103047577286 0.017159598214285716 0.027844770883578163
102 0.6708984375 0.36285902214426663 0.015625 0.013593510195132646
190 0.6164899553571429 0.36242052181539136 0.010044642857142858 0.01710151282613462
186 0.5889369419642857 0.42534531900898925 0.0107421875 0.015347511510633634
32 0.5442940848214286 0.4232624424468318 0.0166015625 0.016005262003946502
60 0.6066545758928571 0.6361543521157641 0.008510044642857142 0.017320762990572242
32 0.6216517857142857 0.5490024117518089 0.012276785714285714 0.015786011839508878
180 0.24895368303571427 0.8968427976320982 0.0087890625 0.02433676825257619
176 0.24895368303571427 0.8304099978074984 0.008510044642857142 0.018197763648322735
181 0.24881417410714285 0.6421837316377987 0.009347098214285714 0.019294014470510854
183 0.24497767857142858 0.4483665862749397 0.017020089285714284 0.010085507564130673
14 0.6463448660714286 0.8378645033983776 0.008649553571428572 0.01775926331944749
180 0.6465541294642857 0.7728568296426223 0.0087890625 0.02324051743038807
186 0.6282087053571429 0.6124753343565008 0.011160714285714286 0.01644376233282175
182 0.6690848214285714 0.7375575531681648 0.008649553571428572 0.013593510195132646
179 0.6881277901785714 0.8241613681210261 0.011858258928571428 0.02324051743038807
119 0.302734375 0.5428634071475553 0.014787946428571428 0.02762552071914054
60 0.2738560267857143 0.6125849594387196 0.013671875 0.014032010524007894
184 0.21840122767857142 0.6219030914273186 0.006556919642857143 0.033983775487831616
177 0.7071707589285714 0.48739311554483666 0.014229910714285714 0.013593510195132646
142 0.5272042410714286 0.505262003946503 0.008928571428571428 0.014251260688445516
181 0.5274135044642857 0.44694146020609515 0.008510044642857142 0.024775268581451435
186 0.48744419642857145 0.647226485419864 0.009765625 0.01710151282613462
178 0.4476841517857143 0.3356720017540013 0.008370535714285714 0.020609515457136594
177 0.34507533482142855 0.23755755316816488 0.014369419642857142 0.013374260030695024
194 0.28857421875 0.332931374698531 0.017717633928571428 0.027844770883578163
142 0.40792410714285715 0.5918658188993642 0.008928571428571428 0.012935759701819776
194 0.19091796875 0.48739311554483666 0.017717633928571428 0.0263100197325148
188 0.2777622767857143 0.48739311554483666 0.006417410714285714 0.0263100197325148
25 0.23221261160714285 0.2981802236351677 0.0146484375 0.016663012497259374
187 0.26869419642857145 0.29993422495066874 0.004464285714285714 0.013593510195132646
175 0.3057338169642857 0.29960534970401226 0.011021205357142858 0.01381276035957027
181 0.32833426339285715 0.5162245121683842 0.008510044642857142 0.02433676825257619