187 0.44301060267857145 0.11247533435650077 0.004603794642857143 0.013593510195132646
187 0.26492745535714285 0.11247533435650077 0.004464285714285714 0.013593510195132646
187 0.3368443080357143 0.11247533435650077 0.004603794642857143 0.013593510195132646
187 0.2679966517857143 0.36242052181539136 0.004464285714285714 0.013593510195132646
187 0.11753627232142858 0.11247533435650077 0.004603794642857143 0.013593510195132646
187 0.7260044642857143 0.13100197325147994 0.008649553571428572 0.00723525542644157
187 0.6549246651785714 0.11247533435650077 0.004603794642857143 0.013593510195132646
193 0.28857421875 0.8921289190966893 0.0185546875 0.029379522034641527
195 0.28857421875 0.8284367463275597 0.017717633928571428 0.027844770883578163
183 0.28466796875 0.7569611927208946 0.016880580357142856 0.010304757728568297
192 0.28857421875 0.7041219030914273 0.017996651785714284 0.028283271212453408
195 0.228515625 0.5498794124095593 0.018415178571428572 0.02894102170576628
25 0.38609095982142855 0.9232624424468319 0.011858258928571428 0.016663012497259374
25 0.46212332589285715 0.9235913176934882 0.0146484375 0.016882262661696998
60 0.5083705357142857 0.9250164437623328 0.014229910714285714 0.0131550098662574
183 0.40394810267857145 0.3318351238763429 0.0166015625 0.010304757728568297
183 0.4116908482142857 0.3912519184389388 0.017020089285714284 0.010304757728568297
189 0.40792410714285715 0.4579039684279763 0.009486607142857142 0.031352773514580136
195 0.38741629464285715 0.5499890374917781 0.015625 0.024775268581451435
185 0.4662388392857143 0.3525542644156983 0.006417410714285714 0.03332602499451875
60 0.5064174107142857 0.3622012716509537 0.012834821428571428 0.014032010524007894
192 0.46561104910714285 0.5499890374917781 0.018833705357142856 0.029598772199079148
177 0.4292689732142857 0.5499890374917781 0.015066964285714286 0.013374260030695024
63 0.5101841517857143 0.6744135058101294 0.014787946428571428 0.0131550098662574
192 0.5076729910714286 0.424906818680114 0.017857142857142856 0.028064021048015787
32 0.14857700892857142 0.5490024117518089 0.014229910714285714 0.016663012497259374
189 0.19015066964285715 0.5499890374917781 0.020089285714285716 0.01644376233282175
32 0.10888671875 0.23580355185266388 0.015485491071428572 0.017320762990572242
194 0.08970424107142858 0.8328217496163122 0.017857142857142856 0.028283271212453408
195 0.08970424107142858 0.8955272966454725 0.015345982142857142 0.02433676825257619
60 0.46888950892857145 0.4872834904626179 0.013671875 0.013374260030695024
102 0.3076869419642857 0.5498794124095593 0.0126953125 0.0131550098662574
179 0.57958984375 0.7971935978951984 0.016043526785714284 0.018855514141635606
181 0.6067940848214286 0.8235036176277132 0.008510044642857142 0.017978513483885114
195 0.6067243303571429 0.8960754220565665 0.015625 0.02455601841701381
192 0.6270228794642857 0.9250164437623328 0.017717633928571428 0.02718702039026529
188 0.5530133928571429 0.6124753343565008 0.008649553571428572 0.026529269896952423
193 0.5872628348214286 0.6124753343565008 0.017717633928571428 0.027406270554702915
188 0.6245814732142857 0.6124753343565008 0.008091517857142858 0.02565226923920193
25 0.3910435267857143 0.36428414821311117 0.012555803571428572 0.01644376233282175
60 0.4877232142857143 0.38215303661477745 0.008649553571428572 0.02104801578601184
184 0.46609933035714285 0.10271870203902653 0.006417410714285714 0.03354527515895637
190 0.48744419642857145 0.15369436527077396 0.008649553571428572 0.015786011839508878
180 0.5044642857142857 0.17507125630344222 0.013671875 0.013374260030695024
192 0.5486188616071429 0.17485200613900462 0.017717633928571428 0.027406270554702915
193 0.5883091517857143 0.1749616312212234 0.018694196428571428 0.029379522034641527
195 0.4273158482142857 0.17485200613900462 0.017857142857142856 0.027406270554702915
142 0.380859375 0.1749616312212234 0.008370535714285714 0.013593510195132646
193 0.5669642857142857 0.8957465468099101 0.017578125 0.027844770883578163
25 0.6056082589285714 0.7051085288313966 0.011160714285714286 0.02367901775926332
60 0.6068638392857143 0.651940363955273 0.008649553571428572 0.021267265950449463
179 0.7069614955357143 0.6097347073010305 0.015206473214285714 0.01841701381276036
196 0.5465262276785714 0.48739311554483666 0.017717633928571428 0.02762552071914054
176 0.5127650669642857 0.48750274062705545 0.014927455357142858 0.013374260030695024
175 0.328125 0.44694146020609515 0.008928571428571428 0.016005262003946502
190 0.32833426339285715 0.4124095593071695 0.0068359375 0.014909011181758386
182 0.3285435267857143 0.31615873711905285 0.008928571428571428 0.013593510195132646
177 0.34647042410714285 0.2998245998684499 0.011579241071428572 0.01381276035957027
186 0.38699776785714285 0.3001534751151063 0.010881696428571428 0.015786011839508878
119 0.10811941964285714 0.9322516991887744 0.017299107142857144 0.02762552071914054
192 0.26904296875 0.48739311554483666 0.017717633928571428 0.02718702039026529
192 0.31005859375 0.424906818680114 0.017717633928571428 0.02762552071914054
180 0.5439453125 0.36209164656873494 0.015345982142857142 0.013374260030695024
195 0.27036830357142855 0.424906818680114 0.015625 0.02455601841701381
192 0.10916573660714286 0.5499890374917781 0.017996651785714284 0.028283271212453408
25 0.24958147321428573 0.5084411313308485 0.010044642857142858 0.02236351677263758
142 0.5271344866071429 0.4042973032229774 0.0087890625 0.013593510195132646
63 0.6065848214285714 0.590221442666082 0.008649553571428572 0.02367901775926332
176 0.16950334821428573 0.6481034860776146 0.008928571428571428 0.02104801578601184
183 0.17320033482142858 0.6974347730760798 0.0166015625 0.01052400789300592
183 0.5830078125 0.9310458232843675 0.006417410714285714 0.026529269896952423
175 0.6243024553571429 0.862639771979829 0.012276785714285714 0.013374260030695024
187 0.646484375 0.8312869984652489 0.008649553571428572 0.00723525542644157
177 0.7263532366071429 0.637360228020171 0.008510044642857142 0.0197325147993861
60 0.7257952008928571 0.5882481911861434 0.008510044642857142 0.021925016443762334
196 0.70458984375 0.48739311554483666 0.018275669642857144 0.02850252137689103
181 0.72607421875 0.7122341591756194 0.008510044642857142 0.02433676825257619
180 0.7261439732142857 0.8301907476430608 0.008649553571428572 0.018197763648322735
119 0.7306780133928571 0.8866476649857488 0.017996651785714284 0.02499451874588906
175 0.6705496651785714 0.674632755974567 0.011579241071428572 0.014032010524007894
189 0.6263253348214286 0.6749616312212234 0.019949776785714284 0.012058759044069283
195 0.5866350446428571 0.6749616312212234 0.015625 0.024775268581451435
196 0.5468052455357143 0.6749616312212234 0.017717633928571428 0.026529269896952423
175 0.08991350446428571 0.25608419206314403 0.008510044642857142 0.017540013155009866
190 0.09800502232142858 0.17485200613900462 0.010463169642857142 0.014251260688445516
193 0.19008091517857142 0.17485200613900462 0.017717633928571428 0.027844770883578163
189 0.38790457589285715 0.42501644376233283 0.019949776785714284 0.014251260688445516
142 0.5894949776785714 0.29993422495066874 0.0087890625 0.013593510195132646
184 0.5545479910714286 0.3094716071037053 0.006417410714285714 0.03354527515895637
196 0.6677594866071429 0.424906818680114 0.017996651785714284 0.028064021048015787
63 0.6861746651785714 0.45921946941460207 0.008510044642857142 0.022582766937075203
190 0.6863141741071429 0.5787108090331068 0.007672991071428571 0.011620258715194036
179 0.6450892857142857 0.1409778557333918 0.012276785714285714 0.021925016443762334
194 0.5858677455357143 0.11247533435650077 0.017717633928571428 0.02718702039026529
177 0.6463448660714286 0.2123437842578382 0.008649553571428572 0.018636263977197982
191 0.646484375 0.3249287436965578 0.012276785714285714 0.019294014470510854
195 0.12953404017857142 0.20346415259811446 0.015206473214285714 0.024117518088138567
25 0.7089146205357143 0.1764963823722868 0.013532366071428572 0.016663012497259374
192 0.6249302455357143 0.1749616312212234 0.018275669642857144 0.02850252137689103
181 0.7035435267857143 0.42523569392677046 0.010602678571428572 0.01381276035957027
188 0.5669642857142857 0.26923920192940143 0.017299107142857144 0.012278009208506906
25 0.28982979910714285 0.26255207191405394 0.011021205357142858 0.019951764963823723
183 0.29248046875 0.31341811006358256 0.0166015625 0.010304757728568297
25 0.24783761160714285 0.6491997368998027 0.011021205357142858 0.02324051743038807