187 0.5241350446428571 0.1343708899605436 0.0030691964285714285 0.00920648838228847
187 0.31919642857142855 0.4644892590968873 0.005859375 0.004822446295484437
187 0.6153738839285714 0.8768084173608066 0.005859375 0.004822446295484437
187 0.48074776785714285 0.9013590530469092 0.005859375 0.004822446295484437
187 0.26534598214285715 0.9024550635686103 0.005859375 0.004822446295484437
187 0.08635602678571429 0.17667689609820253 0.0030691964285714285 0.00920648838228847
195 0.6691545758928571 0.621766768960982 0.0107421875 0.016878562034195528
32 0.6695731026785714 0.7941692240245506 0.006556919642857143 0.01578255151249452
180 0.71337890625 0.8111573871109162 0.009347098214285714 0.009425690486628672
63 0.6268833705357143 0.8113765892152565 0.009626116071428572 0.00898728627794827
25 0.6158621651785714 0.8246383165278387 0.007114955357142857 0.013590530469092503
195 0.6007952008928571 0.8535729943007453 0.010463169642857142 0.01578255151249452
195 0.5744977678571429 0.8535729943007453 0.011997767857142858 0.01841297676457694
189 0.10372488839285714 0.1991451117930732 0.007672991071428571 0.021262604120999562
186 0.10379464285714286 0.23958790004384042 0.006417410714285714 0.010960105217010083
25 0.11879185267857142 0.3023893029373082 0.007393973214285714 0.011617711530030689
175 0.15764508928571427 0.3670539237176677 0.005859375 0.012494519947391494
185 0.16643415178571427 0.3817404647084612 0.004464285714285714 0.023016220955721176
191 0.22377232142857142 0.38820692678649715 0.009207589285714286 0.01446733888645331
184 0.10791015625 0.3552170100832968 0.014369419642857142 0.006795265234546251
182 0.10365513392857142 0.4044278825076721 0.005859375 0.008768084173608066
194 0.08998325892857142 0.5151249451994739 0.011997767857142858 0.018851380973257344
194 0.07686941964285714 0.5792415607189829 0.012555803571428572 0.019508987286277948
179 0.07798549107142858 0.6226435773783429 0.008091517857142858 0.014686540990793511
196 0.7230050223214286 0.24145111793073212 0.012416294642857142 0.019508987286277948
187 0.7230050223214286 0.28255151249451993 0.005719866071428571 0.004822446295484437
193 0.7086356026785714 0.3035949145111793 0.012416294642857142 0.019289785181937746
32 0.6522739955357143 0.30293730819815873 0.0087890625 0.01052170100832968
182 0.7230050223214286 0.18873301183691363 0.006277901785714286 0.00920648838228847
119 0.7198660714285714 0.16363437088996055 0.011997767857142858 0.015124945199473916
178 0.6794782366071429 0.13459009206488382 0.009068080357142858 0.00920648838228847
102 0.6023297991071429 0.13415168785620343 0.008231026785714286 0.00920648838228847
194 0.5477120535714286 0.1343708899605436 0.011997767857142858 0.018851380973257344
196 0.7230050223214286 0.3690267426567295 0.012137276785714286 0.019070583077597545
188 0.7230050223214286 0.44399386234107846 0.009347098214285714 0.0076720736519070585
182 0.7228655133928571 0.5269618588338448 0.005998883928571429 0.008768084173608066
142 0.18450055803571427 0.5863656291100394 0.005998883928571429 0.008329679964927663
179 0.2001953125 0.5555677334502411 0.010044642857142858 0.012494519947391494
190 0.1845703125 0.7044059622972381 0.005859375 0.011617711530030689
175 0.12039620535714286 0.7269837790442788 0.008091517857142858 0.00898728627794827
60 0.18450055803571427 0.4060718982902236 0.005719866071428571 0.015563349408154318
196 0.17103794642857142 0.3460105217010083 0.011997767857142858 0.018632178868917142
102 0.5614536830357143 0.3237615081104779 0.005719866071428571 0.01446733888645331
196 0.5754743303571429 0.26128890837352037 0.012276785714285714 0.019289785181937746
192 0.6028180803571429 0.26128890837352037 0.012276785714285714 0.019289785181937746
187 0.6556919642857143 0.26128890837352037 0.0030691964285714285 0.00920648838228847
189 0.6833147321428571 0.26128890837352037 0.013671875 0.008329679964927663
185 0.5657087053571429 0.3696843489697501 0.014229910714285714 0.007233669443226655
188 0.4994419642857143 0.38820692678649715 0.005859375 0.014905743095133712
188 0.4662388392857143 0.38820692678649715 0.005301339285714286 0.0131521262604121
179 0.39097377232142855 0.39017974572555897 0.011579241071428572 0.012713722051731697
119 0.3349609375 0.3930293730819816 0.009207589285714286 0.018851380973257344
102 0.31912667410714285 0.5338667251205611 0.005719866071428571 0.012494519947391494
183 0.2822963169642857 0.5617053923717668 0.004324776785714286 0.017755370451556333
184 0.25467354910714285 0.564116615519509 0.004324776785714286 0.02257781674704077
194 0.2513950892857143 0.5997369574747917 0.012276785714285714 0.019289785181937746
189 0.22467912946428573 0.5997369574747917 0.013532366071428572 0.012275317843051293
195 0.36000279017857145 0.472818939061815 0.012416294642857142 0.01972818939061815
195 0.44126674107142855 0.472818939061815 0.011997767857142858 0.018851380973257344
177 0.46888950892857145 0.47303814116615517 0.007533482142857143 0.00920648838228847
188 0.48856026785714285 0.472818939061815 0.005022321428571429 0.013590530469092503
192 0.5213448660714286 0.472818939061815 0.013113839285714286 0.020604997807978958
187 0.2787388392857143 0.8958790004384042 0.0030691964285714285 0.00920648838228847
189 0.31912667410714285 0.8311047786058746 0.005161830357142857 0.021262604120999562
182 0.31919642857142855 0.7980052608505042 0.005859375 0.00898728627794827
191 0.31912667410714285 0.704296361245068 0.0087890625 0.013590530469092503
177 0.31919642857142855 0.6647303814116615 0.005859375 0.013809732573432706
181 0.31912667410714285 0.6149715037264357 0.005719866071428571 0.016001753616834723
176 0.5985630580357143 0.8112669881630864 0.011021205357142858 0.008768084173608066
195 0.5345284598214286 0.7041867601928978 0.010184151785714286 0.016440157825515125
184 0.5303431919642857 0.6135466900482245 0.014369419642857142 0.0070144673388864535
196 0.5345982142857143 0.5767207365190706 0.01171875 0.018851380973257344
189 0.5345284598214286 0.4930951337132837 0.005161830357142857 0.021262604120999562
25 0.5352957589285714 0.15431828145550197 0.007254464285714286 0.011398509425690487
190 0.5345982142857143 0.1857737834283209 0.006138392857142857 0.011617711530030689
195 0.5345284598214286 0.24035510740903113 0.012137276785714286 0.019070583077597545
189 0.5480608258928571 0.3035949145111793 0.013532366071428572 0.010083296799649276
184 0.5386439732142857 0.4472818939061815 0.014508928571428572 0.006795265234546251
176 0.5433872767857143 0.5575405523893029 0.0078125 0.00898728627794827
187 0.5749162946428571 0.5574309513371328 0.0030691964285714285 0.00920648838228847
176 0.62548828125 0.5574309513371328 0.009068080357142858 0.008768084173608066
60 0.6515764508928571 0.5575405523893029 0.009347098214285714 0.009425690486628672
195 0.6288364955357143 0.8535729943007453 0.010463169642857142 0.016220955721174924
191 0.6153041294642857 0.7851819377466024 0.008231026785714286 0.012713722051731697
60 0.615234375 0.7524112231477422 0.005580357142857143 0.011617711530030689
179 0.5781947544642857 0.6859929855326611 0.009347098214285714 0.012932924156071899
25 0.5442243303571429 0.685773783428321 0.008928571428571428 0.011617711530030689
183 0.6127232142857143 0.6557430951337133 0.011439732142857142 0.006795265234546251
32 0.6830357142857143 0.6411661551950899 0.010881696428571428 0.010960105217010083
189 0.6960797991071429 0.6200131521262604 0.005440848214285714 0.021262604120999562
184 0.47188895089285715 0.7755370451556335 0.004324776785714286 0.022797018851380975
14 0.41385323660714285 0.7690705830775976 0.009347098214285714 0.00898728627794827
60 0.38595145089285715 0.7688513809732573 0.009347098214285714 0.00898728627794827
184 0.3544224330357143 0.7756466462078035 0.004324776785714286 0.02257781674704077
193 0.48067801339285715 0.7475887768522578 0.012974330357142858 0.020385795703638757
180 0.48074776785714285 0.709776413853573 0.005859375 0.014905743095133712
177 0.4395228794642857 0.6419333625602806 0.0087890625 0.00898728627794827
142 0.40771484375 0.6421525646646208 0.005719866071428571 0.009425690486628672
183 0.10637555803571429 0.6725120561157387 0.011300223214285714 0.00657606313020605
192 0.08970424107142858 0.6843489697501096 0.011997767857142858 0.017536168347216132
190 0.10379464285714286 0.5892152564664621 0.005022321428571429 0.00789127575624726
14 0.11648995535714286 0.5577597544936431 0.008091517857142858 0.009425690486628672
187 0.14411272321428573 0.5574309513371328 0.0030691964285714285 0.00920648838228847
183 0.1630859375 0.553266111354669 0.004185267857142857 0.01797457255589654
184 0.27762276785714285 0.6778825076720737 0.004185267857142857 0.023016220955721176
119 0.21456473214285715 0.8691363437088996 0.011997767857142858 0.01841297676457694
102 0.21163504464285715 0.8331871985971065 0.006138392857142857 0.01183691363437089
180 0.21149553571428573 0.7003507233669444 0.005859375 0.01446733888645331
14 0.5885184151785714 0.3726435773783428 0.005998883928571429 0.011398509425690487
32 0.5888671875 0.4048662867163525 0.006696428571428571 0.013590530469092503
32 0.5889369419642857 0.5748575186321788 0.006556919642857143 0.013371328364752301
196 0.6029575892857143 0.5997369574747917 0.011997767857142858 0.01841297676457694
176 0.6323939732142857 0.5995177553704516 0.0078125 0.00920648838228847
32 0.6507393973214286 0.5990793511617711 0.0087890625 0.010960105217010083
191 0.58837890625 0.7839763261727313 0.007952008928571428 0.012494519947391494
32 0.5888671875 0.6648399824638317 0.006696428571428571 0.01709776413853573
184 0.5841936383928571 0.6194651468654099 0.014369419642857142 0.0070144673388864535
194 0.7230050223214286 0.6196843489697501 0.011579241071428572 0.018851380973257344
195 0.7085658482142857 0.5574309513371328 0.011997767857142858 0.018851380973257344
142 0.7227957589285714 0.6608943445857081 0.005859375 0.008768084173608066
195 0.7230050223214286 0.7072555896536606 0.010463169642857142 0.016440157825515125
179 0.7510463169642857 0.7861683472161333 0.008510044642857142 0.015563349408154318
186 0.68359375 0.7689609820254274 0.007533482142857143 0.010083296799649276
194 0.29220145089285715 0.66308636562911 0.012416294642857142 0.01972818939061815
175 0.29220145089285715 0.7952652345462516 0.005719866071428571 0.015344147303814117
119 0.27818080357142855 0.8585050416483998 0.010323660714285714 0.019070583077597545
188 0.23835100446428573 0.6102586584831214 0.007952008928571428 0.00920648838228847
177 0.19677734375 0.7267645769399387 0.009347098214285714 0.00898728627794827
192 0.26534598214285715 0.831543182814555 0.012276785714285714 0.019508987286277948
192 0.26527622767857145 0.789127575624726 0.011858258928571428 0.018851380973257344
192 0.13065011160714285 0.156510302498904 0.011858258928571428 0.018851380973257344
119 0.13371930803571427 0.24188952213941253 0.011858258928571428 0.01731696624287593
187 0.13071986607142858 0.28255151249451993 0.005859375 0.004822446295484437
184 0.16169084821428573 0.4599956159579132 0.014508928571428572 0.006795265234546251
191 0.15764508928571427 0.5002192021043402 0.0078125 0.012275317843051293
194 0.15757533482142858 0.5383603682595353 0.011579241071428572 0.018851380973257344
142 0.35909598214285715 0.6841297676457694 0.005580357142857143 0.00920648838228847
192 0.33189174107142855 0.6843489697501096 0.011997767857142858 0.01841297676457694
182 0.36195591517857145 0.5997369574747917 0.005719866071428571 0.00920648838228847
182 0.3277064732142857 0.8958790004384042 0.005580357142857143 0.00920648838228847
142 0.34598214285714285 0.7419991231915827 0.006138392857142857 0.008768084173608066
176 0.34619140625 0.711968434896975 0.005719866071428571 0.011398509425690487
195 0.34605189732142855 0.6627575624725998 0.010463169642857142 0.016440157825515125
190 0.07686941964285714 0.7816747040771591 0.006417410714285714 0.009644892590968873
192 0.14439174107142858 0.8112669881630864 0.012276785714285714 0.019289785181937746
194 0.19893973214285715 0.8112669881630864 0.012276785714285714 0.019289785181937746
190 0.07686941964285714 0.45583077597544935 0.005859375 0.007233669443226655
32 0.07721819196428571 0.36190267426567296 0.006556919642857143 0.012713722051731697
196 0.09151785714285714 0.3460105217010083 0.011997767857142858 0.018632178868917142
180 0.6960797991071429 0.5278386672512057 0.005998883928571429 0.0131521262604121
179 0.6949637276785714 0.49473914949583514 0.007952008928571428 0.017536168347216132
180 0.6849888392857143 0.472818939061815 0.008370535714285714 0.00920648838228847
193 0.5475725446428571 0.472818939061815 0.012276785714285714 0.019289785181937746
188 0.6960797991071429 0.3179526523454625 0.007952008928571428 0.007233669443226655
192 0.6960797991071429 0.28123629986847876 0.0126953125 0.020166593599298552
196 0.5751953125 0.515234546251644 0.011997767857142858 0.018632178868917142
179 0.6240234375 0.5135905304690925 0.010044642857142858 0.0131521262604121
195 0.5477818080357143 0.3460105217010083 0.0107421875 0.016878562034195528
190 0.6960797991071429 0.6751424813678212 0.004603794642857143 0.008329679964927663
185 0.6768275669642857 0.6911442349846558 0.004324776785714286 0.02235861464270057
181 0.64208984375 0.8705611573871109 0.005719866071428571 0.012056115738711091
180 0.65380859375 0.8958790004384042 0.009626116071428572 0.00920648838228847
25 0.6415318080357143 0.7881411661551951 0.007393973214285714 0.014686540990793511
175 0.6424386160714286 0.7540552389302937 0.005859375 0.0131521262604121
188 0.6422293526785714 0.6707584392810171 0.009905133928571428 0.00920648838228847
142 0.10379464285714286 0.7994300745287155 0.005859375 0.008768084173608066
177 0.7359793526785714 0.8535729943007453 0.0087890625 0.00920648838228847
175 0.7105189732142857 0.8535729943007453 0.008091517857142858 0.008768084173608066
25 0.7491629464285714 0.6697720298114862 0.007254464285714286 0.012056115738711091
196 0.6817103794642857 0.5151249451994739 0.012416294642857142 0.019289785181937746
196 0.13065011160714285 0.4101271372205173 0.011858258928571428 0.018851380973257344
191 0.13065011160714285 0.5019728189390618 0.009347098214285714 0.014905743095133712
102 0.11537388392857142 0.13448049101271373 0.006975446428571429 0.00898728627794827
63 0.13071986607142858 0.5839544059622972 0.005859375 0.016220955721174924
178 0.13065011160714285 0.6218763700131521 0.005719866071428571 0.016659359929855327