187 0.208984375 0.1411971058978294 0.008649553571428572 0.007016005262003947
187 0.6305106026785714 0.11247533435650077 0.004603794642857143 0.013593510195132646
187 0.4476841517857143 0.45461521596141197 0.008649553571428572 0.00723525542644157
187 0.15234375 0.8000438500328875 0.004464285714285714 0.013593510195132646
187 0.24874441964285715 0.13955272966454724 0.008649553571428572 0.00723525542644157
187 0.6067243303571429 0.4799386099539575 0.008649553571428572 0.007016005262003947
187 0.32833426339285715 0.43773295329971496 0.008510044642857142 0.00723525542644157
187 0.7260044642857143 0.14843236132427098 0.008649553571428572 0.007016005262003947
187 0.6862444196428571 0.4492435869326902 0.008649553571428572 0.007016005262003947
63 0.6465541294642857 0.4614119710589783 0.009347098214285714 0.024775268581451435
179 0.5653599330357143 0.4472703354527516 0.012137276785714286 0.02718702039026529
25 0.6476004464285714 0.6504056128042096 0.011160714285714286 0.019951764963823723
119 0.6312779017857143 0.8693269019951765 0.013950892857142858 0.02762552071914054
183 0.587890625 0.8686691515018636 0.006696428571428571 0.0263100197325148
176 0.5414341517857143 0.862639771979829 0.01171875 0.013374260030695024
184 0.1630859375 0.7743915807936856 0.021205357142857144 0.010085507564130673
183 0.16517857142857142 0.7032449024336769 0.016462053571428572 0.010743258057443543
182 0.08970424107142858 0.6558868669151502 0.008649553571428572 0.012935759701819776
192 0.16922433035714285 0.5791493093619821 0.017020089285714284 0.027844770883578163
195 0.16922433035714285 0.4532997149747862 0.018136160714285716 0.028721771541328656
178 0.646484375 0.2697873273404955 0.008370535714285714 0.023898267923700943
119 0.48291015625 0.8409340057005043 0.017438616071428572 0.02565226923920193
60 0.4873046875 0.7691295768471826 0.008649553571428572 0.02499451874588906
187 0.4278041294642857 0.7375575531681648 0.004603794642857143 0.013593510195132646
192 0.34765625 0.7374479280859461 0.017857142857142856 0.026090769568077175
177 0.4872349330357143 0.7023679017759263 0.008510044642857142 0.023898267923700943
102 0.5034877232142857 0.4247971935978952 0.011160714285714286 0.01381276035957027
195 0.48744419642857145 0.33205437404078053 0.015345982142857142 0.02433676825257619
195 0.4271763392857143 0.36242052181539136 0.018136160714285716 0.02850252137689103
14 0.38351004464285715 0.36285902214426663 0.011160714285714286 0.0131550098662574
25 0.48876953125 0.38873054154790615 0.011021205357142858 0.021925016443762334
179 0.12785993303571427 0.3295329971497479 0.011858258928571428 0.021486516114887087
184 0.18812779017857142 0.227581670686253 0.006277901785714286 0.03332602499451875
179 0.541015625 0.7400789300591976 0.015625 0.018636263977197982
182 0.30350167410714285 0.3617627713220785 0.0087890625 0.013593510195132646
195 0.22788783482142858 0.36242052181539136 0.015485491071428572 0.024117518088138567
176 0.34102957589285715 0.30037272527954395 0.011579241071428572 0.013593510195132646
102 0.38902064732142855 0.29993422495066874 0.011579241071428572 0.0131550098662574
14 0.4218052455357143 0.2998245998684499 0.011579241071428572 0.013374260030695024
192 0.08970424107142858 0.5160052620039465 0.017299107142857144 0.027844770883578163
191 0.08970424107142858 0.4537382153036615 0.01171875 0.018636263977197982
25 0.08865792410714286 0.38368778776584084 0.0107421875 0.016663012497259374
63 0.15053013392857142 0.5498794124095593 0.012276785714285714 0.0131550098662574
63 0.18736049107142858 0.5498794124095593 0.014508928571428572 0.013593510195132646
183 0.20500837053571427 0.5334356500767375 0.0166015625 0.01052400789300592
14 0.26339285714285715 0.4247971935978952 0.013113839285714286 0.01381276035957027
192 0.5669642857142857 0.27110282832712124 0.017578125 0.027844770883578163
180 0.6729910714285714 0.1749616312212234 0.01171875 0.013593510195132646
196 0.44761439732142855 0.3283271212453409 0.017996651785714284 0.028283271212453408
25 0.3466796875 0.17693488270116203 0.015066964285714286 0.01710151282613462
142 0.40799386160714285 0.28338083753562815 0.0087890625 0.014251260688445516
102 0.7262834821428571 0.2557553168164876 0.008370535714285714 0.01775926331944749
187 0.7260044642857143 0.33117737338303005 0.008649553571428572 0.00723525542644157
175 0.7068917410714286 0.36253014689761015 0.015066964285714286 0.013374260030695024
193 0.6659458705357143 0.36242052181539136 0.017717633928571428 0.02762552071914054
179 0.40625 0.7623328217496164 0.012276785714285714 0.025433019074764307
180 0.50537109375 0.6749616312212234 0.014927455357142858 0.013374260030695024
189 0.40785435267857145 0.5789300591975444 0.009068080357142858 0.031352773514580136
190 0.35888671875 0.36242052181539136 0.009905133928571428 0.012716509537382154
142 0.40750558035714285 0.38028941021705764 0.008649553571428572 0.013374260030695024
142 0.40785435267857145 0.3282174961631221 0.0087890625 0.013593510195132646
189 0.12946428571428573 0.5782723087042315 0.010044642857142858 0.031352773514580136
184 0.11565290178571429 0.371957903968428 0.006417410714285714 0.033983775487831616
175 0.12953404017857142 0.19918877439158078 0.008510044642857142 0.02302126726595045
190 0.1552734375 0.29993422495066874 0.010323660714285714 0.014909011181758386
183 0.17313058035714285 0.33117737338303005 0.016741071428571428 0.00986625739969305
195 0.32833426339285715 0.26912957684718264 0.017717633928571428 0.027844770883578163
184 0.24072265625 0.8098004823503617 0.006277901785714286 0.03310677483008112
177 0.28857421875 0.7026967770225828 0.008510044642857142 0.018855514141635606
32 0.22879464285714285 0.17331725498794123 0.015345982142857142 0.016882262661696998
186 0.18875558035714285 0.17463275597456698 0.011160714285714286 0.014689761017320764
193 0.58544921875 0.2998245998684499 0.017717633928571428 0.027844770883578163
176 0.27413504464285715 0.17518088138566104 0.015066964285714286 0.013593510195132646
192 0.16922433035714285 0.1429511072133304 0.018136160714285716 0.02850252137689103
192 0.14794921875 0.11247533435650077 0.017717633928571428 0.02718702039026529
178 0.6863141741071429 0.27800920850690636 0.0087890625 0.0197325147993861