187 0.20521763392857142 0.1343708899605436 0.0030691964285714285 0.00920648838228847
187 0.373046875 0.24528715475668567 0.005859375 0.004822446295484437
187 0.19935825892857142 0.38820692678649715 0.0030691964285714285 0.00920648838228847
187 0.07686941964285714 0.8364752301622096 0.005859375 0.004822446295484437
187 0.7499302455357143 0.6584831214379658 0.005719866071428571 0.004822446295484437
187 0.5551060267857143 0.6420429636124507 0.0030691964285714285 0.00920648838228847
187 0.5615234375 0.8711091626479615 0.005859375 0.004822446295484437
196 0.7499302455357143 0.41078474353353794 0.011579241071428572 0.018851380973257344
182 0.7330496651785714 0.5573213502849628 0.005719866071428571 0.00898728627794827
189 0.7090541294642857 0.5574309513371328 0.013532366071428572 0.00789127575624726
178 0.6814313616071429 0.5574309513371328 0.009347098214285714 0.008768084173608066
195 0.15764508928571427 0.6188075405523893 0.01171875 0.018851380973257344
102 0.1728515625 0.5997369574747917 0.0078125 0.008768084173608066
32 0.158203125 0.5384699693117054 0.006975446428571429 0.014686540990793511
182 0.15757533482142858 0.5 0.005998883928571429 0.00920648838228847
189 0.17180524553571427 0.472818939061815 0.013532366071428572 0.00920648838228847
176 0.3999720982142857 0.2383822884699693 0.005859375 0.016440157825515125
189 0.3861607142857143 0.1343708899605436 0.013671875 0.009644892590968873
25 0.35567801339285715 0.13568610258658484 0.007114955357142857 0.011398509425690487
196 0.41434151785714285 0.21898290223586148 0.011997767857142858 0.018851380973257344
192 0.4951869419642857 0.21898290223586148 0.0126953125 0.01972818939061815
119 0.5221121651785714 0.21427005699254714 0.011021205357142858 0.019070583077597545
180 0.65673828125 0.21920210434020165 0.009905133928571428 0.00920648838228847
102 0.27490234375 0.6840201665935993 0.009347098214285714 0.009425690486628672
192 0.26534598214285715 0.7494519947391495 0.011997767857142858 0.018851380973257344
195 0.27901785714285715 0.7689609820254274 0.011997767857142858 0.018851380973257344
102 0.23842075892857142 0.5726654975887768 0.005859375 0.016001753616834723
119 0.23528180803571427 0.5400043840420868 0.012137276785714286 0.016440157825515125
186 0.22453962053571427 0.515234546251644 0.007952008928571428 0.011617711530030689
179 0.19642857142857142 0.5168785620341956 0.01171875 0.012713722051731697
14 0.18450055803571427 0.5301402893467777 0.005719866071428571 0.011179307321350284
175 0.17006138392857142 0.5574309513371328 0.009765625 0.008768084173608066
178 0.6693638392857143 0.5408811924594477 0.005859375 0.016878562034195528
184 0.6863141741071429 0.46613327487943884 0.004324776785714286 0.02257781674704077
119 0.7361886160714286 0.4678868917141605 0.008928571428571428 0.018632178868917142
182 0.6691545758928571 0.41878562034195527 0.005719866071428571 0.009425690486628672
181 0.7047991071428571 0.3459009206488382 0.008928571428571428 0.00920648838228847
176 0.7345145089285714 0.3460105217010083 0.010044642857142858 0.00898728627794827
181 0.48074776785714285 0.753288031565103 0.005859375 0.012494519947391494
175 0.48067801339285715 0.7036387549320473 0.005719866071428571 0.01578255151249452
183 0.4209681919642857 0.6886234107847435 0.004324776785714286 0.017755370451556333
185 0.3867885044642857 0.6909250328803157 0.004324776785714286 0.022797018851380975
195 0.3584681919642857 0.6843489697501096 0.010463169642857142 0.01578255151249452
119 0.4776088169642857 0.5769399386234108 0.011858258928571428 0.014905743095133712
119 0.4931640625 0.5526085050416484 0.010881696428571428 0.01841297676457694
195 0.5488978794642857 0.5574309513371328 0.010463169642857142 0.015344147303814117
189 0.5751255580357143 0.5574309513371328 0.013532366071428572 0.012275317843051293
188 0.7118443080357143 0.21898290223586148 0.0048828125 0.017536168347216132
196 0.6280691964285714 0.3035949145111793 0.011997767857142858 0.018851380973257344
193 0.6013532366071429 0.30370451556334943 0.012137276785714286 0.019070583077597545
32 0.5499441964285714 0.3027181060938185 0.009207589285714286 0.011398509425690487
178 0.6558314732142857 0.5151249451994739 0.010881696428571428 0.008768084173608066
32 0.21184430803571427 0.49397194213064444 0.0068359375 0.015563349408154318
189 0.21149553571428573 0.5382507672073652 0.005301339285714286 0.021262604120999562
192 0.19768415178571427 0.5574309513371328 0.011997767857142858 0.01841297676457694
192 0.14292689732142858 0.472818939061815 0.012416294642857142 0.01972818939061815
191 0.20089285714285715 0.6843489697501096 0.008649553571428572 0.013590530469092503
184 0.7456752232142857 0.3718763700131521 0.014229910714285714 0.006795265234546251
14 0.75 0.6147523016220956 0.005859375 0.015124945199473916
177 0.7498604910714286 0.32737834283209116 0.005859375 0.013809732573432706
178 0.7342354910714286 0.3034853134590092 0.009765625 0.009425690486628672
191 0.7050083705357143 0.3035949145111793 0.0087890625 0.014028934677772907
186 0.6959402901785714 0.28189390618149934 0.0068359375 0.01183691363437089
187 0.6960797991071429 0.24024550635686104 0.005719866071428571 0.004822446295484437
195 0.6960797991071429 0.5351819377466024 0.012137276785714286 0.019070583077597545
142 0.6961495535714286 0.39664620780359494 0.005859375 0.00898728627794827
191 0.373046875 0.3169662428759316 0.008928571428571428 0.014028934677772907
192 0.3729771205357143 0.36869793950021923 0.011579241071428572 0.018851380973257344
60 0.32882254464285715 0.38831652783866727 0.009765625 0.00898728627794827
181 0.22691127232142858 0.38842612889083733 0.007952008928571428 0.00920648838228847
188 0.3729771205357143 0.4062911003945638 0.007672991071428571 0.007233669443226655
192 0.33217075892857145 0.43051293292415604 0.011997767857142858 0.01841297676457694
142 0.25927734375 0.430403331871986 0.005719866071428571 0.009425690486628672
188 0.15757533482142858 0.45517316966242877 0.0107421875 0.006795265234546251
175 0.1845703125 0.6159579131959667 0.005859375 0.012275317843051293
196 0.1845703125 0.577159140727751 0.01171875 0.018851380973257344
184 0.6194893973214286 0.6310828583954406 0.014369419642857142 0.0070144673388864535
119 0.6183733258928571 0.6574967119684348 0.012137276785714286 0.016440157825515125
177 0.6155831473214286 0.7093380096448926 0.005998883928571429 0.01183691363437089
185 0.6051199776785714 0.7332310390179746 0.004324776785714286 0.022797018851380975
196 0.6153041294642857 0.5356203419552827 0.012137276785714286 0.019070583077597545
184 0.6111188616071429 0.4190048224462955 0.014369419642857142 0.006795265234546251
179 0.6142578125 0.37220517316966245 0.008370535714285714 0.016220955721174924
195 0.21142578125 0.6219859710653223 0.012416294642857142 0.019508987286277948
32 0.22433035714285715 0.6410565541429197 0.010323660714285714 0.010740903112669882
32 0.2529296875 0.6409469530907497 0.010044642857142858 0.011398509425690487
175 0.23835100446428573 0.6618807540552389 0.005719866071428571 0.014248136782113108
60 0.2533482142857143 0.6842393686979396 0.009486607142857142 0.00898728627794827
195 0.25069754464285715 0.7266549758877685 0.012276785714285714 0.019289785181937746
179 0.23032924107142858 0.6859929855326611 0.010602678571428572 0.012932924156071899
142 0.07679966517857142 0.7914291977202981 0.005998883928571429 0.008548882069267865
63 0.11669921875 0.5998465585269619 0.007672991071428571 0.00898728627794827
194 0.14432198660714285 0.5997369574747917 0.0126953125 0.01972818939061815
32 0.08510044642857142 0.5563349408154318 0.010044642857142858 0.010960105217010083
192 0.11774553571428571 0.5574309513371328 0.012276785714285714 0.019289785181937746
32 0.14599609375 0.5567733450241122 0.008231026785714286 0.010960105217010083
32 0.13120814732142858 0.5302498903989479 0.006556919642857143 0.016659359929855327
189 0.13071986607142858 0.49265672950460326 0.005580357142857143 0.021262604120999562
183 0.5372488839285714 0.7172292854011398 0.011160714285714286 0.00657606313020605
14 0.5424107142857143 0.7267645769399387 0.009207589285714286 0.00898728627794827
184 0.5387137276785714 0.8001972818939062 0.014369419642857142 0.007233669443226655
60 0.5345284598214286 0.8787812362998685 0.005719866071428571 0.012275317843051293
193 0.5199497767857143 0.6843489697501096 0.012834821428571428 0.020166593599298552
194 0.5614536830357143 0.1979395002192021 0.011858258928571428 0.018851380973257344
181 0.5615234375 0.24243752740026303 0.005859375 0.014028934677772907
175 0.5613839285714286 0.31904866286716355 0.005580357142857143 0.015124945199473916
180 0.5614536830357143 0.35916264796142044 0.005719866071428571 0.015563349408154318
182 0.5614536830357143 0.4590092064883823 0.005998883928571429 0.00920648838228847
119 0.5646623883928571 0.4961639631740465 0.011858258928571428 0.016001753616834723
191 0.31912667410714285 0.7464927663305567 0.007672991071428571 0.012056115738711091
186 0.30810546875 0.6843489697501096 0.007672991071428571 0.010083296799649276
183 0.30733816964285715 0.7309294169224024 0.004464285714285714 0.017755370451556333
119 0.3223353794642857 0.7886891714160456 0.012137276785714286 0.01446733888645331
183 0.33363560267857145 0.8069925471284525 0.004324776785714286 0.017755370451556333
187 0.41336495535714285 0.8112669881630864 0.0030691964285714285 0.00920648838228847
185 0.43812779017857145 0.8045813239807103 0.004324776785714286 0.02257781674704077
142 0.103515625 0.5857080227970188 0.005859375 0.010083296799649276
195 0.10379464285714286 0.6639631740464709 0.010602678571428572 0.016659359929855327
196 0.11753627232142858 0.6843489697501096 0.012137276785714286 0.019289785181937746
187 0.5345982142857143 0.24024550635686104 0.005859375 0.004822446295484437
189 0.5345284598214286 0.1971722928540114 0.007393973214285714 0.021262604120999562
192 0.5345982142857143 0.3676019289785182 0.012276785714285714 0.019289785181937746
183 0.5371791294642857 0.443445857080228 0.011300223214285714 0.0070144673388864535
178 0.21142578125 0.6594695309074967 0.005719866071428571 0.014686540990793511
183 0.22126116071428573 0.7222709338009645 0.004464285714285714 0.017536168347216132
182 0.29234095982142855 0.7137220517316967 0.005998883928571429 0.008768084173608066
102 0.14955357142857142 0.43051293292415604 0.010044642857142858 0.008768084173608066
183 0.33614676339285715 0.7732354230600613 0.004603794642857143 0.017755370451556333
191 0.33035714285714285 0.7266549758877685 0.008928571428571428 0.014028934677772907
192 0.3461216517857143 0.620670758439281 0.012555803571428572 0.01994739149495835
177 0.7230050223214286 0.24408154318281455 0.005719866071428571 0.014248136782113108
142 0.6498325892857143 0.13459009206488382 0.005859375 0.00920648838228847
196 0.6017717633928571 0.1343708899605436 0.0126953125 0.01972818939061815
102 0.7232840401785714 0.31828145550197284 0.005998883928571429 0.014905743095133712
194 0.7230050223214286 0.4529811486190267 0.012137276785714286 0.019070583077597545
186 0.7357700892857143 0.5997369574747917 0.007254464285714286 0.010083296799649276
193 0.7093331473214286 0.5997369574747917 0.012137276785714286 0.019289785181937746
25 0.6563895089285714 0.6432485751863218 0.010044642857142858 0.011179307321350284
189 0.6422991071428571 0.577268741779921 0.005859375 0.021262604120999562
193 0.6283482142857143 0.6420429636124507 0.011997767857142858 0.018851380973257344
192 0.5614536830357143 0.6205611573871109 0.011858258928571428 0.018851380973257344
178 0.5760323660714286 0.6845681718544498 0.008370535714285714 0.00920648838228847
63 0.6322544642857143 0.6842393686979396 0.009765625 0.009425690486628672
102 0.6549944196428571 0.6842393686979396 0.008091517857142858 0.00898728627794827
192 0.6837332589285714 0.6843489697501096 0.012834821428571428 0.020166593599298552
119 0.7079380580357143 0.6794169224024551 0.009068080357142858 0.019070583077597545
188 0.7230050223214286 0.6602367382726874 0.011021205357142858 0.008768084173608066
177 0.5612444196428571 0.829351161771153 0.006138392857142857 0.012056115738711091
14 0.21149553571428573 0.14796142042963611 0.005859375 0.015344147303814117
186 0.21114676339285715 0.24320473476545376 0.006556919642857143 0.011179307321350284
25 0.21226283482142858 0.31707584392810173 0.007393973214285714 0.015563349408154318