187 0.12946428571428573 0.3808375356281517 0.008649553571428572 0.007016005262003947
187 0.5669642857142857 0.849813637360228 0.008649553571428572 0.007016005262003947
187 0.10288783482142858 0.1749616312212234 0.004603794642857143 0.013593510195132646
187 0.6862444196428571 0.8421398816049112 0.008649553571428572 0.007016005262003947
187 0.49686104910714285 0.1749616312212234 0.004603794642857143 0.013593510195132646
187 0.4476841517857143 0.8898267923700943 0.008649553571428572 0.00723525542644157
187 0.08970424107142858 0.8873054154790616 0.008649553571428572 0.007016005262003947
182 0.2885044642857143 0.15950449462837096 0.008649553571428572 0.012935759701819776
194 0.34891183035714285 0.36242052181539136 0.017857142857142856 0.028064021048015787
119 0.2533482142857143 0.8254768691076518 0.017857142857142856 0.021486516114887087
193 0.2704380580357143 0.8624205218153914 0.017717633928571428 0.027406270554702915
187 0.26869419642857145 0.8000438500328875 0.004464285714285714 0.013593510195132646
184 0.3138950892857143 0.7901775926331944 0.006417410714285714 0.03332602499451875
63 0.18812779017857142 0.4247971935978952 0.014090401785714286 0.01381276035957027
194 0.12946428571428573 0.456917342688007 0.018136160714285716 0.02850252137689103
179 0.13127790178571427 0.5260907695680772 0.01171875 0.028283271212453408
189 0.12953404017857142 0.5830958123218593 0.009068080357142858 0.031352773514580136
32 0.14564732142857142 0.6108309581232186 0.015345982142857142 0.016663012497259374
189 0.19070870535714285 0.6124753343565008 0.020089285714285716 0.012935759701819776
195 0.12946428571428573 0.2693488270116203 0.017578125 0.027844770883578163
195 0.5882393973214286 0.7999342249506687 0.016043526785714284 0.025213768910326683
178 0.6259068080357143 0.8000438500328875 0.012974330357142858 0.0131550098662574
60 0.6614815848214286 0.7999342249506687 0.012974330357142858 0.013374260030695024
14 0.5669642857142857 0.7044507783380838 0.008370535714285714 0.021925016443762334
178 0.5669642857142857 0.5115106336329752 0.008370535714285714 0.02236351677263758
195 0.72607421875 0.7655119491339618 0.015764508928571428 0.024775268581451435
63 0.7041713169642857 0.48717386538039903 0.013532366071428572 0.013593510195132646
175 0.72607421875 0.3927866695900022 0.008510044642857142 0.025213768910326683
181 0.7048688616071429 0.36242052181539136 0.0146484375 0.0131550098662574
142 0.6728515625 0.3622012716509537 0.008370535714285714 0.013593510195132646
119 0.6287667410714286 0.3696557772418329 0.015345982142857142 0.02762552071914054
186 0.32826450892857145 0.6390046042534532 0.010044642857142858 0.017320762990572242
188 0.5272042410714286 0.1513922385441789 0.013671875 0.012935759701819776
193 0.5272042410714286 0.20708178031133523 0.017578125 0.027844770883578163
63 0.38657924107142855 0.3622012716509537 0.010881696428571428 0.013593510195132646
25 0.5283203125 0.31988598991449246 0.010602678571428572 0.022802017101512827
189 0.5272042410714286 0.39563692172769127 0.008649553571428572 0.031352773514580136
178 0.5272042410714286 0.4465029598772199 0.008370535714285714 0.019951764963823723
142 0.5140904017857143 0.48717386538039903 0.0078125 0.013593510195132646
177 0.43052455357142855 0.6123657092742819 0.014508928571428572 0.013593510195132646
192 0.38623046875 0.7999342249506687 0.018833705357142856 0.029598772199079148
182 0.5437360491071429 0.9254549440912081 0.007952008928571428 0.013593510195132646
175 0.08956473214285714 0.7091646568734926 0.008928571428571428 0.023898267923700943
195 0.08970424107142858 0.6433896075422056 0.015625 0.024775268581451435
183 0.08572823660714286 0.537272527954396 0.0166015625 0.010304757728568297
195 0.16929408482142858 0.458671344003508 0.017996651785714284 0.028064021048015787
14 0.208984375 0.7761455821091866 0.008370535714285714 0.020171015128261346
14 0.11648995535714286 0.6124753343565008 0.015066964285714286 0.013374260030695024
175 0.6861746651785714 0.7806402104801579 0.008510044642857142 0.016882262661696998
178 0.6463448660714286 0.7135496601622451 0.008649553571428572 0.022582766937075203
181 0.6462751116071429 0.6354966016224513 0.008510044642857142 0.02433676825257619
180 0.6465541294642857 0.588467441350581 0.008510044642857142 0.017540013155009866
181 0.6462751116071429 0.5256522692392019 0.008510044642857142 0.021267265950449463
190 0.4476841517857143 0.39443104582328437 0.010881696428571428 0.012716509537382154
192 0.42647879464285715 0.36242052181539136 0.018136160714285716 0.02850252137689103
192 0.44761439732142855 0.4579039684279763 0.017717633928571428 0.027844770883578163
191 0.44761439732142855 0.5801359351019513 0.011858258928571428 0.01841701381276036
186 0.5099051339285714 0.36242052181539136 0.011439732142857142 0.015786011839508878
32 0.5516183035714286 0.3609953957465468 0.013671875 0.016005262003946502
102 0.20884486607142858 0.45110721333041 0.008649553571428572 0.019513264634948475
177 0.20891462053571427 0.5753124314843236 0.008510044642857142 0.024117518088138567
119 0.6907087053571429 0.6982021486516115 0.017857142857142856 0.027406270554702915
176 0.68603515625 0.6488708616531462 0.0087890625 0.017320762990572242
196 0.6863141741071429 0.3916904187678141 0.017717633928571428 0.027844770883578163
188 0.40785435267857145 0.5834246875685157 0.011300223214285714 0.013593510195132646
188 0.40785435267857145 0.45275158956369216 0.015485491071428572 0.010085507564130673
119 0.41238839285714285 0.6440473580355185 0.017578125 0.023898267923700943
181 0.35400390625 0.7375575531681648 0.016043526785714284 0.013593510195132646
176 0.31005859375 0.7376671782503836 0.015485491071428572 0.01381276035957027
178 0.6463448660714286 0.33117737338303005 0.008649553571428572 0.025213768910326683
182 0.6466936383928571 0.25630344222758167 0.0087890625 0.01447051085288314
183 0.6263950892857143 0.11850471387853541 0.006417410714285714 0.026529269896952423
60 0.5412248883928571 0.5503179127384346 0.015485491071428572 0.014032010524007894
185 0.5091378348214286 0.5597456698092523 0.006277901785714286 0.03332602499451875
14 0.5669642857142857 0.15259811444858584 0.008370535714285714 0.02324051743038807
25 0.5431082589285714 0.1764963823722868 0.015066964285714286 0.016224512168384126
186 0.5670340401785714 0.203135277351458 0.010463169642857142 0.016882262661696998
179 0.5687081473214286 0.3222977417233063 0.011858258928571428 0.02367901775926332
183 0.5708705357142857 0.4575750931813199 0.016741071428571428 0.010085507564130673
25 0.17027064732142858 0.7705547029160272 0.0107421875 0.023898267923700943
195 0.24881417410714285 0.5174303880727911 0.017996651785714284 0.028064021048015787
187 0.24874441964285715 0.45614996711247535 0.008649553571428572 0.00723525542644157
184 0.22446986607142858 0.43466345099758824 0.006417410714285714 0.03354527515895637
60 0.19426618303571427 0.5499890374917781 0.012974330357142858 0.01381276035957027
189 0.24874441964285715 0.5821091865818899 0.008649553571428572 0.031572023679017756
177 0.2676478794642857 0.6124753343565008 0.0146484375 0.01381276035957027
142 0.33677455357142855 0.6125849594387196 0.008649553571428572 0.014032010524007894
191 0.6862444196428571 0.2758167068625301 0.012276785714285714 0.019294014470510854
60 0.12925502232142858 0.7099320324490244 0.0087890625 0.02104801578601184
176 0.44747488839285715 0.768362201271651 0.0087890625 0.017320762990572242
14 0.4081333705357143 0.8242709932032449 0.008510044642857142 0.018636263977197982
25 0.31166294642857145 0.8645033983775487 0.012276785714285714 0.01710151282613462
195 0.40792410714285715 0.7658408243806183 0.018136160714285716 0.02850252137689103
186 0.08970424107142858 0.8278886209164656 0.009486607142857142 0.017540013155009866
142 0.15046037946428573 0.8624205218153914 0.008510044642857142 0.014251260688445516
195 0.19022042410714285 0.8624205218153914 0.017717633928571428 0.027844770883578163
187 0.3681640625 0.3936636702477527 0.008649553571428572 0.00723525542644157
192 0.3680943080357143 0.1429511072133304 0.0185546875 0.029379522034641527
175 0.3438197544642857 0.11214645910984433 0.015206473214285714 0.01381276035957027
175 0.3099888392857143 0.11236570927428195 0.015345982142857142 0.01381276035957027
119 0.6672712053571429 0.6052400789300592 0.014508928571428572 0.027844770883578163
182 0.646484375 0.8968427976320982 0.008928571428571428 0.013374260030695024
196 0.6245814732142857 0.9250164437623328 0.018136160714285716 0.02850252137689103
185 0.5947265625 0.9347730760798071 0.006417410714285714 0.03310677483008112