187 0.48744419642857145 0.27526858145143607 0.008649553571428572 0.00723525542644157
187 0.27378627232142855 0.29993422495066874 0.004603794642857143 0.013593510195132646
187 0.10393415178571429 0.23744792808594606 0.004464285714285714 0.013593510195132646
187 0.6532505580357143 0.6123657092742819 0.004603794642857143 0.013593510195132646
187 0.7260044642857143 0.5338741504056128 0.008649553571428572 0.007016005262003947
183 0.40380859375 0.6986406489804867 0.016322544642857144 0.010304757728568297
142 0.43017578125 0.6754001315500987 0.008510044642857142 0.014689761017320764
188 0.46630859375 0.6749616312212234 0.008231026785714286 0.020828765621574215
179 0.48583984375 0.6452532339399255 0.012137276785714286 0.02762552071914054
186 0.5040457589285714 0.8628590221442666 0.011160714285714286 0.016882262661696998
187 0.5470842633928571 0.8625301468976102 0.004603794642857143 0.013593510195132646
180 0.12932477678571427 0.27406270554702916 0.008649553571428572 0.018855514141635606
190 0.14878627232142858 0.23744792808594606 0.009068080357142858 0.014909011181758386
63 0.19008091517857142 0.23733830300372724 0.011021205357142858 0.013374260030695024
182 0.22021484375 0.2376671782503837 0.009068080357142858 0.013593510195132646
190 0.32833426339285715 0.2581670686253015 0.010463169642857142 0.012058759044069283
176 0.4478236607142857 0.28064021048015786 0.008649553571428572 0.020171015128261346
119 0.4248744419642857 0.3071694803771103 0.0166015625 0.028064021048015787
196 0.38748604910714285 0.29993422495066874 0.017717633928571428 0.02762552071914054
187 0.50732421875 0.29993422495066874 0.004603794642857143 0.013593510195132646
195 0.5669642857142857 0.33238324928743695 0.015625 0.02455601841701381
183 0.5438058035714286 0.49364174523130894 0.006696428571428571 0.026090769568077175
190 0.28857421875 0.24775268581451437 0.0068359375 0.012716509537382154
194 0.42940848214285715 0.23744792808594606 0.018136160714285716 0.02850252137689103
182 0.2661830357142857 0.5498794124095593 0.008370535714285714 0.013593510195132646
182 0.23960658482142858 0.5499890374917781 0.0087890625 0.01381276035957027
14 0.2885044642857143 0.5106336329752247 0.008649553571428572 0.02236351677263758
189 0.28857421875 0.45351896513922385 0.009626116071428572 0.031352773514580136
196 0.28857421875 0.39344442008331504 0.017717633928571428 0.027844770883578163
195 0.30943080357142855 0.29993422495066874 0.018415178571428572 0.02894102170576628
186 0.5669642857142857 0.6381276035957026 0.009765625 0.017320762990572242
185 0.5731724330357143 0.7704450778338083 0.021344866071428572 0.010085507564130673
194 0.24881417410714285 0.7051085288313966 0.018275669642857144 0.02850252137689103
190 0.24881417410714285 0.6383468537601403 0.009626116071428572 0.011620258715194036
191 0.24881417410714285 0.7712124534093401 0.011579241071428572 0.018197763648322735
194 0.24874441964285715 0.8326024994518746 0.017299107142857144 0.027844770883578163
192 0.27036830357142855 0.924906818680114 0.017857142857142856 0.028283271212453408
196 0.30908203125 0.924906818680114 0.017717633928571428 0.027844770883578163
176 0.5274832589285714 0.3406051304538478 0.008649553571428572 0.02170576627932471
195 0.5272042410714286 0.45900021925016443 0.018694196428571428 0.029160271870203903
63 0.6463448660714286 0.5268581451436088 0.008649553571428572 0.01841701381276036
192 0.6247907366071429 0.48750274062705545 0.017996651785714284 0.028283271212453408
184 0.5923549107142857 0.4971497478623109 0.006417410714285714 0.03354527515895637
176 0.5874720982142857 0.5495505371629029 0.011997767857142858 0.01381276035957027
178 0.54833984375 0.5498794124095593 0.0146484375 0.01447051085288314
63 0.10944475446428571 0.36242052181539136 0.013811383928571428 0.0131550098662574
188 0.15855189732142858 0.48739311554483666 0.0068359375 0.022802017101512827
186 0.26890345982142855 0.48750274062705545 0.011021205357142858 0.014689761017320764
102 0.5270647321428571 0.5760798070598553 0.008649553571428572 0.02039026529269897
63 0.5270647321428571 0.523240517430388 0.008649553571428572 0.022144266608199955
180 0.5044642857142857 0.36253014689761015 0.014508928571428572 0.013374260030695024
25 0.36697823660714285 0.2673755755316817 0.0107421875 0.022582766937075203
190 0.5802873883928571 0.29993422495066874 0.009068080357142858 0.01710151282613462
189 0.5861467633928571 0.42501644376233283 0.019949776785714284 0.01644376233282175
185 0.6526227678571429 0.4540670905503179 0.021484375 0.010085507564130673
14 0.19475446428571427 0.9250164437623328 0.012276785714285714 0.0131550098662574
119 0.20445033482142858 0.8926770445077834 0.017438616071428572 0.02696777022582767
189 0.208984375 0.7680333260249945 0.008649553571428572 0.031572023679017756
181 0.20884486607142858 0.5908791931593949 0.008649553571428572 0.01841701381276036
188 0.18212890625 0.36242052181539136 0.007672991071428571 0.021486516114887087
194 0.11042131696428571 0.48750274062705545 0.017996651785714284 0.028283271212453408
184 0.21519252232142858 0.3279982459986845 0.021344866071428572 0.010085507564130673
189 0.20905412946428573 0.2681429511072133 0.010463169642857142 0.031572023679017756
181 0.208984375 0.20072352554264417 0.008928571428571428 0.018197763648322735
181 0.2265625 0.17452313089234817 0.013392857142857142 0.013593510195132646
188 0.12953404017857142 0.5735584301688226 0.014090401785714286 0.012278009208506906
193 0.12953404017857142 0.7082876562157422 0.017717633928571428 0.027844770883578163
185 0.23758370535714285 0.915588686691515 0.006417410714285714 0.03420302565226924
102 0.22579520089285715 0.3622012716509537 0.015764508928571428 0.013593510195132646
192 0.24881417410714285 0.39618504713878533 0.017717633928571428 0.028064021048015787
142 0.18108258928571427 0.6124753343565008 0.008370535714285714 0.01381276035957027
177 0.20891462053571427 0.45636921727691293 0.008510044642857142 0.022144266608199955
184 0.15325055803571427 0.43466345099758824 0.006277901785714286 0.03354527515895637
196 0.08970424107142858 0.5791493093619821 0.017578125 0.027844770883578163
194 0.10972377232142858 0.5498794124095593 0.017717633928571428 0.02718702039026529
191 0.6067243303571429 0.8241613681210261 0.012276785714285714 0.019294014470510854
119 0.6022600446428571 0.7796535847401885 0.018136160714285716 0.02367901775926332
142 0.60693359375 0.7204560403420303 0.009347098214285714 0.013593510195132646
196 0.5858677455357143 0.6749616312212234 0.017717633928571428 0.027844770883578163
190 0.5973772321428571 0.8625301468976102 0.010881696428571428 0.010085507564130673
177 0.4476841517857143 0.5185266388949792 0.008370535714285714 0.01841701381276036
14 0.47244698660714285 0.48750274062705545 0.012974330357142858 0.013374260030695024
102 0.5038364955357143 0.4877219907914931 0.016043526785714284 0.01381276035957027
180 0.44761439732142855 0.644924358693269 0.008510044642857142 0.019513264634948475
195 0.48744419642857145 0.7088357816268362 0.018415178571428572 0.02894102170576628
191 0.5484095982142857 0.7374479280859461 0.011997767857142858 0.01907476430607323
188 0.5272042410714286 0.26825257618943216 0.012834821428571428 0.012058759044069283
193 0.5477120535714286 0.23744792808594606 0.018415178571428572 0.02894102170576628
178 0.580078125 0.23744792808594606 0.013950892857142858 0.0131550098662574
179 0.39536830357142855 0.9275378206533655 0.016741071428571428 0.01907476430607323
63 0.44775390625 0.8915807936855953 0.008510044642857142 0.02039026529269897
14 0.5269949776785714 0.6444858583643938 0.0087890625 0.01775926331944749
186 0.6236746651785714 0.6125849594387196 0.011021205357142858 0.015786011839508878
188 0.72607421875 0.38007016005262007 0.017717633928571428 0.00986625739969305
14 0.6309291294642857 0.36285902214426663 0.014369419642857142 0.013593510195132646
14 0.5417131696428571 0.3630782723087042 0.011997767857142858 0.014032010524007894
102 0.6862444196428571 0.3955272966454725 0.008649553571428572 0.022802017101512827
195 0.6863141741071429 0.2684718263538698 0.015764508928571428 0.024775268581451435
190 0.25753348214285715 0.36242052181539136 0.009486607142857142 0.014909011181758386