187 0.09514508928571429 0.23744792808594606 0.004464285714285714 0.013593510195132646
187 0.11411830357142858 0.9250164437623328 0.004464285714285714 0.013593510195132646
187 0.2885044642857143 0.8768910326682745 0.008649553571428572 0.00723525542644157
187 0.7260044642857143 0.13560622670467004 0.008649553571428572 0.00723525542644157
187 0.26402064732142855 0.29993422495066874 0.004603794642857143 0.013593510195132646
187 0.6141183035714286 0.424906818680114 0.004464285714285714 0.013593510195132646
187 0.7119838169642857 0.23744792808594606 0.004603794642857143 0.013593510195132646
178 0.24860491071428573 0.45812321859241395 0.008649553571428572 0.022144266608199955
186 0.22551618303571427 0.4251260688445516 0.011579241071428572 0.01710151282613462
184 0.17857142857142858 0.4347730760798071 0.006417410714285714 0.03332602499451875
192 0.14787946428571427 0.424906818680114 0.018136160714285716 0.02850252137689103
175 0.10525948660714286 0.4247971935978952 0.011579241071428572 0.013374260030695024
178 0.22356305803571427 0.23755755316816488 0.012137276785714286 0.013374260030695024
192 0.28857421875 0.8339180004385003 0.017996651785714284 0.028283271212453408
60 0.28857421875 0.7709932032449024 0.008510044642857142 0.022582766937075203
196 0.28857421875 0.6417452313089235 0.017717633928571428 0.028064021048015787
188 0.23800223214285715 0.7999342249506687 0.007254464285714286 0.020828765621574215
177 0.08970424107142858 0.5165533874150405 0.008370535714285714 0.0197325147993861
182 0.11760602678571429 0.5503179127384346 0.008649553571428572 0.01447051085288314
189 0.08970424107142858 0.5812321859241394 0.008649553571428572 0.031572023679017756
194 0.111328125 0.6749616312212234 0.018694196428571428 0.029160271870203903
189 0.15115792410714285 0.6749616312212234 0.019949776785714284 0.015566761675071256
189 0.08970424107142858 0.7694584520938391 0.011439732142857142 0.031352773514580136
187 0.5669642857142857 0.8937732953299715 0.008649553571428572 0.00723525542644157
189 0.5272042410714286 0.7663889497917123 0.010881696428571428 0.031352773514580136
195 0.5064871651785714 0.7374479280859461 0.017717633928571428 0.027406270554702915
185 0.6005161830357143 0.784586713440035 0.021065848214285716 0.00986625739969305
190 0.6610630580357143 0.5499890374917781 0.009068080357142858 0.014251260688445516
188 0.44761439732142855 0.5057005042753782 0.011858258928571428 0.012935759701819776
186 0.46812220982142855 0.48739311554483666 0.011021205357142858 0.014909011181758386
183 0.5101143973214286 0.4811444858583644 0.006556919642857143 0.026090769568077175
183 0.56298828125 0.4729226046919535 0.0166015625 0.010085507564130673
186 0.4476841517857143 0.6440473580355185 0.009765625 0.017320762990572242
194 0.46826171875 0.6749616312212234 0.018833705357142856 0.029598772199079148
25 0.5047433035714286 0.6732076299057225 0.013113839285714286 0.016882262661696998
188 0.208984375 0.825367244025433 0.015904017857142856 0.00986625739969305
185 0.20277622767857142 0.7147555360666521 0.021065848214285716 0.010085507564130673
175 0.3681640625 0.8229554922166191 0.008649553571428572 0.023898267923700943
178 0.3681640625 0.7711028283271213 0.008649553571428572 0.0197325147993861
175 0.34898158482142855 0.7375575531681648 0.014369419642857142 0.013593510195132646
25 0.31117466517857145 0.7396404297303223 0.012416294642857142 0.01775926331944749
175 0.36795479910714285 0.6381276035957026 0.008510044642857142 0.025213768910326683
177 0.34681919642857145 0.8625301468976102 0.011160714285714286 0.0131550098662574
184 0.25502232142857145 0.6434992326244244 0.021205357142857144 0.010085507564130673
14 0.24853515625 0.7145362859022144 0.0087890625 0.02324051743038807
184 0.25502232142857145 0.7792150844113133 0.021205357142857144 0.01052400789300592
102 0.4476841517857143 0.8332602499451874 0.008370535714285714 0.018197763648322735
186 0.4649135044642857 0.8628590221442666 0.010463169642857142 0.016882262661696998
63 0.7259347098214286 0.21168603376452533 0.008510044642857142 0.017320762990572242
189 0.72607421875 0.2697873273404955 0.009626116071428572 0.031352773514580136
194 0.7054268973214286 0.36242052181539136 0.017717633928571428 0.02718702039026529
63 0.6619698660714286 0.36231089673317257 0.012834821428571428 0.013374260030695024
181 0.72607421875 0.385332163999123 0.008510044642857142 0.020828765621574215
102 0.7257952008928571 0.4505590879193159 0.0087890625 0.015786011839508878
192 0.6265345982142857 0.48750274062705545 0.017857142857142856 0.028283271212453408
189 0.12946428571428573 0.20456040342030257 0.010881696428571428 0.031572023679017756
194 0.15094866071428573 0.1749616312212234 0.017857142857142856 0.026748520061390047
186 0.15283203125 0.29993422495066874 0.011300223214285714 0.014909011181758386
195 0.19063895089285715 0.2998245998684499 0.017717633928571428 0.027844770883578163
188 0.12946428571428573 0.5037272527954396 0.011439732142857142 0.00986625739969305
192 0.15011160714285715 0.6124753343565008 0.018136160714285716 0.028721771541328656
177 0.3101283482142857 0.6749616312212234 0.013671875 0.013374260030695024
142 0.6182338169642857 0.6750712563034422 0.008231026785714286 0.013593510195132646
187 0.5470842633928571 0.7375575531681648 0.004603794642857143 0.013593510195132646
142 0.5669642857142857 0.640320105240079 0.008928571428571428 0.013374260030695024
102 0.5672433035714286 0.5938390703793028 0.008649553571428572 0.022582766937075203
183 0.5544782366071429 0.5561280420960316 0.006277901785714286 0.026090769568077175
185 0.5210658482142857 0.527954395965797 0.021484375 0.010085507564130673
14 0.6863141741071429 0.7131111598333699 0.008510044642857142 0.01644376233282175
32 0.6653180803571429 0.9240298180223635 0.012276785714285714 0.015566761675071256
180 0.6268136160714286 0.9250164437623328 0.013671875 0.014032010524007894
182 0.5846121651785714 0.9247971935978953 0.008510044642857142 0.013593510195132646
178 0.5551060267857143 0.36242052181539136 0.012834821428571428 0.0131550098662574
192 0.5879603794642857 0.36242052181539136 0.017717633928571428 0.02762552071914054
185 0.6130022321428571 0.536066652049989 0.021205357142857144 0.010085507564130673
191 0.5272042410714286 0.8269019951764964 0.011997767857142858 0.01907476430607323
119 0.505859375 0.6194913396185047 0.015345982142857142 0.027844770883578163
193 0.42578125 0.6123657092742819 0.018415178571428572 0.02894102170576628
179 0.32666015625 0.26726595044946283 0.011858258928571428 0.02718702039026529
187 0.30845424107142855 0.1749616312212234 0.004464285714285714 0.013593510195132646
192 0.22872488839285715 0.1749616312212234 0.017717633928571428 0.02718702039026529
25 0.19119698660714285 0.17682525761894322 0.015206473214285714 0.016882262661696998
32 0.32896205357142855 0.5260907695680772 0.009765625 0.018636263977197982
187 0.30845424107142855 0.5498794124095593 0.004464285714285714 0.013593510195132646
185 0.2601841517857143 0.5596360447270335 0.006417410714285714 0.03354527515895637
25 0.40883091517857145 0.5192940144705108 0.0107421875 0.019513264634948475
181 0.40785435267857145 0.5847401885551414 0.008510044642857142 0.017540013155009866
188 0.48744419642857145 0.5120587590440693 0.012276785714285714 0.012935759701819776
184 0.33461216517857145 0.7180442885332164 0.021065848214285716 0.010085507564130673
194 0.5853794642857143 0.5498794124095593 0.018415178571428572 0.02894102170576628
178 0.646484375 0.5926331944748958 0.008370535714285714 0.025433019074764307
185 0.09953962053571429 0.852773514580136 0.006556919642857143 0.03354527515895637
180 0.14767020089285715 0.8625301468976102 0.014090401785714286 0.0131550098662574
186 0.08970424107142858 0.4584520938390704 0.009486607142857142 0.017540013155009866
194 0.26890345982142855 0.7374479280859461 0.018275669642857144 0.028721771541328656
63 0.47244698660714285 0.4246875685156764 0.011579241071428572 0.013593510195132646
175 0.44747488839285715 0.44496820872615656 0.0087890625 0.023459767594825695
196 0.6863141741071429 0.4583424687568516 0.017717633928571428 0.027844770883578163
177 0.6865234375 0.5150186362639771 0.008928571428571428 0.01841701381276036
194 0.48744419642857145 0.64667836000877 0.017578125 0.027844770883578163
195 0.16922433035714285 0.8941021705766279 0.018136160714285716 0.02850252137689103
193 0.208984375 0.3936636702477527 0.017299107142857144 0.027844770883578163
185 0.22007533482142858 0.35277351458013595 0.006556919642857143 0.033764525323393996
178 0.2885044642857143 0.3814952861214646 0.008649553571428572 0.02455601841701381
177 0.2885044642857143 0.45439596579697433 0.008649553571428572 0.017320762990572242
102 0.28871372767857145 0.5778338083753563 0.008510044642857142 0.01907476430607323
194 0.6651088169642857 0.29993422495066874 0.017717633928571428 0.02718702039026529
186 0.6302315848214286 0.2997149747862311 0.011579241071428572 0.016224512168384126
102 0.5906808035714286 0.29993422495066874 0.013671875 0.0131550098662574
192 0.5067661830357143 0.29993422495066874 0.017717633928571428 0.02718702039026529
25 0.48842075892857145 0.33885112913834686 0.010602678571428572 0.017320762990572242