187 0.3017578125 0.9250164437623328 0.004464285714285714 0.013593510195132646
187 0.17599051339285715 0.23744792808594606 0.004603794642857143 0.013593510195132646
187 0.5223911830357143 0.8625301468976102 0.004603794642857143 0.013593510195132646
187 0.29652622767857145 0.1749616312212234 0.004603794642857143 0.013593510195132646
187 0.11558314732142858 0.9250164437623328 0.004603794642857143 0.013593510195132646
187 0.4476841517857143 0.26189432142074104 0.008649553571428572 0.00723525542644157
187 0.5470842633928571 0.36242052181539136 0.004603794642857143 0.013593510195132646
184 0.5606863839285714 0.47018197763648323 0.020926339285714284 0.010743258057443543
187 0.5470842633928571 0.424906818680114 0.004603794642857143 0.013593510195132646
176 0.5667550223214286 0.5812321859241394 0.008510044642857142 0.0197325147993861
180 0.5668247767857143 0.6437184827888621 0.008649553571428572 0.02324051743038807
184 0.5821707589285714 0.7276912957684718 0.006417410714285714 0.03332602499451875
191 0.51025390625 0.6124753343565008 0.011858258928571428 0.018636263977197982
119 0.49204799107142855 0.6509537382153037 0.017578125 0.025433019074764307
182 0.47607421875 0.6752905064678798 0.008510044642857142 0.013593510195132646
142 0.24874441964285715 0.33051962288971715 0.008649553571428572 0.013374260030695024
187 0.22893415178571427 0.29993422495066874 0.004464285714285714 0.013593510195132646
193 0.2704380580357143 0.23744792808594606 0.017717633928571428 0.02762552071914054
192 0.6067940848214286 0.2684718263538698 0.017717633928571428 0.027844770883578163
32 0.5901227678571429 0.2359131769348827 0.016183035714285716 0.01710151282613462
60 0.5465959821428571 0.23755755316816488 0.015345982142857142 0.013374260030695024
189 0.5867047991071429 0.29993422495066874 0.019949776785714284 0.014909011181758386
102 0.5440848214285714 0.2998245998684499 0.012276785714285714 0.013374260030695024
177 0.5272042410714286 0.4617408463056347 0.008370535714285714 0.017540013155009866
14 0.5526646205357143 0.48717386538039903 0.0126953125 0.013593510195132646
187 0.6664341517857143 0.8000438500328875 0.004464285714285714 0.013593510195132646
25 0.6454380580357143 0.7800920850690638 0.011021205357142858 0.020171015128261346
175 0.72607421875 0.7011620258715194 0.008510044642857142 0.021486516114887087
142 0.7260044642857143 0.6557772418329314 0.008649553571428572 0.011401008550756413
192 0.72607421875 0.5790396842797632 0.018275669642857144 0.02850252137689103
183 0.6768275669642857 0.49364174523130894 0.0068359375 0.026090769568077175
188 0.3090122767857143 0.8000438500328875 0.007254464285714286 0.021486516114887087
186 0.23081752232142858 0.7992764744573558 0.0107421875 0.015566761675071256
175 0.14613560267857142 0.7998245998684499 0.015764508928571428 0.013593510195132646
175 0.48751395089285715 0.699079149309362 0.0087890625 0.021267265950449463
60 0.2314453125 0.23733830300372724 0.013113839285714286 0.013374260030695024
194 0.46812220982142855 0.1749616312212234 0.017717633928571428 0.02718702039026529
196 0.14801897321428573 0.36242052181539136 0.018136160714285716 0.02850252137689103
194 0.3680943080357143 0.39519842139881606 0.017438616071428572 0.027844770883578163
191 0.39515904017857145 0.6749616312212234 0.012416294642857142 0.019513264634948475
14 0.4478236607142857 0.6444858583643938 0.008649553571428572 0.018197763648322735
102 0.46505301339285715 0.5498794124095593 0.0126953125 0.0131550098662574
60 0.23046875 0.36231089673317257 0.013392857142857142 0.013374260030695024
182 0.26478794642857145 0.36242052181539136 0.008649553571428572 0.013593510195132646
195 0.28857421875 0.32920412190309145 0.017717633928571428 0.027844770883578163
25 0.248046875 0.19743477307607982 0.010323660714285714 0.01775926331944749
189 0.32833426339285715 0.7660600745450559 0.007672991071428571 0.031572023679017756
119 0.21351841517857142 0.38982679237009427 0.017996651785714284 0.021486516114887087
192 0.22900390625 0.424906818680114 0.0185546875 0.029379522034641527
182 0.6067243303571429 0.767156325367244 0.008928571428571428 0.0131550098662574
192 0.6067940848214286 0.703683402762552 0.017996651785714284 0.028283271212453408
180 0.5823102678571429 0.6748520061390046 0.014787946428571428 0.013593510195132646
180 0.5529436383928571 0.8622012716509537 0.015764508928571428 0.01381276035957027
190 0.6862444196428571 0.5043850032887525 0.010881696428571428 0.01512826134619601
195 0.5059988839285714 0.23744792808594606 0.018136160714285716 0.02850252137689103
175 0.5667550223214286 0.13659285244463934 0.0087890625 0.020609515457136594
195 0.6281389508928571 0.17485200613900462 0.015485491071428572 0.023898267923700943
176 0.5466657366071429 0.11214645910984433 0.0126953125 0.013374260030695024
119 0.5147879464285714 0.11971058978294234 0.014229910714285714 0.028064021048015787
192 0.46707589285714285 0.11236570927428195 0.018694196428571428 0.029160271870203903
175 0.4331752232142857 0.11236570927428195 0.013671875 0.013374260030695024
142 0.3828822544642857 0.11225608419206315 0.008510044642857142 0.014032010524007894
190 0.35072544642857145 0.36242052181539136 0.010881696428571428 0.01710151282613462
142 0.69921875 0.7372286779215085 0.008370535714285714 0.01381276035957027
32 0.6715262276785714 0.7366805525104144 0.013811383928571428 0.016224512168384126
194 0.6465541294642857 0.8339180004385003 0.017438616071428572 0.027844770883578163
119 0.3134068080357143 0.30727910545932907 0.014090401785714286 0.027844770883578163
193 0.26695033482142855 0.29993422495066874 0.017996651785714284 0.028064021048015787
102 0.32833426339285715 0.2753782065336549 0.008510044642857142 0.021925016443762334
192 0.32833426339285715 0.3949791712343784 0.017438616071428572 0.027844770883578163
14 0.16929408482142858 0.8319447489585617 0.008510044642857142 0.019513264634948475
182 0.16936383928571427 0.8807279105459329 0.009207589285714286 0.012716509537382154
184 0.16301618303571427 0.6987502740627055 0.021065848214285716 0.010085507564130673
63 0.18373325892857142 0.6750712563034422 0.011160714285714286 0.0131550098662574
179 0.22956194196428573 0.6722210041657531 0.014369419642857142 0.018855514141635606
185 0.31284877232142855 0.6650953738215304 0.0068359375 0.03310677483008112
179 0.4647739955357143 0.4224950668713002 0.015485491071428572 0.018855514141635606
181 0.36830357142857145 0.526200394650296 0.008649553571428572 0.020171015128261346
188 0.3680943080357143 0.5796974347730761 0.014927455357142858 0.011401008550756413
14 0.6701311383928571 0.9247971935978953 0.011021205357142858 0.013593510195132646
185 0.6404157366071429 0.7168384126288094 0.021344866071428572 0.010304757728568297
119 0.6419503348214286 0.5868230651172989 0.017717633928571428 0.020828765621574215
190 0.4476841517857143 0.19063801797851349 0.008649553571428572 0.011620258715194036
184 0.40171595982142855 0.5024117518088138 0.021344866071428572 0.00986625739969305
188 0.40785435267857145 0.4436527077395308 0.016322544642857144 0.00986625739969305
192 0.40792410714285715 0.7070817803113353 0.018415178571428572 0.02894102170576628
195 0.40792410714285715 0.8965139223854418 0.018136160714285716 0.02850252137689103
176 0.3876255580357143 0.9251260688445516 0.013253348214285714 0.013374260030695024
182 0.48758370535714285 0.47127822845867134 0.008928571428571428 0.013374260030695024
185 0.49351283482142855 0.50460425345319 0.021344866071428572 0.00986625739969305
14 0.48758370535714285 0.5762990572242929 0.008649553571428572 0.01907476430607323
191 0.5272042410714286 0.8191186143389607 0.011997767857142858 0.018855514141635606
178 0.5271344866071429 0.7703354527515895 0.008510044642857142 0.02170576627932471
193 0.6282784598214286 0.6749616312212234 0.017717633928571428 0.027406270554702915
188 0.6734793526785714 0.6748520061390046 0.007672991071428571 0.019294014470510854
196 0.5272042410714286 0.580903310677483 0.017578125 0.027844770883578163
195 0.6067940848214286 0.39618504713878533 0.015206473214285714 0.024117518088138567
183 0.12555803571428573 0.753782065336549 0.016741071428571428 0.010085507564130673
192 0.12946428571428573 0.5179785134838851 0.018694196428571428 0.029160271870203903
181 0.12960379464285715 0.38489366367024774 0.008649553571428572 0.020828765621574215