187 0.11349051339285714 0.36242052181539136 0.004603794642857143 0.013593510195132646
187 0.1171875 0.8000438500328875 0.004464285714285714 0.013593510195132646
187 0.09842354910714286 0.8625301468976102 0.004603794642857143 0.013593510195132646
187 0.5669642857142857 0.8856610392457794 0.008649553571428572 0.00723525542644157
187 0.40792410714285715 0.4517649638237229 0.008649553571428572 0.00723525542644157
187 0.5573381696428571 0.11247533435650077 0.004464285714285714 0.013593510195132646
187 0.12946428571428573 0.14240298180223634 0.008649553571428572 0.00723525542644157
187 0.4476841517857143 0.2736242052181539 0.008649553571428572 0.007016005262003947
196 0.5272042410714286 0.45351896513922385 0.018694196428571428 0.029160271870203903
182 0.4662388392857143 0.4246875685156764 0.008649553571428572 0.013593510195132646
192 0.42661830357142855 0.424906818680114 0.01953125 0.030695023021267268
60 0.15513392857142858 0.42523569392677046 0.013950892857142858 0.013374260030695024
183 0.17313058035714285 0.5745450559087919 0.016741071428571428 0.010304757728568297
187 0.16922433035714285 0.6437184827888621 0.008649553571428572 0.007016005262003947
142 0.19747488839285715 0.6747423810567857 0.009068080357142858 0.01381276035957027
192 0.22942243303571427 0.6749616312212234 0.017717633928571428 0.02696777022582767
180 0.24874441964285715 0.6940363955272967 0.008370535714285714 0.019513264634948475
176 0.2642299107142857 0.7374479280859461 0.012276785714285714 0.013374260030695024
60 0.24867466517857142 0.7761455821091866 0.008510044642857142 0.0197325147993861
191 0.3511439732142857 0.424906818680114 0.013392857142857142 0.02104801578601184
176 0.328125 0.38763429072571803 0.008928571428571428 0.02455601841701381
182 0.3096400669642857 0.36242052181539136 0.007952008928571428 0.013593510195132646
142 0.24874441964285715 0.39223854417890813 0.008649553571428572 0.0131550098662574
190 0.36802455357142855 0.5367244025433019 0.006417410714285714 0.016224512168384126
196 0.3467494419642857 0.5499890374917781 0.017717633928571428 0.027406270554702915
193 0.32840401785714285 0.6450339837754878 0.018415178571428572 0.02894102170576628
189 0.32833426339285715 0.7074106555579917 0.007672991071428571 0.031352773514580136
32 0.34068080357142855 0.7360228020171015 0.015066964285714286 0.016224512168384126
184 0.3804408482142857 0.622231966673975 0.006696428571428571 0.03332602499451875
179 0.40938895089285715 0.896404297303223 0.012137276785714286 0.026090769568077175
186 0.3056640625 0.9252356939267704 0.010881696428571428 0.015786011839508878
193 0.38741629464285715 0.5498794124095593 0.018136160714285716 0.02850252137689103
181 0.22314453125 0.7374479280859461 0.013532366071428572 0.013374260030695024
195 0.12946428571428573 0.8331506248629686 0.018136160714285716 0.02850252137689103
63 0.208984375 0.7604691953518965 0.008649553571428572 0.01907476430607323
189 0.12946428571428573 0.39212891909668934 0.010881696428571428 0.031352773514580136
195 0.20905412946428573 0.3962946722210042 0.017717633928571428 0.027844770883578163
195 0.08970424107142858 0.7071914053935541 0.017857142857142856 0.027844770883578163
175 0.6697823660714286 0.42457794343345756 0.012555803571428572 0.01381276035957027
180 0.62158203125 0.48750274062705545 0.014369419642857142 0.01381276035957027
183 0.5821707589285714 0.49364174523130894 0.006696428571428571 0.026090769568077175
189 0.6652483258928571 0.36242052181539136 0.019949776785714284 0.01447051085288314
185 0.5181361607142857 0.3721771541328656 0.006696428571428571 0.03354527515895637
194 0.46651785714285715 0.36242052181539136 0.017857142857142856 0.02718702039026529
182 0.5442940848214286 0.424906818680114 0.007952008928571428 0.013593510195132646
14 0.5152064732142857 0.8620916465687349 0.013671875 0.013593510195132646
187 0.50732421875 0.7375575531681648 0.004603794642857143 0.013593510195132646
189 0.4657505580357143 0.7374479280859461 0.019949776785714284 0.01512826134619601
193 0.46644810267857145 0.7999342249506687 0.017717633928571428 0.027406270554702915
32 0.42459542410714285 0.798618723964043 0.0146484375 0.01644376233282175
102 0.35581752232142855 0.8000438500328875 0.012974330357142858 0.0131550098662574
190 0.3086635044642857 0.7999342249506687 0.009068080357142858 0.01644376233282175
184 0.30057198660714285 0.4348827011620259 0.006556919642857143 0.03310677483008112
184 0.32212611607142855 0.8366586274939706 0.021205357142857144 0.010962508221881167
179 0.30636160714285715 0.7400789300591976 0.013392857142857142 0.018636263977197982
63 0.72607421875 0.27680333260249945 0.008510044642857142 0.021267265950449463
186 0.72607421875 0.39256741942556456 0.009905133928571428 0.01775926331944749
178 0.7063337053571429 0.42523569392677046 0.015345982142857142 0.014251260688445516
195 0.5855887276785714 0.424906818680114 0.017996651785714284 0.028064021048015787
176 0.42550223214285715 0.9251260688445516 0.015345982142857142 0.013374260030695024
184 0.44140625 0.8305196228897171 0.021205357142857144 0.010085507564130673
142 0.5940290178571429 0.8624205218153914 0.008649553571428572 0.01381276035957027
190 0.46121651785714285 0.5499890374917781 0.010881696428571428 0.012935759701819776
142 0.5140206473214286 0.5495505371629029 0.008510044642857142 0.01381276035957027
195 0.5477120535714286 0.5498794124095593 0.015904017857142856 0.02499451874588906
14 0.54443359375 0.1747423810567858 0.0126953125 0.0131550098662574
175 0.46365792410714285 0.1749616312212234 0.012974330357142858 0.014032010524007894
178 0.56689453125 0.197325147993861 0.0087890625 0.019294014470510854
142 0.5496651785714286 0.36253014689761015 0.008370535714285714 0.014251260688445516
186 0.5670340401785714 0.39793904845428635 0.010463169642857142 0.017540013155009866
184 0.12325613839285714 0.535518526638895 0.021065848214285716 0.00986625739969305
193 0.12953404017857142 0.45439596579697433 0.017717633928571428 0.027844770883578163
119 0.24434988839285715 0.5776145582109187 0.018275669642857144 0.025213768910326683
32 0.24930245535714285 0.45165533874150404 0.009765625 0.02499451874588906
186 0.12911551339285715 0.20423152817364612 0.009905133928571428 0.016882262661696998
142 0.12946428571428573 0.2810787108090331 0.008649553571428572 0.013593510195132646
142 0.12939453125 0.3269019951764964 0.0087890625 0.013593510195132646
191 0.15150669642857142 0.1749616312212234 0.012555803571428572 0.0197325147993861
189 0.18980189732142858 0.1749616312212234 0.019949776785714284 0.01710151282613462
188 0.30001395089285715 0.1749616312212234 0.008231026785714286 0.02718702039026529
196 0.6863141741071429 0.8933347950010962 0.017438616071428572 0.027844770883578163
180 0.6862444196428571 0.8236132427099321 0.008649553571428572 0.022144266608199955
175 0.6862444196428571 0.7734049550537163 0.008370535714285714 0.024775268581451435
194 0.6863141741071429 0.5790396842797632 0.018275669642857144 0.02850252137689103
190 0.6862444196428571 0.5221442666081999 0.010881696428571428 0.014251260688445516
63 0.5890764508928571 0.36253014689761015 0.0146484375 0.013374260030695024
182 0.6064453125 0.28140758605568955 0.008649553571428572 0.012935759701819776
192 0.16929408482142858 0.7666081999561499 0.018833705357142856 0.029598772199079148
119 0.173828125 0.8875246656434992 0.018136160714285716 0.02499451874588906
192 0.34912109375 0.8624205218153914 0.017996651785714284 0.028283271212453408
186 0.42578125 0.8625301468976102 0.010881696428571428 0.015347511510633634
32 0.2891322544642857 0.46700285025213767 0.009905133928571428 0.022802017101512827
177 0.19147600446428573 0.424906818680114 0.014090401785714286 0.0131550098662574
194 0.28857421875 0.5822188116641087 0.017717633928571428 0.027844770883578163
177 0.28857421875 0.7046700285025214 0.008510044642857142 0.02104801578601184
195 0.4476841517857143 0.3338083753562815 0.015625 0.024775268581451435
176 0.39536830357142855 0.36231089673317257 0.012276785714285714 0.013374260030695024
178 0.14815848214285715 0.48717386538039903 0.013113839285714286 0.013593510195132646