187 0.10002790178571429 0.36242052181539136 0.004464285714285714 0.013593510195132646
187 0.646484375 0.9091208068406051 0.008649553571428572 0.00723525542644157
187 0.5018833705357143 0.29993422495066874 0.004603794642857143 0.013593510195132646
187 0.12946428571428573 0.12508221881166412 0.008649553571428572 0.00723525542644157
187 0.33677455357142855 0.1747423810567858 0.004464285714285714 0.013593510195132646
187 0.6862444196428571 0.7567419425564569 0.008649553571428572 0.00723525542644157
187 0.7260044642857143 0.37294452970839725 0.008649553571428572 0.007016005262003947
180 0.5272042410714286 0.7161806621354966 0.008370535714285714 0.022144266608199955
102 0.5497349330357143 0.6749616312212234 0.012137276785714286 0.013374260030695024
187 0.5470842633928571 0.7375575531681648 0.004603794642857143 0.013593510195132646
189 0.5886579241071429 0.7374479280859461 0.019949776785714284 0.017320762990572242
196 0.6277204241071429 0.7374479280859461 0.017717633928571428 0.027844770883578163
192 0.6674107142857143 0.7374479280859461 0.018136160714285716 0.028721771541328656
189 0.26820591517857145 0.424906818680114 0.019949776785714284 0.017978513483885114
193 0.3086635044642857 0.6123657092742819 0.017717633928571428 0.026748520061390047
182 0.24888392857142858 0.4104363078272309 0.008928571428571428 0.014032010524007894
196 0.22858537946428573 0.36242052181539136 0.017996651785714284 0.028064021048015787
32 0.19070870535714285 0.3611050208287656 0.013950892857142858 0.016663012497259374
177 0.6465541294642857 0.7679237009427757 0.008510044642857142 0.021267265950449463
181 0.6066545758928571 0.6982021486516115 0.008510044642857142 0.019513264634948475
119 0.4647739955357143 0.8072791054593291 0.017996651785714284 0.02762552071914054
195 0.38950892857142855 0.424906818680114 0.015904017857142856 0.02499451874588906
195 0.30838448660714285 0.48739311554483666 0.017717633928571428 0.02718702039026529
195 0.32833426339285715 0.5195132646349485 0.017996651785714284 0.028283271212453408
192 0.646484375 0.5802455601841702 0.017020089285714284 0.027844770883578163
187 0.6266043526785714 0.5498794124095593 0.004603794642857143 0.013593510195132646
185 0.6526925223214286 0.6923920192940145 0.021344866071428572 0.010085507564130673
188 0.5669642857142857 0.6289190966893226 0.010881696428571428 0.00986625739969305
142 0.50537109375 0.6125849594387196 0.008231026785714286 0.014032010524007894
195 0.48744419642857145 0.644376233282175 0.018136160714285716 0.02850252137689103
60 0.6862444196428571 0.32262661696996275 0.008370535714285714 0.024775268581451435
184 0.5860072544642857 0.30969085726814294 0.0068359375 0.03310677483008112
189 0.40792410714285715 0.7047796535847402 0.008649553571428572 0.031352773514580136
119 0.42885044642857145 0.6677263757947819 0.016741071428571428 0.027844770883578163
178 0.46547154017857145 0.6749616312212234 0.012416294642857142 0.013374260030695024
190 0.3570033482142857 0.8000438500328875 0.010881696428571428 0.013593510195132646
142 0.16915457589285715 0.3333698750274063 0.0087890625 0.013374260030695024
195 0.27015904017857145 0.36242052181539136 0.017996651785714284 0.028064021048015787
191 0.28857421875 0.388840166630125 0.011021205357142858 0.017320762990572242
176 0.40785435267857145 0.5910984433238325 0.008510044642857142 0.02104801578601184
191 0.40792410714285715 0.5111817583863187 0.011997767857142858 0.01907476430607323
186 0.40834263392857145 0.4513264634948476 0.009765625 0.01775926331944749
180 0.466796875 0.6123657092742819 0.014508928571428572 0.013593510195132646
195 0.72607421875 0.7052181539136154 0.015206473214285714 0.02433676825257619
32 0.7267020089285714 0.6406489804867354 0.009765625 0.02499451874588906
192 0.72607421875 0.5179785134838851 0.0185546875 0.029160271870203903
119 0.5228097098214286 0.27570708178031134 0.017996651785714284 0.02039026529269897
189 0.5272042410714286 0.20532777899583424 0.008649553571428572 0.031352773514580136
180 0.5098353794642857 0.17507125630344222 0.012137276785714286 0.01381276035957027
181 0.14313616071428573 0.4867353650515238 0.013671875 0.0131550098662574
193 0.19001116071428573 0.48739311554483666 0.018694196428571428 0.029379522034641527
195 0.23005022321428573 0.5499890374917781 0.019252232142857144 0.030475772856829644
188 0.12946428571428573 0.5082218811664109 0.015904017857142856 0.010085507564130673
178 0.12946428571428573 0.5874808156106117 0.008370535714285714 0.020828765621574215
177 0.14627511160714285 0.6749616312212234 0.0126953125 0.013374260030695024
32 0.26548549107142855 0.4859679894759921 0.013950892857142858 0.01644376233282175
32 0.24944196428571427 0.45439596579697433 0.009765625 0.02433676825257619
195 0.24881417410714285 0.5188555141416356 0.017438616071428572 0.027844770883578163
14 0.44754464285714285 0.8874150405612804 0.008649553571428572 0.019951764963823723
180 0.388671875 0.924906818680114 0.012834821428571428 0.013374260030695024
192 0.42703683035714285 0.8625301468976102 0.018415178571428572 0.02894102170576628
32 0.38364955357142855 0.8615435211576409 0.012276785714285714 0.016882262661696998
179 0.31187220982142855 0.8651611488708617 0.013811383928571428 0.01841701381276036
183 0.44370814732142855 0.825367244025433 0.0166015625 0.00986625739969305
187 0.4476841517857143 0.7062047796535847 0.008649553571428572 0.007016005262003947
179 0.48911830357142855 0.7681429511072133 0.01171875 0.02696777022582767
187 0.48744419642857145 0.8312869984652489 0.008649553571428572 0.00723525542644157
25 0.48856026785714285 0.8850032887524666 0.010602678571428572 0.01907476430607323
25 0.6056780133928571 0.26441569831177375 0.010463169642857142 0.0197325147993861
182 0.5899135044642857 0.1747423810567858 0.008510044642857142 0.013593510195132646
14 0.5114397321428571 0.4246875685156764 0.012276785714285714 0.013593510195132646
25 0.4278041294642857 0.4263319447489586 0.015485491071428572 0.01644376233282175
185 0.48123604910714285 0.406270554702916 0.021344866071428572 0.010085507564130673
183 0.35560825892857145 0.368449901337426 0.006696428571428571 0.026529269896952423
177 0.3080357142857143 0.3627493970620478 0.013671875 0.01381276035957027
195 0.646484375 0.5185266388949792 0.015625 0.02455601841701381
196 0.4276646205357143 0.1749616312212234 0.0185546875 0.029379522034641527
176 0.39515904017857145 0.1749616312212234 0.013811383928571428 0.0131550098662574
60 0.646484375 0.34005700504275377 0.008370535714285714 0.020171015128261346
192 0.16922433035714285 0.8935540451655338 0.017578125 0.027844770883578163
142 0.18882533482142858 0.9253453190089893 0.008231026785714286 0.014251260688445516
185 0.23081752232142858 0.9151501863626398 0.006277901785714286 0.03332602499451875
63 0.30531529017857145 0.9247971935978953 0.014090401785714286 0.013593510195132646
177 0.34493582589285715 0.9250164437623328 0.013811383928571428 0.0131550098662574
32 0.16964285714285715 0.8407147555360667 0.010044642857142858 0.023459767594825695
187 0.16922433035714285 0.6437184827888621 0.008649553571428572 0.007016005262003947
142 0.16922433035714285 0.5667616750712563 0.008928571428571428 0.014032010524007894
195 0.19070870535714285 0.424906818680114 0.017857142857142856 0.028064021048015787
181 0.6863141741071429 0.6406489804867354 0.008510044642857142 0.02367901775926332
192 0.6662946428571429 0.48750274062705545 0.017857142857142856 0.027844770883578163
63 0.6065150669642857 0.4649199736899803 0.009347098214285714 0.017320762990572242
102 0.38553292410714285 0.48739311554483666 0.015485491071428572 0.013593510195132646
194 0.34688895089285715 0.48739311554483666 0.017717633928571428 0.02718702039026529
180 0.3680943080357143 0.19480377110282832 0.008510044642857142 0.016882262661696998
190 0.3680943080357143 0.25147993860995393 0.009068080357142858 0.011401008550756413
181 0.4476841517857143 0.3927866695900022 0.008649553571428572 0.02302126726595045
183 0.25272042410714285 0.8203244902433677 0.0166015625 0.00986625739969305
195 0.24874441964285715 0.8954176715632537 0.015904017857142856 0.02499451874588906
142 0.6067940848214286 0.5323393992545494 0.009068080357142858 0.013593510195132646
196 0.7048688616071429 0.6123657092742819 0.017717633928571428 0.026748520061390047
190 0.6623186383928571 0.6124753343565008 0.009905133928571428 0.015566761675071256