187 0.6067243303571429 0.12387634290725719 0.008649553571428572 0.007016005262003947
187 0.41469029017857145 0.29993422495066874 0.004603794642857143 0.013593510195132646
187 0.6067243303571429 0.8269019951764964 0.008649553571428572 0.00723525542644157
187 0.25899832589285715 0.9250164437623328 0.004603794642857143 0.013593510195132646
187 0.7260044642857143 0.3715194036395527 0.008649553571428572 0.00723525542644157
187 0.6182338169642857 0.7375575531681648 0.004603794642857143 0.013593510195132646
187 0.646484375 0.1643279982459987 0.008649553571428572 0.00723525542644157
192 0.4287109375 0.9250164437623328 0.018694196428571428 0.029379522034641527
196 0.46895926339285715 0.924906818680114 0.017717633928571428 0.026090769568077175
187 0.50732421875 0.9250164437623328 0.004603794642857143 0.013593510195132646
181 0.5412946428571429 0.924906818680114 0.014508928571428572 0.013374260030695024
175 0.38832310267857145 0.4876123657092743 0.012137276785714286 0.013593510195132646
183 0.6105608258928571 0.5224731418548564 0.016880580357142856 0.010085507564130673
192 0.6067940848214286 0.5811225608419206 0.017717633928571428 0.027844770883578163
142 0.32826450892857145 0.5790396842797632 0.008649553571428572 0.01447051085288314
60 0.12925502232142858 0.7673755755316817 0.0087890625 0.020609515457136594
119 0.12486049107142858 0.7012716509537382 0.017578125 0.02170576627932471
176 0.22600446428571427 0.7375575531681648 0.012276785714285714 0.013593510195132646
177 0.14829799107142858 0.7993860995395746 0.014229910714285714 0.0131550098662574
188 0.208984375 0.772966454724841 0.012276785714285714 0.012935759701819776
185 0.52099609375 0.47007235255426444 0.021344866071428572 0.010085507564130673
185 0.46805245535714285 0.6220127165095374 0.006696428571428571 0.033764525323393996
102 0.42703683035714285 0.6125849594387196 0.014787946428571428 0.0131550098662574
189 0.38741629464285715 0.6124753343565008 0.020089285714285716 0.01512826134619601
195 0.3467494419642857 0.6124753343565008 0.015485491071428572 0.023898267923700943
182 0.15743582589285715 0.11236570927428195 0.008510044642857142 0.014251260688445516
196 0.18931361607142858 0.11247533435650077 0.018415178571428572 0.02894102170576628
178 0.14250837053571427 0.17518088138566104 0.013532366071428572 0.013593510195132646
185 0.2725306919642857 0.16520499890374918 0.006556919642857143 0.03354527515895637
60 0.08956473214285714 0.26090769568077177 0.008649553571428572 0.018855514141635606
191 0.08970424107142858 0.33347950010962507 0.012555803571428572 0.0197325147993861
176 0.08942522321428571 0.38555141416356065 0.008649553571428572 0.02039026529269897
194 0.08970424107142858 0.45921946941460207 0.018694196428571428 0.029160271870203903
178 0.14864676339285715 0.5496601622451217 0.015206473214285714 0.013593510195132646
60 0.18547712053571427 0.5497697873273405 0.012974330357142858 0.013374260030695024
25 0.23165457589285715 0.5479061609296207 0.015206473214285714 0.017978513483885114
177 0.3056640625 0.5497697873273405 0.014787946428571428 0.013374260030695024
25 0.5262276785714286 0.7624424468318352 0.010881696428571428 0.019513264634948475
178 0.5274832589285714 0.7042315281736461 0.008649553571428572 0.020171015128261346
175 0.5274135044642857 0.6385661039245779 0.008510044642857142 0.021267265950449463
177 0.19196428571428573 0.48739311554483666 0.013392857142857142 0.0131550098662574
191 0.22223772321428573 0.48739311554483666 0.013671875 0.021486516114887087
193 0.2691127232142857 0.48739311554483666 0.018136160714285716 0.02850252137689103
195 0.3085239955357143 0.48739311554483666 0.017717633928571428 0.02762552071914054
186 0.60693359375 0.2742819557114668 0.009347098214285714 0.017540013155009866
60 0.6066545758928571 0.3367682525761894 0.008510044642857142 0.020171015128261346
182 0.6067243303571429 0.39728129796097345 0.008649553571428572 0.012716509537382154
179 0.5422014508928571 0.6724402543301907 0.013532366071428572 0.019294014470510854
196 0.5669642857142857 0.7067529050646788 0.018136160714285716 0.028721771541328656
182 0.5668247767857143 0.7823942117956588 0.008649553571428572 0.01381276035957027
184 0.5733119419642857 0.8140758605568954 0.021065848214285716 0.010085507564130673
191 0.24881417410714285 0.14525323393992545 0.011300223214285714 0.01775926331944749
25 0.26136997767857145 0.23580355185266388 0.014369419642857142 0.017320762990572242
192 0.30908203125 0.23744792808594606 0.017717633928571428 0.02762552071914054
176 0.24867466517857142 0.3814952861214646 0.008510044642857142 0.0197325147993861
196 0.24881417410714285 0.45746546809910105 0.017717633928571428 0.027844770883578163
32 0.36893136160714285 0.27219907914930935 0.010184151785714286 0.019513264634948475
193 0.3466099330357143 0.23733830300372724 0.018833705357142856 0.029598772199079148
178 0.32833426339285715 0.21826353869765402 0.0087890625 0.02302126726595045
14 0.32833426339285715 0.1411971058978294 0.008510044642857142 0.020609515457136594
183 0.2974330357142857 0.11861433896075423 0.006417410714285714 0.0263100197325148
195 0.2686244419642857 0.11236570927428195 0.017717633928571428 0.027844770883578163
180 0.6067940848214286 0.9006796755097566 0.009068080357142858 0.022802017101512827
102 0.62353515625 0.9250164437623328 0.013532366071428572 0.0131550098662574
142 0.5877511160714286 0.9252356939267704 0.009207589285714286 0.013593510195132646
194 0.40792410714285715 0.26989695242271433 0.018415178571428572 0.02894102170576628
188 0.4185267857142857 0.36242052181539136 0.007254464285714286 0.02587151940363955
14 0.4266880580357143 0.4247971935978952 0.011579241071428572 0.01381276035957027
175 0.72607421875 0.7615654461740846 0.008510044642857142 0.021267265950449463
187 0.7260044642857143 0.8312869984652489 0.008649553571428572 0.00723525542644157
183 0.6588309151785714 0.8687787765840824 0.006556919642857143 0.026090769568077175
180 0.6466238839285714 0.892896294672221 0.008649553571428572 0.022582766937075203
195 0.72607421875 0.7058759044069283 0.015485491071428572 0.02433676825257619
181 0.7260044642857143 0.5868230651172989 0.008649553571428572 0.01775926331944749
176 0.7023577008928571 0.424906818680114 0.014369419642857142 0.013593510195132646
190 0.6707589285714286 0.42501644376233283 0.010881696428571428 0.014251260688445516
179 0.6291852678571429 0.4274281955711467 0.015904017857142856 0.01907476430607323
195 0.646484375 0.7658408243806183 0.014787946428571428 0.024117518088138567
182 0.6349051339285714 0.8627493970620478 0.008928571428571428 0.013593510195132646
63 0.5936802455357143 0.8624205218153914 0.0146484375 0.013374260030695024
180 0.5133928571428571 0.862639771979829 0.012276785714285714 0.013374260030695024
32 0.48793247767857145 0.7688007016005262 0.009905133928571428 0.018197763648322735
195 0.48744419642857145 0.7054374040780531 0.017578125 0.027844770883578163
182 0.36802455357142855 0.409778557333918 0.008649553571428572 0.014032010524007894
188 0.48744419642857145 0.33008112256084193 0.016462053571428572 0.012058759044069283
195 0.48744419642857145 0.20543740407805305 0.018415178571428572 0.02894102170576628
185 0.5050920758928571 0.16520499890374918 0.006556919642857143 0.03354527515895637
192 0.5486188616071429 0.17485200613900462 0.017717633928571428 0.026529269896952423
142 0.34800502232142855 0.5498794124095593 0.008231026785714286 0.013593510195132646
32 0.36886160714285715 0.6427318570488928 0.010044642857142858 0.022144266608199955
179 0.5029296875 0.49013374260030695 0.017299107142857144 0.01907476430607323
25 0.62109375 0.17638675729006797 0.012834821428571428 0.016005262003946502
191 0.47195870535714285 0.1749616312212234 0.011997767857142858 0.018855514141635606
60 0.6463448660714286 0.32076299057224295 0.008649553571428572 0.02104801578601184
176 0.6326729910714286 0.3627493970620478 0.015345982142857142 0.013374260030695024
189 0.22858537946428573 0.7999342249506687 0.019949776785714284 0.014251260688445516
102 0.20926339285714285 0.8878535408901557 0.008649553571428572 0.017320762990572242
184 0.310546875 0.7903968427976321 0.006975446428571429 0.033764525323393996
195 0.24881417410714285 0.7034641525981145 0.016322544642857144 0.02565226923920193
186 0.24881417410714285 0.5781626836220127 0.010184151785714286 0.01710151282613462
186 0.5272739955357143 0.8355623766717825 0.009347098214285714 0.017540013155009866
180 0.6465541294642857 0.7020390265292699 0.008510044642857142 0.017540013155009866
181 0.6863141741071429 0.890594167945626 0.0087890625 0.02455601841701381