187 0.107421875 0.9250164437623328 0.004464285714285714 0.013593510195132646
187 0.12276785714285714 0.36242052181539136 0.004464285714285714 0.013593510195132646
187 0.19970703125 0.11247533435650077 0.004603794642857143 0.013593510195132646
187 0.48744419642857145 0.8833589125191844 0.008649553571428572 0.007016005262003947
187 0.3355189732142857 0.36242052181539136 0.004464285714285714 0.013593510195132646
187 0.6862444196428571 0.13012497259372943 0.008649553571428572 0.00723525542644157
187 0.08970424107142858 0.8342468756851568 0.008649553571428572 0.007016005262003947
196 0.5084402901785714 0.6124753343565008 0.017996651785714284 0.028283271212453408
188 0.4873744419642857 0.518636263977198 0.014090401785714286 0.012058759044069283
178 0.48751395089285715 0.4548344661258496 0.008510044642857142 0.020828765621574215
180 0.5666852678571429 0.7075202806402104 0.008649553571428572 0.02324051743038807
181 0.5426897321428571 0.7371190528392896 0.013113839285714286 0.014032010524007894
192 0.5450613839285714 0.8624205218153914 0.017857142857142856 0.028283271212453408
176 0.5031389508928571 0.8625301468976102 0.014369419642857142 0.0131550098662574
14 0.4077845982142857 0.3282174961631221 0.008649553571428572 0.021486516114887087
142 0.40792410714285715 0.2781188335891252 0.008649553571428572 0.013374260030695024
184 0.41880580357142855 0.22769129576847183 0.006417410714285714 0.03354527515895637
191 0.40785435267857145 0.4059416794562596 0.012974330357142858 0.02039026529269897
102 0.42313058035714285 0.42457794343345756 0.015625 0.013374260030695024
25 0.4068080357142857 0.21004165753124315 0.011160714285714286 0.018855514141635606
176 0.40771484375 0.1419644814733611 0.0087890625 0.020828765621574215
180 0.31124441964285715 0.11214645910984433 0.012276785714285714 0.01381276035957027
189 0.26708984375 0.11236570927428195 0.019949776785714284 0.01644376233282175
178 0.28857421875 0.7773514580135935 0.008510044642857142 0.02302126726595045
196 0.22760881696428573 0.7999342249506687 0.017717633928571428 0.027844770883578163
175 0.18338448660714285 0.8001534751151064 0.015206473214285714 0.013374260030695024
187 0.14934430803571427 0.9250164437623328 0.004603794642857143 0.013593510195132646
187 0.208984375 0.20620477965358475 0.008649553571428572 0.00723525542644157
188 0.22147042410714285 0.29993422495066874 0.0068359375 0.022802017101512827
175 0.2886439732142857 0.34005700504275377 0.008370535714285714 0.020609515457136594
185 0.29478236607142855 0.37480815610611706 0.021205357142857144 0.010743258057443543
191 0.23207310267857142 0.48739311554483666 0.013532366071428572 0.021486516114887087
193 0.40792410714285715 0.7669370752028064 0.018415178571428572 0.02894102170576628
180 0.42166573660714285 0.7373383030037273 0.011858258928571428 0.0131550098662574
25 0.4608677455357143 0.7354746766060074 0.012137276785714286 0.01775926331944749
177 0.22823660714285715 0.36318789739092305 0.010323660714285714 0.01381276035957027
195 0.3090122767857143 0.48739311554483666 0.018136160714285716 0.02850252137689103
195 0.62548828125 0.6749616312212234 0.015485491071428572 0.02302126726595045
181 0.6466238839285714 0.5806840605130453 0.008649553571428572 0.01907476430607323
179 0.6448800223214286 0.46382372286779217 0.011858258928571428 0.027406270554702915
179 0.6277204241071429 0.4277570708178031 0.0146484375 0.01841701381276036
192 0.208984375 0.640868230651173 0.018136160714285716 0.02850252137689103
185 0.18722098214285715 0.622231966673975 0.006696428571428571 0.03332602499451875
63 0.20905412946428573 0.7643060732295549 0.008510044642857142 0.021486516114887087
178 0.6598772321428571 0.36253014689761015 0.013671875 0.013374260030695024
191 0.6067940848214286 0.5877000657750493 0.012974330357142858 0.02039026529269897
63 0.59228515625 0.6123657092742819 0.013811383928571428 0.013593510195132646
25 0.6851283482142857 0.2751589563692173 0.011160714285714286 0.02236351677263758
186 0.6239536830357143 0.23679017759263318 0.010463169642857142 0.015347511510633634
194 0.5850306919642857 0.23733830300372724 0.017717633928571428 0.027844770883578163
177 0.5485491071428571 0.2376671782503837 0.015345982142857142 0.013593510195132646
195 0.46602957589285715 0.23733830300372724 0.017996651785714284 0.028283271212453408
180 0.5915876116071429 0.48717386538039903 0.014927455357142858 0.013593510195132646
196 0.5669642857142857 0.4560403420302565 0.018415178571428572 0.02894102170576628
177 0.20884486607142858 0.14711686033764526 0.008649553571428572 0.02499451874588906
178 0.16929408482142858 0.32262661696996275 0.008510044642857142 0.019513264634948475
194 0.24881417410714285 0.20905503179127385 0.017996651785714284 0.028283271212453408
32 0.24951171875 0.2624424468318351 0.009905133928571428 0.02499451874588906
182 0.208984375 0.3768910326682745 0.008649553571428572 0.012716509537382154
191 0.28857421875 0.19600964700723525 0.009905133928571428 0.015786011839508878
182 0.2885044642857143 0.27800920850690636 0.008649553571428572 0.0131550098662574
186 0.46337890625 0.7994957246217934 0.011300223214285714 0.016005262003946502
177 0.4292689732142857 0.800372725279544 0.012555803571428572 0.013374260030695024
196 0.6267438616071429 0.6124753343565008 0.0185546875 0.029160271870203903
188 0.4476841517857143 0.27406270554702916 0.017299107142857144 0.011401008550756413
119 0.44315011160714285 0.20445077833808376 0.017438616071428572 0.02433676825257619
177 0.44775390625 0.1447051085288314 0.008510044642857142 0.022802017101512827
177 0.5036272321428571 0.36242052181539136 0.012834821428571428 0.013593510195132646
183 0.7096121651785714 0.3685595264196448 0.006277901785714286 0.0263100197325148
185 0.5732421875 0.38281078710809036 0.021205357142857144 0.01052400789300592
60 0.6863141741071429 0.4629467222100417 0.008510044642857142 0.016882262661696998
195 0.6862444196428571 0.520938390703793 0.015904017857142856 0.02499451874588906
185 0.6925223214285714 0.5794781846086384 0.021205357142857144 0.010085507564130673
192 0.6862444196428571 0.6459109844332384 0.018415178571428572 0.02894102170576628
181 0.3036411830357143 0.36231089673317257 0.014090401785714286 0.014251260688445516
175 0.32847377232142855 0.5748739311554484 0.008510044642857142 0.024117518088138567
195 0.32833426339285715 0.7698969524227143 0.015485491071428572 0.02433676825257619
191 0.4873744419642857 0.2735145801359351 0.011579241071428572 0.018197763648322735
195 0.50927734375 0.29993422495066874 0.017717633928571428 0.02762552071914054
190 0.18157087053571427 0.7374479280859461 0.010463169642857142 0.012935759701819776
175 0.26827566964285715 0.7374479280859461 0.014229910714285714 0.013374260030695024
178 0.18917410714285715 0.5503179127384346 0.013392857142857142 0.013593510195132646
181 0.24874441964285715 0.5230212672659504 0.008370535714285714 0.02170576627932471
192 0.11153738839285714 0.8000438500328875 0.018275669642857144 0.02850252137689103
102 0.15094866071428573 0.8001534751151064 0.013950892857142858 0.013374260030695024
192 0.08970424107142858 0.7660600745450559 0.018136160714285716 0.02850252137689103
182 0.10435267857142858 0.7375575531681648 0.008649553571428572 0.013593510195132646
192 0.08970424107142858 0.7059855294891472 0.018136160714285716 0.02850252137689103
142 0.08963448660714286 0.6382372286779215 0.0087890625 0.0131550098662574
14 0.08963448660714286 0.5746546809910107 0.008510044642857142 0.021486516114887087
192 0.08970424107142858 0.5173207629905723 0.017857142857142856 0.028283271212453408
190 0.08970424107142858 0.46459109844332386 0.006417410714285714 0.012278009208506906
142 0.12925502232142858 0.33435650076737555 0.009068080357142858 0.013593510195132646
191 0.12946428571428573 0.5295987721990791 0.010602678571428572 0.016882262661696998
32 0.19001116071428573 0.2987283490462618 0.012555803571428572 0.016005262003946502
184 0.23353794642857142 0.4151501863626398 0.006417410714285714 0.03310677483008112
178 0.24888392857142858 0.33545275158956367 0.008649553571428572 0.019294014470510854
175 0.23256138392857142 0.23744792808594606 0.011997767857142858 0.0131550098662574
185 0.1357421875 0.8344661258495943 0.021205357142857144 0.010085507564130673
181 0.12946428571428573 0.8988160491120368 0.008370535714285714 0.02565226923920193
183 0.12562779017857142 0.6881166410874808 0.016880580357142856 0.010304757728568297
182 0.12953404017857142 0.628042096031572 0.0087890625 0.014251260688445516