187 0.10163225446428571 0.8625301468976102 0.004603794642857143 0.013593510195132646
187 0.6415318080357143 0.9250164437623328 0.004603794642857143 0.013593510195132646
187 0.26185825892857145 0.7375575531681648 0.004464285714285714 0.013593510195132646
187 0.32833426339285715 0.8845647884235913 0.008510044642857142 0.00723525542644157
187 0.6771065848214286 0.1749616312212234 0.004603794642857143 0.013593510195132646
187 0.58837890625 0.8625301468976102 0.004603794642857143 0.013593510195132646
181 0.46888950892857145 0.3000438500328875 0.012555803571428572 0.01381276035957027
25 0.48849051339285715 0.3338083753562815 0.0107421875 0.023459767594825695
178 0.646484375 0.6550098662573997 0.008370535714285714 0.023898267923700943
184 0.6330915178571429 0.6848278886209165 0.006417410714285714 0.03310677483008112
189 0.5855887276785714 0.6749616312212234 0.019949776785714284 0.01512826134619601
14 0.5456194196428571 0.6750712563034422 0.014508928571428572 0.013593510195132646
25 0.5259486607142857 0.648980486735365 0.010881696428571428 0.0197325147993861
119 0.5148577008928571 0.557005042753782 0.0146484375 0.027844770883578163
179 0.4857700892857143 0.5213768910326683 0.011997767857142858 0.026748520061390047
188 0.208984375 0.1429511072133304 0.013671875 0.012278009208506906
177 0.20884486607142858 0.20083315062486295 0.008649553571428572 0.019294014470510854
175 0.20891462053571427 0.32964262223196666 0.008510044642857142 0.022144266608199955
102 0.19698660714285715 0.3622012716509537 0.014229910714285714 0.013593510195132646
180 0.236328125 0.11236570927428195 0.013671875 0.013374260030695024
183 0.18938337053571427 0.11828546371409779 0.006277901785714286 0.02696777022582767
119 0.4292689732142857 0.292808594606446 0.016183035714285716 0.027406270554702915
195 0.12946428571428573 0.7041219030914273 0.017857142857142856 0.028283271212453408
188 0.14871651785714285 0.6749616312212234 0.007254464285714286 0.019951764963823723
187 0.18910435267857142 0.6749616312212234 0.004603794642857143 0.013374260030695024
183 0.12548828125 0.44606445954834467 0.0166015625 0.010743258057443543
175 0.36781529017857145 0.2020390265292699 0.008510044642857142 0.016882262661696998
63 0.3535853794642857 0.23722867792150845 0.014369419642857142 0.014032010524007894
182 0.26932198660714285 0.17463275597456698 0.009068080357142858 0.014251260688445516
119 0.3726283482142857 0.2715413286559965 0.017857142857142856 0.022144266608199955
189 0.3680943080357143 0.3315062486296865 0.009905133928571428 0.031572023679017756
180 0.15171595982142858 0.17518088138566104 0.013811383928571428 0.013593510195132646
183 0.5005580357142857 0.29379522034641525 0.006696428571428571 0.0263100197325148
186 0.3910435267857143 0.23711905283928963 0.011997767857142858 0.016005262003946502
183 0.4912806919642857 0.39443104582328437 0.016880580357142856 0.010085507564130673
192 0.48744419642857145 0.4591098443323833 0.018136160714285716 0.02850252137689103
60 0.548828125 0.29993422495066874 0.014229910714285714 0.0131550098662574
181 0.5804966517857143 0.23755755316816488 0.01171875 0.01381276035957027
196 0.6266741071428571 0.23744792808594606 0.018136160714285716 0.02850252137689103
32 0.5675920758928571 0.33128699846524884 0.009626116071428572 0.025433019074764307
191 0.5145089285714286 0.36242052181539136 0.013392857142857142 0.02104801578601184
192 0.4476841517857143 0.5174303880727911 0.018415178571428572 0.02894102170576628
178 0.44740513392857145 0.45746546809910105 0.008370535714285714 0.02039026529269897
190 0.44761439732142855 0.38445516334137253 0.010463169642857142 0.012058759044069283
192 0.46840122767857145 0.5499890374917781 0.017717633928571428 0.027406270554702915
142 0.5270647321428571 0.33227362420521817 0.008928571428571428 0.01249725937294453
190 0.26332310267857145 0.8624205218153914 0.008231026785714286 0.010743258057443543
177 0.32861328125 0.7011620258715194 0.0087890625 0.01710151282613462
180 0.34598214285714285 0.4872834904626179 0.014508928571428572 0.013374260030695024
193 0.42822265625 0.48750274062705545 0.017717633928571428 0.027844770883578163
191 0.3681640625 0.585617189212892 0.010881696428571428 0.01710151282613462
179 0.36976841517857145 0.650186362639772 0.011858258928571428 0.027406270554702915
184 0.4634486607142857 0.6652049989037492 0.006696428571428571 0.03332602499451875
179 0.20738002232142858 0.4530804648103486 0.011858258928571428 0.027406270554702915
191 0.20905412946428573 0.4030914273185705 0.011858258928571428 0.018636263977197982
180 0.20905412946428573 0.6491997368998027 0.0087890625 0.01841701381276036
182 0.208984375 0.774172330629248 0.008649553571428572 0.013593510195132646
186 0.23228236607142858 0.8004823503617627 0.010602678571428572 0.016224512168384126
180 0.26890345982142855 0.8001534751151064 0.0146484375 0.013374260030695024
181 0.66162109375 0.6122560841920631 0.014090401785714286 0.013374260030695024
194 0.6862444196428571 0.4560403420302565 0.018415178571428572 0.02894102170576628
142 0.6766183035714286 0.42424906818680114 0.008649553571428572 0.013593510195132646
63 0.5864955357142857 0.424906818680114 0.010881696428571428 0.0131550098662574
181 0.546875 0.42501644376233283 0.013113839285714286 0.013374260030695024
63 0.6861746651785714 0.39607542205656654 0.008510044642857142 0.01907476430607323
188 0.6862444196428571 0.3372067529050647 0.017299107142857144 0.011401008550756413
180 0.6618303571428571 0.3004823503617628 0.013671875 0.013374260030695024
192 0.6254185267857143 0.29993422495066874 0.018136160714285716 0.02850252137689103
25 0.58349609375 0.3015786011839509 0.011858258928571428 0.01644376233282175
196 0.6067243303571429 0.8282174961631221 0.017299107142857144 0.027844770883578163
176 0.6065848214285714 0.650186362639772 0.008370535714285714 0.02433676825257619
102 0.5272042410714286 0.7156325367244025 0.008928571428571428 0.020171015128261346
63 0.5850306919642857 0.9250164437623328 0.014090401785714286 0.0131550098662574
142 0.6284877232142857 0.5498794124095593 0.008649553571428572 0.013593510195132646
188 0.24874441964285715 0.7762552071914054 0.014508928571428572 0.00986625739969305
183 0.56298828125 0.4672221004165753 0.0166015625 0.010085507564130673
175 0.16950334821428573 0.6392238544178909 0.008649553571428572 0.023459767594825695
182 0.13999720982142858 0.6126945845209384 0.008231026785714286 0.01381276035957027
179 0.2470703125 0.5252137689103267 0.01171875 0.02433676825257619
63 0.32840401785714285 0.82657311992984 0.008370535714285714 0.01841701381276036
193 0.6863141741071429 0.2057662793247095 0.019112723214285716 0.030037272527954396
196 0.6653878348214286 0.23744792808594606 0.018275669642857144 0.02894102170576628
192 0.5454799107142857 0.23744792808594606 0.018136160714285716 0.02850252137689103
195 0.62548828125 0.36242052181539136 0.015485491071428572 0.024117518088138567
179 0.19315011160714285 0.5472484104363078 0.014090401785714286 0.01841701381276036
191 0.1416015625 0.7374479280859461 0.010881696428571428 0.017320762990572242
183 0.18443080357142858 0.7315281736461302 0.006417410714285714 0.026529269896952423
181 0.22321428571428573 0.7372286779215085 0.013671875 0.013374260030695024
191 0.11558314732142858 0.48750274062705545 0.0126953125 0.019951764963823723
175 0.08963448660714286 0.4483665862749397 0.0087890625 0.017978513483885114
184 0.5086495535714286 0.4969304976978733 0.006417410714285714 0.033983775487831616
183 0.6370675223214286 0.8684499013374261 0.006277901785714286 0.026748520061390047
195 0.6465541294642857 0.8305196228897171 0.014927455357142858 0.024117518088138567
191 0.646484375 0.7778995834246876 0.012276785714285714 0.019294014470510854
196 0.6670619419642857 0.7374479280859461 0.017717633928571428 0.02696777022582767
187 0.6862444196428571 0.7062047796535847 0.008649553571428572 0.007016005262003947
195 0.6247907366071429 0.7999342249506687 0.017996651785714284 0.028283271212453408
184 0.5482700892857143 0.8099101074325806 0.006417410714285714 0.0328875246656435
177 0.4877232142857143 0.7667178250383688 0.008928571428571428 0.020609515457136594
102 0.4873046875 0.5835343126507345 0.008928571428571428 0.021267265950449463