187 0.10923549107142858 0.11247533435650077 0.004464285714285714 0.013593510195132646
187 0.24874441964285715 0.4361982021486516 0.008649553571428572 0.00723525542644157
187 0.22098214285714285 0.9250164437623328 0.004464285714285714 0.013593510195132646
187 0.208984375 0.8303003727252796 0.008649553571428572 0.007016005262003947
187 0.32833426339285715 0.5799166849375137 0.008510044642857142 0.007016005262003947
187 0.16922433035714285 0.5783819337864503 0.008649553571428572 0.007016005262003947
102 0.306640625 0.17507125630344222 0.011439732142857142 0.013374260030695024
184 0.3579799107142857 0.22791054593290944 0.006975446428571429 0.033983775487831616
175 0.36830357142857145 0.2771322078491559 0.009207589285714286 0.017540013155009866
175 0.30580357142857145 0.42501644376233283 0.015066964285714286 0.01381276035957027
195 0.26674107142857145 0.424906818680114 0.015345982142857142 0.02324051743038807
63 0.16922433035714285 0.32394211795658845 0.008928571428571428 0.023459767594825695
194 0.2885044642857143 0.3308484981363736 0.018415178571428572 0.02894102170576628
184 0.16301618303571427 0.2837097127822846 0.021065848214285716 0.010962508221881167
184 0.23005022321428573 0.165314623985968 0.006417410714285714 0.033764525323393996
63 0.27413504464285715 0.23744792808594606 0.011160714285714286 0.013593510195132646
195 0.24881417410714285 0.20401227800920851 0.018275669642857144 0.028721771541328656
189 0.18777901785714285 0.11236570927428195 0.020089285714285716 0.01775926331944749
187 0.6664341517857143 0.36242052181539136 0.004464285714285714 0.013593510195132646
196 0.6646205357142857 0.23744792808594606 0.018694196428571428 0.029379522034641527
60 0.5819614955357143 0.23722867792150845 0.015764508928571428 0.0131550098662574
186 0.6067243303571429 0.20927428195571146 0.011439732142857142 0.017320762990572242
182 0.6065848214285714 0.1418548563911423 0.008649553571428572 0.012716509537382154
119 0.13406808035714285 0.19568077176057883 0.017857142857142856 0.023898267923700943
63 0.15359933035714285 0.17463275597456698 0.012276785714285714 0.01381276035957027
190 0.12953404017857142 0.3229554922166192 0.0068359375 0.014909011181758386
60 0.19224330357142858 0.42501644376233283 0.013950892857142858 0.013374260030695024
176 0.22600446428571427 0.424906818680114 0.012276785714285714 0.0131550098662574
192 0.6862444196428571 0.3949791712343784 0.017299107142857144 0.027844770883578163
178 0.6736886160714286 0.4246875685156764 0.012834821428571428 0.013593510195132646
119 0.6907784598214286 0.5183073887305415 0.017717633928571428 0.02104801578601184
176 0.59375 0.36231089673317257 0.012834821428571428 0.013374260030695024
187 0.4476841517857143 0.20620477965358475 0.008649553571428572 0.00723525542644157
193 0.4263392857142857 0.29993422495066874 0.018136160714285716 0.02850252137689103
190 0.5123465401785714 0.11236570927428195 0.0068359375 0.01512826134619601
192 0.5886579241071429 0.11247533435650077 0.017717633928571428 0.026748520061390047
63 0.34298270089285715 0.862639771979829 0.0107421875 0.013374260030695024
177 0.4873744419642857 0.8357816268362201 0.009068080357142858 0.019294014470510854
192 0.48744419642857145 0.704341153255865 0.017299107142857144 0.027844770883578163
177 0.5453404017857143 0.6124753343565008 0.010881696428571428 0.013374260030695024
183 0.5939592633928571 0.6061170795878097 0.006556919642857143 0.026090769568077175
191 0.48744419642857145 0.4672221004165753 0.013113839285714286 0.020609515457136594
102 0.48765345982142855 0.398158298618724 0.009068080357142858 0.019294014470510854
186 0.6466936383928571 0.5800263100197325 0.010463169642857142 0.016882262661696998
175 0.6465541294642857 0.5149090111817584 0.008510044642857142 0.01907476430607323
189 0.6251395089285714 0.48739311554483666 0.020089285714285716 0.015786011839508878
142 0.72607421875 0.4577943433457575 0.0087890625 0.013593510195132646
191 0.72607421875 0.3935540451655339 0.013532366071428572 0.02104801578601184
191 0.6344168526785714 0.5499890374917781 0.011579241071428572 0.018197763648322735
177 0.5879603794642857 0.5497697873273405 0.012974330357142858 0.013374260030695024
179 0.54638671875 0.5525104143828108 0.0166015625 0.018855514141635606
102 0.4872349330357143 0.516882262661697 0.008510044642857142 0.018636263977197982
186 0.6464146205357143 0.20719140539355405 0.010184151785714286 0.016224512168384126
195 0.646484375 0.27011620258715197 0.018136160714285716 0.02850252137689103
192 0.72607421875 0.33227362420521817 0.017717633928571428 0.027844770883578163
179 0.7004045758928571 0.4275378206533655 0.016880580357142856 0.018855514141635606
190 0.32833426339285715 0.819557114667836 0.008510044642857142 0.01710151282613462
175 0.32826450892857145 0.7795439596579697 0.008370535714285714 0.02170576627932471
179 0.32679966517857145 0.7071914053935541 0.012137276785714286 0.02039026529269897
181 0.2885044642857143 0.5828765621574216 0.008649553571428572 0.02433676825257619
186 0.26625279017857145 0.5499890374917781 0.011300223214285714 0.01644376233282175
189 0.18833705357142858 0.5498794124095593 0.020089285714285716 0.013593510195132646
195 0.6260463169642857 0.11247533435650077 0.018275669642857144 0.02850252137689103
180 0.6861746651785714 0.20521815391361545 0.008510044642857142 0.017540013155009866
194 0.72607421875 0.26901995176496385 0.017159598214285716 0.028064021048015787
177 0.6256975446428571 0.3000438500328875 0.011997767857142858 0.013374260030695024
25 0.5260881696428571 0.4626178469633852 0.010602678571428572 0.022802017101512827
119 0.5319475446428571 0.5112913834685376 0.017857142857142856 0.02718702039026529
188 0.5272042410714286 0.5677483008112256 0.016462053571428572 0.012935759701819776
192 0.5272042410714286 0.26671782503836877 0.017857142857142856 0.027844770883578163
182 0.3485630580357143 0.9250164437623328 0.008510044642857142 0.013593510195132646
63 0.3115931919642857 0.9252356939267704 0.015764508928571428 0.013593510195132646
178 0.39083426339285715 0.9250164437623328 0.013532366071428572 0.0131550098662574
191 0.42354910714285715 0.9250164437623328 0.013113839285714286 0.020609515457136594
180 0.4658900669642857 0.924906818680114 0.014090401785714286 0.013374260030695024
194 0.6252092633928571 0.36242052181539136 0.017717633928571428 0.02762552071914054
14 0.6067940848214286 0.2765840824380618 0.009068080357142858 0.023898267923700943
190 0.4476841517857143 0.4689761017320763 0.010881696428571428 0.011401008550756413
60 0.4667271205357143 0.424906818680114 0.015764508928571428 0.0131550098662574
193 0.4476841517857143 0.7067529050646788 0.017578125 0.027844770883578163
60 0.40799386160714285 0.8366586274939706 0.008510044642857142 0.02324051743038807
32 0.4087611607142857 0.8889497917123438 0.010044642857142858 0.022582766937075203
25 0.5057896205357143 0.23843455382591536 0.012974330357142858 0.01512826134619601
60 0.5411551339285714 0.17507125630344222 0.015345982142857142 0.013374260030695024
187 0.50732421875 0.1749616312212234 0.004603794642857143 0.013593510195132646
196 0.46644810267857145 0.1749616312212234 0.017717633928571428 0.02718702039026529
186 0.42494419642857145 0.17529050646787986 0.010881696428571428 0.016005262003946502
192 0.38790457589285715 0.1749616312212234 0.017717633928571428 0.02718702039026529
60 0.35184151785714285 0.1749616312212234 0.012276785714285714 0.0131550098662574
181 0.2885044642857143 0.8232843674632756 0.008649553571428572 0.019294014470510854
177 0.3046875 0.5498794124095593 0.012276785714285714 0.0131550098662574
178 0.2885044642857143 0.5160052620039465 0.008649553571428572 0.024775268581451435
185 0.28257533482142855 0.4531900898925674 0.021623883928571428 0.010085507564130673
187 0.22893415178571427 0.7375575531681648 0.004464285714285714 0.013593510195132646
175 0.20905412946428573 0.5910984433238325 0.008510044642857142 0.01841701381276036
187 0.22893415178571427 0.6749616312212234 0.004464285714285714 0.013374260030695024
178 0.265625 0.6750712563034422 0.015625 0.013593510195132646
119 0.3853236607142857 0.6051304538478404 0.016462053571428572 0.028064021048015787
188 0.31222098214285715 0.36242052181539136 0.006417410714285714 0.02367901775926332
195 0.2275390625 0.23744792808594606 0.018415178571428572 0.02894102170576628
186 0.32833426339285715 0.14919973689980268 0.010463169642857142 0.017320762990572242
195 0.16929408482142858 0.5166630124972593 0.017996651785714284 0.028283271212453408
181 0.16901506696428573 0.3943214207410656 0.008510044642857142 0.02039026529269897
184 0.5980050223214286 0.8721771541328656 0.0068359375 0.03332602499451875
102 0.5855887276785714 0.9252356939267704 0.013253348214285714 0.013593510195132646
179 0.5476422991071429 0.9279763209822407 0.016043526785714284 0.018636263977197982