187 0.16064453125 0.37976764576939936 0.004045758928571429 0.012056115738711091
187 0.10002790178571429 0.21481806225339764 0.00390625 0.01183691363437089
187 0.24811662946428573 0.159798334064007 0.004045758928571429 0.01183691363437089
187 0.16706194196428573 0.43478737395879 0.004045758928571429 0.012056115738711091
187 0.6099330357142857 0.11223147742218326 0.007533482142857143 0.006137658921525646
187 0.32993861607142855 0.6807321350284963 0.007533482142857143 0.006356861025865849
187 0.6140485491071429 0.3248575186321789 0.004045758928571429 0.01183691363437089
187 0.7149135044642857 0.9216352476983779 0.007672991071428571 0.006356861025865849
25 0.21037946428571427 0.4330337571240684 0.013113839285714286 0.015124945199473916
185 0.24860491071428573 0.42634809294169224 0.005580357142857143 0.029373081981587022
178 0.18994140625 0.35302498903989477 0.007672991071428571 0.018632178868917142
14 0.22495814732142858 0.24265672950460324 0.007393973214285714 0.02104340201665936
63 0.5179268973214286 0.159798334064007 0.014090401785714286 0.01183691363437089
191 0.59521484375 0.2698377904427883 0.011021205357142858 0.01709776413853573
32 0.5755440848214286 0.35335379219640506 0.008510044642857142 0.02104340201665936
181 0.5751255580357143 0.4081543182814555 0.007672991071428571 0.015344147303814117
189 0.5749162946428571 0.4640508548882069 0.006696428571428571 0.02761946514686541
25 0.5972377232142857 0.4884918895221394 0.010881696428571428 0.014248136782113108
196 0.4857700892857143 0.26972818939061816 0.015625 0.02389302937308198
32 0.4492885044642857 0.2687417799210872 0.013811383928571428 0.014905743095133712
14 0.6099330357142857 0.46931170539237177 0.007533482142857143 0.017536168347216132
119 0.62060546875 0.593489697501096 0.011858258928571428 0.024331433581762384
188 0.6798967633928571 0.45648838228847 0.012416294642857142 0.009425690486628672
185 0.6745256696428571 0.30370451556334943 0.018694196428571428 0.009425690486628672
176 0.6587611607142857 0.21481806225339764 0.011439732142857142 0.01183691363437089
32 0.6333705357142857 0.21361245067952653 0.012834821428571428 0.014686540990793511
142 0.6796875 0.8480929416922403 0.0078125 0.01183691363437089
195 0.6798967633928571 0.7355326611135466 0.013253348214285714 0.021262604120999562
182 0.6262555803571429 0.6546470846120123 0.0078125 0.012056115738711091
182 0.5501534598214286 0.654427882507672 0.0068359375 0.012056115738711091
102 0.5048130580357143 0.6853353792196405 0.007393973214285714 0.017755370451556333
175 0.5186244419642857 0.6551950898728628 0.011300223214285714 0.012275317843051293
184 0.482421875 0.6631959666812801 0.005859375 0.029592284085927224
191 0.45570591517857145 0.5448268303375713 0.011579241071428572 0.01819377466023674
25 0.4009486607142857 0.6236299868478737 0.009486607142857142 0.01972818939061815
195 0.5048828125 0.7384918895221394 0.016183035714285716 0.025427444103463395
191 0.48814174107142855 0.7647961420429636 0.011160714285714286 0.017536168347216132
14 0.3999720982142857 0.7843051293292416 0.007533482142857143 0.016659359929855327
177 0.41845703125 0.7099956159579132 0.013532366071428572 0.012275317843051293
196 0.3999720982142857 0.6812801402893468 0.015625 0.024550635686102586
195 0.41573660714285715 0.7647961420429636 0.015904017857142856 0.02498903989478299
186 0.31326729910714285 0.5998465585269619 0.009626116071428572 0.012494519947391494
102 0.11983816964285714 0.2919772029811486 0.0078125 0.01709776413853573
178 0.11997767857142858 0.23553266111354668 0.0078125 0.018632178868917142
185 0.171875 0.316308636562911 0.005580357142857143 0.029373081981587022
181 0.21142578125 0.3248575186321789 0.009626116071428572 0.01183691363437089
176 0.24644252232142858 0.26918018412976763 0.009905133928571428 0.012713722051731697
102 0.34786551339285715 0.2698377904427883 0.009905133928571428 0.01183691363437089
187 0.18994140625 0.90223586146427 0.007672991071428571 0.006137658921525646
196 0.18994140625 0.7916483998246383 0.015485491071428572 0.024331433581762384
188 0.41713169642857145 0.5997369574747917 0.007254464285714286 0.023235423060061378
182 0.19008091517857142 0.17908811924594475 0.007672991071428571 0.01183691363437089
60 0.18980189732142858 0.46646207803594913 0.007393973214285714 0.016659359929855327
196 0.18994140625 0.5188513809732573 0.015485491071428572 0.024550635686102586
190 0.18994140625 0.5648838228846997 0.007672991071428571 0.011398509425690487
142 0.24679129464285715 0.9300745287154757 0.0078125 0.01183691363437089
176 0.29513113839285715 0.9071679088119246 0.007672991071428571 0.021701008329679965
194 0.31382533482142855 0.8197062691801841 0.015485491071428572 0.02389302937308198
179 0.34849330357142855 0.8175142481367821 0.014787946428571428 0.016440157825515125
182 0.2948521205357143 0.8040333187198597 0.007672991071428571 0.011398509425690487
119 0.4125279017857143 0.6611135466900482 0.010881696428571428 0.024112231477422183
178 0.4349888392857143 0.6279044278825077 0.007533482142857143 0.021262604120999562
196 0.43491908482142855 0.5703638754932048 0.015485491071428572 0.024550635686102586
195 0.7499302455357143 0.6816089434458571 0.015764508928571428 0.024769837790442787
180 0.3648158482142857 0.3428320911880754 0.007533482142857143 0.020166593599298552
60 0.34737723214285715 0.4350065760631302 0.011160714285714286 0.012056115738711091
142 0.31912667410714285 0.4346777729066199 0.007672991071428571 0.01183691363437089
188 0.2818080357142857 0.3798772468215695 0.007533482142857143 0.023235423060061378
192 0.36488560267857145 0.29712845243314334 0.015764508928571428 0.024769837790442787
102 0.36495535714285715 0.24145111793073212 0.007533482142857143 0.014686540990793511
183 0.5435267857142857 0.36343708899605437 0.014508928571428572 0.008768084173608066
177 0.5894949776785714 0.5994081543182814 0.0107421875 0.012056115738711091
191 0.32993861607142855 0.508658483121438 0.010602678571428572 0.016440157825515125
192 0.7499302455357143 0.5145769399386234 0.015764508928571428 0.024769837790442787
194 0.7499302455357143 0.4607628233231039 0.015485491071428572 0.024550635686102586
176 0.6926618303571429 0.32507672073651905 0.010044642857142858 0.012275317843051293
142 0.39976283482142855 0.8385576501534415 0.007672991071428571 0.011617711530030689
25 0.40087890625 0.907606313020605 0.009626116071428572 0.014686540990793511
60 0.7498604910714286 0.8518193774660237 0.007533482142857143 0.020604997807978958
192 0.6621791294642857 0.8747259973695748 0.015764508928571428 0.024769837790442787
175 0.7150530133928571 0.7409031126698816 0.007393973214285714 0.01578255151249452
180 0.7149135044642857 0.6241779921087243 0.007952008928571428 0.016440157825515125
32 0.13162667410714285 0.15892152564664622 0.0107421875 0.013590530469092503
176 0.24372209821428573 0.21470846120122752 0.013113839285714286 0.012056115738711091
185 0.26541573660714285 0.25328803156510304 0.0185546875 0.00898728627794827
188 0.5398995535714286 0.5140289346777729 0.013950892857142858 0.008768084173608066
175 0.5399693080357143 0.5685006576063131 0.007393973214285714 0.016878562034195528
179 0.5554547991071429 0.5973257343270495 0.013253348214285714 0.016220955721174924
14 0.6593191964285714 0.37943884261288907 0.010323660714285714 0.012275317843051293
193 0.5565011160714286 0.48980710214818063 0.015625 0.024331433581762384
177 0.15485491071428573 0.8974134151687856 0.007533482142857143 0.01797457255589654
193 0.2080078125 0.8198158702323542 0.015625 0.024112231477422183
14 0.24372209821428573 0.8198158702323542 0.01171875 0.01183691363437089
60 0.28243582589285715 0.8198158702323542 0.011021205357142858 0.01183691363437089
177 0.5398297991071429 0.6812801402893468 0.007393973214285714 0.019289785181937746
60 0.5401088169642857 0.7296142042963613 0.007672991071428571 0.021262604120999562
63 0.5399693080357143 0.7921964050854888 0.007393973214285714 0.01972818939061815
179 0.5517578125 0.8726435773783429 0.013392857142857142 0.016659359929855327
195 0.6284877232142857 0.8748355984217449 0.015625 0.024550635686102586
178 0.26004464285714285 0.3994958351600175 0.007533482142857143 0.02257781674704077
177 0.2948521205357143 0.6237395879000438 0.007672991071428571 0.019070583077597545
175 0.2803431919642857 0.4895879000438404 0.009905133928571428 0.012056115738711091
183 0.2564174107142857 0.4709557211749233 0.014508928571428572 0.00898728627794827
183 0.32631138392857145 0.3976326172731258 0.014229910714285714 0.008768084173608066