187 0.46616908482142855 0.23744792808594606 0.004603794642857143 0.013593510195132646
187 0.5938895089285714 0.11247533435650077 0.004464285714285714 0.013593510195132646
187 0.15220424107142858 0.23744792808594606 0.004464285714285714 0.013593510195132646
187 0.40269252232142855 0.8000438500328875 0.004603794642857143 0.013593510195132646
187 0.646484375 0.15522911642183732 0.008649553571428572 0.007016005262003947
187 0.10002790178571429 0.1749616312212234 0.004464285714285714 0.013593510195132646
187 0.12095424107142858 0.11247533435650077 0.004464285714285714 0.013593510195132646
187 0.208984375 0.7583863187897391 0.008649553571428572 0.007016005262003947
187 0.31563895089285715 0.11247533435650077 0.004603794642857143 0.013593510195132646
187 0.5583147321428571 0.9250164437623328 0.004464285714285714 0.013593510195132646
187 0.6862444196428571 0.7714317035737777 0.008649553571428572 0.00723525542644157
25 0.6874302455357143 0.2650734488050866 0.011021205357142858 0.017978513483885114
195 0.6658761160714286 0.1749616312212234 0.018136160714285716 0.02850252137689103
60 0.6261858258928571 0.17463275597456698 0.012974330357142858 0.013374260030695024
178 0.5867745535714286 0.1747423810567858 0.015345982142857142 0.0131550098662574
191 0.5071847098214286 0.23733830300372724 0.012974330357142858 0.02039026529269897
191 0.44761439732142855 0.1483227362420522 0.013811383928571428 0.02170576627932471
177 0.46421595982142855 0.11236570927428195 0.014927455357142858 0.013374260030695024
190 0.47049386160714285 0.1749616312212234 0.008510044642857142 0.010085507564130673
32 0.5077427455357143 0.17353650515237887 0.0126953125 0.016005262003946502
188 0.5089983258928571 0.11247533435650077 0.0068359375 0.01710151282613462
190 0.5513392857142857 0.11247533435650077 0.007254464285714286 0.01710151282613462
196 0.40792410714285715 0.7057662793247095 0.018415178571428572 0.02894102170576628
181 0.43115234375 0.675180881385661 0.014927455357142858 0.013374260030695024
186 0.40757533482142855 0.5841920631440474 0.009068080357142858 0.01775926331944749
184 0.34395926339285715 0.7472045604034203 0.006556919642857143 0.03332602499451875
185 0.31570870535714285 0.7473141854856391 0.006417410714285714 0.03310677483008112
14 0.27162388392857145 0.7374479280859461 0.013113839285714286 0.013374260030695024
196 0.22858537946428573 0.7374479280859461 0.017717633928571428 0.027406270554702915
195 0.5869838169642857 0.424906818680114 0.018275669642857144 0.02850252137689103
14 0.50537109375 0.4246875685156764 0.010184151785714286 0.013593510195132646
189 0.4267578125 0.424906818680114 0.020089285714285716 0.015786011839508878
142 0.5671735491071429 0.40758605568954176 0.0087890625 0.013593510195132646
102 0.5924944196428571 0.30037272527954395 0.015904017857142856 0.013593510195132646
189 0.5669642857142857 0.14218373163779874 0.008091517857142858 0.031352773514580136
142 0.5667550223214286 0.1934882701162026 0.0087890625 0.012935759701819776
181 0.5668247767857143 0.2660600745450559 0.008649553571428572 0.019951764963823723
176 0.15373883928571427 0.42457794343345756 0.014787946428571428 0.01381276035957027
177 0.16936383928571427 0.6397719798289849 0.008370535714285714 0.024117518088138567
195 0.24881417410714285 0.6406489804867354 0.015206473214285714 0.024117518088138567
25 0.1279296875 0.2808594606445955 0.011439732142857142 0.022802017101512827
25 0.21010044642857142 0.5077833808375356 0.010881696428571428 0.024117518088138567
196 0.20905412946428573 0.5821091865818899 0.017996651785714284 0.028064021048015787
25 0.20786830357142858 0.46700285025213767 0.010602678571428572 0.022802017101512827
177 0.22816685267857142 0.424906818680114 0.012974330357142858 0.013593510195132646
32 0.3106166294642857 0.42348169261126944 0.013532366071428572 0.01644376233282175
193 0.38804408482142855 0.42501644376233283 0.017717633928571428 0.027844770883578163
192 0.40792410714285715 0.5172111379083534 0.018415178571428572 0.02894102170576628
188 0.40785435267857145 0.46349484762113574 0.017717633928571428 0.01052400789300592
192 0.40785435267857145 0.39333479500109625 0.019112723214285716 0.029818022363516772
183 0.40380859375 0.3125411094058321 0.0166015625 0.010743258057443543
25 0.44656808035714285 0.590221442666082 0.011160714285714286 0.02367901775926332
60 0.4252232142857143 0.5497697873273405 0.015904017857142856 0.013374260030695024
181 0.42215401785714285 0.6125849594387196 0.014508928571428572 0.014032010524007894
25 0.5901925223214286 0.6733172549879413 0.014927455357142858 0.016663012497259374
192 0.72607421875 0.270664327998246 0.017438616071428572 0.027844770883578163
32 0.7115652901785714 0.2987283490462618 0.0146484375 0.016005262003946502
192 0.24874441964285715 0.39486954615215963 0.018415178571428572 0.02894102170576628
194 0.24874441964285715 0.45636921727691293 0.017299107142857144 0.027844770883578163
14 0.23095703125 0.5497697873273405 0.011579241071428572 0.013374260030695024
32 0.6612723214285714 0.3611050208287656 0.014787946428571428 0.015786011839508878
60 0.6291852678571429 0.36231089673317257 0.012276785714285714 0.013374260030695024
102 0.7260044642857143 0.5894540670905504 0.008649553571428572 0.016882262661696998
175 0.14453125 0.362639771979829 0.011160714285714286 0.013593510195132646
188 0.18687220982142858 0.36242052181539136 0.0068359375 0.024117518088138567
184 0.10888671875 0.5597456698092523 0.006556919642857143 0.03332602499451875
189 0.6067243303571429 0.45549221661916245 0.010881696428571428 0.031352773514580136
193 0.46630859375 0.6749616312212234 0.0185546875 0.029160271870203903
193 0.5068359375 0.8000438500328875 0.018136160714285716 0.02850252137689103
102 0.43359375 0.8004823503617627 0.013671875 0.0131550098662574
195 0.54833984375 0.8000438500328875 0.018275669642857144 0.02850252137689103
193 0.6278599330357143 0.7999342249506687 0.017996651785714284 0.028283271212453408
176 0.19356863839285715 0.17485200613900462 0.011021205357142858 0.013374260030695024
102 0.22879464285714285 0.1749616312212234 0.012276785714285714 0.0131550098662574
192 0.26918247767857145 0.17485200613900462 0.017996651785714284 0.028283271212453408
182 0.44747488839285715 0.38785354089015567 0.009068080357142858 0.0131550098662574
102 0.44775390625 0.45088796316597235 0.0087890625 0.02170576627932471
192 0.4273158482142857 0.48739311554483666 0.017857142857142856 0.02762552071914054
184 0.4414760044642857 0.34477088357816266 0.021344866071428572 0.00986625739969305
188 0.39041573660714285 0.1749616312212234 0.008231026785714286 0.02367901775926332
185 0.3470982142857143 0.18460863845647885 0.006696428571428571 0.03332602499451875
189 0.30712890625 0.1749616312212234 0.019949776785714284 0.014909011181758386
102 0.5272042410714286 0.2153036614777461 0.009207589285714286 0.020609515457136594
196 0.5060686383928571 0.29993422495066874 0.017717633928571428 0.02762552071914054
25 0.47216796875 0.30124972593729443 0.010463169642857142 0.016663012497259374
183 0.41176060267857145 0.13111159833369876 0.016880580357142856 0.010085507564130673
188 0.08970424107142858 0.6544617408463056 0.01171875 0.013593510195132646
180 0.08984375 0.5814514360885771 0.008649553571428572 0.024117518088138567
182 0.14041573660714285 0.6749616312212234 0.009068080357142858 0.013374260030695024
63 0.08970424107142858 0.46842797632098226 0.008370535714285714 0.02433676825257619
183 0.08572823660714286 0.39706204779653587 0.0166015625 0.010085507564130673
191 0.10456194196428571 0.23744792808594606 0.011300223214285714 0.017978513483885114
60 0.26876395089285715 0.6748520061390046 0.011300223214285714 0.013593510195132646
175 0.6067243303571429 0.6399912299934225 0.008928571428571428 0.020609515457136594
181 0.6214425223214286 0.6124753343565008 0.011300223214285714 0.01381276035957027
176 0.6070731026785714 0.5760798070598553 0.008510044642857142 0.024775268581451435
119 0.31103515625 0.5428634071475553 0.016043526785714284 0.02762552071914054
102 0.35365513392857145 0.5497697873273405 0.012555803571428572 0.013374260030695024
180 0.20891462053571427 0.63560622670467 0.008510044642857142 0.01710151282613462
183 0.33238002232142855 0.2499451874588906 0.0166015625 0.010085507564130673
195 0.22809709821428573 0.36242052181539136 0.018415178571428572 0.02894102170576628
119 0.34842354910714285 0.29269896952422714 0.014090401785714286 0.02762552071914054
142 0.3983677455357143 0.2998245998684499 0.007672991071428571 0.01381276035957027
102 0.34423828125 0.11258495943871957 0.012137276785714286 0.013374260030695024
194 0.4476841517857143 0.7688007016005262 0.017020089285714284 0.027844770883578163
191 0.44761439732142855 0.8411532558649419 0.011579241071428572 0.018197763648322735
190 0.4476841517857143 0.907476430607323 0.0078125 0.013593510195132646
25 0.4686802455357143 0.9234816926112694 0.013532366071428572 0.016663012497259374
182 0.5054408482142857 0.9251260688445516 0.008649553571428572 0.01381276035957027
102 0.6862444196428571 0.3938829204121903 0.008370535714285714 0.02433676825257619
14 0.6863141741071429 0.6431703573777681 0.008510044642857142 0.021267265950449463
175 0.68603515625 0.7012716509537382 0.008510044642857142 0.018636263977197982
179 0.6239536830357143 0.5525104143828108 0.015206473214285714 0.018855514141635606
192 0.5451311383928571 0.5499890374917781 0.017996651785714284 0.028283271212453408
192 0.46547154017857145 0.5499890374917781 0.0185546875 0.029160271870203903
142 0.20884486607142858 0.1878973909230432 0.008928571428571428 0.014032010524007894
179 0.21065848214285715 0.26452532339399254 0.011997767857142858 0.02565226923920193
192 0.16922433035714285 0.39530804648103485 0.018136160714285716 0.02850252137689103
188 0.16929408482142858 0.4522034641525981 0.014090401785714286 0.012935759701819776
14 0.16936383928571427 0.5175400131550099 0.008649553571428572 0.019513264634948475