187 0.11516462053571429 0.5448268303375713 0.004045758928571429 0.012056115738711091
187 0.5749162946428571 0.8302279701885138 0.007533482142857143 0.006356861025865849
187 0.3716517857142857 0.8198158702323542 0.00390625 0.01183691363437089
187 0.22495814732142858 0.8802060499780798 0.007672991071428571 0.006356861025865849
184 0.42940848214285715 0.2572336694432267 0.018694196428571428 0.00898728627794827
177 0.43519810267857145 0.4056334940815432 0.007672991071428571 0.019508987286277948
192 0.45382254464285715 0.32474791758000876 0.015904017857142856 0.025208241999123193
14 0.5168805803571429 0.32474791758000876 0.012276785714285714 0.011617711530030689
182 0.5611049107142857 0.32518632178868917 0.007533482142857143 0.012494519947391494
179 0.11858258928571429 0.5223586146427006 0.010602678571428572 0.024112231477422183
176 0.14188058035714285 0.48980710214818063 0.011997767857142858 0.012056115738711091
176 0.11983816964285714 0.34831214379658043 0.007533482142857143 0.015344147303814117
179 0.11844308035714286 0.29427882507672076 0.010323660714285714 0.022139412538360367
119 0.12388392857142858 0.6812801402893468 0.015345982142857142 0.023235423060061378
179 0.12151227678571429 0.7296142042963613 0.010323660714285714 0.021701008329679965
102 0.13309151785714285 0.7646865409907935 0.009486607142857142 0.011617711530030689
189 0.17313058035714285 0.7647961420429636 0.017578125 0.01183691363437089
194 0.41671316964285715 0.37976764576939936 0.015625 0.02389302937308198
194 0.38211495535714285 0.3798772468215695 0.016183035714285716 0.025427444103463395
181 0.34716796875 0.3802060499780798 0.0107421875 0.011617711530030689
183 0.4384765625 0.51085050416484 0.014508928571428572 0.00898728627794827
179 0.3985072544642857 0.36135466900482244 0.010463169642857142 0.02389302937308198
192 0.3999720982142857 0.29482683033757123 0.016183035714285716 0.025427444103463395
191 0.6099330357142857 0.2527400263042525 0.011439732142857142 0.01797457255589654
14 0.6099330357142857 0.14226216571679087 0.0078125 0.01578255151249452
191 0.5857282366071429 0.21492766330556773 0.010184151785714286 0.016001753616834723
195 0.5562220982142857 0.21481806225339764 0.015625 0.024550635686102586
178 0.49302455357142855 0.21492766330556773 0.013113839285714286 0.011617711530030689
180 0.4473353794642857 0.21503726435773785 0.011579241071428572 0.01183691363437089
177 0.4517299107142857 0.3798772468215695 0.009486607142857142 0.012275317843051293
175 0.3861607142857143 0.32474791758000876 0.012834821428571428 0.012056115738711091
193 0.294921875 0.7920868040333188 0.016462053571428572 0.025646646207803596
187 0.294921875 0.7372862779482683 0.007533482142857143 0.006356861025865849
184 0.2894810267857143 0.6878562034195528 0.018694196428571428 0.008768084173608066
183 0.29136439732142855 0.564116615519509 0.014369419642857142 0.00898728627794827
196 0.18994140625 0.7901139850942569 0.015764508928571428 0.024769837790442787
32 0.75048828125 0.6302060499780798 0.0087890625 0.016659359929855327
181 0.6947544642857143 0.709776413853573 0.012276785714285714 0.01183691363437089
32 0.63427734375 0.708790004384042 0.012974330357142858 0.013809732573432706
186 0.5897042410714286 0.709776413853573 0.009486607142857142 0.014028934677772907
175 0.7268415178571429 0.32430951337132835 0.009765625 0.011617711530030689
191 0.32993861607142855 0.13579570363875493 0.009486607142857142 0.015124945199473916
176 0.31668526785714285 0.2698377904427883 0.010881696428571428 0.01183691363437089
60 0.21379743303571427 0.26972818939061816 0.009626116071428572 0.011617711530030689
182 0.14683314732142858 0.26939938623410786 0.007393973214285714 0.01183691363437089
175 0.17759486607142858 0.3795484436650592 0.010602678571428572 0.012056115738711091
183 0.24455915178571427 0.37439719421306444 0.005580357142857143 0.023235423060061378
193 0.22495814732142858 0.518522577816747 0.015764508928571428 0.024769837790442787
175 0.17864118303571427 0.5997369574747917 0.012137276785714286 0.01183691363437089
191 0.36488560267857145 0.2484655852696186 0.0087890625 0.013809732573432706
185 0.37046595982142855 0.29614204296361246 0.0185546875 0.008768084173608066
195 0.34584263392857145 0.32474791758000876 0.015904017857142856 0.024769837790442787
142 0.3203125 0.32463831652783864 0.007254464285714286 0.01183691363437089
142 0.29513113839285715 0.33965366067514247 0.007952008928571428 0.011617711530030689
60 0.6448800223214286 0.12702761946514687 0.007393973214285714 0.016878562034195528
60 0.6448102678571429 0.24572555896536608 0.007533482142857143 0.016659359929855327
185 0.6503208705357143 0.3658483121437966 0.0185546875 0.00920648838228847
178 0.6449497767857143 0.3975230162209557 0.0078125 0.01994739149495835
177 0.6451590401785714 0.4606532222709338 0.007393973214285714 0.01731696624287593
181 0.6275111607142857 0.1049978079789566 0.009486607142857142 0.01183691363437089
188 0.6006556919642857 0.10488820692678649 0.007114955357142857 0.015124945199473916
179 0.5581752232142857 0.10740903112669882 0.013671875 0.016659359929855327
185 0.38490513392857145 0.11343708899605436 0.006138392857142857 0.02915387987724682
190 0.6449497767857143 0.5822007891275757 0.006417410714285714 0.01183691363437089
177 0.4886997767857143 0.6547566856641823 0.012834821428571428 0.01183691363437089
119 0.36893136160714285 0.7298334064007015 0.015485491071428572 0.01819377466023674
25 0.3115931919642857 0.8210214818062254 0.009905133928571428 0.013809732573432706
195 0.25990513392857145 0.6277948268303376 0.013950892857142858 0.021920210434020166
32 0.24776785714285715 0.6535510740903112 0.013392857142857142 0.014248136782113108
182 0.19754464285714285 0.6547566856641823 0.0078125 0.01183691363437089
184 0.28634207589285715 0.5914072775098641 0.005719866071428571 0.029811486190267425
25 0.26102120535714285 0.7274221832529593 0.009486607142857142 0.017755370451556333
175 0.2598353794642857 0.7862779482683033 0.007672991071428571 0.020604997807978958
185 0.3944614955357143 0.7871547566856641 0.0185546875 0.008768084173608066
25 0.3988560267857143 0.6738272687417799 0.009765625 0.01578255151249452
180 0.2949916294642857 0.45539237176676894 0.007393973214285714 0.021262604120999562
14 0.28201729910714285 0.48991670320035074 0.010184151785714286 0.01183691363437089
193 0.24225725446428573 0.48980710214818063 0.015764508928571428 0.024769837790442787
187 0.294921875 0.2973476545374836 0.007533482142857143 0.006356861025865849
182 0.2949916294642857 0.24430074528715476 0.007952008928571428 0.011617711530030689
193 0.3129185267857143 0.21481806225339764 0.016183035714285716 0.025427444103463395
25 0.5740094866071429 0.6375493204734766 0.009626116071428572 0.020385795703638757
32 0.5945172991071429 0.5441692240245506 0.011300223214285714 0.013809732573432706
142 0.33907645089285715 0.26972818939061816 0.007393973214285714 0.012056115738711091
184 0.4994419642857143 0.8909469530907497 0.018694196428571428 0.00898728627794827
194 0.45166015625 0.8747259973695748 0.015764508928571428 0.024769837790442787
186 0.490234375 0.8193774660236738 0.009486607142857142 0.0131521262604121
178 0.5050920758928571 0.6237395879000438 0.007672991071428571 0.02257781674704077
102 0.44893973214285715 0.599956159579132 0.010881696428571428 0.01183691363437089
119 0.41929408482142855 0.6060938185006576 0.014369419642857142 0.024112231477422183
60 0.22495814732142858 0.840311266988163 0.007672991071428571 0.015124945199473916
194 0.17375837053571427 0.5448268303375713 0.016322544642857144 0.025646646207803596
177 0.2060546875 0.5450460324419114 0.013950892857142858 0.012056115738711091
60 0.2392578125 0.5447172292854011 0.013113839285714286 0.01183691363437089
193 0.43491908482142855 0.7947172292854011 0.0166015625 0.026085050416484
179 0.2826450892857143 0.32255589653660677 0.014508928571428572 0.016440157825515125
187 0.22495814732142858 0.2973476545374836 0.007672991071428571 0.006356861025865849
32 0.23590959821428573 0.10379219640508548 0.011439732142857142 0.013809732573432706
192 0.36495535714285715 0.3520385795703639 0.016183035714285716 0.025427444103463395
182 0.3648158482142857 0.4224024550635686 0.007533482142857143 0.011398509425690487
25 0.3833705357142857 0.4333625602805787 0.010602678571428572 0.014905743095133712
195 0.36495535714285715 0.4626260412099956 0.013671875 0.021262604120999562
102 0.36474609375 0.5704734765453748 0.007672991071428571 0.01819377466023674
194 0.46993582589285715 0.8452433143358177 0.016043526785714284 0.02498903989478299
189 0.5237165178571429 0.8197062691801841 0.017578125 0.013809732573432706
178 0.41761997767857145 0.8748355984217449 0.0126953125 0.01183691363437089
176 0.3819056919642857 0.8746163963174046 0.011579241071428572 0.01183691363437089
177 0.32986886160714285 0.8461201227531784 0.007393973214285714 0.015344147303814117
32 0.7359095982142857 0.4340201665935993 0.012276785714285714 0.014028934677772907
194 0.6965680803571429 0.43478737395879 0.015625 0.024331433581762384
195 0.6613420758928571 0.43478737395879 0.015485491071428572 0.02389302937308198
196 0.6270228794642857 0.43478737395879 0.015764508928571428 0.024769837790442787
32 0.5599888392857143 0.4342393686979395 0.010323660714285714 0.0131521262604121
195 0.5213448660714286 0.4348969750109601 0.015625 0.024550635686102586
183 0.49720982142857145 0.44015782551512495 0.005580357142857143 0.023235423060061378
182 0.13037109375 0.5450460324419114 0.007393973214285714 0.012494519947391494
194 0.18987165178571427 0.5188513809732573 0.016183035714285716 0.025427444103463395
182 0.18987165178571427 0.4626260412099956 0.0078125 0.012056115738711091
142 0.18994140625 0.3910565541429198 0.007672991071428571 0.012275317843051293
189 0.22488839285714285 0.6245067952652346 0.007254464285714286 0.02761946514686541
192 0.18987165178571427 0.6253836036825954 0.016183035714285716 0.025427444103463395
32 0.14174107142857142 0.5987505480052608 0.011997767857142858 0.013809732573432706
14 0.11997767857142858 0.8001972818939062 0.0078125 0.016001753616834723
186 0.13957868303571427 0.8200350723366945 0.009626116071428572 0.014028934677772907
175 0.5398995535714286 0.7994300745287155 0.007533482142857143 0.018851380973257344
142 0.5400390625 0.8368040333187199 0.0078125 0.011617711530030689
179 0.5413643973214286 0.9091407277509864 0.0107421875 0.023016220955721176
192 0.5214146205357143 0.9297457255589654 0.0166015625 0.026085050416484
182 0.5398297991071429 0.7395879000438405 0.007952008928571428 0.01183691363437089
188 0.5399693080357143 0.6895002192021044 0.014369419642857142 0.009864094695309075
192 0.5221819196428571 0.5997369574747917 0.017020089285714284 0.026742656729504603