187 0.46030970982142855 0.9297457255589654 0.004045758928571429 0.012056115738711091
187 0.49239676339285715 0.3248575186321789 0.004045758928571429 0.01183691363437089
187 0.7499302455357143 0.41483998246383164 0.007672991071428571 0.006356861025865849
187 0.6449497767857143 0.5528277071459886 0.007533482142857143 0.006137658921525646
187 0.10818917410714286 0.37976764576939936 0.004045758928571429 0.012056115738711091
187 0.5749162946428571 0.8957693993862341 0.007533482142857143 0.006356861025865849
187 0.6320452008928571 0.8747259973695748 0.004045758928571429 0.012056115738711091
187 0.6099330357142857 0.13546690048224463 0.007533482142857143 0.006137658921525646
187 0.39990234375 0.29384042086804035 0.007672991071428571 0.006356861025865849
187 0.46993582589285715 0.23991670320035072 0.007672991071428571 0.006356861025865849
179 0.3662806919642857 0.6308636562911004 0.0107421875 0.024112231477422183
195 0.36495535714285715 0.6832529592284086 0.016183035714285716 0.025427444103463395
176 0.34654017857142855 0.8197062691801841 0.011439732142857142 0.011617711530030689
196 0.3828822544642857 0.5448268303375713 0.015764508928571428 0.024769837790442787
142 0.427734375 0.5449364313897413 0.007533482142857143 0.012275317843051293
190 0.5179966517857143 0.5447172292854011 0.008370535714285714 0.008768084173608066
192 0.294921875 0.24013590530469092 0.015904017857142856 0.025208241999123193
194 0.31375558035714285 0.21481806225339764 0.016183035714285716 0.025427444103463395
185 0.2857142857142857 0.11354669004822446 0.005859375 0.02893467777290662
185 0.30043247767857145 0.36245067952652343 0.0185546875 0.009425690486628672
102 0.29506138392857145 0.4066199035510741 0.007533482142857143 0.015344147303814117
25 0.35205078125 0.5430732135028496 0.009347098214285714 0.014686540990793511
14 0.11983816964285714 0.40420868040333185 0.007533482142857143 0.01578255151249452
192 0.11997767857142858 0.35028496273564225 0.015625 0.024550635686102586
196 0.11990792410714286 0.29581323980710217 0.016043526785714284 0.025208241999123193
192 0.11990792410714286 0.13042525208241998 0.015485491071428572 0.024550635686102586
178 0.1328125 0.3798772468215695 0.013392857142857142 0.012275317843051293
189 0.20856584821428573 0.37976764576939936 0.017578125 0.012056115738711091
176 0.2704380580357143 0.3795484436650592 0.013532366071428572 0.012056115738711091
179 0.30538504464285715 0.3773564226216572 0.013671875 0.016440157825515125
183 0.3265904017857143 0.35883384480491015 0.014787946428571428 0.008768084173608066
25 0.3451450892857143 0.26852257781674704 0.011439732142857142 0.016220955721174924
193 0.46993582589285715 0.9039894782989917 0.015485491071428572 0.024550635686102586
180 0.48228236607142855 0.8748355984217449 0.010602678571428572 0.012275317843051293
32 0.5509905133928571 0.8737395879000438 0.012416294642857142 0.01446733888645331
32 0.458984375 0.8188294607628234 0.011997767857142858 0.014686540990793511
177 0.08503069196428571 0.5725558965366068 0.007672991071428571 0.016659359929855327
192 0.08489118303571429 0.5147961420429636 0.015764508928571428 0.024769837790442787
179 0.08328683035714286 0.4615300306882946 0.010602678571428572 0.01994739149495835
178 0.08489118303571429 0.6745944761069707 0.007393973214285714 0.01994739149495835
192 0.08489118303571429 0.7386014905743095 0.016043526785714284 0.025208241999123193
175 0.0849609375 0.7964708461201228 0.007533482142857143 0.02082419991231916
176 0.16852678571428573 0.8197062691801841 0.011997767857142858 0.011617711530030689
191 0.20640345982142858 0.8197062691801841 0.010463169642857142 0.016440157825515125
194 0.13811383928571427 0.5448268303375713 0.015625 0.02389302937308198
185 0.17578125 0.5361683472161333 0.005580357142857143 0.029373081981587022
142 0.20207868303571427 0.5449364313897413 0.007393973214285714 0.012275317843051293
183 0.24323381696428573 0.5393467777290663 0.005719866071428571 0.023016220955721176
176 0.5048828125 0.24375274002630426 0.007533482142857143 0.019289785181937746
179 0.5064174107142857 0.2905523893029373 0.010323660714285714 0.022139412538360367
192 0.5232282366071429 0.2698377904427883 0.016043526785714284 0.02498903989478299
184 0.5882393973214286 0.2613985094256905 0.005719866071428571 0.029592284085927224
60 0.5182756696428571 0.32463831652783864 0.012555803571428572 0.01183691363437089
183 0.583984375 0.3192678649715037 0.005580357142857143 0.023016220955721176
195 0.6281389508928571 0.3248575186321789 0.013532366071428572 0.02104340201665936
182 0.7499302455357143 0.34074967119684346 0.007672991071428571 0.011617711530030689
32 0.7323521205357143 0.37867163524769837 0.010463169642857142 0.013809732573432706
119 0.6591099330357143 0.38634370889960545 0.011579241071428572 0.02389302937308198
195 0.7149135044642857 0.23980710214818063 0.016043526785714284 0.02498903989478299
63 0.69970703125 0.21459886014905744 0.012416294642857142 0.012275317843051293
142 0.5658482142857143 0.5448268303375713 0.007254464285714286 0.012056115738711091
179 0.5929129464285714 0.1574967119684349 0.014229910714285714 0.016440157825515125
14 0.6798967633928571 0.24495835160017537 0.007393973214285714 0.014686540990793511
178 0.7017996651785714 0.2702761946514686 0.011021205357142858 0.01183691363437089
14 0.6310686383928571 0.2698377904427883 0.012137276785714286 0.01183691363437089
190 0.6449497767857143 0.356532222709338 0.007254464285714286 0.013809732573432706
32 0.6104910714285714 0.24123191582639195 0.008649553571428572 0.015563349408154318
177 0.6102120535714286 0.18763700131521263 0.007533482142857143 0.020604997807978958
190 0.15492466517857142 0.40957913195966683 0.0087890625 0.013809732573432706
194 0.15492466517857142 0.5190705830775976 0.015485491071428572 0.024550635686102586
188 0.15492466517857142 0.6878562034195528 0.014369419642857142 0.010083296799649276
177 0.20382254464285715 0.7646865409907935 0.013113839285714286 0.011617711530030689
119 0.24337332589285715 0.7584392810170978 0.012416294642857142 0.024112231477422183
189 0.15492466517857142 0.24123191582639195 0.009626116071428572 0.027838667251205613
176 0.17522321428571427 0.21492766330556773 0.01171875 0.011617711530030689
189 0.20744977678571427 0.21481806225339764 0.017578125 0.010083296799649276
182 0.19008091517857142 0.17229285401139852 0.007952008928571428 0.01183691363437089
177 0.20591517857142858 0.2698377904427883 0.012834821428571428 0.01183691363437089
195 0.24386160714285715 0.2698377904427883 0.016462053571428572 0.025865848312143797
183 0.19342912946428573 0.41407277509864093 0.0146484375 0.008768084173608066
177 0.13706752232142858 0.43478737395879 0.012416294642857142 0.012056115738711091
119 0.20724051339285715 0.15366067514248136 0.0126953125 0.024550635686102586
188 0.23904854910714285 0.15990793511617712 0.0068359375 0.02082419991231916
195 0.34765625 0.159798334064007 0.013671875 0.02104340201665936
63 0.45291573660714285 0.21459886014905744 0.013532366071428572 0.01183691363437089
194 0.36495535714285715 0.24408154318281455 0.016741071428571428 0.0265234546251644
195 0.36495535714285715 0.29844366505918457 0.014229910714285714 0.022139412538360367
194 0.36488560267857145 0.5180841736080667 0.0166015625 0.026085050416484
176 0.39976283482142855 0.7963612450679527 0.007393973214285714 0.016220955721174924
187 0.34744698660714285 0.8747259973695748 0.004045758928571429 0.012056115738711091
195 0.3114536830357143 0.8747259973695748 0.016322544642857144 0.025646646207803596
195 0.22495814732142858 0.7366286716352477 0.012974330357142858 0.021262604120999562
179 0.22342354910714285 0.6779921087242438 0.010463169642857142 0.02104340201665936
195 0.22488839285714285 0.6264796142042963 0.015625 0.024550635686102586
177 0.3789760044642857 0.7646865409907935 0.011021205357142858 0.011617711530030689
192 0.5749162946428571 0.629329241560719 0.015345982142857142 0.024550635686102586
119 0.5789620535714286 0.6859929855326611 0.015345982142857142 0.024769837790442787
186 0.5744280133928571 0.7343270495396755 0.0087890625 0.014905743095133712
194 0.4859095982142857 0.7647961420429636 0.016741071428571428 0.0263042525208242
142 0.45263671875 0.7647961420429636 0.007672991071428571 0.01183691363437089
175 0.5748465401785714 0.5094256904866287 0.007393973214285714 0.020604997807978958
182 0.5748465401785714 0.3929197720298115 0.007952008928571428 0.012056115738711091
32 0.5754743303571429 0.35872424375274004 0.008649553571428572 0.01819377466023674
192 0.5749162946428571 0.24134151687856203 0.015345982142857142 0.024550635686102586
185 0.7444196428571429 0.3062253397632617 0.018694196428571428 0.008768084173608066
102 0.6099330357142857 0.7476983779044278 0.007533482142857143 0.019289785181937746
190 0.6099330357142857 0.6713064445418676 0.006417410714285714 0.012056115738711091
182 0.6100725446428571 0.6266988163086366 0.0078125 0.011398509425690487
182 0.5256696428571429 0.5997369574747917 0.007254464285714286 0.01183691363437089
119 0.5708705357142857 0.8536825953529154 0.015625 0.022139412538360367
188 0.5749162946428571 0.8000876808417361 0.013113839285714286 0.011398509425690487
25 0.5174386160714286 0.21690048224462954 0.009765625 0.015563349408154318
192 0.34591238839285715 0.21481806225339764 0.015764508928571428 0.02498903989478299
180 0.4140625 0.26972818939061816 0.01171875 0.011617711530030689
14 0.2598353794642857 0.6764576939938624 0.007672991071428571 0.014905743095133712
142 0.26004464285714285 0.5623629986847873 0.007533482142857143 0.011617711530030689
195 0.27852957589285715 0.7647961420429636 0.013532366071428572 0.021481806225339763
192 0.48863002232142855 0.15990793511617712 0.016043526785714284 0.025208241999123193
180 0.5247628348214286 0.16012713722051733 0.0107421875 0.012056115738711091
184 0.28941127232142855 0.612998684787374 0.0185546875 0.00898728627794827
191 0.294921875 0.5647742218325296 0.012555803571428572 0.01994739149495835