187 0.6361607142857143 0.23744792808594606 0.004464285714285714 0.013593510195132646
187 0.2642299107142857 0.36242052181539136 0.004464285714285714 0.013593510195132646
187 0.17961774553571427 0.36242052181539136 0.004603794642857143 0.013593510195132646
187 0.18254743303571427 0.11247533435650077 0.004603794642857143 0.013593510195132646
187 0.29380580357142855 0.8625301468976102 0.004464285714285714 0.013593510195132646
187 0.10686383928571429 0.8625301468976102 0.004464285714285714 0.013593510195132646
189 0.6256277901785714 0.8625301468976102 0.019949776785714284 0.014909011181758386
182 0.5890066964285714 0.8624205218153914 0.008370535714285714 0.01381276035957027
195 0.6863141741071429 0.8301907476430608 0.014927455357142858 0.02433676825257619
189 0.6259765625 0.6749616312212234 0.020089285714285716 0.01644376233282175
196 0.5850306919642857 0.6749616312212234 0.017996651785714284 0.028283271212453408
194 0.6259068080357143 0.9250164437623328 0.017717633928571428 0.02718702039026529
25 0.5145089285714286 0.8640648980486736 0.013671875 0.016663012497259374
32 0.48793247767857145 0.881824161368121 0.009905133928571428 0.021486516114887087
187 0.5272042410714286 0.33117737338303005 0.008649553571428572 0.00723525542644157
187 0.5272042410714286 0.20620477965358475 0.008649553571428572 0.00723525542644157
193 0.5062081473214286 0.17485200613900462 0.017717633928571428 0.027844770883578163
195 0.4658900669642857 0.17485200613900462 0.015485491071428572 0.023898267923700943
186 0.39027622767857145 0.1747423810567858 0.011021205357142858 0.014909011181758386
192 0.5862165178571429 0.9250164437623328 0.018694196428571428 0.029379522034641527
192 0.6067940848214286 0.8282174961631221 0.017996651785714284 0.028283271212453408
175 0.6070033482142857 0.6977636483227363 0.008928571428571428 0.023459767594825695
102 0.6715959821428571 0.6748520061390046 0.013950892857142858 0.013593510195132646
184 0.6803152901785714 0.6549002411751809 0.021623883928571428 0.010085507564130673
188 0.6862444196428571 0.7652926989695242 0.014508928571428572 0.012058759044069283
191 0.6863141741071429 0.5736680552510415 0.011579241071428572 0.018197763648322735
185 0.6296735491071429 0.3722867792150844 0.007114955357142857 0.03332602499451875
119 0.59130859375 0.3693269019951765 0.016043526785714284 0.027844770883578163
194 0.12953404017857142 0.7670467002850252 0.017717633928571428 0.027844770883578163
190 0.15164620535714285 0.7374479280859461 0.010881696428571428 0.01512826134619601
178 0.18631417410714285 0.7377768033326025 0.014090401785714286 0.013593510195132646
191 0.12946428571428573 0.7064240298180223 0.010881696428571428 0.01710151282613462
191 0.2763671875 0.6124753343565008 0.012555803571428572 0.019513264634948475
60 0.66650390625 0.3000438500328875 0.015764508928571428 0.014251260688445516
187 0.6266043526785714 0.29993422495066874 0.004603794642857143 0.013593510195132646
181 0.46812220982142855 0.23733830300372724 0.014927455357142858 0.013374260030695024
177 0.4473353794642857 0.26649857487393114 0.008510044642857142 0.020828765621574215
185 0.4169224330357143 0.30958123218592415 0.0068359375 0.03332602499451875
189 0.38741629464285715 0.29993422495066874 0.020089285714285716 0.01710151282613462
195 0.18833705357142858 0.29993422495066874 0.017857142857142856 0.02718702039026529
192 0.23011997767857142 0.23733830300372724 0.017717633928571428 0.027844770883578163
186 0.26883370535714285 0.23722867792150845 0.010881696428571428 0.015347511510633634
184 0.31166294642857145 0.22802017101512825 0.006417410714285714 0.03420302565226924
60 0.5668247767857143 0.8237228677921509 0.008370535714285714 0.02236351677263758
175 0.5274135044642857 0.7660600745450559 0.0087890625 0.02236351677263758
14 0.39306640625 0.7374479280859461 0.015206473214285714 0.013374260030695024
32 0.22907366071428573 0.5486735365051524 0.014787946428571428 0.015566761675071256
194 0.24874441964285715 0.45340934005700506 0.018415178571428572 0.02894102170576628
175 0.20877511160714285 0.38412628809471605 0.008510044642857142 0.021925016443762334
180 0.24895368303571427 0.585617189212892 0.0087890625 0.016663012497259374
181 0.2885044642857143 0.5274062705547029 0.008649553571428572 0.020828765621574215
178 0.30454799107142855 0.5498794124095593 0.011160714285714286 0.013593510195132646
142 0.35205078125 0.5499890374917781 0.008510044642857142 0.01381276035957027
181 0.24874441964285715 0.7009427757070817 0.008370535714285714 0.01710151282613462
60 0.08977399553571429 0.6427318570488928 0.0087890625 0.022144266608199955
194 0.22900390625 0.48739311554483666 0.017717633928571428 0.02762552071914054
14 0.26736886160714285 0.48750274062705545 0.015206473214285714 0.013374260030695024
194 0.40792410714285715 0.20741065555799168 0.018136160714285716 0.02850252137689103
180 0.40792410714285715 0.32284586713440033 0.008649553571428572 0.02302126726595045
187 0.3482142857142857 0.36242052181539136 0.004464285714285714 0.013593510195132646
189 0.3877650669642857 0.11247533435650077 0.019949776785714284 0.015786011839508878
195 0.5669642857142857 0.7058759044069283 0.017578125 0.027844770883578163
178 0.56689453125 0.587919315939487 0.0087890625 0.02565226923920193
175 0.61962890625 0.8004823503617627 0.015485491071428572 0.014032010524007894
196 0.646484375 0.8312869984652489 0.017020089285714284 0.027844770883578163
195 0.3680943080357143 0.5791493093619821 0.017717633928571428 0.027844770883578163
195 0.3680943080357143 0.5184170138127604 0.017438616071428572 0.027844770883578163
186 0.3505859375 0.6126945845209384 0.010881696428571428 0.01644376233282175
191 0.5409458705357143 0.29993422495066874 0.013532366071428572 0.02104801578601184
184 0.5070452008928571 0.30969085726814294 0.006556919642857143 0.03310677483008112
175 0.5671037946428571 0.5135935101951327 0.008649553571428572 0.024775268581451435
193 0.3500279017857143 0.29993422495066874 0.017857142857142856 0.028064021048015787
185 0.28257533482142855 0.2811883358912519 0.021623883928571428 0.00986625739969305
183 0.2845982142857143 0.19337864503398378 0.016741071428571428 0.010085507564130673
192 0.30859375 0.1749616312212234 0.018694196428571428 0.029379522034641527
182 0.6463448660714286 0.2685814514360886 0.008649553571428572 0.012278009208506906
176 0.6463448660714286 0.3930059197544398 0.008649553571428572 0.019513264634948475
181 0.6465541294642857 0.45198421398816047 0.008510044642857142 0.02302126726595045
195 0.6465541294642857 0.5833150624862968 0.017717633928571428 0.027844770883578163
196 0.46854073660714285 0.29993422495066874 0.017996651785714284 0.028064021048015787
181 0.35086495535714285 0.4251260688445516 0.015625 0.013593510195132646
184 0.29478236607142855 0.40342030256522693 0.021205357142857144 0.010085507564130673
102 0.46630859375 0.4251260688445516 0.012416294642857142 0.013593510195132646
184 0.4017857142857143 0.7151940363955273 0.021484375 0.010085507564130673
188 0.4693080357142857 0.6749616312212234 0.007254464285714286 0.021267265950449463
192 0.40792410714285715 0.6415259811444859 0.018694196428571428 0.029379522034641527
195 0.6465541294642857 0.6458013593510196 0.0166015625 0.026090769568077175
190 0.40792410714285715 0.5287217715413287 0.010881696428571428 0.014251260688445516
63 0.40806361607142855 0.45472484104363076 0.008649553571428572 0.02367901775926332
192 0.38609095982142855 0.8625301468976102 0.0185546875 0.029379522034641527
102 0.35093470982142855 0.8624205218153914 0.014090401785714286 0.013374260030695024
189 0.16922433035714285 0.7712124534093401 0.010881696428571428 0.031352773514580136
182 0.2885044642857143 0.6490901118175839 0.008649553571428572 0.013374260030695024
182 0.28843470982142855 0.4710589782942337 0.0087890625 0.012935759701819776
142 0.28843470982142855 0.7231966673975005 0.009068080357142858 0.012935759701819776
196 0.20905412946428573 0.3309581232185924 0.017996651785714284 0.028283271212453408
196 0.22998046875 0.2998245998684499 0.017717633928571428 0.027844770883578163
183 0.25272042410714285 0.8787546590659943 0.0166015625 0.010085507564130673
175 0.32847377232142855 0.4564788423591318 0.008510044642857142 0.01841701381276036