187 0.6153738839285714 0.8632178868917142 0.005859375 0.004822446295484437
187 0.21149553571428573 0.4167032003507234 0.005859375 0.004822446295484437
187 0.6559709821428571 0.3035949145111793 0.0030691964285714285 0.00920648838228847
187 0.3999720982142857 0.9237176676896098 0.005859375 0.004822446295484437
187 0.10379464285714286 0.6966242875931609 0.005859375 0.004822446295484437
187 0.6960797991071429 0.32463831652783864 0.005719866071428571 0.004822446295484437
187 0.48074776785714285 0.551074090311267 0.005859375 0.004822446295484437
187 0.26534598214285715 0.236957474791758 0.005859375 0.004822446295484437
63 0.6691545758928571 0.754384042086804 0.005719866071428571 0.016001753616834723
180 0.5986328125 0.8111573871109162 0.0078125 0.00898728627794827
193 0.5739397321428571 0.8535729943007453 0.011997767857142858 0.018851380973257344
196 0.6691545758928571 0.5344147303814116 0.011858258928571428 0.018851380973257344
181 0.6598772321428571 0.5154537483559842 0.008370535714285714 0.00898728627794827
195 0.6422991071428571 0.4938623410784744 0.011997767857142858 0.018851380973257344
195 0.6422293526785714 0.4499123191582639 0.010184151785714286 0.016440157825515125
185 0.6845005580357143 0.3816308636562911 0.004324776785714286 0.022797018851380975
63 0.6582728794642857 0.3459009206488382 0.008510044642857142 0.00920648838228847
32 0.6426478794642857 0.2776194651468654 0.006556919642857143 0.016001753616834723
32 0.6427176339285714 0.235861464270057 0.006696428571428571 0.016659359929855327
60 0.6422991071428571 0.19344585708022796 0.005859375 0.012494519947391494
189 0.6422293526785714 0.11190267426567295 0.007393973214285714 0.021262604120999562
63 0.31919642857142855 0.19377466023673828 0.005859375 0.015344147303814117
194 0.3046875 0.21898290223586148 0.012834821428571428 0.020166593599298552
25 0.318359375 0.15267426567295045 0.007254464285714286 0.012932924156071899
192 0.33314732142857145 0.1343708899605436 0.012276785714285714 0.019289785181937746
175 0.36167689732142855 0.1343708899605436 0.0087890625 0.00920648838228847
179 0.3818359375 0.132617273125822 0.009765625 0.012713722051731697
191 0.3579799107142857 0.0920648838228847 0.009207589285714286 0.01446733888645331
180 0.4629603794642857 0.09217448487505481 0.007672991071428571 0.00898728627794827
102 0.49330357142857145 0.09217448487505481 0.008370535714285714 0.00898728627794827
176 0.3998325892857143 0.2885795703638755 0.005859375 0.014686540990793511
177 0.39990234375 0.24276633055677335 0.005719866071428571 0.015563349408154318
119 0.4097377232142857 0.21427005699254714 0.008928571428571428 0.019070583077597545
195 0.39990234375 0.196733888645331 0.0107421875 0.016878562034195528
196 0.33175223214285715 0.17667689609820253 0.012555803571428572 0.01972818939061815
192 0.3999720982142857 0.5381411661551951 0.011997767857142858 0.018851380973257344
175 0.3999720982142857 0.5740903112669882 0.005859375 0.016659359929855327
191 0.33712332589285715 0.6420429636124507 0.007393973214285714 0.011398509425690487
193 0.29220145089285715 0.7890179745725558 0.012137276785714286 0.019070583077597545
192 0.2783203125 0.6843489697501096 0.012276785714285714 0.019289785181937746
190 0.21742466517857142 0.6842393686979396 0.004324776785714286 0.0076720736519070585
175 0.3011997767857143 0.8960982025427444 0.010044642857142858 0.00920648838228847
25 0.35909598214285715 0.894563787812363 0.010044642857142858 0.011398509425690487
63 0.29220145089285715 0.623849188952214 0.005719866071428571 0.01183691363437089
188 0.13071986607142858 0.584721613327488 0.011160714285714286 0.006795265234546251
177 0.6959402901785714 0.4488163086365629 0.005998883928571429 0.015124945199473916
192 0.6960797991071429 0.49473914949583514 0.012416294642857142 0.019289785181937746
193 0.6960797991071429 0.5371547566856641 0.012137276785714286 0.019070583077597545
195 0.6960797991071429 0.5795703638754932 0.012137276785714286 0.019289785181937746
25 0.6968470982142857 0.6560718982902236 0.007254464285714286 0.012275317843051293
142 0.6961495535714286 0.7062691801841298 0.005859375 0.00920648838228847
196 0.6547154017857143 0.7689609820254274 0.011997767857142858 0.01841297676457694
191 0.5973074776785714 0.8535729943007453 0.008231026785714286 0.0131521262604121
190 0.6153041294642857 0.7078035949145112 0.006556919642857143 0.01052170100832968
119 0.6123046875 0.6660455940377028 0.011997767857142858 0.016001753616834723
188 0.6153041294642857 0.6227531784305129 0.009626116071428572 0.00920648838228847
189 0.6153041294642857 0.5783647523016221 0.0068359375 0.021262604120999562
181 0.5788225446428571 0.515234546251644 0.007533482142857143 0.009425690486628672
182 0.193359375 0.38820692678649715 0.005859375 0.00920648838228847
190 0.16587611607142858 0.38831652783866727 0.006417410714285714 0.007233669443226655
179 0.14739118303571427 0.39007014467338885 0.011021205357142858 0.012494519947391494
32 0.21184430803571427 0.3678211310828584 0.006556919642857143 0.015344147303814117
25 0.2109375 0.2368478737395879 0.006975446428571429 0.015563349408154318
119 0.25369698660714285 0.21394125383603682 0.011579241071428572 0.019289785181937746
63 0.2275390625 0.3460105217010083 0.009486607142857142 0.00898728627794827
182 0.27120535714285715 0.34612012275317844 0.006138392857142857 0.009644892590968873
14 0.38232421875 0.3460105217010083 0.009347098214285714 0.00898728627794827
142 0.45361328125 0.15015344147303814 0.005998883928571429 0.009644892590968873
194 0.41196986607142855 0.17667689609820253 0.012555803571428572 0.01972818939061815
32 0.4541015625 0.2375054800526085 0.006975446428571429 0.016001753616834723
179 0.45486886160714285 0.2862779482683034 0.008231026785714286 0.017536168347216132
185 0.63232421875 0.29690925032880316 0.004324776785714286 0.022139412538360367
185 0.14627511160714285 0.5085488820692678 0.004324776785714286 0.022797018851380975
191 0.16873604910714285 0.6843489697501096 0.007672991071428571 0.012275317843051293
179 0.1318359375 0.7439719421306444 0.008091517857142858 0.01841297676457694
63 0.14683314732142858 0.7686321788689171 0.009905133928571428 0.009425690486628672
189 0.17124720982142858 0.7689609820254274 0.013532366071428572 0.009644892590968873
182 0.2847377232142857 0.7690705830775976 0.005580357142857143 0.009425690486628672
192 0.6961495535714286 0.7886891714160456 0.011997767857142858 0.018851380973257344
102 0.6422991071428571 0.830447172292854 0.005859375 0.016440157825515125
187 0.42689732142857145 0.8746163963174046 0.005859375 0.004822446295484437
183 0.41538783482142855 0.899934239368698 0.004324776785714286 0.017755370451556333
195 0.44105747767857145 0.8534633932485752 0.012137276785714286 0.019070583077597545
176 0.42696707589285715 0.744519947391495 0.005719866071428571 0.013371328364752301
177 0.42696707589285715 0.659798334064007 0.005719866071428571 0.01446733888645331
188 0.49148995535714285 0.5997369574747917 0.005580357142857143 0.0131521262604121
195 0.3999720982142857 0.8736299868478737 0.010044642857142858 0.016440157825515125
192 0.39990234375 0.7893467777290663 0.012416294642857142 0.01972818939061815
181 0.41476004464285715 0.5151249451994739 0.007254464285714286 0.008768084173608066
185 0.5572684151785714 0.8446953090749671 0.014369419642857142 0.006795265234546251
60 0.5615931919642857 0.7497807978956598 0.005998883928571429 0.016001753616834723
60 0.5613839285714286 0.6671416045594037 0.005859375 0.015124945199473916
185 0.5573381696428571 0.5354011398509426 0.014508928571428572 0.006795265234546251
119 0.15450613839285715 0.4957255589653661 0.011858258928571428 0.017755370451556333
196 0.15764508928571427 0.5802279701885138 0.012276785714285714 0.019289785181937746
142 0.19119698660714285 0.6420429636124507 0.005440848214285714 0.00920648838228847
178 0.2529994419642857 0.6419333625602806 0.009905133928571428 0.00898728627794827
188 0.27504185267857145 0.6421525646646208 0.004603794642857143 0.016440157825515125
181 0.3085239955357143 0.6419333625602806 0.007672991071428571 0.00898728627794827
32 0.34654017857142855 0.6623191582639193 0.006696428571428571 0.016878562034195528
192 0.34605189732142855 0.7494519947391495 0.011858258928571428 0.018851380973257344
119 0.30594308035714285 0.7737834283209118 0.011160714285714286 0.019289785181937746
191 0.3461216517857143 0.5392371766768961 0.008928571428571428 0.014028934677772907
175 0.34605189732142855 0.4091407277509864 0.005719866071428571 0.013371328364752301
189 0.34605189732142855 0.7918676019289785 0.0068359375 0.021262604120999562
195 0.34605189732142855 0.8330775975449364 0.012137276785714286 0.019070583077597545
191 0.34605189732142855 0.8817404647084612 0.0068359375 0.010740903112669882
119 0.6661551339285714 0.45506356861025865 0.011997767857142858 0.01446733888645331
14 0.6959402901785714 0.4083735203857957 0.005998883928571429 0.013590530469092503
185 0.6380440848214286 0.35762823323103904 0.014369419642857142 0.006795265234546251
14 0.6566685267857143 0.5996273564226217 0.008649553571428572 0.00898728627794827
192 0.6422293526785714 0.6644015782551512 0.012137276785714286 0.019289785181937746
60 0.6422293526785714 0.7046251644015783 0.005719866071428571 0.013809732573432706
183 0.6449497767857143 0.7453967558088558 0.011160714285714286 0.006795265234546251
60 0.10365513392857142 0.5338667251205611 0.005859375 0.013371328364752301
183 0.5491071428571429 0.13864533099517756 0.004464285714285714 0.017755370451556333
192 0.5199497767857143 0.1343708899605436 0.011997767857142858 0.018851380973257344
182 0.4878627232142857 0.13448049101271373 0.005859375 0.009425690486628672
181 0.39990234375 0.1569487067075844 0.005719866071428571 0.01183691363437089
32 0.45389229910714285 0.41527838667251205 0.006556919642857143 0.012932924156071899
102 0.45375279017857145 0.49364313897413414 0.005719866071428571 0.012713722051731697
191 0.4268275669642857 0.28244191144234987 0.007393973214285714 0.011617711530030689
189 0.42689732142857145 0.3681499342393687 0.006138392857142857 0.021262604120999562
191 0.4268275669642857 0.40278386672512057 0.009347098214285714 0.014686540990793511
63 0.6003069196428571 0.43062253397632616 0.009486607142857142 0.00898728627794827
182 0.48060825892857145 0.49101271372205174 0.005859375 0.008768084173608066
192 0.48067801339285715 0.44969311705392373 0.012416294642857142 0.019508987286277948
185 0.49741908482142855 0.4238272687417799 0.004324776785714286 0.02257781674704077
186 0.5217633928571429 0.430403331871986 0.007533482142857143 0.010740903112669882
194 0.10379464285714286 0.4074967119684349 0.012276785714285714 0.019289785181937746
63 0.14794921875 0.43051293292415604 0.008231026785714286 0.00920648838228847
190 0.10379464285714286 0.3122533976326173 0.006138392857142857 0.008110477860587462
176 0.10386439732142858 0.28386672512056116 0.005719866071428571 0.01446733888645331
63 0.10372488839285714 0.24715037264357737 0.005719866071428571 0.014686540990793511
183 0.14683314732142858 0.21492766330556773 0.004324776785714286 0.017755370451556333
184 0.17320033482142858 0.2125164401578255 0.004603794642857143 0.02257781674704077
196 0.1845703125 0.7052827707145989 0.012834821428571428 0.020385795703638757
195 0.2792271205357143 0.17667689609820253 0.011300223214285714 0.01797457255589654
186 0.35721261160714285 0.21953090749671197 0.007393973214285714 0.010302498903989479
192 0.27999441964285715 0.1343708899605436 0.011997767857142858 0.018851380973257344
176 0.30636160714285715 0.1343708899605436 0.009207589285714286 0.00920648838228847
184 0.6111886160714286 0.4617492327926348 0.014508928571428572 0.006795265234546251
179 0.6164899553571429 0.49682156948706707 0.008091517857142858 0.013809732573432706