187 0.27134486607142855 0.38820692678649715 0.0030691964285714285 0.00920648838228847
187 0.26534598214285715 0.8176238491889523 0.005859375 0.004822446295484437
187 0.29227120535714285 0.4572555896536607 0.005859375 0.004822446295484437
187 0.5756138392857143 0.9381850065760632 0.0030691964285714285 0.00920648838228847
187 0.11537388392857142 0.1343708899605436 0.0030691964285714285 0.00920648838228847
187 0.09430803571428571 0.9381850065760632 0.0030691964285714285 0.00920648838228847
187 0.3999720982142857 0.23103901797457255 0.005859375 0.004822446295484437
187 0.373046875 0.9202104340201666 0.005859375 0.004822446295484437
175 0.19789341517857142 0.6841297676457694 0.0087890625 0.00920648838228847
175 0.21149553571428573 0.7448487505480053 0.005859375 0.012713722051731697
186 0.21149553571428573 0.7914291977202981 0.006696428571428571 0.011179307321350284
181 0.25174386160714285 0.8111573871109162 0.009626116071428572 0.00898728627794827
195 0.26527622767857145 0.7484655852696186 0.012416294642857142 0.019508987286277948
195 0.27894810267857145 0.7689609820254274 0.012137276785714286 0.019289785181937746
178 0.306640625 0.7687417799210873 0.008370535714285714 0.009644892590968873
178 0.64208984375 0.324967119684349 0.005719866071428571 0.015563349408154318
175 0.6422293526785714 0.23991670320035072 0.005719866071428571 0.014248136782113108
180 0.6423688616071429 0.19410346339324858 0.005998883928571429 0.014686540990793511
193 0.6284877232142857 0.17667689609820253 0.011997767857142858 0.018851380973257344
193 0.6006556919642857 0.17678649715037265 0.012137276785714286 0.019070583077597545
142 0.5740094866071429 0.17678649715037265 0.005440848214285714 0.009425690486628672
179 0.6433454241071429 0.3646427005699255 0.008231026785714286 0.014686540990793511
192 0.6153041294642857 0.4518851380973257 0.012137276785714286 0.019070583077597545
195 0.6007254464285714 0.472818939061815 0.010602678571428572 0.016659359929855327
25 0.5890066964285714 0.533647523016221 0.007254464285714286 0.015124945199473916
142 0.29227120535714285 0.6968434896975011 0.005859375 0.00920648838228847
180 0.30140904017857145 0.6844585708022797 0.009068080357142858 0.00898728627794827
178 0.2827845982142857 0.6844585708022797 0.008649553571428572 0.00898728627794827
181 0.24937220982142858 0.6843489697501096 0.009068080357142858 0.008768084173608066
177 0.22586495535714285 0.6841297676457694 0.009486607142857142 0.00920648838228847
60 0.25460379464285715 0.7689609820254274 0.009207589285714286 0.008768084173608066
187 0.22488839285714285 0.7689609820254274 0.0030691964285714285 0.00920648838228847
177 0.16887555803571427 0.7690705830775976 0.0107421875 0.00898728627794827
188 0.6153041294642857 0.5339763261727313 0.009347098214285714 0.008768084173608066
192 0.615234375 0.36530030688294607 0.012276785714285714 0.019070583077597545
192 0.62890625 0.3459009206488382 0.011997767857142858 0.018851380973257344
142 0.6502511160714286 0.34622972380534855 0.005580357142857143 0.009425690486628672
195 0.6153041294642857 0.6213283647523016 0.010463169642857142 0.016440157825515125
14 0.6153041294642857 0.7110916264796142 0.005998883928571429 0.012713722051731697
188 0.6014229910714286 0.7689609820254274 0.005301339285714286 0.01709776413853573
32 0.5207868303571429 0.7679745725558965 0.009207589285714286 0.010740903112669882
193 0.5345284598214286 0.24177992108724244 0.011300223214285714 0.018851380973257344
183 0.5370396205357143 0.28035949145111794 0.011579241071428572 0.0070144673388864535
192 0.439453125 0.17667689609820253 0.012276785714285714 0.019289785181937746
195 0.4121791294642857 0.17678649715037265 0.010463169642857142 0.016001753616834723
186 0.38804408482142855 0.17722490135905306 0.007393973214285714 0.009864094695309075
25 0.3364955357142857 0.17788250767207364 0.010602678571428572 0.011179307321350284
192 0.3046875 0.17678649715037265 0.011997767857142858 0.018632178868917142
185 0.6463448660714286 0.4994519947391495 0.014508928571428572 0.006795265234546251
119 0.6452985491071429 0.538031565103025 0.011858258928571428 0.014686540990793511
192 0.6286272321428571 0.5574309513371328 0.012555803571428572 0.01972818939061815
176 0.5885881696428571 0.3289127575624726 0.005859375 0.014248136782113108
32 0.5618722098214286 0.20067952652345464 0.0068359375 0.014248136782113108
194 0.14411272321428573 0.26128890837352037 0.012276785714285714 0.019289785181937746
176 0.13058035714285715 0.2851819377466024 0.005859375 0.01446733888645331
185 0.13490513392857142 0.3546690048224463 0.014229910714285714 0.007452871547566856
180 0.13999720982142858 0.38831652783866727 0.009626116071428572 0.00898728627794827
176 0.16720145089285715 0.38831652783866727 0.008510044642857142 0.00898728627794827
182 0.22963169642857142 0.38820692678649715 0.005580357142857143 0.00920648838228847
175 0.13065011160714285 0.41264796142042964 0.005719866071428571 0.012494519947391494
193 0.13071986607142858 0.45352915387987724 0.012555803571428572 0.01972818939061815
178 0.25537109375 0.5998465585269619 0.0087890625 0.00898728627794827
179 0.15645926339285715 0.7455063568610258 0.008231026785714286 0.01578255151249452
182 0.15771484375 0.7104340201665936 0.005998883928571429 0.008768084173608066
196 0.17229352678571427 0.6843489697501096 0.011997767857142858 0.01841297676457694
25 0.20096261160714285 0.8101709776413853 0.009068080357142858 0.010960105217010083
179 0.3179408482142857 0.7496711968434897 0.008091517857142858 0.01709776413853573
183 0.5857282366071429 0.1873081981587023 0.011300223214285714 0.006795265234546251
176 0.5884486607142857 0.16045594037702762 0.005859375 0.01578255151249452
119 0.5853794642857143 0.11968434896975011 0.011997767857142858 0.016220955721174924
63 0.5778459821428571 0.0922840859272249 0.008091517857142858 0.00920648838228847
178 0.5495954241071429 0.0919552827707146 0.0087890625 0.00898728627794827
176 0.57568359375 0.21865409907935116 0.007952008928571428 0.00898728627794827
180 0.49853515625 0.21909250328803156 0.009347098214285714 0.009425690486628672
177 0.4691685267857143 0.21920210434020165 0.009765625 0.009644892590968873
179 0.26416015625 0.7008987286277948 0.008231026785714286 0.014686540990793511
142 0.6959402901785714 0.4414730381411662 0.005998883928571429 0.00920648838228847
63 0.65380859375 0.430403331871986 0.009905133928571428 0.00898728627794827
195 0.6960797991071429 0.4089215256466462 0.012137276785714286 0.019070583077597545
32 0.6965680803571429 0.6218763700131521 0.006696428571428571 0.01446733888645331
25 0.6968470982142857 0.7030907496711969 0.006975446428571429 0.011179307321350284
177 0.6960100446428571 0.7867163524769838 0.005859375 0.01446733888645331
102 0.6876395089285714 0.8958790004384042 0.008370535714285714 0.008768084173608066
191 0.6584123883928571 0.8957693993862341 0.007672991071428571 0.012056115738711091
192 0.38595145089285715 0.6843489697501096 0.012416294642857142 0.01972818939061815
178 0.38623046875 0.7687417799210873 0.009068080357142858 0.00920648838228847
183 0.4511021205357143 0.6675800087680842 0.011300223214285714 0.006795265234546251
60 0.4178989955357143 0.599956159579132 0.008510044642857142 0.00920648838228847
194 0.38546316964285715 0.5997369574747917 0.012555803571428572 0.01972818939061815
183 0.4668666294642857 0.7649057430951337 0.004603794642857143 0.01819377466023674
188 0.29227120535714285 0.7838667251205611 0.008928571428571428 0.008768084173608066
181 0.27797154017857145 0.8113765892152565 0.010184151785714286 0.00898728627794827
142 0.29227120535714285 0.49715037264357737 0.005859375 0.00920648838228847
182 0.29227120535714285 0.5300306882946076 0.005859375 0.008329679964927663
60 0.30203683035714285 0.6419333625602806 0.009207589285714286 0.00898728627794827
119 0.34912109375 0.6614423498465585 0.011858258928571428 0.013809732573432706
119 0.6120954241071429 0.2341078474353354 0.012137276785714286 0.014905743095133712
179 0.55322265625 0.13623410784743534 0.009626116071428572 0.012494519947391494
195 0.46630859375 0.1343708899605436 0.011021205357142858 0.01709776413853573
186 0.62939453125 0.9376370013152127 0.007393973214285714 0.010740903112669882
187 0.6422991071428571 0.9169224024550636 0.005859375 0.004822446295484437
184 0.6381138392857143 0.8208022797018851 0.014508928571428572 0.006795265234546251
119 0.6392299107142857 0.7873739587900044 0.012276785714285714 0.016659359929855327
63 0.6422293526785714 0.7512056115738711 0.005719866071428571 0.0131521262604121
186 0.6422293526785714 0.7058307759754494 0.007114955357142857 0.01183691363437089
32 0.6427176339285714 0.6574967119684348 0.006696428571428571 0.015124945199473916
183 0.6395786830357143 0.5897632617273126 0.011300223214285714 0.006795265234546251
183 0.18191964285714285 0.1980491012713722 0.011439732142857142 0.006795265234546251
182 0.18443080357142858 0.1595791319596668 0.005859375 0.008768084173608066
195 0.16978236607142858 0.1343708899605436 0.012276785714285714 0.019289785181937746
196 0.1845703125 0.24046470846120122 0.011997767857142858 0.018851380973257344
195 0.1845703125 0.28309951775537046 0.010323660714285714 0.016440157825515125
184 0.28355189732142855 0.21240683910565542 0.004603794642857143 0.022797018851380975
186 0.3461216517857143 0.2001315212626041 0.006417410714285714 0.01183691363437089
188 0.3461216517857143 0.15278386672512057 0.009486607142857142 0.008329679964927663
60 0.35763113839285715 0.13459009206488382 0.0107421875 0.00920648838228847
196 0.38692801339285715 0.13448049101271373 0.012416294642857142 0.019508987286277948
190 0.44022042410714285 0.13448049101271373 0.007114955357142857 0.011179307321350284
195 0.19880022321428573 0.7266549758877685 0.011997767857142858 0.01841297676457694
194 0.07686941964285714 0.8759316089434459 0.012834821428571428 0.020166593599298552
182 0.07686941964285714 0.9251424813678212 0.005859375 0.00898728627794827
181 0.09305245535714286 0.6842393686979396 0.009207589285714286 0.009425690486628672
176 0.13922991071428573 0.6841297676457694 0.009765625 0.00920648838228847
188 0.15757533482142858 0.6693336256028057 0.007393973214285714 0.008110477860587462
185 0.17878069196428573 0.6353572994300746 0.004603794642857143 0.02257781674704077
184 0.21568080357142858 0.6754712845243315 0.014229910714285714 0.006795265234546251
179 0.07568359375 0.6569487067075844 0.008231026785714286 0.016220955721174924
185 0.09521484375 0.5931608943445857 0.004324776785714286 0.022797018851380975
183 0.12186104910714286 0.595572117492328 0.004324776785714286 0.01797457255589654
60 0.5614536830357143 0.15552389302937308 0.005719866071428571 0.015124945199473916
189 0.5614536830357143 0.4113327487943884 0.005161830357142857 0.021262604120999562
60 0.48081752232142855 0.11519070583077598 0.005998883928571429 0.013371328364752301
175 0.48074776785714285 0.14960543621218764 0.005859375 0.016878562034195528
119 0.48388671875 0.19026742656729503 0.011858258928571428 0.014028934677772907
182 0.5206473214285714 0.3459009206488382 0.005859375 0.00920648838228847
187 0.5749162946428571 0.3459009206488382 0.0030691964285714285 0.00920648838228847
63 0.09095982142857142 0.8536825953529154 0.009486607142857142 0.00898728627794827
176 0.14543805803571427 0.8534633932485752 0.007672991071428571 0.009425690486628672
119 0.18150111607142858 0.8382288469969311 0.011997767857142858 0.016220955721174924
185 0.3150111607142857 0.12001315212626042 0.014508928571428572 0.006795265234546251
188 0.3081752232142857 0.0920648838228847 0.005022321428571429 0.01797457255589654
184 0.3564453125 0.08548882069267864 0.004464285714285714 0.02235861464270057
186 0.41183035714285715 0.09217448487505481 0.0078125 0.011617711530030689
188 0.46065848214285715 0.0920648838228847 0.005859375 0.01841297676457694
188 0.26527622767857145 0.1595791319596668 0.007672991071428571 0.008768084173608066
195 0.26534598214285715 0.198925909688733 0.010323660714285714 0.016440157825515125
192 0.36021205357142855 0.21909250328803156 0.011997767857142858 0.018632178868917142
32 0.3837193080357143 0.21821569487067075 0.009626116071428572 0.011179307321350284
102 0.26534598214285715 0.11595791319596668 0.006138392857142857 0.01709776413853573
177 0.6042131696428571 0.8956597983340641 0.007533482142857143 0.00920648838228847
191 0.6324637276785714 0.8958790004384042 0.007952008928571428 0.012713722051731697
186 0.5884486607142857 0.8772468215694871 0.007533482142857143 0.01183691363437089
175 0.58837890625 0.7931828145550197 0.005719866071428571 0.015124945199473916
185 0.5841936383928571 0.7460543621218764 0.014369419642857142 0.006795265234546251
195 0.58837890625 0.7052827707145989 0.0107421875 0.016878562034195528
181 0.5885184151785714 0.6702104340201666 0.005998883928571429 0.010740903112669882
102 0.5482003348214286 0.6843489697501096 0.008510044642857142 0.00920648838228847
63 0.5214146205357143 0.6843489697501096 0.009626116071428572 0.008768084173608066
60 0.47244698660714285 0.6843489697501096 0.009905133928571428 0.008768084173608066
119 0.3969029017857143 0.11584831214379658 0.011997767857142858 0.016878562034195528
193 0.3729771205357143 0.7898947829899167 0.012137276785714286 0.019070583077597545