187 0.20096261160714285 0.11247533435650077 0.004603794642857143 0.013593510195132646
187 0.5327845982142857 0.36242052181539136 0.004464285714285714 0.013593510195132646
187 0.5015345982142857 0.29993422495066874 0.004464285714285714 0.013593510195132646
187 0.3568638392857143 0.8625301468976102 0.004464285714285714 0.013593510195132646
187 0.5272042410714286 0.5329971497478623 0.008649553571428572 0.007016005262003947
187 0.24874441964285715 0.1645472484104363 0.008649553571428572 0.00723525542644157
187 0.1171875 0.8625301468976102 0.004464285714285714 0.013593510195132646
187 0.646484375 0.22330629247971936 0.008649553571428572 0.00723525542644157
187 0.6862444196428571 0.21596141197105898 0.008649553571428572 0.007016005262003947
142 0.08970424107142858 0.2526858145143609 0.008649553571428572 0.014251260688445516
183 0.15973772321428573 0.1062267046700285 0.006417410714285714 0.026090769568077175
177 0.15046037946428573 0.3001534751151063 0.012974330357142858 0.014032010524007894
192 0.18924386160714285 0.29993422495066874 0.018833705357142856 0.029818022363516772
175 0.30078125 0.36231089673317257 0.013113839285714286 0.013374260030695024
187 0.5272042410714286 0.33117737338303005 0.008649553571428572 0.00723525542644157
190 0.4257114955357143 0.36242052181539136 0.0068359375 0.012716509537382154
185 0.48116629464285715 0.5275158956369217 0.021205357142857144 0.010085507564130673
177 0.5087890625 0.48739311554483666 0.015345982142857142 0.0131550098662574
179 0.15192522321428573 0.6148870861653146 0.014787946428571428 0.01907476430607323
178 0.14920479910714285 0.6752905064678798 0.012416294642857142 0.014032010524007894
181 0.12946428571428573 0.7009427757070817 0.008370535714285714 0.019294014470510854
183 0.13351004464285715 0.7594825696119272 0.016462053571428572 0.010085507564130673
179 0.32666015625 0.6488708616531462 0.011858258928571428 0.02565226923920193
180 0.3281947544642857 0.5903310677483008 0.0087890625 0.01775926331944749
194 0.666015625 0.23744792808594606 0.018415178571428572 0.02894102170576628
186 0.6640625 0.29993422495066874 0.011160714285714286 0.015347511510633634
195 0.6863141741071429 0.33315062486296865 0.015206473214285714 0.02433676825257619
181 0.6861746651785714 0.3977197982898487 0.008510044642857142 0.01841701381276036
14 0.6861746651785714 0.464481473361105 0.008510044642857142 0.022144266608199955
178 0.5907505580357143 0.48750274062705545 0.015485491071428572 0.013374260030695024
187 0.5470842633928571 0.48739311554483666 0.004603794642857143 0.013593510195132646
32 0.36893136160714285 0.40144705108528833 0.010184151785714286 0.02324051743038807
178 0.26395089285714285 0.3627493970620478 0.011160714285714286 0.01381276035957027
187 0.3482142857142857 0.424906818680114 0.004464285714285714 0.013593510195132646
176 0.3096400669642857 0.4876123657092743 0.014927455357142858 0.013593510195132646
195 0.22739955357142858 0.5499890374917781 0.015625 0.024775268581451435
189 0.40785435267857145 0.8919096689322517 0.010463169642857142 0.031572023679017756
193 0.40785435267857145 0.6411971058978294 0.019112723214285716 0.030037272527954396
192 0.38720703125 0.6124753343565008 0.018833705357142856 0.029598772199079148
178 0.16922433035714285 0.5781626836220127 0.008370535714285714 0.024117518088138567
25 0.18136160714285715 0.6730980048235036 0.014508928571428572 0.017540013155009866
102 0.5272739955357143 0.4552729664547248 0.008510044642857142 0.023898267923700943
189 0.7068219866071429 0.48739311554483666 0.019949776785714284 0.017978513483885114
142 0.7027064732142857 0.6123657092742819 0.008928571428571428 0.013593510195132646
142 0.7258649553571429 0.5077833808375356 0.008928571428571428 0.01447051085288314
177 0.7260044642857143 0.6497478623108968 0.008649553571428572 0.022582766937075203
32 0.7267020089285714 0.7087261565446175 0.010044642857142858 0.02039026529269897
195 0.72607421875 0.770664327998246 0.018275669642857144 0.02850252137689103
192 0.72607421875 0.8955272966454725 0.018275669642857144 0.028721771541328656
189 0.7057059151785714 0.9250164437623328 0.019949776785714284 0.011401008550756413
185 0.6693638392857143 0.9348827011620259 0.006417410714285714 0.0328875246656435
195 0.6247907366071429 0.9250164437623328 0.015764508928571428 0.02455601841701381
188 0.24874441964285715 0.20510852883139663 0.013671875 0.012058759044069283
196 0.24881417410714285 0.2700065775049331 0.017717633928571428 0.027844770883578163
102 0.24874441964285715 0.32810787108090333 0.008370535714285714 0.016882262661696998
14 0.24867466517857142 0.40067967550975664 0.008510044642857142 0.02170576627932471
179 0.6083984375 0.4591098443323833 0.011997767857142858 0.021486516114887087
185 0.5806361607142857 0.43466345099758824 0.006417410714285714 0.03354527515895637
185 0.44154575892857145 0.4502302126726595 0.021484375 0.010304757728568297
32 0.4483119419642857 0.39980267485200616 0.009626116071428572 0.018636263977197982
14 0.3680943080357143 0.8882920412190309 0.008510044642857142 0.019951764963823723
195 0.3681640625 0.767156325367244 0.015904017857142856 0.02499451874588906
142 0.36830357142857145 0.6989695242271432 0.008928571428571428 0.013593510195132646
63 0.27162388392857145 0.8001534751151064 0.012276785714285714 0.013374260030695024
194 0.44761439732142855 0.831725498794124 0.018833705357142856 0.029598772199079148
196 0.44761439732142855 0.7678140758605569 0.017996651785714284 0.028064021048015787
102 0.44775390625 0.7114667836000877 0.008510044642857142 0.02324051743038807
60 0.4478236607142857 0.6471168603376453 0.008649553571428572 0.023459767594825695
194 0.44761439732142855 0.5810129357597018 0.017996651785714284 0.028064021048015787
176 0.4473353794642857 0.5210480157860118 0.0087890625 0.023459767594825695
60 0.646484375 0.8878535408901557 0.008370535714285714 0.024775268581451435
188 0.5443638392857143 0.924906818680114 0.007254464285714286 0.018636263977197982
195 0.46561104910714285 0.924906818680114 0.017717633928571428 0.027844770883578163
177 0.43052455357142855 0.8629686472264855 0.013392857142857142 0.013593510195132646
194 0.26939174107142855 0.424906818680114 0.018136160714285716 0.02850252137689103
25 0.2875279017857143 0.39519842139881606 0.010602678571428572 0.019513264634948475
192 0.24881417410714285 0.5838631878973909 0.018833705357142856 0.029818022363516772
187 0.12946428571428573 0.6437184827888621 0.008649553571428572 0.007016005262003947
176 0.18268694196428573 0.4872834904626179 0.0126953125 0.013374260030695024
195 0.16929408482142858 0.2658408243806183 0.017996651785714284 0.028283271212453408
187 0.16922433035714285 0.1437184827888621 0.008649553571428572 0.00723525542644157
186 0.28843470982142855 0.5761894321420741 0.009905133928571428 0.017540013155009866
178 0.2885044642857143 0.6340714755536067 0.008649553571428572 0.02324051743038807
189 0.28857421875 0.7087261565446175 0.009905133928571428 0.031352773514580136
60 0.10435267857142858 0.7999342249506687 0.014229910714285714 0.013374260030695024
196 0.08970424107142858 0.7052181539136154 0.017299107142857144 0.027844770883578163
194 0.11111886160714286 0.5499890374917781 0.017717633928571428 0.027406270554702915
102 0.12960379464285715 0.5810129357597018 0.008928571428571428 0.01841701381276036
183 0.12555803571428573 0.470291602718702 0.016741071428571428 0.010085507564130673
190 0.12290736607142858 0.424906818680114 0.009486607142857142 0.014909011181758386
185 0.08356584821428571 0.34641525981144483 0.021484375 0.010085507564130673
176 0.48751395089285715 0.7622231966673975 0.008510044642857142 0.01775926331944749
192 0.4668666294642857 0.7374479280859461 0.017717633928571428 0.027844770883578163
180 0.48751395089285715 0.9024336768252577 0.008510044642857142 0.02455601841701381
182 0.4877232142857143 0.6329752247314185 0.008649553571428572 0.013593510195132646
192 0.11021205357142858 0.36242052181539136 0.018415178571428572 0.02894102170576628
186 0.08970424107142858 0.45472484104363076 0.010044642857142858 0.017540013155009866
192 0.12946428571428573 0.20477965358474018 0.018415178571428572 0.02894102170576628
178 0.12946428571428573 0.15577724183293137 0.008649553571428572 0.022582766937075203
181 0.7093331473214286 0.3000438500328875 0.012416294642857142 0.01381276035957027
181 0.6067940848214286 0.2624424468318351 0.008510044642857142 0.0197325147993861
25 0.7024274553571429 0.23613242709932034 0.01171875 0.016663012497259374
181 0.72607421875 0.2621135715851787 0.009068080357142858 0.01775926331944749
186 0.7092633928571429 0.4246875685156764 0.010323660714285714 0.015786011839508878
181 0.6862444196428571 0.577943433457575 0.008649553571428572 0.018855514141635606
142 0.14962332589285715 0.3622012716509537 0.009068080357142858 0.013593510195132646
189 0.3090122767857143 0.29993422495066874 0.020089285714285716 0.011401008550756413
176 0.32840401785714285 0.5265292698969524 0.008649553571428572 0.019951764963823723
180 0.3109654017857143 0.612913834685376 0.011997767857142858 0.01381276035957027