187 0.5272042410714286 0.761346196009647 0.008649553571428572 0.00723525542644157
187 0.14041573660714285 0.36242052181539136 0.004603794642857143 0.013593510195132646
187 0.6363699776785714 0.9250164437623328 0.004603794642857143 0.013593510195132646
187 0.09821428571428571 0.5498794124095593 0.004464285714285714 0.013593510195132646
187 0.2885044642857143 0.9021048015786012 0.008649553571428572 0.00723525542644157
187 0.5579659598214286 0.9250164437623328 0.004603794642857143 0.013593510195132646
187 0.6526925223214286 0.23744792808594606 0.004603794642857143 0.013593510195132646
187 0.12527901785714285 0.9250164437623328 0.004464285714285714 0.013593510195132646
187 0.08970424107142858 0.15062486296864722 0.008649553571428572 0.007016005262003947
187 0.40792410714285715 0.4348827011620259 0.008649553571428572 0.00723525542644157
195 0.5472935267857143 0.7375575531681648 0.018415178571428572 0.02894102170576628
142 0.5054408482142857 0.6748520061390046 0.008649553571428572 0.013593510195132646
177 0.466796875 0.6749616312212234 0.014787946428571428 0.013374260030695024
25 0.5260881696428571 0.6351677263757948 0.010881696428571428 0.017540013155009866
178 0.5271344866071429 0.5894540670905504 0.008510044642857142 0.023459767594825695
196 0.5272042410714286 0.5171015128261346 0.017857142857142856 0.027844770883578163
184 0.42403738839285715 0.4348827011620259 0.006277901785714286 0.03310677483008112
178 0.3281947544642857 0.3908134181100636 0.009068080357142858 0.02302126726595045
196 0.34926060267857145 0.42501644376233283 0.017717633928571428 0.027844770883578163
187 0.22893415178571427 0.36242052181539136 0.004464285714285714 0.013593510195132646
180 0.2885044642857143 0.45362859022144264 0.008649553571428572 0.02499451874588906
176 0.32840401785714285 0.5792589344442008 0.008649553571428572 0.020171015128261346
187 0.32833426339285715 0.6437184827888621 0.008510044642857142 0.007016005262003947
194 0.3681640625 0.4541767156325367 0.017020089285714284 0.027844770883578163
14 0.3680943080357143 0.40144705108528833 0.008510044642857142 0.017540013155009866
190 0.4476841517857143 0.13692172769129576 0.009486607142857142 0.012058759044069283
187 0.3482142857142857 0.11247533435650077 0.004464285714285714 0.013593510195132646
194 0.30643136160714285 0.1749616312212234 0.0185546875 0.029379522034641527
176 0.27169363839285715 0.17463275597456698 0.014090401785714286 0.01381276035957027
191 0.22391183035714285 0.1749616312212234 0.011997767857142858 0.018855514141635606
14 0.44747488839285715 0.21497478623108968 0.008510044642857142 0.018197763648322735
180 0.4476841517857143 0.2771322078491559 0.008649553571428572 0.02104801578601184
179 0.4681919642857143 0.29719359789519845 0.015345982142857142 0.018636263977197982
182 0.57666015625 0.9251260688445516 0.0087890625 0.01381276035957027
182 0.5669642857142857 0.8827011620258716 0.008928571428571428 0.014032010524007894
192 0.6286272321428571 0.8625301468976102 0.018415178571428572 0.02894102170576628
177 0.46895926339285715 0.8624205218153914 0.013532366071428572 0.013374260030695024
177 0.3866489955357143 0.8627493970620478 0.012137276785714286 0.013593510195132646
187 0.3482142857142857 0.8625301468976102 0.004464285714285714 0.013593510195132646
119 0.6259765625 0.3071694803771103 0.015066964285714286 0.02762552071914054
60 0.5825892857142857 0.2998245998684499 0.015904017857142856 0.013374260030695024
60 0.56689453125 0.33040999780749836 0.008510044642857142 0.021925016443762334
142 0.5069754464285714 0.3622012716509537 0.008370535714285714 0.013593510195132646
182 0.5501534598214286 0.29949572462179347 0.008510044642857142 0.014032010524007894
196 0.6067243303571429 0.7046700285025214 0.018136160714285716 0.02850252137689103
14 0.6067243303571429 0.580903310677483 0.008370535714285714 0.02433676825257619
177 0.6066545758928571 0.4518745889059417 0.0087890625 0.018855514141635606
195 0.22935267857142858 0.8624205218153914 0.015345982142857142 0.02433676825257619
186 0.20926339285714285 0.5815610611707959 0.009765625 0.016882262661696998
191 0.20905412946428573 0.5295987721990791 0.010463169642857142 0.01644376233282175
191 0.20905412946428573 0.4517649638237229 0.013811383928571428 0.02170576627932471
63 0.23151506696428573 0.424906818680114 0.010463169642857142 0.0131550098662574
178 0.24874441964285715 0.2739530804648104 0.008370535714285714 0.019513264634948475
187 0.208984375 0.33117737338303005 0.008649553571428572 0.00723525542644157
185 0.27657645089285715 0.29006796755097564 0.0068359375 0.03332602499451875
177 0.31222098214285715 0.29993422495066874 0.010881696428571428 0.0131550098662574
190 0.3515625 0.29993422495066874 0.010881696428571428 0.014909011181758386
142 0.6310686383928571 0.7374479280859461 0.008510044642857142 0.01381276035957027
60 0.6863141741071429 0.6460206095154571 0.008510044642857142 0.02302126726595045
183 0.6751534598214286 0.49364174523130894 0.006277901785714286 0.026090769568077175
193 0.6067243303571429 0.3920192940144705 0.018694196428571428 0.029379522034641527
119 0.16476004464285715 0.3349046261784696 0.017578125 0.02696777022582767
193 0.16922433035714285 0.20543740407805305 0.018415178571428572 0.02894102170576628
25 0.11544363839285714 0.1767156325367244 0.0146484375 0.01710151282613462
183 0.29248046875 0.5069063801797852 0.0166015625 0.01052400789300592
193 0.26834542410714285 0.5498794124095593 0.017717633928571428 0.02718702039026529
119 0.22984095982142858 0.557005042753782 0.016322544642857144 0.027406270554702915
180 0.18464006696428573 0.5498794124095593 0.011858258928571428 0.013593510195132646
175 0.14683314732142858 0.5498794124095593 0.015206473214285714 0.013593510195132646
192 0.28857421875 0.7058759044069283 0.0185546875 0.029160271870203903
32 0.26346261160714285 0.6738653803990353 0.013532366071428572 0.015566761675071256
191 0.3125697544642857 0.7374479280859461 0.0107421875 0.016882262661696998
192 0.4677734375 0.7374479280859461 0.017857142857142856 0.02696777022582767
183 0.5630580357142857 0.8422495066871301 0.016741071428571428 0.010304757728568297
195 0.5669642857142857 0.7680333260249945 0.016183035714285716 0.025433019074764307
181 0.7117047991071429 0.23755755316816488 0.015485491071428572 0.013374260030695024
176 0.6861746651785714 0.7682525761894321 0.008510044642857142 0.020609515457136594
14 0.6672712053571429 0.8625301468976102 0.014229910714285714 0.0131550098662574
195 0.646484375 0.7047796535847402 0.017299107142857144 0.027844770883578163
178 0.5481305803571429 0.6756193817145363 0.015904017857142856 0.013374260030695024
187 0.16922433035714285 0.7686910765183074 0.008649553571428572 0.007016005262003947
188 0.16922433035714285 0.8214207410655558 0.017299107142857144 0.012058759044069283
192 0.16922433035714285 0.8965139223854418 0.018136160714285716 0.02850252137689103
119 0.16496930803571427 0.5762990572242929 0.017438616071428572 0.024775268581451435
176 0.16950334821428573 0.4537382153036615 0.008370535714285714 0.020828765621574215
180 0.16908482142857142 0.38598991449243586 0.008649553571428572 0.021267265950449463
178 0.12946428571428573 0.8418110063582548 0.008370535714285714 0.019951764963823723
176 0.18436104910714285 0.7370094277570708 0.011858258928571428 0.014251260688445516
192 0.08970424107142858 0.20620477965358475 0.017857142857142856 0.027844770883578163
187 0.14934430803571427 0.23744792808594606 0.004603794642857143 0.013593510195132646
194 0.11007254464285714 0.424906818680114 0.018136160714285716 0.02850252137689103
185 0.31375558035714285 0.10260907695680772 0.006417410714285714 0.03332602499451875
181 0.4077845982142857 0.3355623766717825 0.008649553571428572 0.01907476430607323
175 0.6464146205357143 0.39443104582328437 0.008510044642857142 0.018855514141635606
184 0.6404854910714286 0.34630563472922604 0.021484375 0.010304757728568297
177 0.12939453125 0.5863845647884236 0.0087890625 0.02302126726595045
142 0.36802455357142855 0.5164437623328217 0.008928571428571428 0.013374260030695024
184 0.33447265625 0.34279763209822406 0.021344866071428572 0.00986625739969305
63 0.12953404017857142 0.6427318570488928 0.008510044642857142 0.018197763648322735
119 0.6817801339285714 0.40111817583863185 0.017578125 0.022582766937075203
194 0.6649693080357143 0.36242052181539136 0.017717633928571428 0.028064021048015787
14 0.6861746651785714 0.44770883578162685 0.008510044642857142 0.02324051743038807