187 0.5523158482142857 0.5997369574747917 0.00390625 0.01183691363437089
187 0.0849609375 0.5728846996931171 0.007533482142857143 0.006356861025865849
187 0.10930524553571429 0.37976764576939936 0.004045758928571429 0.012056115738711091
187 0.36495535714285715 0.6355765015344147 0.007533482142857143 0.006356861025865849
187 0.6946149553571429 0.37976764576939936 0.00390625 0.012056115738711091
175 0.5900530133928571 0.15990793511617712 0.011579241071428572 0.011617711530030689
32 0.6104213169642857 0.13711091626479613 0.008510044642857142 0.021262604120999562
196 0.5749162946428571 0.29953967558088557 0.015625 0.024331433581762384
25 0.5758928571428571 0.46964050854888206 0.009765625 0.016001753616834723
186 0.5543387276785714 0.48980710214818063 0.009905133928571428 0.012932924156071899
195 0.5217633928571429 0.48980710214818063 0.013671875 0.02082419991231916
142 0.4624720982142857 0.48980710214818063 0.007533482142857143 0.012056115738711091
196 0.5749162946428571 0.518522577816747 0.015904017857142856 0.025208241999123193
119 0.5788922991071429 0.5800087680841736 0.015485491071428572 0.022797018851380975
119 0.5789620535714286 0.6182595352915388 0.015625 0.02082419991231916
179 0.5216238839285714 0.6568391056554143 0.011997767857142858 0.016878562034195528
119 0.48374720982142855 0.6608943445857081 0.0146484375 0.024550635686102586
196 0.45082310267857145 0.6548662867163525 0.015485491071428572 0.02389302937308198
119 0.42075892857142855 0.7161332748794389 0.013671875 0.024550635686102586
177 0.7150530133928571 0.5178649715037265 0.007393973214285714 0.019508987286277948
184 0.7202845982142857 0.6861025865848313 0.018973214285714284 0.008768084173608066
183 0.7072405133928571 0.7152564664620781 0.005719866071428571 0.022797018851380975
177 0.6613420758928571 0.709776413853573 0.0126953125 0.01183691363437089
196 0.6263950892857143 0.709776413853573 0.016183035714285716 0.025427444103463395
142 0.6019112723214286 0.709776413853573 0.0068359375 0.01183691363437089
63 0.5578264508928571 0.7098860149057431 0.009905133928571428 0.012056115738711091
192 0.6448800223214286 0.4071679088119246 0.0166015625 0.026085050416484
190 0.6449497767857143 0.34995615957913195 0.006417410714285714 0.00898728627794827
186 0.6279296875 0.3248575186321789 0.009486607142857142 0.014028934677772907
177 0.5907505580357143 0.10488820692678649 0.011579241071428572 0.011617711530030689
193 0.5749162946428571 0.13491889522139414 0.015904017857142856 0.024769837790442787
189 0.6099330357142857 0.2989916703200351 0.010044642857142858 0.02761946514686541
14 0.6100725446428571 0.3416264796142043 0.0078125 0.02082419991231916
185 0.6273716517857143 0.42612889083735206 0.005580357142857143 0.02893467777290662
196 0.36488560267857145 0.24495835160017537 0.016043526785714284 0.025208241999123193
179 0.34786551339285715 0.32704953967558087 0.015485491071428572 0.016659359929855327
184 0.3178013392857143 0.3334064007014467 0.005859375 0.029373081981587022
176 0.4111328125 0.1595791319596668 0.011997767857142858 0.012275317843051293
194 0.43491908482142855 0.1313020604997808 0.015485491071428572 0.024550635686102586
190 0.45193917410714285 0.10488820692678649 0.0087890625 0.015124945199473916
175 0.3164760044642857 0.21503726435773785 0.013811383928571428 0.012275317843051293
192 0.294921875 0.298882069267865 0.016462053571428572 0.025646646207803596
179 0.29652622767857145 0.3586146427005699 0.010463169642857142 0.019289785181937746
142 0.29464285714285715 0.4050854888206927 0.008091517857142858 0.012713722051731697
195 0.294921875 0.46350284962735644 0.015904017857142856 0.025208241999123193
182 0.29478236607142855 0.5124945199473915 0.0078125 0.012275317843051293
184 0.3002232142857143 0.5840640070144674 0.018694196428571428 0.00898728627794827
25 0.27755301339285715 0.6013809732573433 0.013253348214285714 0.014686540990793511
32 0.36551339285714285 0.14302937308198158 0.008649553571428572 0.017755370451556333
194 0.36488560267857145 0.408702323542306 0.016043526785714284 0.025208241999123193
183 0.7181919642857143 0.40004384042086805 0.015066964285714286 0.008768084173608066
25 0.7140066964285714 0.24364313897413414 0.009765625 0.016878562034195528
191 0.7149135044642857 0.12593160894344585 0.011300223214285714 0.017755370451556333
190 0.6277204241071429 0.10488820692678649 0.0068359375 0.012494519947391494
190 0.6900809151785714 0.4896975010960105 0.0068359375 0.008768084173608066
180 0.5946568080357143 0.4901359053046909 0.012416294642857142 0.01183691363437089
186 0.48611886160714285 0.7095572117492328 0.009626116071428572 0.01446733888645331
182 0.5052315848214286 0.7824419114423499 0.007672991071428571 0.010740903112669882
25 0.48953683035714285 0.8210214818062254 0.013113839285714286 0.014248136782113108
181 0.45033482142857145 0.8198158702323542 0.012276785714285714 0.012275317843051293
192 0.0849609375 0.6277948268303376 0.016183035714285716 0.025427444103463395
189 0.10323660714285714 0.6547566856641823 0.017578125 0.01446733888645331
192 0.1025390625 0.7647961420429636 0.015625 0.02367382726874178
190 0.21519252232142858 0.7647961420429636 0.0087890625 0.01446733888645331
181 0.20703125 0.8197062691801841 0.010881696428571428 0.011617711530030689
186 0.2080078125 0.8747259973695748 0.009486607142857142 0.013809732573432706
186 0.11969866071428571 0.3007452871547567 0.008649553571428572 0.014905743095133712
176 0.12004743303571429 0.4059622972380535 0.007393973214285714 0.016659359929855327
188 0.14376395089285715 0.5997369574747917 0.005998883928571429 0.024550635686102586
175 0.5252511160714286 0.709776413853573 0.009765625 0.01183691363437089
194 0.5398995535714286 0.7937308198158702 0.015345982142857142 0.024550635686102586
60 0.43477957589285715 0.5765015344147304 0.007672991071428571 0.01972818939061815
193 0.41671316964285715 0.5447172292854011 0.015625 0.024550635686102586
177 0.22502790178571427 0.6264796142042963 0.007533482142857143 0.021481806225339763
196 0.24351283482142858 0.5998465585269619 0.015764508928571428 0.024769837790442787
119 0.22886439732142858 0.7872643577378343 0.015485491071428572 0.01994739149495835
191 0.25990513392857145 0.747807978956598 0.010323660714285714 0.016440157825515125
184 0.2544642857142857 0.6730600613765892 0.018694196428571428 0.00898728627794827
191 0.30936104910714285 0.5448268303375713 0.009068080357142858 0.014248136782113108
14 0.34800502232142855 0.5449364313897413 0.012974330357142858 0.01183691363437089
180 0.17438616071428573 0.26994739149495833 0.009486607142857142 0.012056115738711091
190 0.20096261160714285 0.26972818939061816 0.009626116071428572 0.009425690486628672
183 0.34305245535714285 0.2645769399386234 0.005859375 0.023235423060061378
192 0.34828404017857145 0.8197062691801841 0.015764508928571428 0.024769837790442787
192 0.3827427455357143 0.8198158702323542 0.015485491071428572 0.024112231477422183
185 0.28941127232142855 0.7323542306006138 0.0185546875 0.008768084173608066
193 0.46993582589285715 0.5173169662428759 0.015764508928571428 0.02498903989478299
32 0.47049386160714285 0.6186979395002192 0.0087890625 0.01731696624287593
179 0.46847098214285715 0.45813239807102146 0.010602678571428572 0.018851380973257344
185 0.46463448660714285 0.35181937746602365 0.019112723214285716 0.008768084173608066
191 0.5526646205357143 0.3248575186321789 0.009347098214285714 0.014905743095133712
25 0.34409877232142855 0.876041209995616 0.010463169642857142 0.014686540990793511
14 0.3096400669642857 0.8743971942130645 0.009905133928571428 0.01183691363437089
183 0.43143136160714285 0.798882069267865 0.0146484375 0.00898728627794827
186 0.3648158482142857 0.6833625602805787 0.009207589285714286 0.015124945199473916
196 0.3828125 0.709776413853573 0.015625 0.024112231477422183
186 0.3648158482142857 0.7405743095133713 0.008370535714285714 0.014686540990793511
179 0.27755301339285715 0.7670977641385357 0.012974330357142858 0.016878562034195528
194 0.25997488839285715 0.4091407277509864 0.015764508928571428 0.024769837790442787
194 0.25990513392857145 0.46383165278386673 0.015066964285714286 0.024550635686102586
142 0.2504185267857143 0.37976764576939936 0.008091517857142858 0.012056115738711091
187 0.20744977678571427 0.37976764576939936 0.00390625 0.012056115738711091
180 0.17047991071428573 0.3800964489259097 0.01171875 0.012275317843051293
192 0.20703125 0.5997369574747917 0.016462053571428572 0.025865848312143797
179 0.17745535714285715 0.602148180622534 0.013671875 0.016220955721174924
180 0.32993861607142855 0.8517097764138536 0.007533482142857143 0.020385795703638757
181 0.32993861607142855 0.7940596229723805 0.007533482142857143 0.019508987286277948
25 0.31612723214285715 0.656510302498904 0.009765625 0.014905743095133712
142 0.5050920758928571 0.6249451994739149 0.007672991071428571 0.011398509425690487
25 0.5041155133928571 0.5679526523454625 0.009068080357142858 0.016659359929855327
186 0.6800362723214286 0.5191801841297676 0.008510044642857142 0.013809732573432706
181 0.6304408482142857 0.5996273564226217 0.009765625 0.012056115738711091
177 0.6588309151785714 0.6548662867163525 0.013811383928571428 0.011617711530030689
192 0.5908203125 0.6548662867163525 0.015625 0.02389302937308198
180 0.34347098214285715 0.7098860149057431 0.013392857142857142 0.012056115738711091
183 0.3964146205357143 0.5822007891275757 0.0146484375 0.008768084173608066
184 0.40541294642857145 0.7289565979833407 0.018694196428571428 0.009425690486628672
185 0.40548270089285715 0.7994300745287155 0.0185546875 0.008768084173608066
102 0.19008091517857142 0.5649934239368698 0.007672991071428571 0.016878562034195528
190 0.18987165178571427 0.4568171854449803 0.006417410714285714 0.008768084173608066
179 0.20396205357142858 0.32244629548443665 0.014787946428571428 0.016220955721174924
192 0.41866629464285715 0.10488820692678649 0.016741071428571428 0.0265234546251644
142 0.32993861607142855 0.24473914949583517 0.007533482142857143 0.012056115738711091