187 0.09514508928571429 0.23744792808594606 0.004464285714285714 0.013593510195132646
187 0.08970424107142858 0.7930278447708836 0.008649553571428572 0.007016005262003947
187 0.4476841517857143 0.12530146897610173 0.008649553571428572 0.00723525542644157
187 0.6862444196428571 0.6392238544178909 0.008649553571428572 0.00723525542644157
187 0.49253627232142855 0.23744792808594606 0.004603794642857143 0.013593510195132646
187 0.7208426339285714 0.11247533435650077 0.004464285714285714 0.013593510195132646
187 0.14188058035714285 0.11247533435650077 0.004464285714285714 0.013593510195132646
187 0.10797991071428571 0.1749616312212234 0.004464285714285714 0.013593510195132646
187 0.7260044642857143 0.8740407805305854 0.008649553571428572 0.00723525542644157
187 0.5067661830357143 0.36242052181539136 0.004603794642857143 0.013593510195132646
187 0.208984375 0.9005700504275378 0.008649553571428572 0.00723525542644157
196 0.5272042410714286 0.39519842139881606 0.017857142857142856 0.027844770883578163
185 0.5334123883928571 0.5164437623328217 0.021344866071428572 0.010304757728568297
192 0.5272042410714286 0.3289848717386538 0.017299107142857144 0.027844770883578163
32 0.3519810267857143 0.23613242709932034 0.014229910714285714 0.016224512168384126
60 0.22907366071428573 0.42501644376233283 0.015066964285714286 0.013374260030695024
196 0.3096400669642857 0.23744792808594606 0.017717633928571428 0.02762552071914054
193 0.646484375 0.7662793247094936 0.018415178571428572 0.02894102170576628
195 0.646484375 0.64207410655558 0.015625 0.024775268581451435
190 0.6745954241071429 0.6124753343565008 0.008510044642857142 0.014251260688445516
63 0.5415736607142857 0.8000438500328875 0.013950892857142858 0.013593510195132646
175 0.5269949776785714 0.7667178250383688 0.0087890625 0.022802017101512827
189 0.5057198660714286 0.8000438500328875 0.020089285714285716 0.013593510195132646
195 0.46728515625 0.7999342249506687 0.017996651785714284 0.028283271212453408
63 0.10714285714285714 0.7373383030037273 0.01171875 0.013593510195132646
119 0.14767020089285715 0.7302126726595045 0.014369419642857142 0.027844770883578163
184 0.19196428571428573 0.7276912957684718 0.006417410714285714 0.03332602499451875
187 0.08970424107142858 0.6437184827888621 0.008649553571428572 0.007016005262003947
180 0.22523716517857142 0.7374479280859461 0.011300223214285714 0.013374260030695024
119 0.24407087053571427 0.6974347730760798 0.017717633928571428 0.02104801578601184
192 0.27001953125 0.6123657092742819 0.017717633928571428 0.026748520061390047
195 0.34835379464285715 0.6124753343565008 0.017857142857142856 0.028283271212453408
119 0.3447265625 0.18208726156544616 0.013392857142857142 0.027844770883578163
191 0.3041294642857143 0.1749616312212234 0.012276785714285714 0.019294014470510854
196 0.18882533482142858 0.1749616312212234 0.017717633928571428 0.02718702039026529
191 0.3680943080357143 0.26255207191405394 0.011858258928571428 0.018636263977197982
195 0.3681640625 0.3962946722210042 0.017299107142857144 0.027844770883578163
184 0.41915457589285715 0.4151501863626398 0.006277901785714286 0.03310677483008112
192 0.4476841517857143 0.20784915588686692 0.018415178571428572 0.02894102170576628
187 0.4278041294642857 0.1749616312212234 0.004603794642857143 0.013593510195132646
178 0.38950892857142855 0.17463275597456698 0.015345982142857142 0.013374260030695024
191 0.16922433035714285 0.20346415259811446 0.013113839285714286 0.020609515457136594
187 0.5470842633928571 0.7375575531681648 0.004603794642857143 0.013593510195132646
185 0.5607561383928571 0.7158517868888402 0.021065848214285716 0.010085507564130673
189 0.5669642857142857 0.6418548563911423 0.008091517857142858 0.031352773514580136
142 0.5869838169642857 0.6124753343565008 0.008510044642857142 0.01381276035957027
119 0.5623604910714286 0.5791493093619821 0.017299107142857144 0.026090769568077175
189 0.5669642857142857 0.5173207629905723 0.007254464285714286 0.031352773514580136
178 0.24881417410714285 0.511620258715194 0.008510044642857142 0.019951764963823723
60 0.24881417410714285 0.45823284367463274 0.008510044642857142 0.01710151282613462
180 0.26039341517857145 0.5499890374917781 0.012416294642857142 0.01381276035957027
195 0.28857421875 0.5837535628151721 0.014927455357142858 0.02433676825257619
192 0.3897181919642857 0.6124753343565008 0.018275669642857144 0.028721771541328656
142 0.58642578125 0.6749616312212234 0.008510044642857142 0.013374260030695024
184 0.591796875 0.7473141854856391 0.006417410714285714 0.03310677483008112
14 0.4325474330357143 0.7372286779215085 0.014090401785714286 0.013374260030695024
181 0.46840122767857145 0.7374479280859461 0.0126953125 0.013374260030695024
60 0.44761439732142855 0.5231308923481692 0.008510044642857142 0.021486516114887087
60 0.42599051339285715 0.48750274062705545 0.012974330357142858 0.013374260030695024
180 0.38462611607142855 0.48706424029818024 0.01171875 0.013374260030695024
178 0.34940011160714285 0.4876123657092743 0.012974330357142858 0.0131550098662574
182 0.6579241071428571 0.5498794124095593 0.008928571428571428 0.013593510195132646
186 0.6280691964285714 0.5499890374917781 0.010881696428571428 0.01644376233282175
180 0.5495954241071429 0.5498794124095593 0.013811383928571428 0.0131550098662574
184 0.6236049107142857 0.43466345099758824 0.006417410714285714 0.03354527515895637
182 0.5837751116071429 0.42457794343345756 0.008510044642857142 0.013374260030695024
182 0.32861328125 0.6375794781846086 0.009347098214285714 0.0131550098662574
60 0.30099051339285715 0.48750274062705545 0.0126953125 0.013374260030695024
180 0.5669642857142857 0.19951764963823723 0.008370535714285714 0.01841701381276036
14 0.6237444196428571 0.11258495943871957 0.014787946428571428 0.013374260030695024
192 0.5670340401785714 0.3335891251918439 0.017717633928571428 0.027844770883578163
189 0.5669642857142857 0.39454067090550315 0.009486607142857142 0.031352773514580136
180 0.56689453125 0.4630563472922605 0.008510044642857142 0.02104801578601184
191 0.208984375 0.13571585178688883 0.013671875 0.021486516114887087
175 0.19077845982142858 0.11236570927428195 0.011579241071428572 0.01381276035957027
195 0.23039899553571427 0.11236570927428195 0.016322544642857144 0.02565226923920193
183 0.33238002232142855 0.14887086165314625 0.0166015625 0.010085507564130673
179 0.7241908482142857 0.8281078710809033 0.01171875 0.022802017101512827
60 0.70263671875 0.7375575531681648 0.013532366071428572 0.013593510195132646
180 0.6066545758928571 0.5924139443104582 0.008510044642857142 0.020609515457136594
183 0.29248046875 0.22001754001315502 0.0166015625 0.010304757728568297
183 0.4515904017857143 0.33205437404078053 0.016741071428571428 0.00986625739969305
192 0.4476841517857143 0.3936636702477527 0.018136160714285716 0.028721771541328656
195 0.34842354910714285 0.7374479280859461 0.017717633928571428 0.027406270554702915
187 0.40792410714285715 0.7062047796535847 0.008649553571428572 0.007016005262003947
196 0.40785435267857145 0.6405393554045166 0.017717633928571428 0.027844770883578163
192 0.46847098214285715 0.6749616312212234 0.018415178571428572 0.028721771541328656
194 0.5076729910714286 0.6749616312212234 0.018136160714285716 0.028721771541328656
182 0.5418526785714286 0.6752905064678798 0.008091517857142858 0.014032010524007894
196 0.5066266741071429 0.6124753343565008 0.017996651785714284 0.028283271212453408
196 0.5272042410714286 0.6442666081999562 0.017857142857142856 0.028283271212453408
192 0.5272042410714286 0.5791493093619821 0.017857142857142856 0.027844770883578163
183 0.5068359375 0.5559087919315939 0.006417410714285714 0.026529269896952423
63 0.38734654017857145 0.5498794124095593 0.015485491071428572 0.0131550098662574
191 0.4476841517857143 0.8235036176277132 0.011160714285714286 0.017540013155009866
25 0.44656808035714285 0.7702258276693708 0.010044642857142858 0.01710151282613462
195 0.46847098214285715 0.8625301468976102 0.016183035714285716 0.025433019074764307
63 0.5070452008928571 0.8623108967331725 0.011579241071428572 0.013593510195132646
195 0.5477818080357143 0.8624205218153914 0.019112723214285716 0.030037272527954396
183 0.56298828125 0.8390703793027845 0.0166015625 0.01052400789300592
196 0.6283482142857143 0.7374479280859461 0.018136160714285716 0.028721771541328656
60 0.6685965401785714 0.17518088138566104 0.014927455357142858 0.013593510195132646
142 0.5953543526785714 0.1749616312212234 0.008231026785714286 0.013593510195132646
186 0.7260044642857143 0.2058759044069283 0.011160714285714286 0.01710151282613462
192 0.7260044642857143 0.2712124534093401 0.01953125 0.030695023021267268
193 0.72607421875 0.4568077176057882 0.017159598214285716 0.027844770883578163
182 0.6961495535714286 0.6123657092742819 0.008370535714285714 0.013593510195132646