187 0.5033482142857143 0.23744792808594606 0.004464285714285714 0.013593510195132646
187 0.7130998883928571 0.6123657092742819 0.004603794642857143 0.013593510195132646
187 0.11614118303571429 0.9250164437623328 0.004603794642857143 0.013593510195132646
187 0.17947823660714285 0.23744792808594606 0.004603794642857143 0.013593510195132646
187 0.5013950892857143 0.424906818680114 0.004464285714285714 0.013593510195132646
187 0.4476841517857143 0.6060074545055909 0.008649553571428572 0.007016005262003947
187 0.6067243303571429 0.15829861872396403 0.008649553571428572 0.007016005262003947
187 0.12276785714285714 0.29993422495066874 0.004464285714285714 0.013593510195132646
179 0.5446428571428571 0.42238544178908133 0.014787946428571428 0.018636263977197982
179 0.5837751116071429 0.42271431703573775 0.016880580357142856 0.019294014470510854
179 0.6083984375 0.4447489585617189 0.011997767857142858 0.02302126726595045
182 0.5667550223214286 0.7510414382810787 0.0087890625 0.012935759701819776
185 0.5982840401785714 0.6026090769568078 0.0068359375 0.03310677483008112
187 0.6266043526785714 0.6123657092742819 0.004603794642857143 0.013593510195132646
186 0.14676339285714285 0.29993422495066874 0.011439732142857142 0.015786011839508878
195 0.24881417410714285 0.26649857487393114 0.0166015625 0.026090769568077175
190 0.22705078125 0.17485200613900462 0.010463169642857142 0.010743258057443543
195 0.2704380580357143 0.29993422495066874 0.017717633928571428 0.02762552071914054
190 0.32833426339285715 0.3176934882701162 0.008231026785714286 0.013593510195132646
182 0.28836495535714285 0.6968866476649858 0.008928571428571428 0.012935759701819776
191 0.28857421875 0.642622231966674 0.013532366071428572 0.02104801578601184
188 0.34005301339285715 0.6124753343565008 0.006277901785714286 0.019951764963823723
181 0.36851283482142855 0.5749835562376672 0.0087890625 0.019513264634948475
187 0.3681640625 0.45614996711247535 0.008649553571428572 0.00723525542644157
32 0.2890625 0.7703354527515895 0.009765625 0.024775268581451435
102 0.38134765625 0.1749616312212234 0.012137276785714286 0.0131550098662574
195 0.3076171875 0.23744792808594606 0.016183035714285716 0.025433019074764307
186 0.26485770089285715 0.23722867792150845 0.011021205357142858 0.015347511510633634
189 0.3681640625 0.27110282832712124 0.007254464285714286 0.031352773514580136
192 0.6465541294642857 0.7081780311335234 0.017996651785714284 0.028064021048015787
182 0.6342075892857143 0.7375575531681648 0.008649553571428572 0.013593510195132646
176 0.72607421875 0.7097127822845867 0.008510044642857142 0.015786011839508878
142 0.7260044642857143 0.8432361324270993 0.008649553571428572 0.0131550098662574
179 0.31117466517857145 0.4850909888182416 0.017996651785714284 0.01907476430607323
183 0.29248046875 0.577943433457575 0.0166015625 0.010085507564130673
191 0.4331752232142857 0.11247533435650077 0.012276785714285714 0.019294014470510854
192 0.38609095982142855 0.11236570927428195 0.017996651785714284 0.028283271212453408
63 0.34291294642857145 0.11214645910984433 0.010881696428571428 0.013374260030695024
185 0.45396205357142855 0.3167068625301469 0.020926339285714284 0.00986625739969305
178 0.30517578125 0.362639771979829 0.0146484375 0.014032010524007894
193 0.2684849330357143 0.36242052181539136 0.017717633928571428 0.028064021048015787
177 0.6466238839285714 0.5233501425126069 0.008649553571428572 0.024117518088138567
194 0.62548828125 0.424906818680114 0.017717633928571428 0.02762552071914054
183 0.4437779017857143 0.5201710151282614 0.016741071428571428 0.010304757728568297
186 0.43087332589285715 0.42501644376233283 0.011579241071428572 0.01644376233282175
63 0.50146484375 0.4876123657092743 0.012974330357142858 0.013593510195132646
184 0.4414760044642857 0.3797412848059636 0.021344866071428572 0.01052400789300592
182 0.5672433035714286 0.4414602060951546 0.008649553571428572 0.01381276035957027
60 0.6064453125 0.2076299057224293 0.008649553571428572 0.02104801578601184
192 0.5852399553571429 0.23744792808594606 0.018694196428571428 0.029379522034641527
187 0.5470842633928571 0.23744792808594606 0.004603794642857143 0.013593510195132646
186 0.6067243303571429 0.27307607980705983 0.010881696428571428 0.01775926331944749
180 0.32833426339285715 0.7116860337645253 0.008510044642857142 0.022802017101512827
14 0.3285435267857143 0.6349484762113572 0.008649553571428572 0.018855514141635606
178 0.34291294642857145 0.674632755974567 0.014787946428571428 0.013593510195132646
60 0.5460379464285714 0.6123657092742819 0.013113839285714286 0.013593510195132646
179 0.6083286830357143 0.8399473799605349 0.012137276785714286 0.022802017101512827
182 0.5979352678571429 0.8625301468976102 0.008370535714285714 0.013593510195132646
178 0.5671735491071429 0.8816049112036835 0.0087890625 0.02367901775926332
195 0.40792410714285715 0.39618504713878533 0.018694196428571428 0.029379522034641527
119 0.35574776785714285 0.4320324490243368 0.014229910714285714 0.027844770883578163
192 0.306640625 0.424906818680114 0.018415178571428572 0.02894102170576628
190 0.4242466517857143 0.5499890374917781 0.0078125 0.01644376233282175
176 0.6315569196428571 0.674632755974567 0.014229910714285714 0.013593510195132646
14 0.38706752232142855 0.5495505371629029 0.0146484375 0.013374260030695024
193 0.3680943080357143 0.7090550317912738 0.017996651785714284 0.028064021048015787
194 0.3071986607142857 0.7374479280859461 0.018694196428571428 0.029160271870203903
183 0.14627511160714285 0.16904187678140759 0.006556919642857143 0.026748520061390047
194 0.12946428571428573 0.3313966235474677 0.017857142857142856 0.028283271212453408
188 0.22195870535714285 0.424906818680114 0.0078125 0.01841701381276036
179 0.6448102678571429 0.8224073668055251 0.012276785714285714 0.021925016443762334
119 0.6417410714285714 0.6478842359131769 0.017857142857142856 0.021486516114887087
185 0.12339564732142858 0.8422495066871301 0.021344866071428572 0.010304757728568297
32 0.13009207589285715 0.7759263319447489 0.009626116071428572 0.020609515457136594
191 0.12946428571428573 0.7079587809690857 0.012555803571428572 0.0197325147993861
119 0.18505859375 0.6053497040122781 0.014090401785714286 0.02762552071914054
183 0.2588588169642857 0.6062267046700285 0.006556919642857143 0.0263100197325148
191 0.12946428571428573 0.45724621793466347 0.012834821428571428 0.019951764963823723
176 0.18122209821428573 0.36253014689761015 0.011997767857142858 0.013374260030695024
142 0.21979631696428573 0.36253014689761015 0.007672991071428571 0.01381276035957027
142 0.20905412946428573 0.339947379960535 0.0087890625 0.01381276035957027
185 0.6800362723214286 0.5748739311554484 0.021065848214285716 0.010962508221881167
119 0.681640625 0.5246656434992326 0.017857142857142856 0.021486516114887087
119 0.6687360491071429 0.49484762113571584 0.0146484375 0.02850252137689103
188 0.32833426339285715 0.5086603814952861 0.011300223214285714 0.011401008550756413
14 0.31026785714285715 0.11280420960315721 0.01171875 0.01381276035957027