187 0.3115234375 0.17667689609820253 0.0030691964285714285 0.00920648838228847
187 0.7230050223214286 0.9028934677772906 0.005719866071428571 0.004822446295484437
187 0.11607142857142858 0.8958790004384042 0.0030691964285714285 0.00920648838228847
187 0.7499302455357143 0.27970188513809735 0.005719866071428571 0.004822446295484437
187 0.48074776785714285 0.9004822446295484 0.005859375 0.004822446295484437
187 0.29506138392857145 0.1343708899605436 0.0030691964285714285 0.00920648838228847
187 0.09347098214285714 0.0920648838228847 0.0030691964285714285 0.00920648838228847
25 0.12995256696428573 0.8359272249013591 0.007114955357142857 0.015563349408154318
192 0.13071986607142858 0.7896755808855765 0.012555803571428572 0.019508987286277948
32 0.13113839285714285 0.6991451117930733 0.006696428571428571 0.013371328364752301
190 0.17529296875 0.6843489697501096 0.005161830357142857 0.008329679964927663
177 0.13065011160714285 0.6638535729943007 0.005719866071428571 0.016001753616834723
180 0.48074776785714285 0.27849627356422624 0.005859375 0.011617711530030689
63 0.4808872767857143 0.23597106532222709 0.005859375 0.015124945199473916
192 0.48067801339285715 0.1971722928540114 0.012137276785714286 0.019070583077597545
187 0.4672154017857143 0.17667689609820253 0.0030691964285714285 0.00920648838228847
175 0.41531808035714285 0.17678649715037265 0.007254464285714286 0.00898728627794827
175 0.35560825892857145 0.17711530030688294 0.008091517857142858 0.00920648838228847
186 0.33056640625 0.17667689609820253 0.007952008928571428 0.010083296799649276
181 0.48067801339285715 0.49605436212187637 0.005998883928571429 0.012713722051731697
195 0.46700613839285715 0.5151249451994739 0.0126953125 0.01972818939061815
193 0.4398716517857143 0.5151249451994739 0.011997767857142858 0.01841297676457694
196 0.41294642857142855 0.5151249451994739 0.012555803571428572 0.01972818939061815
177 0.33384486607142855 0.5150153441473038 0.008928571428571428 0.00898728627794827
182 0.5957728794642857 0.3459009206488382 0.006277901785714286 0.009644892590968873
14 0.5713588169642857 0.3459009206488382 0.007952008928571428 0.00920648838228847
183 0.6449497767857143 0.4104559403770276 0.011160714285714286 0.006795265234546251
187 0.6422991071428571 0.4517755370451556 0.005859375 0.004822446295484437
183 0.6448800223214286 0.5477860587461639 0.011300223214285714 0.0070144673388864535
142 0.6424386160714286 0.6599079351161771 0.005859375 0.009425690486628672
185 0.646484375 0.7070363875493205 0.014229910714285714 0.006795265234546251
190 0.6022600446428571 0.7689609820254274 0.005580357142857143 0.010083296799649276
183 0.37569754464285715 0.7484655852696186 0.011160714285714286 0.006795265234546251
176 0.37283761160714285 0.8307759754493643 0.005998883928571429 0.01578255151249452
195 0.373046875 0.8748355984217449 0.013113839285714286 0.020604997807978958
119 0.30245535714285715 0.6471942130644455 0.010602678571428572 0.018632178868917142
177 0.22628348214285715 0.6844585708022797 0.008370535714285714 0.00898728627794827
175 0.39132254464285715 0.8957693993862341 0.008928571428571428 0.00898728627794827
196 0.35909598214285715 0.8958790004384042 0.012276785714285714 0.019289785181937746
181 0.3309849330357143 0.8958790004384042 0.009347098214285714 0.008768084173608066
181 0.39990234375 0.8351600175361683 0.005719866071428571 0.01578255151249452
188 0.3729771205357143 0.670648838228847 0.010184151785714286 0.007233669443226655
178 0.41378348214285715 0.7690705830775976 0.010881696428571428 0.00898728627794827
176 0.43819754464285715 0.7690705830775976 0.010323660714285714 0.00898728627794827
60 0.4649135044642857 0.7688513809732573 0.008510044642857142 0.00898728627794827
25 0.5505719866071429 0.767426567295046 0.009347098214285714 0.01183691363437089
190 0.6017020089285714 0.6420429636124507 0.006138392857142857 0.01052170100832968
184 0.5926339285714286 0.887001315212626 0.014229910714285714 0.006795265234546251
188 0.6519252232142857 0.8958790004384042 0.004743303571428571 0.01797457255589654
14 0.6828264508928571 0.8957693993862341 0.010184151785714286 0.009425690486628672
180 0.7056361607142857 0.8959886014905744 0.008928571428571428 0.00898728627794827
63 0.44189453125 0.6420429636124507 0.007952008928571428 0.008768084173608066
142 0.4100864955357143 0.6419333625602806 0.005719866071428571 0.00898728627794827
196 0.7230050223214286 0.8741779921087243 0.011858258928571428 0.018851380973257344
177 0.5482700892857143 0.8957693993862341 0.010044642857142858 0.009425690486628672
191 0.5170200892857143 0.8958790004384042 0.007533482142857143 0.01183691363437089
187 0.494140625 0.8958790004384042 0.0030691964285714285 0.00920648838228847
176 0.47140066964285715 0.8956597983340641 0.009765625 0.00920648838228847
180 0.43777901785714285 0.8955501972818939 0.009207589285714286 0.00898728627794827
196 0.4130161830357143 0.8958790004384042 0.0126953125 0.020166593599298552
175 0.10379464285714286 0.11760192897851819 0.005859375 0.014248136782113108
194 0.10372488839285714 0.1567295046032442 0.011858258928571428 0.018851380973257344
194 0.10372488839285714 0.32518632178868917 0.012137276785714286 0.019070583077597545
195 0.10379464285714286 0.45320035072336695 0.010323660714285714 0.016440157825515125
183 0.17599051339285715 0.46854449802718107 0.004603794642857143 0.01731696624287593
180 0.19970703125 0.4729285401139851 0.007952008928571428 0.009425690486628672
189 0.11767578125 0.43051293292415604 0.013532366071428572 0.00920648838228847
180 0.17020089285714285 0.4308417360806664 0.010044642857142858 0.009425690486628672
178 0.19398716517857142 0.43062253397632616 0.010463169642857142 0.009425690486628672
102 0.22663225446428573 0.43018412976764575 0.0087890625 0.00898728627794827
192 0.2518833705357143 0.43051293292415604 0.012416294642857142 0.01972818939061815
178 0.3085239955357143 0.43062253397632616 0.007952008928571428 0.00898728627794827
191 0.7349330357142857 0.43051293292415604 0.0078125 0.012275317843051293
25 0.69677734375 0.4980271810609382 0.007114955357142857 0.015344147303814117
179 0.68505859375 0.6439061814993424 0.009347098214285714 0.012494519947391494
186 0.6959402901785714 0.7903331871985971 0.007114955357142857 0.011617711530030689
194 0.3052455357142857 0.4729285401139851 0.011997767857142858 0.018632178868917142
186 0.31919642857142855 0.4912319158263919 0.007254464285714286 0.01183691363437089
191 0.31919642857142855 0.530469092503288 0.0078125 0.012275317843051293
194 0.31912667410714285 0.5791319596668129 0.011858258928571428 0.018851380973257344
175 0.31898716517857145 0.6146427005699254 0.005998883928571429 0.01446733888645331
60 0.31912667410714285 0.36135466900482244 0.005719866071428571 0.013371328364752301
192 0.33335658482142855 0.3460105217010083 0.012137276785714286 0.019070583077597545
25 0.36307198660714285 0.3451337132836475 0.008510044642857142 0.011179307321350284
175 0.44203404017857145 0.3460105217010083 0.007952008928571428 0.00898728627794827
142 0.47488839285714285 0.3460105217010083 0.005580357142857143 0.009425690486628672
14 0.24958147321428573 0.8958790004384042 0.009486607142857142 0.008768084173608066
186 0.7112862723214286 0.3038141166155195 0.007672991071428571 0.011398509425690487
185 0.6526925223214286 0.31028057869355546 0.004324776785714286 0.02257781674704077
195 0.7230050223214286 0.40957913195966683 0.010463169642857142 0.016440157825515125
181 0.7230050223214286 0.452213941253836 0.005719866071428571 0.014028934677772907
193 0.7230050223214286 0.5785839544059623 0.012137276785714286 0.019070583077597545
192 0.7230050223214286 0.6647303814116615 0.0126953125 0.01994739149495835
142 0.7496512276785714 0.45396755808855765 0.005998883928571429 0.009644892590968873
25 0.7504185267857143 0.4927663305567733 0.006975446428571429 0.013590530469092503
192 0.7499302455357143 0.5788031565103025 0.012416294642857142 0.019508987286277948
192 0.6819893973214286 0.43051293292415604 0.012416294642857142 0.01972818939061815
191 0.6153041294642857 0.4047566856641824 0.0087890625 0.013809732573432706
187 0.3056640625 0.7266549758877685 0.0030691964285714285 0.00920648838228847
191 0.33175223214285715 0.7266549758877685 0.008370535714285714 0.0131521262604121
187 0.38643973214285715 0.7266549758877685 0.0030691964285714285 0.00920648838228847
177 0.29220145089285715 0.7505480052608505 0.005998883928571429 0.016659359929855327
195 0.30684988839285715 0.8535729943007453 0.0107421875 0.016659359929855327
179 0.33607700892857145 0.8518193774660237 0.009207589285714286 0.012713722051731697
189 0.18450055803571427 0.5788031565103025 0.0048828125 0.021262604120999562
177 0.1845703125 0.7447391494958352 0.005859375 0.012494519947391494
184 0.19607979910714285 0.7622753178430512 0.004324776785714286 0.02257781674704077
194 0.48067801339285715 0.872862779482683 0.011300223214285714 0.018851380973257344
60 0.48081752232142855 0.8331871985971065 0.005719866071428571 0.012275317843051293
179 0.49546595982142855 0.8094037702761947 0.010184151785714286 0.012494519947391494
184 0.51904296875 0.8045813239807103 0.004603794642857143 0.02257781674704077
189 0.5487583705357143 0.8112669881630864 0.013532366071428572 0.012275317843051293
196 0.5756138392857143 0.8112669881630864 0.011997767857142858 0.018851380973257344
32 0.6844308035714286 0.8103901797457256 0.010044642857142858 0.010960105217010083
195 0.31919642857142855 0.156510302498904 0.012555803571428572 0.01972818939061815
142 0.3187779017857143 0.18774660236738272 0.005859375 0.009425690486628672
142 0.31905691964285715 0.23213502849627357 0.005859375 0.008768084173608066
188 0.31919642857142855 0.279373081981587 0.01171875 0.007233669443226655
191 0.29213169642857145 0.5280578693555458 0.008928571428571428 0.014028934677772907
184 0.22719029017857142 0.564226216571679 0.004324776785714286 0.02235861464270057
102 0.197265625 0.5576501534414731 0.008091517857142858 0.00920648838228847
177 0.17166573660714285 0.5575405523893029 0.010184151785714286 0.00898728627794827
187 0.29227120535714285 0.5786935554581324 0.005859375 0.004822446295484437
190 0.29227120535714285 0.6280140289346777 0.006696428571428571 0.01052170100832968
181 0.21128627232142858 0.7977860587461639 0.005998883928571429 0.012494519947391494
194 0.21142578125 0.7052827707145989 0.012137276785714286 0.019070583077597545
195 0.21149553571428573 0.6205611573871109 0.011160714285714286 0.017536168347216132
32 0.31954520089285715 0.7942788250767208 0.006556919642857143 0.014248136782113108
102 0.31898716517857145 0.7516440157825515 0.005719866071428571 0.016220955721174924
102 0.07707868303571429 0.8288031565103025 0.005719866071428571 0.01578255151249452
14 0.08565848214285714 0.7687417799210873 0.008649553571428572 0.00920648838228847
190 0.09647042410714286 0.6843489697501096 0.005719866071428571 0.01052170100832968
119 0.11711774553571429 0.6794169224024551 0.0087890625 0.018632178868917142
180 0.14683314732142858 0.8534633932485752 0.008231026785714286 0.00898728627794827
102 0.15764508928571427 0.8669443226654976 0.005859375 0.01446733888645331
142 0.6789202008928571 0.472818939061815 0.005719866071428571 0.009644892590968873
182 0.6691545758928571 0.4643796580447172 0.005719866071428571 0.008548882069267865
194 0.6691545758928571 0.4085927224901359 0.012416294642857142 0.019289785181937746
183 0.6665736607142857 0.3582858395440596 0.011439732142857142 0.006795265234546251
192 0.6550641741071429 0.3459009206488382 0.0126953125 0.01972818939061815
60 0.6153738839285714 0.742327926348093 0.005859375 0.013809732573432706
178 0.6153041294642857 0.6639631740464709 0.005719866071428571 0.01578255151249452
188 0.6153041294642857 0.6147523016220956 0.011300223214285714 0.007233669443226655
63 0.6154436383928571 0.5808855765015344 0.005719866071428571 0.012275317843051293
25 0.6145368303571429 0.5431828145550197 0.007254464285714286 0.014905743095133712
192 0.6559012276785714 0.4729285401139851 0.012137276785714286 0.019070583077597545
188 0.6153041294642857 0.8319815870232354 0.011021205357142858 0.0076720736519070585
185 0.15339006696428573 0.20374835598421745 0.014369419642857142 0.006795265234546251
181 0.15757533482142858 0.15431828145550197 0.005998883928571429 0.0131521262604121
184 0.14990234375 0.09864094695309075 0.004603794642857143 0.022797018851380975
177 0.11830357142857142 0.0919552827707146 0.008091517857142858 0.00898728627794827
194 0.15764508928571427 0.28408592722490134 0.011997767857142858 0.018851380973257344
183 0.16015625 0.3681499342393687 0.011439732142857142 0.006795265234546251
119 0.2684849330357143 0.4568171854449803 0.011858258928571428 0.01446733888645331
192 0.25306919642857145 0.4729285401139851 0.011997767857142858 0.018632178868917142
179 0.23960658482142858 0.4862998684787374 0.008231026785714286 0.014686540990793511
192 0.23842075892857142 0.6216571679088119 0.012555803571428572 0.01972818939061815
184 0.39564732142857145 0.6527838667251206 0.014229910714285714 0.0070144673388864535
102 0.38636997767857145 0.8536825953529154 0.009626116071428572 0.00898728627794827
189 0.39990234375 0.5351819377466024 0.0048828125 0.021262604120999562
193 0.38588169642857145 0.472818939061815 0.013113839285714286 0.020604997807978958
60 0.45375279017857145 0.197829899167032 0.005719866071428571 0.014248136782113108
186 0.4536830357142857 0.367382726874178 0.005859375 0.012275317843051293
186 0.4536830357142857 0.45166593599298555 0.006138392857142857 0.012494519947391494
119 0.43868582589285715 0.43522577816747043 0.009905133928571428 0.019070583077597545
181 0.41190011160714285 0.430403331871986 0.009068080357142858 0.00898728627794827
193 0.359375 0.43051293292415604 0.011997767857142858 0.018851380973257344
63 0.23835100446428573 0.45210434020166596 0.005719866071428571 0.015124945199473916
142 0.2652064732142857 0.4919991231915826 0.005859375 0.00898728627794827
182 0.26541573660714285 0.535949145111793 0.006277901785714286 0.008768084173608066
32 0.265625 0.5769399386234108 0.006696428571428571 0.01446733888645331
191 0.26534598214285715 0.6287812362998685 0.008370535714285714 0.012932924156071899