187 0.29561941964285715 0.48739311554483666 0.004464285714285714 0.013593510195132646
187 0.10219029017857142 0.8625301468976102 0.004603794642857143 0.013593510195132646
187 0.7260044642857143 0.12080684060513046 0.008649553571428572 0.007016005262003947
187 0.39732142857142855 0.1749616312212234 0.004464285714285714 0.013593510195132646
187 0.16922433035714285 0.16060074545055908 0.008649553571428572 0.00723525542644157
182 0.2886439732142857 0.5724621793466345 0.008928571428571428 0.0131550098662574
175 0.28857421875 0.5294891471168603 0.008510044642857142 0.019294014470510854
195 0.28857421875 0.4540670905503179 0.018275669642857144 0.02850252137689103
190 0.22077287946428573 0.6123657092742819 0.0068359375 0.011401008550756413
119 0.21351841517857142 0.6365928524446394 0.017717633928571428 0.023459767594825695
185 0.20047433035714285 0.6846086384564788 0.006417410714285714 0.03354527515895637
178 0.12932477678571427 0.5776145582109187 0.008649553571428572 0.02302126726595045
195 0.12946428571428573 0.8310677483008112 0.017020089285714284 0.027844770883578163
182 0.18429129464285715 0.42424906818680114 0.008649553571428572 0.013593510195132646
142 0.2885044642857143 0.7144266608199956 0.008649553571428572 0.013374260030695024
176 0.2885044642857143 0.6430607322955493 0.008649553571428572 0.016663012497259374
14 0.2885044642857143 0.7753782065336549 0.008649553571428572 0.023459767594825695
195 0.18777901785714285 0.8000438500328875 0.015904017857142856 0.02499451874588906
184 0.14222935267857142 0.8098004823503617 0.006556919642857143 0.03310677483008112
192 0.2684849330357143 0.8624205218153914 0.017996651785714284 0.028283271212453408
196 0.18722098214285715 0.8625301468976102 0.018136160714285716 0.02850252137689103
192 0.12946428571428573 0.5199517649638237 0.018136160714285716 0.028721771541328656
190 0.16922433035714285 0.3966235474676606 0.009486607142857142 0.011401008550756413
189 0.19070870535714285 0.29993422495066874 0.020089285714285716 0.012716509537382154
177 0.6463448660714286 0.4577943433457575 0.008649553571428572 0.01841701381276036
175 0.66552734375 0.42545494409120804 0.0126953125 0.01381276035957027
191 0.646484375 0.38215303661477745 0.012276785714285714 0.019294014470510854
177 0.6465541294642857 0.3336987502740627 0.008510044642857142 0.01841701381276036
178 0.6212332589285714 0.2997149747862311 0.013392857142857142 0.013593510195132646
187 0.5868443080357143 0.29993422495066874 0.004603794642857143 0.013593510195132646
175 0.30489676339285715 0.550098662573997 0.015485491071428572 0.013593510195132646
175 0.32833426339285715 0.6371409778557334 0.008510044642857142 0.0197325147993861
119 0.3124302455357143 0.6823065117298838 0.017159598214285716 0.02762552071914054
195 0.26820591517857145 0.5499890374917781 0.015485491071428572 0.02433676825257619
177 0.24888392857142858 0.2632098224073668 0.008649553571428572 0.016882262661696998
60 0.22523716517857142 0.362639771979829 0.013253348214285714 0.013593510195132646
190 0.08970424107142858 0.7559745669809252 0.008091517857142858 0.014909011181758386
102 0.08977399553571429 0.651940363955273 0.009068080357142858 0.020828765621574215
189 0.72607421875 0.20905503179127385 0.010463169642857142 0.031352773514580136
190 0.6976841517857143 0.29993422495066874 0.008649553571428572 0.014909011181758386
192 0.7059151785714286 0.36242052181539136 0.018136160714285716 0.02850252137689103
189 0.6263950892857143 0.17485200613900462 0.020089285714285716 0.01644376233282175
119 0.5529436383928571 0.18175838631878974 0.014090401785714286 0.028064021048015787
63 0.5150669642857143 0.17485200613900462 0.010602678571428572 0.01381276035957027
182 0.4706333705357143 0.17452313089234817 0.0087890625 0.013593510195132646
142 0.5272739955357143 0.33972812979609734 0.0087890625 0.01381276035957027
187 0.46756417410714285 0.424906818680114 0.004603794642857143 0.013593510195132646
183 0.5031389508928571 0.30618285463714096 0.006556919642857143 0.026090769568077175
192 0.4873744419642857 0.3326024994518746 0.017717633928571428 0.028064021048015787
32 0.40855189732142855 0.3333698750274063 0.009626116071428572 0.018636263977197982
14 0.38525390625 0.23700942775707082 0.013811383928571428 0.014032010524007894
119 0.3115931919642857 0.24490243367682527 0.015206473214285714 0.028064021048015787
189 0.646484375 0.6428414821311116 0.010044642857142858 0.031572023679017756
184 0.5488978794642857 0.43466345099758824 0.006277901785714286 0.03354527515895637
25 0.36669921875 0.6512826134619601 0.0107421875 0.022144266608199955
193 0.3680943080357143 0.45505371629028724 0.017996651785714284 0.028283271212453408
195 0.3886021205357143 0.6124753343565008 0.015485491071428572 0.023898267923700943
178 0.42013113839285715 0.6122560841920631 0.013811383928571428 0.013374260030695024
181 0.46254185267857145 0.6124753343565008 0.011858258928571428 0.013374260030695024
194 0.12946428571428573 0.4540670905503179 0.018136160714285716 0.02850252137689103
63 0.14962332589285715 0.2998245998684499 0.0126953125 0.013374260030695024
182 0.6782924107142857 0.48717386538039903 0.008370535714285714 0.013593510195132646
187 0.7260044642857143 0.518636263977198 0.008649553571428572 0.00723525542644157
178 0.7014508928571429 0.4247971935978952 0.011160714285714286 0.01381276035957027
181 0.5670340401785714 0.6354966016224513 0.008510044642857142 0.018636263977197982
187 0.5669642857142857 0.7686910765183074 0.008649553571428572 0.007016005262003947
185 0.6130719866071429 0.9116421837316377 0.021065848214285716 0.010085507564130673
195 0.6067940848214286 0.7660600745450559 0.017996651785714284 0.028064021048015787
63 0.5858677455357143 0.7374479280859461 0.011300223214285714 0.013374260030695024
187 0.5669642857142857 0.5812321859241394 0.008649553571428572 0.007016005262003947
192 0.32833426339285715 0.26869107651830737 0.017159598214285716 0.027844770883578163
119 0.34423828125 0.4178908134181101 0.015764508928571428 0.02762552071914054
14 0.35079520089285715 0.3000438500328875 0.014090401785714286 0.013374260030695024
186 0.16950334821428573 0.8251479938609954 0.009765625 0.017320762990572242
60 0.16908482142857142 0.7771322078491559 0.008649553571428572 0.018197763648322735
192 0.16929408482142858 0.7051085288313966 0.017996651785714284 0.028064021048015787
176 0.16915457589285715 0.5845209383907038 0.008510044642857142 0.02324051743038807
185 0.17543247767857142 0.6334137250602938 0.021344866071428572 0.010085507564130673
119 0.44301060267857145 0.46744135058101294 0.017717633928571428 0.02587151940363955
187 0.3482142857142857 0.6123657092742819 0.004464285714285714 0.013593510195132646
119 0.30894252232142855 0.6194913396185047 0.012974330357142858 0.027406270554702915
195 0.6658761160714286 0.6749616312212234 0.018694196428571428 0.029160271870203903
14 0.6463448660714286 0.7097127822845867 0.008649553571428572 0.020171015128261346
63 0.72607421875 0.697325147993861 0.008510044642857142 0.02302126726595045
181 0.7128208705357143 0.924906818680114 0.0126953125 0.013374260030695024
183 0.16545758928571427 0.2569611927208945 0.017020089285714284 0.010085507564130673
195 0.6067243303571429 0.7074106555579917 0.017578125 0.027844770883578163
194 0.6672014508928571 0.7374479280859461 0.018275669642857144 0.028721771541328656
185 0.6800362723214286 0.6529269896952423 0.021065848214285716 0.010085507564130673
177 0.6467633928571429 0.8295329971497478 0.008649553571428572 0.016882262661696998
176 0.5466657366071429 0.23733830300372724 0.011858258928571428 0.013374260030695024
180 0.6066545758928571 0.2808594606445955 0.008510044642857142 0.02236351677263758
190 0.5565011160714286 0.36242052181539136 0.0078125 0.012278009208506906