187 0.6067243303571429 0.5094277570708178 0.008649553571428572 0.00723525542644157
187 0.08970424107142858 0.14744573558430168 0.008649553571428572 0.00723525542644157
187 0.18777901785714285 0.9250164437623328 0.004464285714285714 0.013593510195132646
187 0.40792410714285715 0.8430168822626617 0.008649553571428572 0.007016005262003947
187 0.3387974330357143 0.8625301468976102 0.004603794642857143 0.013593510195132646
195 0.42738560267857145 0.42501644376233283 0.015485491071428572 0.02433676825257619
102 0.5484793526785714 0.4251260688445516 0.013532366071428572 0.0131550098662574
183 0.3935546875 0.2434773076079807 0.006417410714285714 0.026529269896952423
119 0.49169921875 0.1409778557333918 0.017717633928571428 0.02587151940363955
142 0.48716517857142855 0.21563253672440255 0.008649553571428572 0.013374260030695024
14 0.4716099330357143 0.36285902214426663 0.014369419642857142 0.0131550098662574
195 0.38685825892857145 0.29993422495066874 0.016462053571428572 0.02587151940363955
102 0.30301339285714285 0.29916684937513705 0.011439732142857142 0.01381276035957027
14 0.4476841517857143 0.7632098224073668 0.008649553571428572 0.017978513483885114
183 0.44370814732142855 0.6494189870642403 0.0166015625 0.01052400789300592
63 0.4476841517857143 0.5744354308265731 0.008370535714285714 0.017540013155009866
14 0.44761439732142855 0.5194036395527296 0.0087890625 0.017540013155009866
178 0.44747488839285715 0.4503398377548783 0.008510044642857142 0.021486516114887087
191 0.40792410714285715 0.7658408243806183 0.012276785714285714 0.019294014470510854
14 0.40792410714285715 0.40374917781188335 0.008370535714285714 0.02039026529269897
192 0.4287109375 0.36242052181539136 0.019252232142857144 0.03025652269239202
193 0.40785435267857145 0.33008112256084193 0.017996651785714284 0.028283271212453408
195 0.38916015625 0.42501644376233283 0.015485491071428572 0.023898267923700943
175 0.34933035714285715 0.36231089673317257 0.015066964285714286 0.013374260030695024
182 0.38943917410714285 0.36231089673317257 0.008231026785714286 0.01381276035957027
192 0.32833426339285715 0.4564788423591318 0.018275669642857144 0.02850252137689103
185 0.236328125 0.5598552948914711 0.006417410714285714 0.03310677483008112
191 0.3818359375 0.7374479280859461 0.011997767857142858 0.01907476430607323
63 0.5269252232142857 0.7702258276693708 0.008649553571428572 0.02104801578601184
180 0.5274135044642857 0.8233939925454944 0.008510044642857142 0.02302126726595045
192 0.5877511160714286 0.6123657092742819 0.018415178571428572 0.02894102170576628
193 0.5272042410714286 0.5781626836220127 0.017857142857142856 0.028064021048015787
14 0.6463448660714286 0.6444858583643938 0.008649553571428572 0.023459767594825695
178 0.6466936383928571 0.5280640210480158 0.0087890625 0.02565226923920193
176 0.6215122767857143 0.48717386538039903 0.013392857142857142 0.013593510195132646
176 0.6208844866071429 0.4247971935978952 0.015206473214285714 0.013374260030695024
188 0.646484375 0.7114667836000877 0.010881696428571428 0.011401008550756413
187 0.646484375 0.8312869984652489 0.008649553571428572 0.00723525542644157
183 0.6270228794642857 0.8687787765840824 0.006556919642857143 0.026090769568077175
102 0.5916573660714286 0.862639771979829 0.015625 0.013374260030695024
178 0.5539899553571429 0.8620916465687349 0.016183035714285716 0.013593510195132646
180 0.12953404017857142 0.5910984433238325 0.008510044642857142 0.018855514141635606
180 0.12967354910714285 0.5105240078930059 0.0087890625 0.020828765621574215
179 0.12779017857142858 0.3395088796316597 0.01171875 0.026529269896952423
142 0.08963448660714286 0.7748300811225608 0.0087890625 0.0131550098662574
180 0.10442243303571429 0.6122560841920631 0.013811383928571428 0.013374260030695024
180 0.08998325892857142 0.8252576189432143 0.008649553571428572 0.022802017101512827
185 0.10177176339285714 0.852773514580136 0.006277901785714286 0.03354527515895637
192 0.08970424107142858 0.5792589344442008 0.017857142857142856 0.028064021048015787
119 0.08530970982142858 0.5149090111817584 0.017717633928571428 0.023898267923700943
60 0.08984375 0.46546809910107434 0.008928571428571428 0.020171015128261346
192 0.4476841517857143 0.2056566542424907 0.018694196428571428 0.029379522034641527
191 0.4476841517857143 0.1344003508002631 0.010044642857142858 0.015786011839508878
14 0.5669642857142857 0.45362859022144264 0.008370535714285714 0.01841701381276036
195 0.5886579241071429 0.36242052181539136 0.018275669642857144 0.02850252137689103
63 0.5440848214285714 0.2998245998684499 0.014229910714285714 0.013374260030695024
184 0.09577287946428571 0.2620039465029599 0.021623883928571428 0.010085507564130673
142 0.15869140625 0.17507125630344222 0.0087890625 0.01381276035957027
25 0.22140066964285715 0.17331725498794123 0.013392857142857142 0.01644376233282175
181 0.26771763392857145 0.17507125630344222 0.010881696428571428 0.01381276035957027
179 0.14536830357142858 0.6152159614119711 0.014229910714285714 0.018855514141635606
194 0.2689732142857143 0.7375575531681648 0.018415178571428572 0.02894102170576628
60 0.16915457589285715 0.8207629905722429 0.008510044642857142 0.02433676825257619
193 0.16922433035714285 0.895198421398816 0.018136160714285716 0.02850252137689103
184 0.3539341517857143 0.8098004823503617 0.006417410714285714 0.03310677483008112
196 0.32833426339285715 0.5789300591975444 0.017159598214285716 0.027844770883578163
63 0.4649135044642857 0.4872834904626179 0.012137276785714286 0.013374260030695024
178 0.24874441964285715 0.7775707081780311 0.008370535714285714 0.023898267923700943
14 0.2490234375 0.703135277351458 0.008928571428571428 0.021925016443762334
191 0.24874441964285715 0.6454724841043631 0.013392857142857142 0.02104801578601184
181 0.6312779017857143 0.3622012716509537 0.011160714285714286 0.0131550098662574
25 0.5897739955357143 0.4267704450778338 0.011858258928571428 0.01775926331944749
193 0.6465541294642857 0.3287656215742162 0.017438616071428572 0.027844770883578163
183 0.6424386160714286 0.2746108309581232 0.016462053571428572 0.01118175838631879
179 0.7243303571428571 0.27669370752028066 0.011997767857142858 0.0263100197325148
189 0.7043805803571429 0.23744792808594606 0.020089285714285716 0.015786011839508878
102 0.5092075892857143 0.23733830300372724 0.015345982142857142 0.013374260030695024
176 0.48744419642857145 0.3930059197544398 0.008370535714285714 0.024775268581451435
188 0.630859375 0.11247533435650077 0.0078125 0.02499451874588906
102 0.5936802455357143 0.11258495943871957 0.012416294642857142 0.013374260030695024
180 0.54443359375 0.11269458452093839 0.012974330357142858 0.013593510195132646
179 0.5113699776785714 0.11510633632975224 0.016322544642857144 0.01841701381276036
60 0.28843470982142855 0.831835123876343 0.008510044642857142 0.019294014470510854
25 0.30092075892857145 0.8606665204998903 0.013671875 0.016882262661696998
183 0.28466796875 0.6522692392019294 0.016880580357142856 0.01052400789300592
176 0.14815848214285715 0.6749616312212234 0.011160714285714286 0.013374260030695024
195 0.20905412946428573 0.640868230651173 0.015485491071428572 0.024117518088138567
186 0.30929129464285715 0.5497697873273405 0.010881696428571428 0.015566761675071256
142 0.2885044642857143 0.33972812979609734 0.008649553571428572 0.01381276035957027
25 0.6717354910714286 0.426660819995615 0.015066964285714286 0.01710151282613462
194 0.72607421875 0.5839728129796098 0.017438616071428572 0.027844770883578163
192 0.7047991071428571 0.6124753343565008 0.019252232142857144 0.030475772856829644
119 0.48277064732142855 0.7622231966673975 0.017717633928571428 0.022144266608199955
60 0.47105189732142855 0.7375575531681648 0.015485491071428572 0.013593510195132646
182 0.4873046875 0.5747643060732296 0.008649553571428572 0.013374260030695024
184 0.47188895089285715 0.5596360447270335 0.006556919642857143 0.03354527515895637
193 0.4263392857142857 0.5498794124095593 0.018415178571428572 0.02894102170576628
175 0.34242466517857145 0.5497697873273405 0.014369419642857142 0.013374260030695024
186 0.36795479910714285 0.3901556676167507 0.010184151785714286 0.01775926331944749
191 0.15471540178571427 0.29993422495066874 0.012276785714285714 0.019294014470510854
195 0.5669642857142857 0.26759482569611925 0.017857142857142856 0.028283271212453408
190 0.6282784598214286 0.23733830300372724 0.010463169642857142 0.01644376233282175
183 0.56298828125 0.16136812102609077 0.0166015625 0.010085507564130673