187 0.5469447544642857 0.48980710214818063 0.004045758928571429 0.012056115738711091
187 0.11990792410714286 0.3528057869355546 0.007672991071428571 0.006356861025865849
187 0.32596261160714285 0.9297457255589654 0.004045758928571429 0.012056115738711091
187 0.5749162946428571 0.9104559403770276 0.007533482142857143 0.006356861025865849
187 0.7239118303571429 0.8747259973695748 0.00390625 0.012056115738711091
187 0.4930943080357143 0.8747259973695748 0.004045758928571429 0.012056115738711091
187 0.7149135044642857 0.4998903989478299 0.007672991071428571 0.006356861025865849
187 0.11063058035714286 0.8747259973695748 0.00390625 0.012056115738711091
185 0.1494140625 0.25482244629548445 0.018694196428571428 0.009425690486628672
142 0.15485491071428573 0.20056992547128452 0.0078125 0.011398509425690487
185 0.09047154017857142 0.1972818939061815 0.0185546875 0.008768084173608066
119 0.10539899553571429 0.4285401139850943 0.012416294642857142 0.02498903989478299
189 0.17354910714285715 0.43478737395879 0.017578125 0.012494519947391494
177 0.21058872767857142 0.4343489697501096 0.0126953125 0.011617711530030689
14 0.24421037946428573 0.4350065760631302 0.009905133928571428 0.012056115738711091
196 0.5749860491071429 0.7897851819377466 0.015206473214285714 0.024550635686102586
142 0.5749162946428571 0.7452871547566856 0.007533482142857143 0.012713722051731697
25 0.5738002232142857 0.6846777729066199 0.010044642857142858 0.018632178868917142
176 0.44998604910714285 0.5998465585269619 0.010184151785714286 0.011617711530030689
187 0.5749162946428571 0.5722270933800965 0.007533482142857143 0.006356861025865849
185 0.30043247767857145 0.47731258220078915 0.0185546875 0.009425690486628672
195 0.294921875 0.5193993862341079 0.015904017857142856 0.024769837790442787
195 0.34779575892857145 0.5997369574747917 0.015625 0.024550635686102586
119 0.2988978794642857 0.6272468215694871 0.015485491071428572 0.01994739149495835
190 0.294921875 0.6759096887330118 0.006696428571428571 0.009425690486628672
180 0.38553292410714285 0.709776413853573 0.009068080357142858 0.01183691363437089
183 0.4077845982142857 0.6493862341078475 0.005580357142857143 0.023016220955721176
183 0.43150111607142855 0.642371766768961 0.014787946428571428 0.00898728627794827
187 0.34744698660714285 0.6547566856641823 0.004045758928571429 0.01183691363437089
179 0.32840401785714285 0.5818719859710654 0.010323660714285714 0.02345462516440158
63 0.30810546875 0.5449364313897413 0.011858258928571428 0.01183691363437089
193 0.11990792410714286 0.1857737834283209 0.015485491071428572 0.024331433581762384
179 0.09988839285714286 0.10718982902235862 0.011997767857142858 0.016220955721174924
63 0.14208984375 0.21459886014905744 0.012416294642857142 0.01183691363437089
187 0.17243303571428573 0.21481806225339764 0.00390625 0.01183691363437089
181 0.20765904017857142 0.21481806225339764 0.013253348214285714 0.01183691363437089
183 0.22154017857142858 0.20265234546251645 0.014787946428571428 0.00898728627794827
193 0.5221819196428571 0.10477860587461639 0.016183035714285716 0.025427444103463395
32 0.5754743303571429 0.19103463393248576 0.008928571428571428 0.02257781674704077
142 0.57470703125 0.29110039456378783 0.007672991071428571 0.012275317843051293
178 0.5899832589285714 0.324967119684349 0.011160714285714286 0.012494519947391494
14 0.63037109375 0.32474791758000876 0.009905133928571428 0.011617711530030689
182 0.6652483258928571 0.32463831652783864 0.0068359375 0.012713722051731697
119 0.7002650669642857 0.318500657606313 0.013811383928571428 0.024550635686102586
180 0.34263392857142855 0.5449364313897413 0.01171875 0.01183691363437089
192 0.3827427455357143 0.5448268303375713 0.015485491071428572 0.024331433581762384
195 0.43491908482142855 0.5744191144234985 0.014369419642857142 0.02257781674704077
195 0.38344029017857145 0.43478737395879 0.015764508928571428 0.024769837790442787
196 0.3999720982142857 0.6828145550197282 0.015625 0.024550635686102586
192 0.3999720982142857 0.7927444103463394 0.015345982142857142 0.024331433581762384
192 0.38071986607142855 0.8197062691801841 0.015904017857142856 0.024769837790442787
14 0.43484933035714285 0.7332310390179746 0.0078125 0.01578255151249452
177 0.43505859375 0.7878123629986847 0.007672991071428571 0.015344147303814117
177 0.43505859375 0.9033318719859711 0.007952008928571428 0.01797457255589654
177 0.42020089285714285 0.9297457255589654 0.012276785714285714 0.011617711530030689
184 0.37039620535714285 0.34918895221394125 0.018694196428571428 0.008768084173608066
32 0.36544363839285715 0.39993423936869793 0.008510044642857142 0.01994739149495835
182 0.36488560267857145 0.3040333187198597 0.007672991071428571 0.01183691363437089
191 0.36495535714285715 0.24671196843489698 0.01171875 0.018632178868917142
189 0.345703125 0.159798334064007 0.017578125 0.010083296799649276
193 0.31103515625 0.15990793511617712 0.016043526785714284 0.025208241999123193
25 0.5936802455357143 0.8733011836913634 0.011021205357142858 0.01446733888645331
177 0.6947544642857143 0.8746163963174046 0.009765625 0.01183691363437089
178 0.5628487723214286 0.8197062691801841 0.013811383928571428 0.011617711530030689
32 0.5237862723214286 0.8185006576063131 0.012974330357142858 0.014028934677772907
177 0.4540318080357143 0.8199254712845243 0.011579241071428572 0.012056115738711091
182 0.3300083705357143 0.9180184129767646 0.007672991071428571 0.01183691363437089
14 0.294921875 0.248903989478299 0.007533482142857143 0.019070583077597545
176 0.23911830357142858 0.26972818939061816 0.012834821428571428 0.012056115738711091
192 0.34793526785714285 0.21481806225339764 0.016183035714285716 0.025427444103463395
182 0.37451171875 0.21525646646207802 0.007672991071428571 0.01183691363437089
195 0.41810825892857145 0.2698377904427883 0.015625 0.024112231477422183
180 0.08489118303571429 0.12878123629986848 0.007393973214285714 0.016440157825515125
178 0.10609654017857142 0.26972818939061816 0.014369419642857142 0.011617711530030689
192 0.55712890625 0.2698377904427883 0.016043526785714284 0.02498903989478299
194 0.6256277901785714 0.7647961420429636 0.015764508928571428 0.02498903989478299
60 0.7353515625 0.8199254712845243 0.011439732142857142 0.012932924156071899
32 0.7021484375 0.8185006576063131 0.013392857142857142 0.014028934677772907
183 0.5433872767857143 0.8463393248575186 0.014787946428571428 0.00920648838228847
190 0.7499302455357143 0.7287373958790004 0.005719866071428571 0.012494519947391494
32 0.7500697544642857 0.6197939500219202 0.0087890625 0.021701008329679965
195 0.6960100446428571 0.5997369574747917 0.015625 0.024112231477422183
14 0.6251395089285714 0.5997369574747917 0.010323660714285714 0.01183691363437089
63 0.19008091517857142 0.18062253397632616 0.007393973214285714 0.021920210434020166
195 0.22488839285714285 0.2996492766330557 0.013392857142857142 0.021481806225339763
25 0.5041155133928571 0.41538798772468216 0.009347098214285714 0.01578255151249452
177 0.48472377232142855 0.37976764576939936 0.013253348214285714 0.011617711530030689
187 0.5049525669642857 0.5173169662428759 0.007672991071428571 0.006137658921525646
177 0.48814174107142855 0.5450460324419114 0.013950892857142858 0.012056115738711091
186 0.40018136160714285 0.5733231039017974 0.0087890625 0.015124945199473916
60 0.5049525669642857 0.6343708899605436 0.007393973214285714 0.01841297676457694
189 0.5049525669642857 0.6839105655414291 0.007952008928571428 0.02761946514686541
102 0.4497767857142857 0.709776413853573 0.013671875 0.01183691363437089
193 0.41615513392857145 0.709776413853573 0.015625 0.024112231477422183
195 0.1708984375 0.3248575186321789 0.016183035714285716 0.025427444103463395
191 0.13316127232142858 0.3248575186321789 0.0107421875 0.01709776413853573
25 0.09758649553571429 0.3263919333625603 0.010184151785714286 0.014905743095133712
184 0.66943359375 0.4984655852696186 0.005719866071428571 0.029373081981587022
187 0.62744140625 0.48980710214818063 0.004045758928571429 0.012056115738711091
177 0.5920061383928571 0.48947829899167034 0.011300223214285714 0.012275317843051293
178 0.6237444196428571 0.4348969750109601 0.012555803571428572 0.012275317843051293
186 0.7146344866071429 0.41297676457693994 0.007952008928571428 0.015344147303814117
190 0.6981724330357143 0.37976764576939936 0.007952008928571428 0.010740903112669882
190 0.6628069196428571 0.2698377904427883 0.008091517857142858 0.014028934677772907
194 0.5225306919642857 0.15990793511617712 0.015764508928571428 0.024769837790442787
178 0.5048828125 0.1854449802718106 0.007533482142857143 0.021920210434020166
142 0.5048130580357143 0.23191582639193337 0.007672991071428571 0.012275317843051293
195 0.5049525669642857 0.35379219640508547 0.015206473214285714 0.024550635686102586
175 0.45577566964285715 0.104340201665936 0.011160714285714286 0.01183691363437089
32 0.3846958705357143 0.1588119245944761 0.012137276785714286 0.013809732573432706
32 0.12032645089285714 0.8523673827268742 0.009068080357142858 0.016878562034195528
189 0.17410714285714285 0.8197062691801841 0.017578125 0.010740903112669882
176 0.20514787946428573 0.8193774660236738 0.013253348214285714 0.012275317843051293
192 0.24274553571428573 0.8198158702323542 0.016183035714285716 0.025427444103463395
102 0.30601283482142855 0.8198158702323542 0.012137276785714286 0.01183691363437089
186 0.20479910714285715 0.7101052170100833 0.010044642857142858 0.014248136782113108
189 0.11990792410714286 0.6253836036825954 0.007114955357142857 0.02761946514686541
182 0.11976841517857142 0.5255370451556335 0.007952008928571428 0.011617711530030689
182 0.46993582589285715 0.353244191144235 0.007672991071428571 0.011617711530030689
194 0.46993582589285715 0.29658044717229287 0.015485491071428572 0.024550635686102586
195 0.46993582589285715 0.24002630425252083 0.014927455357142858 0.024550635686102586
187 0.39990234375 0.6272468215694871 0.007672991071428571 0.006356861025865849
14 0.3998325892857143 0.5122753178430512 0.007533482142857143 0.016220955721174924
181 0.4189453125 0.3798772468215695 0.010881696428571428 0.01183691363437089
193 0.7149135044642857 0.1865409907935116 0.014927455357142858 0.024550635686102586
192 0.6973353794642857 0.15990793511617712 0.016043526785714284 0.025208241999123193
14 0.6579241071428571 0.15990793511617712 0.012555803571428572 0.011617711530030689
175 0.56298828125 0.1595791319596668 0.009626116071428572 0.012275317843051293
60 0.7150530133928571 0.29833406400701445 0.007672991071428571 0.018851380973257344
180 0.5896344866071429 0.3799868478737396 0.009626116071428572 0.012056115738711091
102 0.5559430803571429 0.3798772468215695 0.013113839285714286 0.01183691363437089
63 0.5207868303571429 0.3796580447172293 0.010602678571428572 0.01183691363437089
195 0.45375279017857145 0.159798334064007 0.014090401785714286 0.021920210434020166
32 0.43540736607142855 0.2487943884261289 0.008649553571428572 0.01841297676457694
185 0.44022042410714285 0.2817843051293292 0.019112723214285716 0.00898728627794827
191 0.4349888392857143 0.36321788689171414 0.011997767857142858 0.018851380973257344
190 0.5048828125 0.7801402893467777 0.005580357142857143 0.01183691363437089
60 0.5589425223214286 0.7646865409907935 0.009068080357142858 0.011617711530030689
178 0.5048828125 0.8958790004384042 0.0078125 0.02104340201665936
189 0.48653738839285715 0.9297457255589654 0.017717633928571428 0.010740903112669882
196 0.46993582589285715 0.791209995615958 0.016043526785714284 0.025208241999123193
182 0.46993582589285715 0.7206269180184129 0.007672991071428571 0.012056115738711091
195 0.46993582589285715 0.6808417360806663 0.013532366071428572 0.021481806225339763
181 0.30922154017857145 0.8752740026304252 0.011021205357142858 0.01183691363437089
60 0.2826450892857143 0.8748355984217449 0.009765625 0.01183691363437089
196 0.20570591517857142 0.8747259973695748 0.016043526785714284 0.025208241999123193