187 0.49441964285714285 0.159798334064007 0.00390625 0.01183691363437089
187 0.43491908482142855 0.9079351161771153 0.007672991071428571 0.006137658921525646
187 0.3046177455357143 0.21481806225339764 0.004045758928571429 0.01183691363437089
187 0.15492466517857142 0.8839324857518632 0.007672991071428571 0.006356861025865849
187 0.11990792410714286 0.6377685225778168 0.007672991071428571 0.006356861025865849
187 0.11990792410714286 0.1186979395002192 0.007672991071428571 0.006356861025865849
187 0.26876395089285715 0.10488820692678649 0.004045758928571429 0.012056115738711091
188 0.5399693080357143 0.12308198158702323 0.011579241071428572 0.011179307321350284
175 0.5227399553571429 0.1600175361683472 0.010881696428571428 0.01183691363437089
187 0.5223911830357143 0.10488820692678649 0.004045758928571429 0.012056115738711091
175 0.39990234375 0.19443226654975887 0.007393973214285714 0.01797457255589654
193 0.3998325892857143 0.298882069267865 0.015625 0.024331433581762384
177 0.4195033482142857 0.32474791758000876 0.012834821428571428 0.011617711530030689
179 0.6783621651785714 0.7320254274441035 0.010463169642857142 0.021701008329679965
185 0.6633649553571429 0.6634151687856203 0.005859375 0.02915387987724682
32 0.5994001116071429 0.6537702761946514 0.013253348214285714 0.013809732573432706
191 0.5593610491071429 0.6547566856641823 0.011858258928571428 0.01841297676457694
185 0.5321568080357143 0.66308636562911 0.005719866071428571 0.029811486190267425
25 0.45375279017857145 0.6560718982902236 0.013253348214285714 0.015344147303814117
194 0.6799665178571429 0.6269180184129768 0.016183035714285716 0.025427444103463395
186 0.6804547991071429 0.5128233231039018 0.008510044642857142 0.015124945199473916
195 0.6799665178571429 0.40464708461201226 0.016183035714285716 0.025427444103463395
196 0.6623186383928571 0.37976764576939936 0.016043526785714284 0.025208241999123193
60 0.6276506696428571 0.3798772468215695 0.013113839285714286 0.01183691363437089
192 0.5909598214285714 0.3798772468215695 0.016183035714285716 0.025427444103463395
178 0.5279715401785714 0.3799868478737396 0.011300223214285714 0.012056115738711091
186 0.48549107142857145 0.37976764576939936 0.009765625 0.013809732573432706
175 0.5050223214285714 0.1865409907935116 0.007533482142857143 0.02104340201665936
192 0.48702566964285715 0.3248575186321789 0.015625 0.024550635686102586
190 0.44740513392857145 0.3248575186321789 0.009207589285714286 0.012713722051731697
185 0.40541294642857145 0.36135466900482244 0.018694196428571428 0.009425690486628672
183 0.37234933035714285 0.38546690048224463 0.005580357142857143 0.02257781674704077
178 0.44775390625 0.7647961420429636 0.014090401785714286 0.01183691363437089
184 0.48863002232142855 0.7562472599736958 0.005719866071428571 0.029373081981587022
187 0.43491908482142855 0.6272468215694871 0.007672991071428571 0.006356861025865849
63 0.43491908482142855 0.5654318281455502 0.007393973214285714 0.017755370451556333
180 0.4351283482142857 0.5181937746602368 0.008091517857142858 0.01972818939061815
175 0.3846958705357143 0.43478737395879 0.012974330357142858 0.011617711530030689
25 0.33091517857142855 0.39971503726435775 0.009486607142857142 0.01994739149495835
177 0.32979910714285715 0.2381630863656291 0.0078125 0.015124945199473916
63 0.30796595982142855 0.15968873301183692 0.011021205357142858 0.012056115738711091
190 0.27566964285714285 0.159798334064007 0.007254464285714286 0.01446733888645331
183 0.1865234375 0.5041648399824639 0.014787946428571428 0.008768084173608066
176 0.19008091517857142 0.7818939061814993 0.007393973214285714 0.014905743095133712
192 0.17124720982142858 0.8197062691801841 0.016043526785714284 0.025208241999123193
102 0.4697963169642857 0.628233231039018 0.007393973214285714 0.01972818939061815
178 0.46986607142857145 0.5688294607628234 0.0078125 0.01797457255589654
60 0.47000558035714285 0.45572117492327924 0.007533482142857143 0.015344147303814117
192 0.46993582589285715 0.4047566856641824 0.016043526785714284 0.025208241999123193
187 0.45242745535714285 0.43478737395879 0.00390625 0.012056115738711091
182 0.47000558035714285 0.678320911880754 0.007533482142857143 0.012056115738711091
193 0.22495814732142858 0.2992108724243753 0.015206473214285714 0.024550635686102586
196 0.24330357142857142 0.3798772468215695 0.016183035714285716 0.025427444103463395
188 0.28452845982142855 0.3798772468215695 0.007114955357142857 0.020166593599298552
60 0.15520368303571427 0.8496273564226217 0.007952008928571428 0.016220955721174924
189 0.15492466517857142 0.6806225339763262 0.009626116071428572 0.02761946514686541
175 0.1708984375 0.709776413853573 0.013392857142857142 0.01183691363437089
142 0.20152064732142858 0.7099956159579132 0.007114955357142857 0.012275317843051293
186 0.294921875 0.6779921087242438 0.008370535714285714 0.015344147303814117
184 0.30398995535714285 0.6460982025427444 0.005580357142857143 0.02915387987724682
32 0.4150390625 0.6537702761946514 0.012555803571428572 0.014686540990793511
176 0.64501953125 0.41078474353353794 0.007672991071428571 0.01709776413853573
60 0.6448800223214286 0.35269618588338447 0.007393973214285714 0.018851380973257344
179 0.646484375 0.4583516001753617 0.010323660714285714 0.02235861464270057
187 0.6449497767857143 0.5722270933800965 0.007533482142857143 0.006356861025865849
194 0.6272321428571429 0.5997369574747917 0.015625 0.02367382726874178
184 0.6155133928571429 0.614094695309075 0.018415178571428572 0.00898728627794827
188 0.11990792410714286 0.5270714598860149 0.013532366071428572 0.009425690486628672
193 0.17361886160714285 0.43478737395879 0.015764508928571428 0.024769837790442787
175 0.11983816964285714 0.1848969750109601 0.0078125 0.015124945199473916
186 0.11976841517857142 0.2377246821569487 0.0087890625 0.015124945199473916
185 0.12751116071428573 0.15113985094256904 0.005580357142857143 0.02915387987724682
63 0.20710100446428573 0.15968873301183692 0.009626116071428572 0.012056115738711091
60 0.11983816964285714 0.3027181060938185 0.007533482142857143 0.016220955721174924
63 0.11983816964285714 0.355436212187637 0.0078125 0.019070583077597545
189 0.13825334821428573 0.3798772468215695 0.017578125 0.010083296799649276
192 0.45284598214285715 0.21481806225339764 0.015625 0.024112231477422183
178 0.38113839285714285 0.21470846120122752 0.010881696428571428 0.012056115738711091
32 0.34619140625 0.21317404647084612 0.013811383928571428 0.014686540990793511
179 0.08356584821428571 0.4059622972380535 0.010602678571428572 0.02104340201665936
192 0.0849609375 0.29679964927663305 0.015345982142857142 0.024550635686102586
181 0.13274274553571427 0.32474791758000876 0.012416294642857142 0.012056115738711091
102 0.17633928571428573 0.32474791758000876 0.012555803571428572 0.011617711530030689
190 0.35072544642857145 0.159798334064007 0.008091517857142858 0.01183691363437089
188 0.36495535714285715 0.2368478737395879 0.010044642857142858 0.00898728627794827
14 0.36488560267857145 0.29526523454625164 0.007393973214285714 0.01841297676457694
192 0.6449497767857143 0.1865409907935116 0.015904017857142856 0.02498903989478299
182 0.6449497767857143 0.13678211310828584 0.0078125 0.011398509425690487
194 0.5913783482142857 0.21481806225339764 0.015625 0.024550635686102586
189 0.5562220982142857 0.21481806225339764 0.017578125 0.014905743095133712
25 0.4927455357142857 0.21602367382726875 0.013113839285714286 0.015124945199473916
185 0.6201869419642857 0.3334064007014467 0.005719866071428571 0.029373081981587022
191 0.56103515625 0.32474791758000876 0.011021205357142858 0.01731696624287593
178 0.59375 0.1600175361683472 0.012555803571428572 0.012713722051731697
176 0.5588030133928571 0.159798334064007 0.011021205357142858 0.01183691363437089
175 0.5239955357142857 0.324967119684349 0.013671875 0.012056115738711091
119 0.37911551339285715 0.15333187198597106 0.0126953125 0.024769837790442787
142 0.25955636160714285 0.3421744848750548 0.007672991071428571 0.012275317843051293
32 0.47056361607142855 0.3578474353353792 0.008649553571428572 0.016440157825515125
188 0.7269810267857143 0.7647961420429636 0.006417410714285714 0.023235423060061378
195 0.6957310267857143 0.7647961420429636 0.016183035714285716 0.025427444103463395
142 0.7015206473214286 0.7094476106970627 0.007114955357142857 0.012056115738711091
177 0.6273018973214286 0.709776413853573 0.014090401785714286 0.01183691363437089
14 0.7502092633928571 0.6787593160894344 0.007672991071428571 0.014248136782113108
25 0.7488839285714286 0.6317404647084612 0.010044642857142858 0.015344147303814117
14 0.7501395089285714 0.45462516440157824 0.007533482142857143 0.01972818939061815
188 0.7499302455357143 0.4078255151249452 0.012137276785714286 0.010740903112669882
177 0.6984514508928571 0.3799868478737396 0.0126953125 0.012056115738711091
190 0.3998325892857143 0.4205392371766769 0.007533482142857143 0.015124945199473916
32 0.47049386160714285 0.23827268741779922 0.008510044642857142 0.019289785181937746
195 0.25990513392857145 0.6246163963174046 0.013671875 0.021262604120999562
32 0.20661272321428573 0.5437308198158702 0.011439732142857142 0.013809732573432706
190 0.25990513392857145 0.4614204296361245 0.007254464285714286 0.01446733888645331
176 0.2803431919642857 0.6553046909250329 0.011858258928571428 0.012932924156071899
188 0.32993861607142855 0.5147961420429636 0.013113839285714286 0.010740903112669882
196 0.18994140625 0.8486409469530908 0.015764508928571428 0.024769837790442787
25 0.17047991071428573 0.8762604120999562 0.012834821428571428 0.015124945199473916