187 0.6067243303571429 0.6914053935540452 0.008649553571428572 0.00723525542644157
187 0.14864676339285715 0.23744792808594606 0.004603794642857143 0.013593510195132646
187 0.49560546875 0.36242052181539136 0.004603794642857143 0.013593510195132646
187 0.16922433035714285 0.4566980925235694 0.008649553571428572 0.007016005262003947
187 0.3681640625 0.7308704231528174 0.008649553571428572 0.00723525542644157
187 0.40792410714285715 0.7045604034203026 0.008649553571428572 0.00723525542644157
187 0.19029017857142858 0.9250164437623328 0.004464285714285714 0.013593510195132646
119 0.40318080357142855 0.7698969524227143 0.017857142857142856 0.024775268581451435
60 0.42333984375 0.7376671782503836 0.012416294642857142 0.013374260030695024
182 0.28843470982142855 0.7020390265292699 0.0087890625 0.014032010524007894
187 0.18910435267857142 0.36242052181539136 0.004603794642857143 0.013593510195132646
196 0.19063895089285715 0.23733830300372724 0.017717633928571428 0.027844770883578163
181 0.26646205357142855 0.23744792808594606 0.012276785714285714 0.014032010524007894
14 0.32833426339285715 0.15018636263977198 0.008510044642857142 0.02104801578601184
188 0.32833426339285715 0.21409778557333917 0.011300223214285714 0.010743258057443543
175 0.35170200892857145 0.1749616312212234 0.013113839285714286 0.013593510195132646
14 0.34409877232142855 0.2997149747862311 0.011300223214285714 0.013593510195132646
187 0.3681640625 0.33117737338303005 0.008649553571428572 0.00723525542644157
181 0.6192103794642857 0.3001534751151063 0.011858258928571428 0.0131550098662574
190 0.6565987723214286 0.36242052181539136 0.0068359375 0.016224512168384126
177 0.6065150669642857 0.5166630124972593 0.008510044642857142 0.023898267923700943
186 0.5860770089285714 0.5497697873273405 0.011439732142857142 0.01644376233282175
177 0.5498744419642857 0.5503179127384346 0.011579241071428572 0.01447051085288314
181 0.6067243303571429 0.7740627055470292 0.008928571428571428 0.018636263977197982
192 0.6067940848214286 0.8312869984652489 0.017996651785714284 0.028283271212453408
194 0.58642578125 0.8625301468976102 0.017717633928571428 0.02718702039026529
192 0.5463169642857143 0.7374479280859461 0.018136160714285716 0.028721771541328656
190 0.3680943080357143 0.46963385222538917 0.007672991071428571 0.013593510195132646
180 0.38992745535714285 0.5497697873273405 0.012276785714285714 0.013374260030695024
191 0.16922433035714285 0.8862091646568735 0.013950892857142858 0.021925016443762334
181 0.14627511160714285 0.8627493970620478 0.015764508928571428 0.013593510195132646
186 0.10630580357142858 0.8622012716509537 0.011160714285714286 0.01644376233282175
25 0.16810825892857142 0.83117737338303 0.010602678571428572 0.0197325147993861
60 0.18470982142857142 0.7376671782503836 0.014508928571428572 0.01381276035957027
189 0.30922154017857145 0.7374479280859461 0.019949776785714284 0.015566761675071256
14 0.16915457589285715 0.5766279324709493 0.008510044642857142 0.02104801578601184
60 0.32840401785714285 0.33786450339837754 0.008649553571428572 0.016663012497259374
193 0.08970424107142858 0.39519842139881606 0.017857142857142856 0.027844770883578163
183 0.08579799107142858 0.3429072571804429 0.016741071428571428 0.010085507564130673
179 0.10791015625 0.1721113790835343 0.014369419642857142 0.018855514141635606
180 0.15325055803571427 0.11192720894540671 0.013532366071428572 0.01381276035957027
25 0.18903459821428573 0.11072133304099978 0.010881696428571428 0.01710151282613462
193 0.23067801339285715 0.11236570927428195 0.017717633928571428 0.027844770883578163
181 0.32833426339285715 0.5931813198859899 0.008510044642857142 0.017320762990572242
180 0.32847377232142855 0.46393334795001095 0.0087890625 0.017540013155009866
194 0.35009765625 0.424906818680114 0.017717633928571428 0.02718702039026529
176 0.30322265625 0.42446831835123877 0.011579241071428572 0.0131550098662574
175 0.26834542410714285 0.4247971935978952 0.0146484375 0.01381276035957027
196 0.5477818080357143 0.9250164437623328 0.018275669642857144 0.02850252137689103
186 0.5269949776785714 0.8277789958342469 0.009626116071428572 0.016882262661696998
185 0.5211356026785714 0.694474895856172 0.021623883928571428 0.010304757728568297
176 0.5272739955357143 0.5729006796755097 0.009068080357142858 0.022802017101512827
194 0.5475027901785714 0.6124753343565008 0.017717633928571428 0.027844770883578163
196 0.7060546875 0.424906818680114 0.018694196428571428 0.029379522034641527
142 0.6695731026785714 0.42523569392677046 0.0087890625 0.01381276035957027
194 0.6247907366071429 0.424906818680114 0.017717633928571428 0.02718702039026529
175 0.5269949776785714 0.4455163341372506 0.008510044642857142 0.019294014470510854
182 0.49546595982142855 0.42501644376233283 0.008231026785714286 0.01381276035957027
142 0.43917410714285715 0.42534531900898925 0.008649553571428572 0.014032010524007894
25 0.38595145089285715 0.4269896952422714 0.0146484375 0.016882262661696998
14 0.18603515625 0.862639771979829 0.011300223214285714 0.013374260030695024
142 0.4585658482142857 0.8625301468976102 0.008370535714285714 0.013593510195132646
175 0.6464146205357143 0.7715413286559965 0.008510044642857142 0.017978513483885114
179 0.6447405133928571 0.7056566542424907 0.011858258928571428 0.02696777022582767
196 0.6249302455357143 0.6124753343565008 0.017717633928571428 0.027844770883578163
192 0.6465541294642857 0.580903310677483 0.019112723214285716 0.030037272527954396
175 0.6464146205357143 0.5149090111817584 0.008510044642857142 0.023459767594825695
185 0.6404854910714286 0.44880508660381496 0.021484375 0.010085507564130673
194 0.19008091517857142 0.424906818680114 0.017996651785714284 0.028064021048015787
181 0.23165457589285715 0.36253014689761015 0.013253348214285714 0.013374260030695024
182 0.27748325892857145 0.3622012716509537 0.008370535714285714 0.013593510195132646
190 0.208984375 0.284038588028941 0.006417410714285714 0.017320762990572242
142 0.20891462053571427 0.2114667836000877 0.0087890625 0.012935759701819776
142 0.18701171875 0.17452313089234817 0.008231026785714286 0.013593510195132646
181 0.6861746651785714 0.33030037272527957 0.008510044642857142 0.02039026529269897
192 0.6652483258928571 0.48750274062705545 0.018833705357142856 0.029598772199079148
190 0.6208147321428571 0.9250164437623328 0.0078125 0.012716509537382154
196 0.3680943080357143 0.8340276255207192 0.0185546875 0.029379522034641527
195 0.5074637276785714 0.1749616312212234 0.015485491071428572 0.02367901775926332
176 0.48744419642857145 0.2603595702696777 0.008370535714285714 0.022144266608199955
176 0.5671037946428571 0.20225827669370752 0.008649553571428572 0.020828765621574215
188 0.5855189732142857 0.23744792808594606 0.008649553571428572 0.022802017101512827
183 0.6282087053571429 0.2313089234816926 0.006417410714285714 0.0263100197325148
195 0.5469447544642857 0.11236570927428195 0.016880580357142856 0.026529269896952423
195 0.46749441964285715 0.11247533435650077 0.018415178571428572 0.02894102170576628
142 0.3516322544642857 0.7375575531681648 0.008510044642857142 0.013593510195132646
186 0.08970424107142858 0.8305196228897171 0.010044642857142858 0.017540013155009866
187 0.08970424107142858 0.8937732953299715 0.008649553571428572 0.00723525542644157
181 0.10860770089285714 0.9251260688445516 0.014927455357142858 0.01381276035957027
119 0.15143694196428573 0.9177811883358913 0.013253348214285714 0.02762552071914054
102 0.09005301339285714 0.7599210699408024 0.0087890625 0.021925016443762334
196 0.08970424107142858 0.5801359351019513 0.017857142857142856 0.028064021048015787
180 0.11125837053571429 0.5499890374917781 0.012137276785714286 0.01381276035957027
180 0.10518973214285714 0.7374479280859461 0.013113839285714286 0.013374260030695024
142 0.16043526785714285 0.7373383030037273 0.008370535714285714 0.014032010524007894
196 0.44754464285714285 0.8338083753562815 0.018415178571428572 0.02894102170576628
180 0.44761439732142855 0.7703354527515895 0.008510044642857142 0.021267265950449463
178 0.3828125 0.6123657092742819 0.013113839285714286 0.013593510195132646
190 0.16245814732142858 0.29993422495066874 0.009626116071428572 0.01710151282613462
187 0.10958426339285714 0.29993422495066874 0.004603794642857143 0.013593510195132646