187 0.09409877232142858 0.8625301468976102 0.004603794642857143 0.013593510195132646
187 0.09674944196428571 0.9250164437623328 0.004603794642857143 0.013593510195132646
187 0.646484375 0.5420960315720237 0.008649553571428572 0.00723525542644157
187 0.646484375 0.7930278447708836 0.008649553571428572 0.007016005262003947
187 0.6067243303571429 0.5115106336329752 0.008649553571428572 0.007016005262003947
187 0.208984375 0.8412628809471607 0.008649553571428572 0.007016005262003947
187 0.2885044642857143 0.5722429291821969 0.008649553571428572 0.007016005262003947
187 0.3447265625 0.11247533435650077 0.004464285714285714 0.013593510195132646
187 0.40792410714285715 0.1398816049112037 0.008649553571428572 0.007016005262003947
187 0.39174107142857145 0.424906818680114 0.004464285714285714 0.013593510195132646
187 0.32240513392857145 0.48739311554483666 0.004464285714285714 0.013593510195132646
187 0.6661551339285714 0.1749616312212234 0.004464285714285714 0.013593510195132646
119 0.13399832589285715 0.7664985748739311 0.017438616071428572 0.02367901775926332
63 0.12925502232142858 0.8203244902433677 0.008510044642857142 0.02302126726595045
180 0.12946428571428573 0.8820434115325586 0.008370535714285714 0.019294014470510854
196 0.40785435267857145 0.32887524665643497 0.017996651785714284 0.028064021048015787
119 0.5428989955357143 0.2303222977417233 0.0146484375 0.027844770883578163
177 0.6291852678571429 0.48739311554483666 0.015904017857142856 0.0131550098662574
189 0.6863141741071429 0.4529708397281298 0.009068080357142858 0.031572023679017756
183 0.5813337053571429 0.4935321201490901 0.006417410714285714 0.0263100197325148
142 0.6749441964285714 0.6123657092742819 0.008091517857142858 0.013593510195132646
102 0.6863839285714286 0.5744354308265731 0.008928571428571428 0.024117518088138567
196 0.62646484375 0.7374479280859461 0.017717633928571428 0.027406270554702915
181 0.5868443080357143 0.7374479280859461 0.014927455357142858 0.013374260030695024
188 0.5391322544642857 0.7374479280859461 0.0068359375 0.02696777022582767
188 0.63037109375 0.6124753343565008 0.0068359375 0.027844770883578163
194 0.58544921875 0.6124753343565008 0.017717633928571428 0.027844770883578163
195 0.08970424107142858 0.3910326682745012 0.017578125 0.027844770883578163
175 0.08991350446428571 0.33852225389169044 0.0087890625 0.021925016443762334
176 0.14334542410714285 0.23755755316816488 0.012974330357142858 0.013374260030695024
194 0.08970424107142858 0.45746546809910105 0.018136160714285716 0.028721771541328656
183 0.09354073660714286 0.516882262661697 0.016880580357142856 0.010304757728568297
181 0.08977399553571429 0.5845209383907038 0.009068080357142858 0.021486516114887087
193 0.19070870535714285 0.7374479280859461 0.018694196428571428 0.029160271870203903
184 0.40164620535714285 0.7742819557114667 0.021205357142857144 0.00986625739969305
193 0.40785435267857145 0.8326024994518746 0.017996651785714284 0.028283271212453408
181 0.34521484375 0.9253453190089893 0.011579241071428572 0.013374260030695024
63 0.38916015625 0.8000438500328875 0.012416294642857142 0.0131550098662574
178 0.3486328125 0.7993860995395746 0.015904017857142856 0.014032010524007894
187 0.26869419642857145 0.8000438500328875 0.004464285714285714 0.013593510195132646
193 0.22823660714285715 0.7374479280859461 0.017857142857142856 0.028283271212453408
196 0.5669642857142857 0.39180004385003286 0.018415178571428572 0.02894102170576628
175 0.548828125 0.2997149747862311 0.015066964285714286 0.013593510195132646
63 0.30908203125 0.7375575531681648 0.011021205357142858 0.013593510195132646
186 0.3286830357142857 0.7105897829423372 0.009486607142857142 0.01710151282613462
195 0.24881417410714285 0.8305196228897171 0.017996651785714284 0.028064021048015787
60 0.18770926339285715 0.9254549440912081 0.012137276785714286 0.013593510195132646
179 0.15122767857142858 0.9276474457355843 0.017299107142857144 0.01841701381276036
176 0.6861746651785714 0.20412190309142733 0.008510044642857142 0.0197325147993861
32 0.6213030133928571 0.23646130234597676 0.012416294642857142 0.015566761675071256
119 0.58349609375 0.2445735584301688 0.017438616071428572 0.027406270554702915
14 0.6865931919642857 0.26090769568077177 0.008510044642857142 0.02104801578601184
196 0.6653180803571429 0.29993422495066874 0.018136160714285716 0.02850252137689103
192 0.6250697544642857 0.29993422495066874 0.017717633928571428 0.02718702039026529
14 0.39369419642857145 0.3629686472264854 0.011160714285714286 0.013374260030695024
175 0.4595424107142857 0.48750274062705545 0.011160714285714286 0.013374260030695024
195 0.5084402901785714 0.48739311554483666 0.015764508928571428 0.02455601841701381
192 0.5486188616071429 0.48739311554483666 0.017717633928571428 0.02762552071914054
176 0.16908482142857142 0.5893444420083315 0.008649553571428572 0.025433019074764307
180 0.22935267857142858 0.612913834685376 0.013671875 0.013374260030695024
25 0.27134486607142855 0.6112694584520938 0.015066964285714286 0.016224512168384126
195 0.24881417410714285 0.7081780311335234 0.016322544642857144 0.02587151940363955
192 0.12946428571428573 0.33347950010962507 0.018415178571428572 0.02894102170576628
193 0.12946428571428573 0.3965139223854418 0.017857142857142856 0.028283271212453408
63 0.12960379464285715 0.46393334795001095 0.008649553571428572 0.022802017101512827
60 0.27357700892857145 0.36242052181539136 0.01171875 0.0131550098662574
178 0.14488002232142858 0.6752905064678798 0.014090401785714286 0.01447051085288314
184 0.25767299107142855 0.8528831396623547 0.006696428571428571 0.033764525323393996
180 0.26450892857142855 0.9250164437623328 0.010881696428571428 0.0131550098662574
193 0.4476841517857143 0.8324928743696558 0.018136160714285716 0.02850252137689103
193 0.6255580357142857 0.424906818680114 0.018415178571428572 0.02894102170576628
142 0.6861746651785714 0.3901556676167507 0.0087890625 0.01381276035957027
60 0.6859654017857143 0.3401666301249726 0.008649553571428572 0.018197763648322735
25 0.4228515625 0.4267704450778338 0.012834821428571428 0.016882262661696998
63 0.5271344866071429 0.3943214207410656 0.008510044642857142 0.016882262661696998
177 0.5851004464285714 0.36209164656873494 0.013392857142857142 0.013374260030695024
190 0.6067243303571429 0.3805086603814953 0.010044642857142858 0.012058759044069283
177 0.6301618303571429 0.36231089673317257 0.011439732142857142 0.013374260030695024
190 0.208984375 0.259592194694146 0.008649553571428572 0.01710151282613462
193 0.14913504464285715 0.29993422495066874 0.017857142857142856 0.028064021048015787
182 0.20912388392857142 0.19239201929401448 0.009207589285714286 0.01381276035957027
102 0.20926339285714285 0.13823722867792151 0.008928571428571428 0.018197763648322735
176 0.22098214285714285 0.11258495943871957 0.013671875 0.013374260030695024
14 0.30189732142857145 0.11258495943871957 0.011997767857142858 0.013374260030695024
179 0.21065848214285715 0.3301907476430607 0.011997767857142858 0.022802017101512827
175 0.208984375 0.3992545494409121 0.008370535714285714 0.020609515457136594
142 0.3920200892857143 0.23744792808594606 0.008370535714285714 0.013593510195132646
196 0.3466099330357143 0.23744792808594606 0.0185546875 0.029379522034641527
191 0.31375558035714285 0.23744792808594606 0.011160714285714286 0.017540013155009866
181 0.2704380580357143 0.23733830300372724 0.011579241071428572 0.01381276035957027
194 0.22732979910714285 0.23744792808594606 0.0185546875 0.029379522034641527
192 0.34716796875 0.6124753343565008 0.017717633928571428 0.027406270554702915
14 0.36788504464285715 0.6520499890374918 0.008370535714285714 0.02367901775926332
195 0.3681640625 0.7090550317912738 0.015904017857142856 0.02499451874588906
184 0.37416294642857145 0.7827230870423153 0.021484375 0.010085507564130673
196 0.7042410714285714 0.48739311554483666 0.018136160714285716 0.02850252137689103
187 0.7260044642857143 0.3936636702477527 0.008649553571428572 0.00723525542644157
25 0.7252371651785714 0.21694803771102827 0.010184151785714286 0.02170576627932471
175 0.7052176339285714 0.17507125630344222 0.012276785714285714 0.013374260030695024