187 0.18743024553571427 0.1749616312212234 0.004603794642857143 0.013593510195132646
187 0.10777064732142858 0.29993422495066874 0.004603794642857143 0.013593510195132646
187 0.5571986607142857 0.29993422495066874 0.004464285714285714 0.013593510195132646
187 0.20403180803571427 0.11247533435650077 0.004603794642857143 0.013593510195132646
187 0.47823660714285715 0.424906818680114 0.004464285714285714 0.013593510195132646
187 0.19266183035714285 0.7375575531681648 0.004464285714285714 0.013593510195132646
187 0.48744419642857145 0.9185485639114229 0.008649553571428572 0.00723525542644157
187 0.29994419642857145 0.7375575531681648 0.004464285714285714 0.013593510195132646
187 0.36063058035714285 0.1749616312212234 0.004464285714285714 0.013593510195132646
187 0.08970424107142858 0.8517868888401666 0.008649553571428572 0.007016005262003947
177 0.6630161830357143 0.9251260688445516 0.012137276785714286 0.013374260030695024
183 0.6300223214285714 0.8684499013374261 0.006417410714285714 0.026748520061390047
102 0.5899832589285714 0.8625301468976102 0.011160714285714286 0.013593510195132646
190 0.18010602678571427 0.29993422495066874 0.010881696428571428 0.011401008550756413
192 0.208984375 0.33402762552071913 0.017299107142857144 0.027844770883578163
25 0.19084821428571427 0.3645033983775488 0.013113839285714286 0.01644376233282175
186 0.6068638392857143 0.4566980925235694 0.010323660714285714 0.01841701381276036
196 0.5458984375 0.36242052181539136 0.018415178571428572 0.02894102170576628
185 0.5022321428571429 0.37250602937952204 0.006696428571428571 0.0328875246656435
60 0.6066545758928571 0.3269019951764964 0.008510044642857142 0.02104801578601184
182 0.36837332589285715 0.5721333040999781 0.009068080357142858 0.014251260688445516
102 0.3680943080357143 0.5268581451436088 0.0087890625 0.017978513483885114
175 0.2294921875 0.4872834904626179 0.015625 0.01381276035957027
183 0.20500837053571427 0.4564788423591318 0.0166015625 0.010085507564130673
175 0.48765345982142855 0.3862091646568735 0.0087890625 0.019513264634948475
187 0.5470842633928571 0.6123657092742819 0.004603794642857143 0.013593510195132646
63 0.16950334821428573 0.7678140758605569 0.008370535714285714 0.0197325147993861
142 0.16950334821428573 0.6922823942117956 0.008649553571428572 0.012935759701819776
188 0.23597935267857142 0.6748520061390046 0.007672991071428571 0.019294014470510854
184 0.24274553571428573 0.6553387415040561 0.021484375 0.01052400789300592
60 0.16929408482142858 0.5870423152817364 0.0087890625 0.020828765621574215
192 0.16929408482142858 0.5173207629905723 0.017717633928571428 0.027844770883578163
181 0.16936383928571427 0.46196009647007236 0.008370535714285714 0.02455601841701381
185 0.5607561383928571 0.6419644814733612 0.021065848214285716 0.010085507564130673
189 0.5669642857142857 0.5795878096908572 0.0078125 0.031352773514580136
179 0.5687081473214286 0.693817145362859 0.011858258928571428 0.024775268581451435
187 0.208984375 0.3936636702477527 0.008649553571428572 0.00723525542644157
119 0.25327845982142855 0.5248848936636702 0.017438616071428572 0.022802017101512827
179 0.5848911830357143 0.4274281955711467 0.015485491071428572 0.01907476430607323
187 0.5470842633928571 0.424906818680114 0.004603794642857143 0.013593510195132646
179 0.17096819196428573 0.2773514580135935 0.011858258928571428 0.02762552071914054
196 0.16922433035714285 0.3326024994518746 0.017020089285714284 0.028064021048015787
182 0.18464006696428573 0.42501644376233283 0.008510044642857142 0.014251260688445516
25 0.14341517857142858 0.735145801359351 0.012276785714285714 0.01841701381276036
177 0.12953404017857142 0.5867134400350801 0.0087890625 0.02104801578601184
189 0.15094866071428573 0.48750274062705545 0.020089285714285716 0.014251260688445516
25 0.36941964285714285 0.8287656215742162 0.011160714285714286 0.0197325147993861
190 0.39571707589285715 0.8624205218153914 0.009068080357142858 0.010743258057443543
178 0.4312220982142857 0.862639771979829 0.014229910714285714 0.013374260030695024
176 0.38120814732142855 0.6748520061390046 0.013532366071428572 0.0131550098662574
142 0.41761997767857145 0.6748520061390046 0.008510044642857142 0.013593510195132646
188 0.46651785714285715 0.6749616312212234 0.006696428571428571 0.022144266608199955
25 0.49979073660714285 0.6736461302345976 0.014090401785714286 0.016882262661696998
187 0.5272042410714286 0.6437184827888621 0.008649553571428572 0.007016005262003947
176 0.72607421875 0.7784477088357816 0.008510044642857142 0.018197763648322735
142 0.7258649553571429 0.7053277789958342 0.009207589285714286 0.014032010524007894
187 0.7260044642857143 0.6437184827888621 0.008649553571428572 0.007016005262003947
195 0.7047991071428571 0.6123657092742819 0.018415178571428572 0.02894102170576628
32 0.5280412946428571 0.3885112913834685 0.010044642857142858 0.02104801578601184
119 0.4829799107142857 0.8255864941898706 0.017578125 0.02433676825257619
184 0.48123604910714285 0.6984213988160491 0.021344866071428572 0.010304757728568297
176 0.66845703125 0.6749616312212234 0.013532366071428572 0.013374260030695024
187 0.2885044642857143 0.6437184827888621 0.008649553571428572 0.007016005262003947
184 0.29471261160714285 0.696777022582767 0.021344866071428572 0.010085507564130673
191 0.28857421875 0.3993641745231309 0.011300223214285714 0.01775926331944749
60 0.2885044642857143 0.3251479938609954 0.008649553571428572 0.022802017101512827
196 0.26681082589285715 0.29993422495066874 0.017717633928571428 0.02762552071914054
186 0.6864536830357143 0.6425126068844552 0.010184151785714286 0.016882262661696998
102 0.6861049107142857 0.5301468976101732 0.008649553571428572 0.021486516114887087
102 0.3680943080357143 0.14163560622670468 0.0087890625 0.0197325147993861
188 0.26876395089285715 0.11247533435650077 0.007672991071428571 0.019294014470510854
187 0.38797433035714285 0.36242052181539136 0.004464285714285714 0.013593510195132646
102 0.30908203125 0.2377768033326025 0.014090401785714286 0.01512826134619601
14 0.23416573660714285 0.424906818680114 0.014369419642857142 0.013593510195132646
176 0.24860491071428573 0.45088796316597235 0.008649553571428572 0.023459767594825695
185 0.24281529017857142 0.40451655338741505 0.021623883928571428 0.010085507564130673
175 0.24874441964285715 0.33808375356281517 0.008370535714285714 0.02455601841701381
194 0.24881417410714285 0.2660600745450559 0.017717633928571428 0.027844770883578163
179 0.24727957589285715 0.2000657750493313 0.012137276785714286 0.02433676825257619
192 0.5669642857142857 0.39454067090550315 0.018694196428571428 0.029160271870203903
193 0.5670340401785714 0.2684718263538698 0.017717633928571428 0.027844770883578163
180 0.5669642857142857 0.19710589782942337 0.008649553571428572 0.017540013155009866
188 0.5542689732142857 0.17485200613900462 0.0078125 0.019951764963823723
102 0.42557198660714285 0.17463275597456698 0.015485491071428572 0.01381276035957027
194 0.11111886160714286 0.7999342249506687 0.017717633928571428 0.027844770883578163
193 0.11097935267857142 0.6749616312212234 0.017717633928571428 0.027406270554702915
196 0.18987165178571427 0.8000438500328875 0.018415178571428572 0.02894102170576628
189 0.22984095982142858 0.7999342249506687 0.019949776785714284 0.012935759701819776
195 0.27029854910714285 0.7374479280859461 0.015485491071428572 0.02433676825257619
190 0.72607421875 0.19151501863626397 0.009905133928571428 0.015566761675071256
192 0.7260044642857143 0.3957465468099101 0.018415178571428572 0.02894102170576628
178 0.6613420758928571 0.4246875685156764 0.0126953125 0.013593510195132646
183 0.6946847098214286 0.18088138566103926 0.006277901785714286 0.026748520061390047
184 0.6633649553571429 0.18449901337426003 0.006417410714285714 0.03354527515895637
195 0.6249302455357143 0.17485200613900462 0.017717633928571428 0.027406270554702915
184 0.6278599330357143 0.7900679675509756 0.006277901785714286 0.03310677483008112
195 0.6067243303571429 0.7663889497917123 0.017299107142857144 0.027844770883578163
175 0.12932477678571427 0.2774610830958123 0.008649553571428572 0.018636263977197982
32 0.22719029017857142 0.11159833369875027 0.012416294642857142 0.015786011839508878
183 0.29248046875 0.14349923262442446 0.0166015625 0.00986625739969305
187 0.2885044642857143 0.26869107651830737 0.008649553571428572 0.00723525542644157
185 0.20298549107142858 0.5647884235913176 0.021484375 0.010085507564130673
196 0.20905412946428573 0.6445954834466125 0.017717633928571428 0.028064021048015787
181 0.32833426339285715 0.5223635167726376 0.008510044642857142 0.01775926331944749