187 0.6099330357142857 0.6604559403770276 0.007533482142857143 0.006137658921525646
187 0.09926060267857142 0.8198158702323542 0.004045758928571429 0.01183691363437089
187 0.5398995535714286 0.83691363437089 0.007533482142857143 0.006137658921525646
187 0.3153599330357143 0.10488820692678649 0.004045758928571429 0.012056115738711091
187 0.6924525669642857 0.48980710214818063 0.004045758928571429 0.012056115738711091
187 0.21017020089285715 0.10488820692678649 0.004045758928571429 0.012056115738711091
187 0.6449497767857143 0.9211968434896975 0.007533482142857143 0.006356861025865849
187 0.39990234375 0.8933581762384919 0.007672991071428571 0.006356861025865849
178 0.7499302455357143 0.5230162209557212 0.007672991071428571 0.019289785181937746
182 0.6702706473214286 0.5448268303375713 0.007672991071428571 0.012056115738711091
193 0.7499302455357143 0.46043402016659357 0.016043526785714284 0.025208241999123193
60 0.7499302455357143 0.4110039456378781 0.007672991071428571 0.01797457255589654
193 0.7499302455357143 0.29581323980710217 0.016043526785714284 0.025208241999123193
175 0.18987165178571427 0.7926348092941692 0.0078125 0.018851380973257344
192 0.20884486607142858 0.8198158702323542 0.015625 0.024550635686102586
180 0.18994140625 0.6861025865848313 0.007393973214285714 0.01841297676457694
32 0.16768973214285715 0.5438404208680403 0.010881696428571428 0.013590530469092503
193 0.24358258928571427 0.709776413853573 0.015625 0.024112231477422183
177 0.31082589285714285 0.7103244191144235 0.010881696428571428 0.012056115738711091
183 0.6658761160714286 0.7152564664620781 0.005580357142857143 0.022797018851380975
175 0.6268136160714286 0.709776413853573 0.012555803571428572 0.01183691363437089
60 0.75 0.7429855326611136 0.007533482142857143 0.016440157825515125
195 0.66162109375 0.7647961420429636 0.013532366071428572 0.02104340201665936
190 0.6031668526785714 0.7646865409907935 0.009626116071428572 0.013809732573432706
102 0.7014508928571429 0.21470846120122752 0.013950892857142858 0.012056115738711091
192 0.6623186383928571 0.15990793511617712 0.016043526785714284 0.025208241999123193
32 0.5523856026785714 0.21361245067952653 0.013811383928571428 0.014248136782113108
176 0.4873744419642857 0.48991670320035074 0.010463169642857142 0.012713722051731697
192 0.60986328125 0.7372862779482683 0.0166015625 0.026085050416484
193 0.6286272321428571 0.8197062691801841 0.015904017857142856 0.025208241999123193
186 0.24441964285714285 0.159798334064007 0.009765625 0.013590530469092503
102 0.22502790178571427 0.1865409907935116 0.007533482142857143 0.014905743095133712
186 0.22502790178571427 0.23805348531345902 0.008370535714285714 0.015344147303814117
193 0.24302455357142858 0.32474791758000876 0.015904017857142856 0.024769837790442787
179 0.31382533482142855 0.32244629548443665 0.014090401785714286 0.016220955721174924
32 0.3876255580357143 0.32387110916264794 0.0126953125 0.014248136782113108
177 0.48583984375 0.3248575186321789 0.010184151785714286 0.01183691363437089
182 0.15478515625 0.9040990793511617 0.007672991071428571 0.011617711530030689
119 0.13483537946428573 0.8261727312582201 0.0126953125 0.024550635686102586
142 0.20340401785714285 0.9297457255589654 0.007533482142857143 0.012056115738711091
192 0.25997488839285715 0.9011398509425691 0.015764508928571428 0.02498903989478299
177 0.34619140625 0.8199254712845243 0.012137276785714286 0.011617711530030689
102 0.5396902901785714 0.7441911442349847 0.007393973214285714 0.01841297676457694
193 0.48583984375 0.709776413853573 0.016043526785714284 0.02498903989478299
102 0.5888671875 0.709776413853573 0.011997767857142858 0.01183691363437089
190 0.16622488839285715 0.8747259973695748 0.005998883928571429 0.010740903112669882
195 0.22495814732142858 0.8444761069706269 0.016043526785714284 0.025208241999123193
183 0.22147042410714285 0.7877027619465147 0.0146484375 0.00898728627794827
32 0.2255859375 0.7411223147742219 0.008649553571428572 0.016659359929855327
192 0.22488839285714285 0.6806225339763262 0.015625 0.024550635686102586
185 0.19970703125 0.5531565103024989 0.005719866071428571 0.029592284085927224
188 0.7149135044642857 0.19377466023673828 0.010463169642857142 0.011398509425690487
175 0.7147739955357143 0.24134151687856203 0.007393973214285714 0.01797457255589654
195 0.66064453125 0.3248575186321789 0.013532366071428572 0.020604997807978958
185 0.6018415178571429 0.3332967996492766 0.005859375 0.029592284085927224
25 0.5172991071428571 0.16144234984655853 0.010044642857142858 0.014686540990793511
181 0.45751953125 0.21492766330556773 0.0107421875 0.011617711530030689
179 0.41810825892857145 0.10729943007452872 0.013671875 0.016440157825515125
190 0.3929966517857143 0.10488820692678649 0.005580357142857143 0.010740903112669882
185 0.3505859375 0.11343708899605436 0.005580357142857143 0.02915387987724682
196 0.41671316964285715 0.159798334064007 0.015625 0.024550635686102586
193 0.34584263392857145 0.159798334064007 0.016462053571428572 0.025865848312143797
188 0.2783203125 0.15990793511617712 0.007254464285714286 0.02257781674704077
188 0.4349888392857143 0.36168347216133273 0.014787946428571428 0.008768084173608066
179 0.4364536830357143 0.41385357299430076 0.010463169642857142 0.01972818939061815
102 0.45375279017857145 0.4896975010960105 0.012974330357142858 0.01183691363437089
102 0.45633370535714285 0.8199254712845243 0.01171875 0.012056115738711091
187 0.48744419642857145 0.8198158702323542 0.00390625 0.01183691363437089
142 0.41566685267857145 0.7101052170100833 0.007393973214285714 0.012494519947391494
102 0.3998325892857143 0.7410127137220517 0.007533482142857143 0.021701008329679965
175 0.41238839285714285 0.7651249451994739 0.010602678571428572 0.011617711530030689
177 0.4349888392857143 0.7960324419114424 0.007533482142857143 0.016440157825515125
181 0.5048130580357143 0.6273564226216571 0.007672991071428571 0.02104340201665936
183 0.45166015625 0.6603463393248575 0.005719866071428571 0.023016220955721176
102 0.5048828125 0.6801841297676458 0.0078125 0.02104340201665936
14 0.6448800223214286 0.24397194213064446 0.007393973214285714 0.01709776413853573
184 0.6504603794642857 0.3041429197720298 0.0185546875 0.009425690486628672
192 0.6449497767857143 0.3529153879877247 0.016183035714285716 0.025427444103463395
179 0.6464146205357143 0.46854449802718107 0.010463169642857142 0.019070583077597545
175 0.12004743303571429 0.7881411661551951 0.007672991071428571 0.021701008329679965
176 0.36509486607142855 0.849956159579132 0.007533482142857143 0.019508987286277948
192 0.38253348214285715 0.8748355984217449 0.015625 0.024550635686102586
196 0.20570591517857142 0.7647961420429636 0.015764508928571428 0.02498903989478299
185 0.6852678571428571 0.5843928101709777 0.018973214285714284 0.00920648838228847
195 0.6799665178571429 0.6299868478737396 0.013392857142857142 0.021481806225339763
186 0.6983119419642857 0.6550854888206927 0.009626116071428572 0.013371328364752301
195 0.7149832589285714 0.7943884261288908 0.015625 0.024550635686102586
189 0.6958705357142857 0.8198158702323542 0.017578125 0.011398509425690487
187 0.6624581473214286 0.8198158702323542 0.004045758928571429 0.01183691363437089
142 0.12946428571428573 0.7645769399386234 0.007254464285714286 0.012275317843051293
181 0.11997767857142858 0.6918018412976764 0.007533482142857143 0.016659359929855327
187 0.11990792410714286 0.5722270933800965 0.007672991071428571 0.006356861025865849
180 0.13623046875 0.5448268303375713 0.011300223214285714 0.012056115738711091
178 0.18987165178571427 0.8400920648838229 0.007533482142857143 0.016440157825515125
194 0.3124302455357143 0.8747259973695748 0.015485491071428572 0.02389302937308198
193 0.34891183035714285 0.8747259973695748 0.015625 0.024331433581762384
188 0.23625837053571427 0.10477860587461639 0.0068359375 0.018851380973257344
184 0.2652064732142857 0.14007014467338885 0.018973214285714284 0.00920648838228847
183 0.26339285714285715 0.25580885576501533 0.014787946428571428 0.008768084173608066
192 0.25997488839285715 0.29953967558088557 0.016043526785714284 0.025208241999123193
183 0.26346261160714285 0.3452433143358176 0.0146484375 0.008768084173608066
142 0.26011439732142855 0.41911442349846556 0.007672991071428571 0.012275317843051293
175 0.23793247767857142 0.43478737395879 0.009626116071428572 0.012494519947391494
176 0.5047433035714286 0.7269837790442788 0.007533482142857143 0.021262604120999562
178 0.5398297991071429 0.24561595791319596 0.007672991071428571 0.02082419991231916
102 0.5398297991071429 0.2925252082419991 0.007672991071428571 0.019070583077597545
193 0.5399693080357143 0.35455940377027617 0.015764508928571428 0.024769837790442787
184 0.45717075892857145 0.09633932485751863 0.005580357142857143 0.029592284085927224
119 0.3339146205357143 0.24473914949583517 0.015764508928571428 0.01994739149495835
195 0.32986886160714285 0.3528057869355546 0.013811383928571428 0.021701008329679965
32 0.33042689732142855 0.45462516440157824 0.008510044642857142 0.020604997807978958
186 0.38351004464285715 0.4895879000438404 0.010044642857142858 0.013809732573432706
102 0.5283900669642857 0.6547566856641823 0.012137276785714286 0.01183691363437089
193 0.46993582589285715 0.7359710653222271 0.0166015625 0.026085050416484
180 0.4701450892857143 0.6859929855326611 0.007533482142857143 0.017755370451556333
184 0.42940848214285715 0.7213941253836037 0.018694196428571428 0.008768084173608066
175 0.5617327008928571 0.7643577378342832 0.0126953125 0.01183691363437089
190 0.18994140625 0.526085050416484 0.007672991071428571 0.010083296799649276
189 0.5213448660714286 0.10488820692678649 0.017578125 0.010740903112669882
32 0.48256138392857145 0.10357299430074529 0.014229910714285714 0.014686540990793511