187 0.6014927455357143 0.36242052181539136 0.004603794642857143 0.013593510195132646
187 0.6688058035714286 0.6749616312212234 0.004464285714285714 0.013374260030695024
187 0.6393694196428571 0.1749616312212234 0.004464285714285714 0.013593510195132646
187 0.33858816964285715 0.8625301468976102 0.004464285714285714 0.013593510195132646
187 0.646484375 0.7516991887743916 0.008649553571428572 0.00723525542644157
187 0.6862444196428571 0.1840605130453848 0.008649553571428572 0.00723525542644157
187 0.6737583705357143 0.9250164437623328 0.004603794642857143 0.013593510195132646
63 0.32833426339285715 0.7121245340934006 0.008510044642857142 0.022802017101512827
176 0.3540736607142857 0.9246875685156764 0.011160714285714286 0.01381276035957027
191 0.31222098214285715 0.9250164437623328 0.011997767857142858 0.018855514141635606
60 0.6862444196428571 0.5802455601841702 0.008370535714285714 0.023898267923700943
178 0.6863141741071429 0.5123876342907258 0.0087890625 0.0197325147993861
190 0.705078125 0.48739311554483666 0.007254464285714286 0.014909011181758386
181 0.6343470982142857 0.4247971935978952 0.015066964285714286 0.013374260030695024
193 0.5855189732142857 0.424906818680114 0.018694196428571428 0.029379522034641527
25 0.662109375 0.6139004604253453 0.013113839285714286 0.016663012497259374
189 0.6067243303571429 0.770116202587152 0.008091517857142858 0.031352773514580136
193 0.6067940848214286 0.8332602499451874 0.017717633928571428 0.027844770883578163
25 0.5827985491071429 0.8641745231308924 0.011579241071428572 0.016882262661696998
177 0.6066545758928571 0.39256741942556456 0.0087890625 0.018636263977197982
32 0.6072823660714286 0.3282174961631221 0.009765625 0.022802017101512827
183 0.6029575892857143 0.2534531900898926 0.017020089285714284 0.010085507564130673
175 0.5100446428571429 0.23722867792150845 0.015345982142857142 0.013593510195132646
193 0.46714564732142855 0.23744792808594606 0.017717633928571428 0.02762552071914054
193 0.6067243303571429 0.45812321859241395 0.017578125 0.027844770883578163
177 0.30615234375 0.29949572462179347 0.011300223214285714 0.01447051085288314
179 0.30936104910714285 0.35978951984213986 0.017438616071428572 0.018855514141635606
192 0.3500279017857143 0.36242052181539136 0.018415178571428572 0.02894102170576628
25 0.36739676339285715 0.13549660162245122 0.0107421875 0.019294014470510854
14 0.34437779017857145 0.11214645910984433 0.014927455357142858 0.013374260030695024
142 0.3681640625 0.21727691295768473 0.008649553571428572 0.0131550098662574
194 0.38895089285714285 0.23744792808594606 0.018136160714285716 0.02850252137689103
180 0.40785435267857145 0.3282174961631221 0.008510044642857142 0.02236351677263758
183 0.48353794642857145 0.20072352554264417 0.016741071428571428 0.010304757728568297
180 0.46435546875 0.17485200613900462 0.013532366071428572 0.013374260030695024
181 0.42919921875 0.17518088138566104 0.012416294642857142 0.013593510195132646
192 0.48744419642857145 0.33161587371190526 0.017578125 0.027844770883578163
193 0.5485491071428571 0.424906818680114 0.019252232142857144 0.03025652269239202
192 0.62744140625 0.48750274062705545 0.017996651785714284 0.028283271212453408
180 0.6698521205357143 0.4872834904626179 0.015206473214285714 0.013374260030695024
102 0.5038364955357143 0.30037272527954395 0.014369419642857142 0.013593510195132646
189 0.38755580357142855 0.29993422495066874 0.020089285714285716 0.017978513483885114
193 0.32833426339285715 0.20653365490024117 0.018275669642857144 0.02850252137689103
119 0.23291015625 0.30727910545932907 0.013811383928571428 0.028283271212453408
189 0.34940011160714285 0.23733830300372724 0.019949776785714284 0.01644376233282175
60 0.6864536830357143 0.9000219250164437 0.008510044642857142 0.021486516114887087
176 0.7260044642857143 0.7592633194474896 0.008649553571428572 0.017978513483885114
180 0.72607421875 0.635058101293576 0.0087890625 0.022582766937075203
14 0.7068219866071429 0.6122560841920631 0.011858258928571428 0.01381276035957027
177 0.24867466517857142 0.8916904187678141 0.008510044642857142 0.02499451874588906
188 0.30601283482142855 0.7999342249506687 0.0068359375 0.018636263977197982
194 0.28857421875 0.8292041219030915 0.018275669642857144 0.02850252137689103
186 0.40785435267857145 0.8355623766717825 0.010184151785714286 0.018855514141635606
186 0.42836216517857145 0.863187897390923 0.011300223214285714 0.016224512168384126
178 0.40799386160714285 0.7594825696119272 0.008510044642857142 0.021925016443762334
102 0.40771484375 0.6987502740627055 0.008510044642857142 0.02324051743038807
182 0.33998325892857145 0.6749616312212234 0.008370535714285714 0.013374260030695024
191 0.40792410714285715 0.6440473580355185 0.012555803571428572 0.019513264634948475
192 0.34786551339285715 0.5499890374917781 0.017996651785714284 0.028283271212453408
187 0.2885044642857143 0.518636263977198 0.008649553571428572 0.00723525542644157
192 0.34688895089285715 0.424906818680114 0.017996651785714284 0.028064021048015787
25 0.36941964285714285 0.4531900898925674 0.011160714285714286 0.021486516114887087
191 0.31236049107142855 0.48739311554483666 0.013671875 0.021486516114887087
185 0.6402762276785714 0.5213768910326683 0.021065848214285716 0.010085507564130673
193 0.28857421875 0.7694584520938391 0.018275669642857144 0.028721771541328656
181 0.2885044642857143 0.7155229116421837 0.008649553571428572 0.016882262661696998
180 0.26332310267857145 0.6123657092742819 0.014369419642857142 0.013593510195132646
184 0.22174944196428573 0.5596360447270335 0.006556919642857143 0.03354527515895637
192 0.208984375 0.8943214207410656 0.018415178571428572 0.02894102170576628
60 0.22223772321428573 0.9251260688445516 0.01171875 0.013374260030695024
102 0.20884486607142858 0.5198421398816049 0.008649553571428572 0.02236351677263758
102 0.20891462053571427 0.6394431045823284 0.0087890625 0.020828765621574215
60 0.20912388392857142 0.695023021267266 0.008649553571428572 0.02236351677263758
14 0.6304408482142857 0.7375575531681648 0.013392857142857142 0.013593510195132646
196 0.5071149553571429 0.7374479280859461 0.018136160714285716 0.028721771541328656
195 0.6273018973214286 0.5499890374917781 0.018833705357142856 0.029598772199079148
180 0.2885044642857143 0.4602060951545714 0.008649553571428572 0.02324051743038807
178 0.30733816964285715 0.42534531900898925 0.015625 0.013593510195132646
102 0.28843470982142855 0.5767375575531681 0.008510044642857142 0.02302126726595045
190 0.35177176339285715 0.7375575531681648 0.009626116071428572 0.011401008550756413
32 0.48814174107142855 0.7703354527515895 0.010044642857142858 0.02302126726595045
192 0.48744419642857145 0.6429511072133304 0.017857142857142856 0.028283271212453408
119 0.4429408482142857 0.8994737996053497 0.017578125 0.028283271212453408
191 0.4476841517857143 0.8365490024117518 0.011439732142857142 0.01775926331944749
179 0.44594029017857145 0.7804209603157203 0.011858258928571428 0.026090769568077175
102 0.46358816964285715 0.7374479280859461 0.013113839285714286 0.01381276035957027
186 0.4315708705357143 0.7376671782503836 0.011021205357142858 0.01512826134619601
188 0.39718191964285715 0.7374479280859461 0.006417410714285714 0.027844770883578163
142 0.6356724330357143 0.30026310019732516 0.007952008928571428 0.014251260688445516
178 0.72607421875 0.5112913834685376 0.008510044642857142 0.022802017101512827
63 0.7258649553571429 0.3930059197544398 0.008928571428571428 0.023898267923700943
63 0.7009626116071429 0.8624205218153914 0.012137276785714286 0.014251260688445516
181 0.2650669642857143 0.11258495943871957 0.013392857142857142 0.013374260030695024
189 0.24881417410714285 0.14525323393992545 0.010463169642857142 0.031352773514580136
193 0.2704380580357143 0.23744792808594606 0.017717633928571428 0.02762552071914054
184 0.5335518973214286 0.714207410655558 0.021065848214285716 0.00986625739969305
182 0.5271344866071429 0.584959438719579 0.009068080357142858 0.013593510195132646
25 0.5262974330357143 0.5272966454724841 0.0107421875 0.02324051743038807
194 0.5272042410714286 0.4541767156325367 0.018973214285714284 0.029598772199079148
175 0.32826450892857145 0.40550317912738437 0.008649553571428572 0.022582766937075203
186 0.328125 0.32843674632755976 0.010044642857142858 0.017540013155009866
196 0.32833426339285715 0.5213768910326683 0.017996651785714284 0.028064021048015787
180 0.328125 0.6490901118175839 0.008649553571428572 0.016882262661696998
196 0.3096400669642857 0.1749616312212234 0.017717633928571428 0.02718702039026529
182 0.2490234375 0.7730760798070598 0.008928571428571428 0.012716509537382154
142 0.19287109375 0.29993422495066874 0.008510044642857142 0.014032010524007894
14 0.18903459821428573 0.48717386538039903 0.013671875 0.013593510195132646