187 0.15959821428571427 0.23744792808594606 0.004464285714285714 0.013593510195132646
187 0.09619140625 0.8625301468976102 0.004603794642857143 0.013593510195132646
187 0.14892578125 0.1749616312212234 0.004603794642857143 0.013593510195132646
187 0.6862444196428571 0.1815391361543521 0.008649553571428572 0.007016005262003947
187 0.5624302455357143 0.11247533435650077 0.004603794642857143 0.013593510195132646
187 0.646484375 0.21453628590221444 0.008649553571428572 0.00723525542644157
175 0.26304408482142855 0.8627493970620478 0.011021205357142858 0.013593510195132646
182 0.12974330357142858 0.7140977855733391 0.008649553571428572 0.014032010524007894
180 0.12967354910714285 0.6363736022802017 0.0087890625 0.02433676825257619
63 0.12946428571428573 0.5241175180881386 0.008370535714285714 0.02170576627932471
181 0.30385044642857145 0.4251260688445516 0.015066964285714286 0.013593510195132646
179 0.36635044642857145 0.33008112256084193 0.011997767857142858 0.02302126726595045
63 0.34591238839285715 0.17485200613900462 0.013532366071428572 0.013374260030695024
186 0.36788504464285715 0.5177592633194474 0.010044642857142858 0.016882262661696998
186 0.3682338169642857 0.647226485419864 0.010184151785714286 0.01710151282613462
192 0.3681640625 0.7087261565446175 0.017299107142857144 0.027844770883578163
175 0.5274135044642857 0.5817803113352334 0.0087890625 0.023898267923700943
175 0.5456194196428571 0.550098662573997 0.014508928571428572 0.014032010524007894
184 0.48109654017857145 0.5012058759044069 0.021065848214285716 0.01052400789300592
177 0.4662388392857143 0.4247971935978952 0.013392857142857142 0.013374260030695024
193 0.5272042410714286 0.6454724841043631 0.017857142857142856 0.028064021048015787
182 0.5270647321428571 0.7750493312869985 0.008649553571428572 0.014032010524007894
181 0.5272042410714286 0.8312869984652489 0.008370535714285714 0.019951764963823723
186 0.5453404017857143 0.9247971935978953 0.011439732142857142 0.015786011839508878
187 0.646484375 0.8937732953299715 0.008649553571428572 0.00723525542644157
60 0.6465541294642857 0.8389607542205657 0.008510044642857142 0.02039026529269897
184 0.6003766741071429 0.7621135715851787 0.020786830357142856 0.01052400789300592
60 0.5902622767857143 0.7367901775926332 0.010602678571428572 0.01381276035957027
193 0.5465262276785714 0.7374479280859461 0.018833705357142856 0.029598772199079148
195 0.5069056919642857 0.7374479280859461 0.015485491071428572 0.023898267923700943
189 0.6067243303571429 0.7051085288313966 0.008091517857142858 0.031572023679017756
195 0.19070870535714285 0.29993422495066874 0.015904017857142856 0.02499451874588906
195 0.208984375 0.33304099978074986 0.018415178571428572 0.02894102170576628
142 0.22147042410714285 0.36231089673317257 0.008510044642857142 0.014251260688445516
178 0.26890345982142855 0.36242052181539136 0.012137276785714286 0.013593510195132646
179 0.31068638392857145 0.2970839728129796 0.013392857142857142 0.01841701381276036
176 0.40743582589285715 0.3313966235474677 0.008510044642857142 0.01775926331944749
184 0.4141322544642857 0.3962946722210042 0.021065848214285716 0.010304757728568297
177 0.5671735491071429 0.14722648541986408 0.008510044642857142 0.01775926331944749
179 0.5869838169642857 0.23448805086603816 0.017996651785714284 0.018197763648322735
119 0.5715680803571429 0.2583863187897391 0.017578125 0.026090769568077175
32 0.6695731026785714 0.36143389607542203 0.013811383928571428 0.016005262003946502
142 0.505859375 0.36231089673317257 0.008928571428571428 0.01381276035957027
179 0.48890904017857145 0.3920192940144705 0.012137276785714286 0.0263100197325148
187 0.40792410714285715 0.45614996711247535 0.008649553571428572 0.00723525542644157
194 0.4297572544642857 0.48739311554483666 0.017717633928571428 0.0263100197325148
185 0.5076729910714286 0.47785573339180004 0.007254464285714286 0.03354527515895637
186 0.5438058035714286 0.4876123657092743 0.010881696428571428 0.01447051085288314
189 0.5669642857142857 0.521486516114887 0.011439732142857142 0.031352773514580136
186 0.16908482142857142 0.4525323393992545 0.009765625 0.01710151282613462
189 0.16929408482142858 0.5208287656215742 0.010463169642857142 0.031352773514580136
181 0.16922433035714285 0.5726814295110721 0.008649553571428572 0.018855514141635606
193 0.16929408482142858 0.644924358693269 0.018833705357142856 0.029598772199079148
192 0.267578125 0.9250164437623328 0.018694196428571428 0.029379522034641527
142 0.2885044642857143 0.9087919315939487 0.008649553571428572 0.0131550098662574
102 0.28857421875 0.8395088796316598 0.0087890625 0.017978513483885114
175 0.38392857142857145 0.7999342249506687 0.015066964285714286 0.01381276035957027
119 0.46484375 0.7303222977417233 0.016462053571428572 0.028064021048015787
189 0.5669642857142857 0.8967331725498794 0.010044642857142858 0.031572023679017756
180 0.5905412946428571 0.924906818680114 0.011997767857142858 0.013374260030695024
185 0.5394112723214286 0.8723964042973033 0.006556919642857143 0.0328875246656435
184 0.5006277901785714 0.8721771541328656 0.006277901785714286 0.03332602499451875
196 0.46561104910714285 0.8625301468976102 0.017717633928571428 0.026748520061390047
192 0.4476841517857143 0.8305196228897171 0.018136160714285716 0.02850252137689103
32 0.6216517857142857 0.9240298180223635 0.013113839285714286 0.016005262003946502
195 0.646484375 0.7052181539136154 0.014508928571428572 0.02433676825257619
142 0.6463448660714286 0.658298618723964 0.008649553571428572 0.01381276035957027
183 0.642578125 0.5913176934882701 0.016741071428571428 0.01052400789300592
193 0.6465541294642857 0.7688007016005262 0.017717633928571428 0.027844770883578163
184 0.154296875 0.6848278886209165 0.006417410714285714 0.03310677483008112
185 0.11446707589285714 0.6848278886209165 0.006556919642857143 0.03310677483008112
185 0.17550223214285715 0.7659504494628371 0.021205357142857144 0.010743258057443543
183 0.17313058035714285 0.8278886209164656 0.016741071428571428 0.01052400789300592
25 0.22335379464285715 0.9233720675290507 0.012834821428571428 0.01775926331944749
32 0.43184988839285715 0.8611050208287656 0.013532366071428572 0.01512826134619601
187 0.38797433035714285 0.8625301468976102 0.004464285714285714 0.013593510195132646
181 0.3120814732142857 0.8624205218153914 0.013950892857142858 0.013374260030695024
188 0.44761439732142855 0.7081780311335234 0.0126953125 0.011401008550756413
178 0.4717494419642857 0.6749616312212234 0.014927455357142858 0.013374260030695024
180 0.5477120535714286 0.6748520061390046 0.012276785714285714 0.014032010524007894
142 0.31612723214285715 0.7373383030037273 0.008928571428571428 0.014909011181758386
63 0.28857421875 0.7618943214207411 0.0087890625 0.02236351677263758
184 0.25990513392857145 0.8098004823503617 0.006696428571428571 0.03310677483008112
181 0.24888392857142858 0.8244902433676825 0.008649553571428572 0.022582766937075203
191 0.24881417410714285 0.8907037930278447 0.0126953125 0.019951764963823723
60 0.5807756696428571 0.48750274062705545 0.013671875 0.014251260688445516
185 0.6238141741071429 0.47785573339180004 0.006277901785714286 0.03354527515895637
178 0.5667550223214286 0.8214207410655558 0.008510044642857142 0.02039026529269897
196 0.208984375 0.8914711686033765 0.018694196428571428 0.029379522034641527
187 0.208984375 0.8312869984652489 0.008649553571428572 0.00723525542644157
119 0.22865513392857142 0.7929182196886647 0.015066964285714286 0.027844770883578163
60 0.2645786830357143 0.6748520061390046 0.0146484375 0.013593510195132646
181 0.6863141741071429 0.5766279324709493 0.008510044642857142 0.01841701381276036
182 0.646484375 0.3255864941898706 0.008928571428571428 0.013593510195132646
185 0.6403459821428571 0.27592633194474897 0.021205357142857144 0.010304757728568297
63 0.7260044642857143 0.5776145582109187 0.008649553571428572 0.020828765621574215
183 0.7088448660714286 0.43104582328436747 0.006696428571428571 0.0263100197325148
186 0.5441545758928571 0.424906818680114 0.0107421875 0.015347511510633634
195 0.32833426339285715 0.32920412190309145 0.015485491071428572 0.02433676825257619
177 0.32833426339285715 0.2069721552291164 0.008510044642857142 0.0197325147993861
63 0.30210658482142855 0.17529050646787986 0.013253348214285714 0.01381276035957027
119 0.19301060267857142 0.18208726156544616 0.013532366071428572 0.027406270554702915
60 0.34933035714285715 0.6749616312212234 0.013671875 0.013374260030695024
183 0.3721400669642857 0.7691295768471826 0.0166015625 0.010085507564130673
25 0.3692103794642857 0.8286559964919974 0.0107421875 0.022582766937075203
190 0.39076450892857145 0.5498794124095593 0.007254464285714286 0.011401008550756413
142 0.4232700892857143 0.5498794124095593 0.008370535714285714 0.013593510195132646
177 0.4701450892857143 0.5498794124095593 0.01171875 0.0131550098662574
192 0.5272042410714286 0.45472484104363076 0.018136160714285716 0.02850252137689103
102 0.46700613839285715 0.36242052181539136 0.015206473214285714 0.0131550098662574
175 0.4253627232142857 0.36209164656873494 0.010602678571428572 0.013374260030695024
178 0.44740513392857145 0.40188555141416354 0.008928571428571428 0.024117518088138567
182 0.34047154017857145 0.42457794343345756 0.008510044642857142 0.013374260030695024
102 0.6690848214285714 0.30026310019732516 0.012276785714285714 0.013374260030695024
102 0.6463448660714286 0.4597675948256961 0.008649553571428572 0.024117518088138567
190 0.12095424107142858 0.7374479280859461 0.010881696428571428 0.017320762990572242
196 0.19049944196428573 0.6749616312212234 0.017996651785714284 0.028283271212453408
195 0.26953125 0.7375575531681648 0.018415178571428572 0.02894102170576628
176 0.47098214285714285 0.8000438500328875 0.014787946428571428 0.0131550098662574
182 0.4873046875 0.6942556456917343 0.008928571428571428 0.013374260030695024
119 0.48291015625 0.6539136154352115 0.017717633928571428 0.020828765621574215
119 0.5530831473214286 0.7928085946064459 0.013811383928571428 0.028064021048015787
195 0.5880998883928571 0.7999342249506687 0.015764508928571428 0.024775268581451435
102 0.72607421875 0.32931374698531024 0.008510044642857142 0.02324051743038807
186 0.72607421875 0.2046700285025214 0.009626116071428572 0.016882262661696998
191 0.72607421875 0.13297522473141854 0.013253348214285714 0.020828765621574215
63 0.34291294642857145 0.23744792808594606 0.010881696428571428 0.0131550098662574
183 0.33238002232142855 0.636812102609077 0.0166015625 0.010304757728568297
186 0.7260044642857143 0.7639771979828985 0.009765625 0.016005262003946502