187 0.7121930803571429 0.9250164437623328 0.004464285714285714 0.013593510195132646
187 0.6260463169642857 0.9250164437623328 0.004603794642857143 0.013593510195132646
187 0.4476841517857143 0.9122999342249507 0.008649553571428572 0.007016005262003947
187 0.16922433035714285 0.8124314843236132 0.008649553571428572 0.00723525542644157
187 0.7260044642857143 0.2191405393554045 0.008649553571428572 0.00723525542644157
192 0.208984375 0.3282174961631221 0.018415178571428572 0.02894102170576628
188 0.20891462053571427 0.2531243148432361 0.011300223214285714 0.011620258715194036
60 0.14508928571428573 0.23744792808594606 0.015066964285714286 0.013593510195132646
176 0.1044921875 0.23744792808594606 0.011997767857142858 0.0131550098662574
190 0.17766462053571427 0.36242052181539136 0.010463169642857142 0.013593510195132646
180 0.16922433035714285 0.4463933347950011 0.008370535714285714 0.019294014470510854
189 0.16922433035714285 0.518636263977198 0.0078125 0.031352773514580136
25 0.17013113839285715 0.5868230651172989 0.010463169642857142 0.022144266608199955
195 0.1484375 0.6124753343565008 0.015625 0.024775268581451435
119 0.44321986607142855 0.7689103266827451 0.017857142857142856 0.021486516114887087
184 0.47837611607142855 0.7276912957684718 0.006417410714285714 0.03332602499451875
178 0.48744419642857145 0.7097127822845867 0.008370535714285714 0.022802017101512827
183 0.45166015625 0.8252576189432143 0.0166015625 0.010085507564130673
189 0.208984375 0.6406489804867354 0.008649553571428572 0.031572023679017756
60 0.2699497767857143 0.6124753343565008 0.012555803571428572 0.01381276035957027
63 0.208984375 0.5928524446393335 0.008928571428571428 0.018855514141635606
192 0.26869419642857145 0.48739311554483666 0.018694196428571428 0.029379522034641527
193 0.2885044642857143 0.4560403420302565 0.018415178571428572 0.02894102170576628
188 0.224609375 0.42501644376233283 0.007254464285714286 0.02433676825257619
189 0.24881417410714285 0.39344442008331504 0.009905133928571428 0.031352773514580136
194 0.24874441964285715 0.32931374698531024 0.018415178571428572 0.02894102170576628
177 0.2699497767857143 0.23744792808594606 0.010602678571428572 0.013593510195132646
182 0.12946428571428573 0.706095154571366 0.008649553571428572 0.012935759701819776
25 0.1533203125 0.7355843016882263 0.01171875 0.01710151282613462
25 0.12820870535714285 0.6486516114887086 0.010881696428571428 0.023459767594825695
178 0.32861328125 0.27011620258715197 0.0087890625 0.02499451874588906
178 0.32777622767857145 0.3376452532339399 0.008510044642857142 0.02499451874588906
196 0.32833426339285715 0.39410217057662794 0.017438616071428572 0.027844770883578163
195 0.32833426339285715 0.4580135935101951 0.018275669642857144 0.02850252137689103
175 0.6067243303571429 0.8994737996053497 0.008370535714285714 0.01775926331944749
192 0.6067243303571429 0.8290944968208727 0.018136160714285716 0.028721771541328656
60 0.5669642857142857 0.7715413286559965 0.008370535714285714 0.019294014470510854
192 0.5669642857142857 0.6431703573777681 0.017299107142857144 0.027844770883578163
175 0.5474330357142857 0.6124753343565008 0.011160714285714286 0.013374260030695024
193 0.646484375 0.5805744354308265 0.018415178571428572 0.02894102170576628
196 0.646484375 0.5184170138127604 0.017020089285714284 0.027844770883578163
182 0.6651088169642857 0.48750274062705545 0.0087890625 0.014251260688445516
195 0.70654296875 0.48739311554483666 0.015485491071428572 0.02367901775926332
180 0.6858956473214286 0.7056566542424907 0.008510044642857142 0.018197763648322735
25 0.6849888392857143 0.6467879850909888 0.010881696428571428 0.021486516114887087
194 0.6659458705357143 0.42501644376233283 0.017717633928571428 0.027844770883578163
32 0.6247907366071429 0.42381056785792587 0.012416294642857142 0.015786011839508878
184 0.6130022321428571 0.5189651392238545 0.021205357142857144 0.01052400789300592
142 0.6565987723214286 0.6124753343565008 0.008510044642857142 0.01381276035957027
194 0.6282784598214286 0.48739311554483666 0.017717633928571428 0.02762552071914054
176 0.42061941964285715 0.7370094277570708 0.015066964285714286 0.01381276035957027
177 0.40799386160714285 0.836439377329533 0.008510044642857142 0.021925016443762334
186 0.42626953125 0.8625301468976102 0.011300223214285714 0.015347511510633634
190 0.6067243303571429 0.628042096031572 0.006417410714285714 0.012935759701819776
25 0.5920061383928571 0.6732076299057225 0.0126953125 0.016882262661696998
195 0.5669642857142857 0.8339180004385003 0.018694196428571428 0.029160271870203903
142 0.5908900669642857 0.92435869326902 0.007952008928571428 0.013593510195132646
14 0.587890625 0.48739311554483666 0.015345982142857142 0.0131550098662574
192 0.5070452008928571 0.5498794124095593 0.017717633928571428 0.02718702039026529
183 0.4912806919642857 0.5821091865818899 0.016880580357142856 0.010085507564130673
194 0.46728515625 0.6124753343565008 0.017996651785714284 0.028283271212453408
175 0.5418526785714286 0.5497697873273405 0.015625 0.013374260030695024
119 0.5796595982142857 0.6054593290944968 0.015904017857142856 0.028721771541328656
119 0.5089983258928571 0.7302126726595045 0.013253348214285714 0.027844770883578163
187 0.5868443080357143 0.8625301468976102 0.004603794642857143 0.013593510195132646
175 0.6070033482142857 0.7132207849155887 0.008370535714285714 0.017978513483885114
63 0.7260044642857143 0.45900021925016443 0.008649553571428572 0.02302126726595045
178 0.7123325892857143 0.6749616312212234 0.015345982142857142 0.013374260030695024
119 0.31424386160714285 0.11971058978294234 0.015764508928571428 0.028064021048015787
192 0.5860770089285714 0.7374479280859461 0.018136160714285716 0.028721771541328656
60 0.32833426339285715 0.7685814514360886 0.008510044642857142 0.016882262661696998
25 0.34835379464285715 0.7358035518526639 0.012834821428571428 0.017978513483885114
175 0.3046177455357143 0.7373383030037273 0.011300223214285714 0.013593510195132646
14 0.23639787946428573 0.7374479280859461 0.011579241071428572 0.013374260030695024
195 0.40792410714285715 0.7059855294891472 0.018415178571428572 0.02894102170576628
180 0.40799386160714285 0.6465687349265512 0.008510044642857142 0.02104801578601184
193 0.40792410714285715 0.5795878096908572 0.018136160714285716 0.028721771541328656
181 0.47140066964285715 0.5499890374917781 0.012834821428571428 0.013374260030695024
178 0.26939174107142855 0.3619820214865161 0.012555803571428572 0.013593510195132646
119 0.5623604910714286 0.516334137250603 0.018136160714285716 0.02762552071914054
195 0.5871930803571429 0.424906818680114 0.018415178571428572 0.02894102170576628
32 0.42738560267857145 0.6737557553168165 0.014927455357142858 0.015786011839508878
180 0.16943359375 0.6513922385441789 0.009068080357142858 0.0197325147993861
102 0.08970424107142858 0.3299714974786231 0.008649553571428572 0.020609515457136594
196 0.11056082589285714 0.36242052181539136 0.017717633928571428 0.02718702039026529
188 0.11272321428571429 0.29993422495066874 0.008649553571428572 0.024117518088138567
194 0.23060825892857142 0.29993422495066874 0.018136160714285716 0.02850252137689103
196 0.08970424107142858 0.203135277351458 0.017857142857142856 0.028283271212453408
195 0.15101841517857142 0.11236570927428195 0.016322544642857144 0.02565226923920193
60 0.27322823660714285 0.11236570927428195 0.011858258928571428 0.013374260030695024
181 0.6728515625 0.36253014689761015 0.013113839285714286 0.014251260688445516
178 0.72607421875 0.3825915369436527 0.008510044642857142 0.017978513483885114
25 0.5814034598214286 0.3641745231308923 0.0146484375 0.016663012497259374