187 0.24874441964285715 0.47226485419864067 0.008649553571428572 0.007016005262003947
187 0.11893136160714286 0.11247533435650077 0.004603794642857143 0.013593510195132646
187 0.14822823660714285 0.8000438500328875 0.004603794642857143 0.013593510195132646
187 0.7260044642857143 0.7749397062047797 0.008649553571428572 0.00723525542644157
187 0.48744419642857145 0.6344003508002631 0.008649553571428572 0.00723525542644157
187 0.11125837053571429 0.1749616312212234 0.004603794642857143 0.013593510195132646
191 0.4219447544642857 0.17485200613900462 0.011858258928571428 0.018636263977197982
180 0.44747488839285715 0.15095373821530367 0.008510044642857142 0.019513264634948475
175 0.42403738839285715 0.3622012716509537 0.013811383928571428 0.013593510195132646
196 0.32833426339285715 0.26989695242271433 0.018275669642857144 0.02850252137689103
188 0.31277901785714285 0.29993422495066874 0.008091517857142858 0.020609515457136594
183 0.2622767857142857 0.3059636044727034 0.006417410714285714 0.026529269896952423
196 0.22712053571428573 0.29993422495066874 0.018136160714285716 0.02850252137689103
184 0.58837890625 0.4972593729445297 0.006556919642857143 0.03332602499451875
193 0.6273018973214286 0.48739311554483666 0.0185546875 0.029379522034641527
177 0.6067940848214286 0.5853979390484543 0.008510044642857142 0.0197325147993861
25 0.6079799107142857 0.6470072352554265 0.010602678571428572 0.02499451874588906
192 0.6067940848214286 0.7080684060513045 0.017996651785714284 0.028283271212453408
193 0.6669224330357143 0.7374479280859461 0.017717633928571428 0.026529269896952423
102 0.10616629464285714 0.862639771979829 0.011160714285714286 0.013374260030695024
102 0.16922433035714285 0.7605788204341153 0.008370535714285714 0.017540013155009866
185 0.1630859375 0.5885770664327998 0.021205357142857144 0.010304757728568297
188 0.20905412946428573 0.5094277570708178 0.016880580357142856 0.012935759701819776
14 0.18729073660714285 0.4247971935978952 0.012416294642857142 0.01381276035957027
25 0.20772879464285715 0.3390703793027845 0.011160714285714286 0.023459767594825695
60 0.6252790178571429 0.4246875685156764 0.016183035714285716 0.013593510195132646
182 0.646484375 0.31418548563911425 0.008649553571428572 0.013593510195132646
192 0.6465541294642857 0.26562157421618066 0.017438616071428572 0.027844770883578163
60 0.5669642857142857 0.4545055908791932 0.008370535714285714 0.020609515457136594
193 0.5067661830357143 0.11236570927428195 0.017996651785714284 0.028283271212453408
179 0.48904854910714285 0.261346196009647 0.011858258928571428 0.02324051743038807
191 0.38413783482142855 0.29993422495066874 0.0126953125 0.020171015128261346
192 0.40792410714285715 0.33194474895856174 0.018415178571428572 0.02894102170576628
25 0.4068080357142857 0.2754878316158737 0.010881696428571428 0.022144266608199955
183 0.39767020089285715 0.24358693269019951 0.006277901785714286 0.0263100197325148
25 0.35414341517857145 0.23843455382591536 0.011021205357142858 0.01644376233282175
188 0.5062779017857143 0.2998245998684499 0.008649553571428572 0.027844770883578163
195 0.6675502232142857 0.11236570927428195 0.015345982142857142 0.02433676825257619
192 0.6067940848214286 0.20686253014689762 0.017996651785714284 0.028283271212453408
195 0.5452706473214286 0.23744792808594606 0.016043526785714284 0.025433019074764307
14 0.646484375 0.13757947818460864 0.008370535714285714 0.022582766937075203
185 0.6526925223214286 0.20456040342030257 0.021344866071428572 0.010085507564130673
191 0.6332310267857143 0.29993422495066874 0.011997767857142858 0.018855514141635606
189 0.5451311383928571 0.29993422495066874 0.019949776785714284 0.012278009208506906
184 0.4140625 0.2191405393554045 0.021205357142857144 0.010743258057443543
180 0.3062220982142857 0.17518088138566104 0.014229910714285714 0.013593510195132646
190 0.27992466517857145 0.17485200613900462 0.007393973214285714 0.012935759701819776
187 0.24874441964285715 0.33117737338303005 0.008649553571428572 0.00723525542644157
190 0.6662946428571429 0.424906818680114 0.007254464285714286 0.01710151282613462
191 0.5272042410714286 0.4538478403858803 0.011160714285714286 0.017540013155009866
180 0.12953404017857142 0.394650295987722 0.008510044642857142 0.02236351677263758
32 0.14683314732142858 0.423152817364613 0.013811383928571428 0.016224512168384126
14 0.23451450892857142 0.17485200613900462 0.012276785714285714 0.014251260688445516
195 0.16922433035714285 0.45549221661916245 0.016183035714285716 0.025213768910326683
176 0.15611049107142858 0.6749616312212234 0.015345982142857142 0.013374260030695024
193 0.40785435267857145 0.4587809690857268 0.017438616071428572 0.027844770883578163
188 0.5669642857142857 0.2542205656654242 0.010881696428571428 0.012935759701819776
196 0.5669642857142857 0.20401227800920851 0.017857142857142856 0.028283271212453408
178 0.5044642857142857 0.17485200613900462 0.013113839285714286 0.014251260688445516
60 0.5876116071428571 0.17485200613900462 0.014229910714285714 0.013374260030695024
32 0.26583426339285715 0.2359131769348827 0.014927455357142858 0.016224512168384126
191 0.08970424107142858 0.7621135715851787 0.012555803571428572 0.0197325147993861
181 0.08970424107142858 0.819557114667836 0.008370535714285714 0.022802017101512827
193 0.08970424107142858 0.704341153255865 0.017299107142857144 0.027844770883578163
184 0.18073381696428573 0.6652049989037492 0.006277901785714286 0.03332602499451875
194 0.08970424107142858 0.5798070598552949 0.017857142857142856 0.027844770883578163
192 0.08970424107142858 0.3927866695900022 0.018136160714285716 0.028721771541328656
142 0.15757533482142858 0.2998245998684499 0.008510044642857142 0.01381276035957027
177 0.6863141741071429 0.45625959219469414 0.008510044642857142 0.019294014470510854
25 0.6659458705357143 0.48892786669590005 0.013532366071428572 0.015786011839508878
177 0.6462053571428571 0.5806840605130453 0.008928571428571428 0.024775268581451435
175 0.6861049107142857 0.33545275158956367 0.008370535714285714 0.02104801578601184
193 0.6265345982142857 0.1749616312212234 0.018415178571428572 0.02894102170576628
192 0.72607421875 0.20631440473580356 0.018275669642857144 0.02850252137689103
195 0.7043108258928571 0.23733830300372724 0.015485491071428572 0.022144266608199955
189 0.72607421875 0.3324928743696558 0.009626116071428572 0.031352773514580136
181 0.7097516741071429 0.36242052181539136 0.013811383928571428 0.0131550098662574
178 0.7043108258928571 0.1749616312212234 0.012974330357142858 0.014032010524007894
196 0.6863141741071429 0.20817803113352334 0.017438616071428572 0.027844770883578163
194 0.6246512276785714 0.23744792808594606 0.017717633928571428 0.02718702039026529
192 0.7054268973214286 0.11236570927428195 0.017717633928571428 0.027844770883578163
25 0.54833984375 0.42304319228239423 0.013532366071428572 0.016882262661696998
14 0.3900669642857143 0.6123657092742819 0.014508928571428572 0.013593510195132646
195 0.32833426339285715 0.7075202806402104 0.016043526785714284 0.025433019074764307
183 0.6027483258928571 0.32394211795658845 0.0166015625 0.010304757728568297
25 0.28941127232142855 0.3831396623547468 0.0107421875 0.021267265950449463
188 0.43247767857142855 0.11236570927428195 0.008649553571428572 0.01775926331944749
187 0.40792410714285715 0.1437184827888621 0.008649553571428572 0.00723525542644157
182 0.7261439732142857 0.6558868669151502 0.008928571428571428 0.013374260030695024
175 0.6627371651785714 0.5503179127384346 0.015485491071428572 0.0131550098662574
102 0.7063337053571429 0.6124753343565008 0.011997767857142858 0.013374260030695024
63 0.6620396205357143 0.6123657092742819 0.011579241071428572 0.013593510195132646
142 0.5172293526785714 0.6122560841920631 0.008231026785714286 0.01381276035957027
177 0.7260044642857143 0.39596579697434775 0.008649553571428572 0.021925016443762334
25 0.4862583705357143 0.5794781846086384 0.0107421875 0.02324051743038807
25 0.486328125 0.5106336329752247 0.010602678571428572 0.020171015128261346
14 0.5050920758928571 0.48717386538039903 0.012974330357142858 0.013593510195132646
188 0.28857421875 0.7134400350800263 0.011858258928571428 0.011401008550756413
183 0.28466796875 0.6301249725937295 0.016880580357142856 0.010085507564130673
186 0.28871372767857145 0.8310677483008112 0.009068080357142858 0.01775926331944749
192 0.26834542410714285 0.8625301468976102 0.018275669642857144 0.02850252137689103