187 0.10379464285714286 0.664182376150811 0.005859375 0.004822446295484437
187 0.7124720982142857 0.8112669881630864 0.0030691964285714285 0.00920648838228847
187 0.5076729910714286 0.48947829899167034 0.005859375 0.004822446295484437
187 0.087890625 0.472818939061815 0.0030691964285714285 0.00920648838228847
187 0.5241350446428571 0.8535729943007453 0.0030691964285714285 0.00920648838228847
193 0.2525111607142857 0.3035949145111793 0.011997767857142858 0.018851380973257344
176 0.3047572544642857 0.3034853134590092 0.009626116071428572 0.009425690486628672
178 0.38134765625 0.3035949145111793 0.007952008928571428 0.00920648838228847
189 0.21149553571428573 0.32606313020605 0.005580357142857143 0.021262604120999562
185 0.21993582589285715 0.46613327487943884 0.004324776785714286 0.02257781674704077
192 0.23842075892857142 0.49561595791319596 0.011997767857142858 0.018851380973257344
193 0.25313895089285715 0.5151249451994739 0.012137276785714286 0.019289785181937746
194 0.10372488839285714 0.5766111354669005 0.012137276785714286 0.019070583077597545
176 0.16817801339285715 0.5151249451994739 0.010463169642857142 0.00920648838228847
193 0.19873046875 0.5151249451994739 0.012416294642857142 0.01972818939061815
195 0.11746651785714286 0.6420429636124507 0.012276785714285714 0.019289785181937746
186 0.17013113839285715 0.6420429636124507 0.007672991071428571 0.010083296799649276
188 0.22349330357142858 0.5998465585269619 0.005301339285714286 0.016440157825515125
194 0.27957589285714285 0.5997369574747917 0.011997767857142858 0.01841297676457694
195 0.30698939732142855 0.5574309513371328 0.011021205357142858 0.01709776413853573
32 0.22349330357142858 0.5144673388864534 0.009207589285714286 0.010960105217010083
182 0.19768415178571427 0.5572117492327926 0.006138392857142857 0.00920648838228847
177 0.18443080357142858 0.5386891714160456 0.005859375 0.016440157825515125
63 0.12004743303571429 0.5575405523893029 0.0087890625 0.00898728627794827
196 0.21149553571428573 0.580447172292854 0.012276785714285714 0.019289785181937746
183 0.21414620535714285 0.6642919772029812 0.011160714285714286 0.006795265234546251
180 0.22335379464285715 0.7686321788689171 0.009207589285714286 0.00898728627794827
25 0.25076729910714285 0.7678649715037265 0.008510044642857142 0.010960105217010083
188 0.2769252232142857 0.7689609820254274 0.004743303571428571 0.01578255151249452
176 0.4268275669642857 0.7441911442349847 0.005719866071428571 0.012713722051731697
178 0.4268275669642857 0.7824419114423499 0.005719866071428571 0.013809732573432706
188 0.3921595982142857 0.7689609820254274 0.004185267857142857 0.0131521262604121
184 0.42257254464285715 0.7104340201665936 0.014229910714285714 0.0070144673388864535
194 0.42689732142857145 0.5778167470407716 0.011997767857142858 0.018851380973257344
179 0.4257114955357143 0.5400043840420868 0.008231026785714286 0.015563349408154318
178 0.3570033482142857 0.5151249451994739 0.008928571428571428 0.008768084173608066
182 0.6959402901785714 0.5803375712406839 0.005998883928571429 0.009425690486628672
176 0.6961495535714286 0.6564007014467339 0.005859375 0.011617711530030689
25 0.69677734375 0.740245506356861 0.007114955357142857 0.012713722051731697
181 0.6960100446428571 0.4459666812801403 0.005580357142857143 0.012056115738711091
102 0.6813616071428571 0.38820692678649715 0.007533482142857143 0.00920648838228847
180 0.6036551339285714 0.38842612889083733 0.010323660714285714 0.00920648838228847
184 0.5555943080357143 0.3948925909688733 0.004324776785714286 0.02257781674704077
181 0.5614536830357143 0.19081543182814556 0.005719866071428571 0.014686540990793511
187 0.5615234375 0.24024550635686104 0.005859375 0.004822446295484437
186 0.49497767857142855 0.21854449802718107 0.007533482142857143 0.01052170100832968
179 0.4139927455357143 0.2209557211749233 0.009905133928571428 0.012713722051731697
119 0.5453404017857143 0.26622095572117493 0.010602678571428572 0.018632178868917142
176 0.49302455357142855 0.2613985094256905 0.011160714285714286 0.00898728627794827
185 0.46163504464285715 0.26786497150372646 0.004464285714285714 0.022797018851380975
195 0.4390345982142857 0.26128890837352037 0.011997767857142858 0.01797457255589654
63 0.6826869419642857 0.8113765892152565 0.008231026785714286 0.00898728627794827
102 0.6153738839285714 0.7530688294607628 0.005859375 0.013371328364752301
183 0.6126534598214286 0.6951994739149496 0.011300223214285714 0.006795265234546251
63 0.65380859375 0.6418237615081105 0.007393973214285714 0.00920648838228847
176 0.6042131696428571 0.6842393686979396 0.008649553571428572 0.009425690486628672
195 0.5471540178571429 0.6843489697501096 0.010602678571428572 0.016659359929855327
183 0.14397321428571427 0.553266111354669 0.004464285714285714 0.01797457255589654
186 0.11704799107142858 0.5997369574747917 0.007254464285714286 0.010083296799649276
188 0.13065011160714285 0.657606313020605 0.010184151785714286 0.008329679964927663
192 0.14453125 0.7689609820254274 0.011997767857142858 0.01841297676457694
189 0.3999720982142857 0.2381630863656291 0.006138392857142857 0.021262604120999562
182 0.5206473214285714 0.17634809294169224 0.005859375 0.009864094695309075
195 0.4136439732142857 0.26128890837352037 0.012555803571428572 0.01972818939061815
195 0.48067801339285715 0.28046909250328805 0.0107421875 0.016878562034195528
188 0.49190848214285715 0.3460105217010083 0.005301339285714286 0.011617711530030689
175 0.5250418526785714 0.3460105217010083 0.007672991071428571 0.009425690486628672
194 0.5490373883928571 0.3460105217010083 0.012137276785714286 0.019070583077597545
181 0.5615234375 0.40124945199473916 0.005859375 0.016001753616834723
142 0.21142578125 0.2343270495396756 0.006277901785714286 0.008768084173608066
176 0.21149553571428573 0.4961639631740465 0.005859375 0.012056115738711091
192 0.33272879464285715 0.21898290223586148 0.011997767857142858 0.018851380973257344
180 0.36349051339285715 0.21920210434020165 0.009905133928571428 0.00920648838228847
182 0.38553292410714285 0.21898290223586148 0.005719866071428571 0.00920648838228847
180 0.5210658482142857 0.4729285401139851 0.008370535714285714 0.00898728627794827
193 0.5211356026785714 0.38831652783866727 0.012137276785714286 0.019070583077597545
196 0.5076032366071429 0.3658483121437966 0.0126953125 0.01972818939061815
186 0.5075334821428571 0.32255589653660677 0.006417410714285714 0.012056115738711091
184 0.46707589285714285 0.31028057869355546 0.004464285714285714 0.02257781674704077
195 0.373046875 0.3678211310828584 0.010602678571428572 0.016659359929855327
193 0.373046875 0.45287154756685666 0.01171875 0.018851380973257344
195 0.44112723214285715 0.472818939061815 0.012276785714285714 0.019289785181937746
32 0.46616908482142855 0.4723805348531346 0.008510044642857142 0.01052170100832968
189 0.49434988839285715 0.472818939061815 0.013532366071428572 0.008768084173608066
179 0.6950334821428571 0.7965804471722928 0.008370535714285714 0.01578255151249452
25 0.6681780133928571 0.7061595791319597 0.007952008928571428 0.012494519947391494
182 0.6690848214285714 0.670648838228847 0.006138392857142857 0.008548882069267865
185 0.6650390625 0.4953967558088558 0.014508928571428572 0.0070144673388864535
192 0.6692243303571429 0.45133713283647525 0.011997767857142858 0.018851380973257344
191 0.5884486607142857 0.528277071459886 0.009207589285714286 0.01446733888645331
119 0.5851702008928571 0.49298553266111356 0.012137276785714286 0.016659359929855327
184 0.6312081473214286 0.7622753178430512 0.004324776785714286 0.02257781674704077
183 0.5428989955357143 0.8491889522139413 0.004324776785714286 0.017536168347216132
60 0.5344587053571429 0.8693555458132398 0.005859375 0.01446733888645331
194 0.5200892857142857 0.8958790004384042 0.012834821428571428 0.020166593599298552
175 0.494140625 0.8959886014905744 0.007533482142857143 0.00898728627794827
185 0.43973214285714285 0.9025646646207803 0.004464285714285714 0.02257781674704077
190 0.5345284598214286 0.7170100832967996 0.007114955357142857 0.009644892590968873
60 0.3861607142857143 0.6844585708022797 0.009765625 0.009864094695309075
178 0.31919642857142855 0.5868040333187199 0.005859375 0.016659359929855327
186 0.34591238839285715 0.7916483998246383 0.0068359375 0.011179307321350284
192 0.35972377232142855 0.8957693993862341 0.012137276785714286 0.019070583077597545
25 0.37220982142857145 0.8322007891275757 0.007254464285714286 0.012932924156071899
32 0.3734654017857143 0.785839544059623 0.006696428571428571 0.012713722051731697
192 0.3729771205357143 0.7463831652783867 0.012416294642857142 0.01972818939061815
14 0.373046875 0.7008987286277948 0.005859375 0.012494519947391494
193 0.3729771205357143 0.5767207365190706 0.011858258928571428 0.018851380973257344
177 0.3570033482142857 0.5574309513371328 0.010044642857142858 0.008768084173608066
175 0.33279854910714285 0.5575405523893029 0.007672991071428571 0.009425690486628672
179 0.33042689732142855 0.6016001753616834 0.0107421875 0.012932924156071899
25 0.23758370535714285 0.5744191144234985 0.007533482142857143 0.015563349408154318
178 0.15764508928571427 0.5842832091188075 0.005859375 0.015124945199473916
192 0.15764508928571427 0.49364313897413414 0.011997767857142858 0.018851380973257344
192 0.14362444196428573 0.472818939061815 0.0126953125 0.01972818939061815
182 0.15764508928571427 0.6203419552827707 0.005859375 0.008768084173608066
175 0.15757533482142858 0.6679088119245945 0.005719866071428571 0.01578255151249452
185 0.16176060267857142 0.6946514686540991 0.014369419642857142 0.0070144673388864535
186 0.09263392857142858 0.5574309513371328 0.006975446428571429 0.01052170100832968
195 0.09130859375 0.5151249451994739 0.012137276785714286 0.019289785181937746
192 0.6553431919642857 0.26128890837352037 0.012416294642857142 0.01972818939061815
189 0.6012137276785714 0.26128890837352037 0.013532366071428572 0.008768084173608066
60 0.7499302455357143 0.19158263919333626 0.005719866071428571 0.01578255151249452
185 0.73876953125 0.1832529592284086 0.004324776785714286 0.022797018851380975
182 0.6757114955357143 0.17678649715037265 0.006277901785714286 0.009425690486628672
183 0.6579241071428571 0.18095133713283648 0.004185267857142857 0.017755370451556333
186 0.6282784598214286 0.17711530030688294 0.007393973214285714 0.010083296799649276
186 0.6036551339285714 0.3035949145111793 0.007254464285714286 0.01052170100832968
25 0.5453404017857143 0.3048005260850504 0.007533482142857143 0.011617711530030689
191 0.22300502232142858 0.21909250328803156 0.007672991071428571 0.012056115738711091
194 0.23842075892857142 0.24134151687856203 0.012834821428571428 0.020166593599298552
63 0.18470982142857142 0.36321788689171414 0.005859375 0.014905743095133712
178 0.18464006696428573 0.4093599298553266 0.005998883928571429 0.016878562034195528
183 0.18722098214285715 0.44158263919333623 0.011160714285714286 0.007233669443226655
175 0.6153738839285714 0.5333187198597107 0.005859375 0.014905743095133712
192 0.6692243303571429 0.7911003945637878 0.011997767857142858 0.018851380973257344
195 0.6691545758928571 0.8327487943884261 0.0107421875 0.01709776413853573
192 0.15764508928571427 0.24002630425252083 0.012555803571428572 0.01972818939061815
192 0.15764508928571427 0.28255151249451993 0.012555803571428572 0.01972818939061815
14 0.15757533482142858 0.4047566856641824 0.005719866071428571 0.015563349408154318
179 0.15876116071428573 0.4563787812362999 0.008091517857142858 0.014905743095133712
190 0.20242745535714285 0.472818939061815 0.005580357142857143 0.00920648838228847
189 0.5345284598214286 0.45341955282770713 0.005161830357142857 0.021262604120999562
32 0.5348772321428571 0.4927663305567733 0.006696428571428571 0.012275317843051293
189 0.5755440848214286 0.5574309513371328 0.013532366071428572 0.00789127575624726
32 0.5349469866071429 0.3631082858395441 0.006556919642857143 0.014248136782113108
187 0.5345982142857143 0.3248575186321789 0.005859375 0.004822446295484437
196 0.5345982142857143 0.2389302937308198 0.011997767857142858 0.018851380973257344
178 0.26541573660714285 0.6189171416045594 0.005719866071428571 0.015563349408154318
196 0.26527622767857145 0.7487943884261289 0.012416294642857142 0.01972818939061815