187 0.10818917410714286 0.23744792808594606 0.004603794642857143 0.013593510195132646
187 0.64013671875 0.424906818680114 0.004603794642857143 0.013593510195132646
187 0.4795619419642857 0.36242052181539136 0.004603794642857143 0.013593510195132646
187 0.4476841517857143 0.14042973032229775 0.008649553571428572 0.00723525542644157
187 0.37534877232142855 0.9250164437623328 0.004603794642857143 0.013593510195132646
187 0.11879185267857142 0.11247533435650077 0.004603794642857143 0.013593510195132646
187 0.7260044642857143 0.6534751151063364 0.008649553571428572 0.00723525542644157
187 0.7140066964285714 0.11247533435650077 0.004464285714285714 0.013593510195132646
187 0.12946428571428573 0.908024556018417 0.008649553571428572 0.00723525542644157
187 0.08970424107142858 0.8730541547906161 0.008649553571428572 0.007016005262003947
188 0.16929408482142858 0.33512387634290725 0.016322544642857144 0.00986625739969305
119 0.15673828125 0.2445735584301688 0.015206473214285714 0.027406270554702915
186 0.16936383928571427 0.39826792370094277 0.009765625 0.017320762990572242
192 0.18910435267857142 0.6123657092742819 0.017717633928571428 0.026748520061390047
184 0.23542131696428573 0.6026090769568078 0.006556919642857143 0.03310677483008112
183 0.6822684151785714 0.8130892348169261 0.0166015625 0.010304757728568297
181 0.6637834821428571 0.7375575531681648 0.01171875 0.013593510195132646
183 0.7154715401785714 0.6061170795878097 0.006556919642857143 0.026090769568077175
25 0.6852678571428571 0.5745450559087919 0.010881696428571428 0.020828765621574215
188 0.6863141741071429 0.5267485200613901 0.016322544642857144 0.010743258057443543
182 0.36788504464285715 0.3437842578381934 0.008649553571428572 0.013593510195132646
175 0.3526088169642857 0.36242052181539136 0.014090401785714286 0.014032010524007894
183 0.3095005580357143 0.3685595264196448 0.006277901785714286 0.0263100197325148
189 0.26688058035714285 0.36242052181539136 0.020089285714285716 0.012278009208506906
195 0.22844587053571427 0.36242052181539136 0.015485491071428572 0.02367901775926332
175 0.18931361607142858 0.36231089673317257 0.011997767857142858 0.013374260030695024
186 0.28843470982142855 0.5860556895417671 0.010463169642857142 0.017978513483885114
191 0.27657645089285715 0.5499890374917781 0.012974330357142858 0.02039026529269897
194 0.3491908482142857 0.5498794124095593 0.018415178571428572 0.02894102170576628
188 0.28857421875 0.5208287656215742 0.013532366071428572 0.013374260030695024
183 0.28452845982142855 0.4707301030475773 0.0166015625 0.010085507564130673
119 0.28397042410714285 0.38588028941021707 0.017717633928571428 0.02455601841701381
14 0.44775390625 0.26266169699627273 0.008510044642857142 0.0197325147993861
142 0.39794921875 0.2997149747862311 0.008231026785714286 0.013593510195132646
189 0.4476841517857143 0.3326024994518746 0.011439732142857142 0.031572023679017756
102 0.46644810267857145 0.1749616312212234 0.011579241071428572 0.014032010524007894
187 0.5470842633928571 0.1749616312212234 0.004603794642857143 0.013593510195132646
189 0.587890625 0.17485200613900462 0.020089285714285716 0.01775926331944749
180 0.6224888392857143 0.1749616312212234 0.013671875 0.0131550098662574
196 0.40785435267857145 0.8290944968208727 0.017996651785714284 0.028283271212453408
175 0.40771484375 0.7774610830958123 0.0087890625 0.024117518088138567
192 0.4686802455357143 0.7374479280859461 0.017996651785714284 0.028283271212453408
176 0.39404296875 0.6126945845209384 0.013253348214285714 0.013374260030695024
190 0.40792410714285715 0.5890155667616751 0.007254464285714286 0.014251260688445516
63 0.4076450892857143 0.5204998903749177 0.008928571428571428 0.021925016443762334
32 0.40855189732142855 0.3873054154790616 0.009626116071428572 0.02433676825257619
189 0.46888950892857145 0.6749616312212234 0.020089285714285716 0.01644376233282175
195 0.48744419642857145 0.6424029818022363 0.015904017857142856 0.02499451874588906
195 0.5078822544642857 0.6124753343565008 0.018275669642857144 0.028721771541328656
187 0.6664341517857143 0.8625301468976102 0.004464285714285714 0.013593510195132646
176 0.6247209821428571 0.8623108967331725 0.013950892857142858 0.013593510195132646
181 0.6065848214285714 0.7708835781626836 0.008649553571428572 0.01841701381276036
176 0.5920061383928571 0.7375575531681648 0.0126953125 0.013593510195132646
184 0.5085100446428571 0.7473141854856391 0.006696428571428571 0.03310677483008112
195 0.6260463169642857 0.924906818680114 0.015485491071428572 0.02433676825257619
187 0.5868443080357143 0.9250164437623328 0.004603794642857143 0.013593510195132646
187 0.50732421875 0.9250164437623328 0.004603794642857143 0.013593510195132646
178 0.4268275669642857 0.924906818680114 0.011579241071428572 0.013374260030695024
102 0.32840401785714285 0.5752028064021047 0.008649553571428572 0.023459767594825695
189 0.18743024553571427 0.11236570927428195 0.019949776785714284 0.012058759044069283
179 0.21072823660714285 0.1944748958561719 0.011858258928571428 0.022802017101512827
193 0.20905412946428573 0.33402762552071913 0.017996651785714284 0.028283271212453408
179 0.21072823660714285 0.40177592633194475 0.012137276785714286 0.026090769568077175
142 0.15185546875 0.17507125630344222 0.008510044642857142 0.01381276035957027
196 0.16922433035714285 0.20642402981802235 0.016741071428571428 0.027844770883578163
142 0.20891462053571427 0.6362639771979829 0.009068080357142858 0.012716509537382154
60 0.22956194196428573 0.8000438500328875 0.014927455357142858 0.0131550098662574
193 0.6653878348214286 0.6124753343565008 0.017717633928571428 0.027844770883578163
189 0.6669921875 0.7999342249506687 0.020089285714285716 0.01775926331944749
32 0.64697265625 0.33304099978074986 0.009905133928571428 0.02104801578601184
183 0.6425083705357143 0.2811883358912519 0.0166015625 0.00986625739969305
183 0.6660853794642857 0.2311992983994738 0.0068359375 0.026090769568077175
193 0.6465541294642857 0.4568077176057882 0.017717633928571428 0.027844770883578163
177 0.646484375 0.5211576408682307 0.008370535714285714 0.017978513483885114
178 0.6682477678571429 0.5498794124095593 0.012555803571428572 0.0131550098662574
102 0.12939453125 0.20510852883139663 0.008510044642857142 0.023898267923700943
63 0.15192522321428573 0.3004823503617628 0.014508928571428572 0.01381276035957027
190 0.24881417410714285 0.5221442666081999 0.008231026785714286 0.012935759701819776
187 0.24874441964285715 0.5812321859241394 0.008649553571428572 0.007016005262003947
187 0.6862444196428571 0.1437184827888621 0.008649553571428572 0.00723525542644157
187 0.646484375 0.20620477965358475 0.008649553571428572 0.00723525542644157
186 0.12932477678571427 0.7104801578601184 0.009486607142857142 0.017320762990572242
119 0.12513950892857142 0.5207191405393554 0.017857142857142856 0.02367901775926332
14 0.12932477678571427 0.45614996711247535 0.008649553571428572 0.020828765621574215
176 0.08942522321428571 0.8352335014251261 0.008649553571428572 0.018636263977197982
175 0.08991350446428571 0.7774610830958123 0.0087890625 0.02324051743038807
180 0.5819614955357143 0.23733830300372724 0.0126953125 0.013374260030695024
14 0.7263532366071429 0.2643060732295549 0.009068080357142858 0.019513264634948475
190 0.7170061383928571 0.29993422495066874 0.009068080357142858 0.014909011181758386
32 0.6604352678571429 0.29828984871738656 0.016183035714285716 0.016882262661696998
177 0.7260044642857143 0.3315062486296865 0.008649553571428572 0.02455601841701381
191 0.5426897321428571 0.5498794124095593 0.011160714285714286 0.017540013155009866
60 0.5076729910714286 0.5499890374917781 0.01171875 0.013374260030695024
142 0.47440011160714285 0.5498794124095593 0.008231026785714286 0.013593510195132646
14 0.28857421875 0.7691295768471826 0.008510044642857142 0.018855514141635606
176 0.28871372767857145 0.7055470291602719 0.008510044642857142 0.019294014470510854
190 0.28250558035714285 0.8624205218153914 0.006417410714285714 0.012935759701819776
182 0.4476841517857143 0.6606007454505591 0.008649553571428572 0.0131550098662574
192 0.44761439732142855 0.5173207629905723 0.017996651785714284 0.028283271212453408
195 0.5477818080357143 0.23744792808594606 0.0185546875 0.029379522034641527
190 0.5220424107142857 0.48739311554483666 0.008649553571428572 0.011401008550756413
180 0.46177455357142855 0.48750274062705545 0.015066964285714286 0.013374260030695024
191 0.5272042410714286 0.21190528392896293 0.012834821428571428 0.019951764963823723
14 0.4873744419642857 0.8199956149967113 0.008510044642857142 0.021925016443762334
195 0.4873744419642857 0.7030256522692392 0.017717633928571428 0.027844770883578163
102 0.6067243303571429 0.21541328655996492 0.008649553571428572 0.018636263977197982
188 0.5669642857142857 0.6361543521157641 0.013671875 0.012935759701819776