187 0.37779017857142855 0.8625301468976102 0.004464285714285714 0.013593510195132646
187 0.5499441964285714 0.9250164437623328 0.004464285714285714 0.013593510195132646
187 0.6862444196428571 0.6388949791712344 0.008649553571428572 0.007016005262003947
187 0.51220703125 0.29993422495066874 0.004603794642857143 0.013593510195132646
187 0.6247907366071429 0.1749616312212234 0.004603794642857143 0.013593510195132646
187 0.45877511160714285 0.6749616312212234 0.004603794642857143 0.013374260030695024
187 0.6862444196428571 0.20861653146239859 0.008649553571428572 0.00723525542644157
192 0.3680943080357143 0.45351896513922385 0.017996651785714284 0.028283271212453408
32 0.22530691964285715 0.36121464591098446 0.015066964285714286 0.016005262003946502
192 0.3680943080357143 0.519184389388292 0.018275669642857144 0.02850252137689103
119 0.37276785714285715 0.6413067309800482 0.017857142857142856 0.02499451874588906
102 0.34744698660714285 0.6749616312212234 0.011579241071428572 0.013374260030695024
192 0.30733816964285715 0.6749616312212234 0.018415178571428572 0.028721771541328656
188 0.28857421875 0.7039026529269897 0.017159598214285716 0.012058759044069283
184 0.42857142857142855 0.8098004823503617 0.006417410714285714 0.03310677483008112
189 0.38595145089285715 0.8000438500328875 0.019949776785714284 0.013593510195132646
195 0.46791294642857145 0.7999342249506687 0.015625 0.024775268581451435
195 0.5272042410714286 0.8939925454944091 0.015066964285714286 0.02433676825257619
119 0.4297572544642857 0.3552948914711686 0.0166015625 0.027844770883578163
186 0.4686802455357143 0.36242052181539136 0.011579241071428572 0.015786011839508878
180 0.50439453125 0.36253014689761015 0.012137276785714286 0.013374260030695024
32 0.4086216517857143 0.2661696996272747 0.009765625 0.021925016443762334
185 0.40171595982142855 0.19743477307607982 0.021344866071428572 0.010304757728568297
142 0.4310825892857143 0.17485200613900462 0.008649553571428572 0.01381276035957027
60 0.46651785714285715 0.1749616312212234 0.012834821428571428 0.013593510195132646
182 0.6867327008928571 0.5739969304976978 0.0087890625 0.0131550098662574
180 0.6678989955357143 0.42501644376233283 0.013811383928571428 0.014251260688445516
180 0.6213030133928571 0.42457794343345756 0.012137276785714286 0.01381276035957027
25 0.6616908482142857 0.5517430388072792 0.010602678571428572 0.016882262661696998
25 0.50244140625 0.5507564130673098 0.011858258928571428 0.015347511510633634
190 0.5461077008928571 0.3622012716509537 0.010463169642857142 0.013593510195132646
177 0.08970424107142858 0.6454724841043631 0.008370535714285714 0.021486516114887087
176 0.14627511160714285 0.6749616312212234 0.011300223214285714 0.013374260030695024
14 0.08956473214285714 0.7663889497917123 0.008649553571428572 0.018636263977197982
195 0.14997209821428573 0.8000438500328875 0.018136160714285716 0.02850252137689103
119 0.5223911830357143 0.26759482569611925 0.017996651785714284 0.02433676825257619
63 0.5047433035714286 0.23722867792150845 0.013671875 0.01447051085288314
180 0.5272042410714286 0.20039465029598771 0.008370535714285714 0.019294014470510854
102 0.5804966517857143 0.3000438500328875 0.013113839285714286 0.014251260688445516
181 0.6068638392857143 0.33545275158956367 0.008928571428571428 0.01841701381276036
179 0.6217912946428571 0.35967989475992107 0.015066964285714286 0.018636263977197982
192 0.46665736607142855 0.8625301468976102 0.018415178571428572 0.02894102170576628
63 0.5096261160714286 0.9250164437623328 0.012276785714285714 0.0131550098662574
177 0.46449497767857145 0.9247971935978953 0.011579241071428572 0.013593510195132646
192 0.34688895089285715 0.9250164437623328 0.0185546875 0.029379522034641527
187 0.14934430803571427 0.9250164437623328 0.004603794642857143 0.013593510195132646
194 0.10770089285714286 0.9250164437623328 0.018415178571428572 0.02894102170576628
193 0.16929408482142858 0.8286559964919974 0.017717633928571428 0.027844770883578163
14 0.19077845982142858 0.7998245998684499 0.013811383928571428 0.0131550098662574
178 0.22774832589285715 0.8001534751151064 0.014090401785714286 0.013374260030695024
194 0.30887276785714285 0.8000438500328875 0.018136160714285716 0.02850252137689103
178 0.34437779017857145 0.8002631001973252 0.012974330357142858 0.013593510195132646
178 0.5668247767857143 0.3224073668055251 0.008649553571428572 0.019513264634948475
63 0.12932477678571427 0.5218153913615435 0.008649553571428572 0.02104801578601184
187 0.22893415178571427 0.6123657092742819 0.004464285714285714 0.013593510195132646
193 0.24874441964285715 0.6440473580355185 0.017299107142857144 0.027844770883578163
196 0.24881417410714285 0.7068625301468976 0.0185546875 0.029379522034641527
182 0.2572544642857143 0.7373383030037273 0.008649553571428572 0.014032010524007894
193 0.12953404017857142 0.3908134181100636 0.017717633928571428 0.027844770883578163
119 0.14376395089285715 0.3551852663889498 0.013532366071428572 0.02850252137689103
194 0.10860770089285714 0.48750274062705545 0.018833705357142856 0.029598772199079148
195 0.08970424107142858 0.8321639991229993 0.017857142857142856 0.028283271212453408
176 0.08963448660714286 0.8890594167945626 0.008510044642857142 0.018855514141635606
190 0.42208426339285715 0.8625301468976102 0.009905133928571428 0.01710151282613462
179 0.18338448660714285 0.4277570708178031 0.012974330357142858 0.018855514141635606
182 0.20884486607142858 0.45812321859241395 0.008649553571428572 0.013374260030695024
102 0.15499441964285715 0.5498794124095593 0.012276785714285714 0.0131550098662574
178 0.20926339285714285 0.5690638017978513 0.008649553571428572 0.025213768910326683
180 0.20891462053571427 0.650186362639772 0.008510044642857142 0.020828765621574215
14 0.47446986607142855 0.7374479280859461 0.013950892857142858 0.013374260030695024
187 0.48744419642857145 0.5812321859241394 0.008649553571428572 0.007016005262003947
32 0.4878627232142857 0.40440692830519626 0.010044642857142858 0.024775268581451435
192 0.22970145089285715 0.7374479280859461 0.017717633928571428 0.026529269896952423
195 0.208984375 0.8333698750274062 0.018415178571428572 0.02894102170576628
192 0.646484375 0.3910326682745012 0.018694196428571428 0.029160271870203903
195 0.6465541294642857 0.3286559964919974 0.016322544642857144 0.02587151940363955
184 0.29464285714285715 0.2851348388511291 0.021484375 0.00986625739969305
192 0.3882533482142857 0.23744792808594606 0.018694196428571428 0.029379522034641527
193 0.42933872767857145 0.23733830300372724 0.019112723214285716 0.030037272527954396
181 0.47202845982142855 0.23722867792150845 0.015485491071428572 0.013593510195132646
192 0.31026785714285715 0.1749616312212234 0.018136160714285716 0.02850252137689103
175 0.3853236607142857 0.17507125630344222 0.013392857142857142 0.013374260030695024
191 0.23193359375 0.6749616312212234 0.011579241071428572 0.018197763648322735
177 0.4872349330357143 0.768362201271651 0.0087890625 0.01907476430607323
63 0.56689453125 0.26759482569611925 0.008510044642857142 0.024775268581451435
14 0.5503627232142857 0.4247971935978952 0.011997767857142858 0.01381276035957027
60 0.5884486607142857 0.424906818680114 0.013950892857142858 0.0131550098662574
192 0.32833426339285715 0.8295329971497478 0.018833705357142856 0.029598772199079148
181 0.3680943080357143 0.7752685814514361 0.008510044642857142 0.019294014470510854
25 0.44886997767857145 0.8190089892567419 0.0107421875 0.019513264634948475
183 0.6653878348214286 0.2433676825257619 0.006277901785714286 0.026748520061390047
142 0.5553152901785714 0.23744792808594606 0.008231026785714286 0.013593510195132646
182 0.6861049107142857 0.26726595044946283 0.008649553571428572 0.014032010524007894
192 0.66455078125 0.29993422495066874 0.017996651785714284 0.028064021048015787
192 0.6862444196428571 0.3965139223854418 0.017020089285714284 0.027844770883578163
175 0.6722935267857143 0.362639771979829 0.011997767857142858 0.013593510195132646
181 0.4476841517857143 0.3252576189432142 0.008370535714285714 0.023459767594825695
178 0.44747488839285715 0.2809690857268143 0.0087890625 0.018197763648322735
185 0.533203125 0.7515895636921728 0.021763392857142856 0.010085507564130673
187 0.50732421875 0.7375575531681648 0.004603794642857143 0.013593510195132646
178 0.24867466517857142 0.772966454724841 0.008510044642857142 0.02170576627932471
194 0.40785435267857145 0.7666081999561499 0.017996651785714284 0.028283271212453408