187 0.5943777901785714 0.29993422495066874 0.004603794642857143 0.013593510195132646
187 0.66455078125 0.36242052181539136 0.004603794642857143 0.013593510195132646
187 0.11865234375 0.8625301468976102 0.004603794642857143 0.013593510195132646
187 0.3594447544642857 0.11247533435650077 0.004603794642857143 0.013593510195132646
187 0.48744419642857145 0.8980486735365052 0.008649553571428572 0.007016005262003947
187 0.19831194196428573 0.9250164437623328 0.004603794642857143 0.013593510195132646
187 0.646484375 0.8821530366147775 0.008649553571428572 0.00723525542644157
187 0.40792410714285715 0.15150186362639773 0.008649553571428572 0.007016005262003947
187 0.12946428571428573 0.6206972155229117 0.008649553571428572 0.007016005262003947
25 0.24741908482142858 0.5880289410217058 0.011021205357142858 0.021486516114887087
184 0.24253627232142858 0.40254330190747645 0.021065848214285716 0.010085507564130673
180 0.30294363839285715 0.6124753343565008 0.015206473214285714 0.013374260030695024
102 0.3519810267857143 0.6120368340276255 0.01171875 0.014689761017320764
182 0.40799386160714285 0.47281297960973473 0.0087890625 0.013374260030695024
180 0.40771484375 0.3851129138346854 0.0087890625 0.019951764963823723
188 0.40785435267857145 0.5267485200613901 0.014090401785714286 0.00986625739969305
183 0.4330357142857143 0.5436307827230871 0.006417410714285714 0.026090769568077175
179 0.42606026785714285 0.23437842578381934 0.017578125 0.01841701381276036
193 0.2294921875 0.48750274062705545 0.017857142857142856 0.028283271212453408
119 0.5100446428571429 0.7304319228239421 0.014229910714285714 0.028283271212453408
176 0.48744419642857145 0.713001534751151 0.008370535714285714 0.016224512168384126
178 0.5006975446428571 0.6124753343565008 0.016183035714285716 0.013374260030695024
189 0.5272042410714286 0.5782723087042315 0.008091517857142858 0.031352773514580136
184 0.4663783482142857 0.18471826353869766 0.006417410714285714 0.03310677483008112
182 0.5525948660714286 0.3001534751151063 0.008649553571428572 0.014032010524007894
195 0.48744419642857145 0.33424687568515676 0.015345982142857142 0.02433676825257619
182 0.27469308035714285 0.362639771979829 0.009207589285714286 0.013593510195132646
14 0.30880301339285715 0.36242052181539136 0.0146484375 0.0131550098662574
195 0.20905412946428573 0.39607542205656654 0.017996651785714284 0.028283271212453408
186 0.19189453125 0.48750274062705545 0.011021205357142858 0.01644376233282175
63 0.12946428571428573 0.5184170138127604 0.008370535714285714 0.022144266608199955
195 0.6682477678571429 0.11247533435650077 0.018415178571428572 0.02894102170576628
189 0.5670340401785714 0.20631440473580356 0.010463169642857142 0.031572023679017756
119 0.5714285714285714 0.27680333260249945 0.017578125 0.024775268581451435
189 0.14822823660714285 0.8624205218153914 0.019949776785714284 0.01775926331944749
189 0.16922433035714285 0.8297522473141855 0.010881696428571428 0.031352773514580136
190 0.16922433035714285 0.7903968427976321 0.006417410714285714 0.011401008550756413
186 0.16915457589285715 0.577943433457575 0.009905133928571428 0.01710151282613462
181 0.5272042410714286 0.5180881385661039 0.008370535714285714 0.017540013155009866
32 0.5083705357142857 0.4860776145582109 0.012834821428571428 0.015786011839508878
193 0.5069056919642857 0.6749616312212234 0.017717633928571428 0.027844770883578163
187 0.48744419642857145 0.5812321859241394 0.008649553571428572 0.007016005262003947
14 0.12925502232142858 0.3943214207410656 0.008510044642857142 0.024775268581451435
183 0.13337053571428573 0.44124095593071694 0.016741071428571428 0.010304757728568297
189 0.32833426339285715 0.5171015128261346 0.007393973214285714 0.031352773514580136
184 0.6726422991071429 0.6026090769568078 0.006277901785714286 0.03310677483008112
176 0.6067243303571429 0.7067529050646788 0.008370535714285714 0.021267265950449463
183 0.6106305803571429 0.7626616969962727 0.016741071428571428 0.00986625739969305
192 0.5855189732142857 0.7999342249506687 0.018694196428571428 0.029160271870203903
102 0.5272042410714286 0.7662793247094936 0.008370535714285714 0.021486516114887087
175 0.6066545758928571 0.5107432580574436 0.008510044642857142 0.02039026529269897
181 0.5442940848214286 0.48706424029818024 0.0126953125 0.01381276035957027
191 0.08970424107142858 0.13209822407366806 0.013113839285714286 0.020828765621574215
193 0.08970424107142858 0.2067529050646788 0.018136160714285716 0.02850252137689103
188 0.08970424107142858 0.26923920192940143 0.015904017857142856 0.011401008550756413
176 0.15046037946428573 0.2997149747862311 0.012416294642857142 0.0131550098662574
184 0.17550223214285715 0.34509975882481914 0.021205357142857144 0.010085507564130673
188 0.1865234375 0.11236570927428195 0.007254464285714286 0.023459767594825695
102 0.23158482142857142 0.11214645910984433 0.015345982142857142 0.013374260030695024
195 0.31033761160714285 0.11236570927428195 0.015485491071428572 0.023459767594825695
183 0.09361049107142858 0.5144705108528831 0.016741071428571428 0.010743258057443543
188 0.08970424107142858 0.5659942994957247 0.013671875 0.012058759044069283
183 0.11614118303571429 0.6064459548344662 0.006556919642857143 0.026748520061390047
188 0.697265625 0.17485200613900462 0.007254464285714286 0.02433676825257619
176 0.6708984375 0.1747423810567858 0.011160714285714286 0.0131550098662574
189 0.5865652901785714 0.1749616312212234 0.019949776785714284 0.01710151282613462
180 0.6222098214285714 0.23744792808594606 0.01171875 0.0131550098662574
195 0.5860770089285714 0.23744792808594606 0.015904017857142856 0.02499451874588906
192 0.5669642857142857 0.4587809690857268 0.017299107142857144 0.027844770883578163
63 0.7260044642857143 0.4549440912080684 0.008649553571428572 0.020171015128261346
119 0.44287109375 0.5155667616750712 0.017717633928571428 0.02433676825257619
183 0.47398158482142855 0.481363736022802 0.006556919642857143 0.026529269896952423
180 0.3911830357142857 0.5497697873273405 0.015066964285714286 0.014251260688445516
192 0.46791294642857145 0.6749616312212234 0.018136160714285716 0.028721771541328656
181 0.52734375 0.6999561499671125 0.008649553571428572 0.02302126726595045
194 0.48744419642857145 0.8297522473141855 0.017578125 0.027844770883578163
60 0.12953404017857142 0.7784477088357816 0.008510044642857142 0.023898267923700943
181 0.7261439732142857 0.1533654900241175 0.009207589285714286 0.02302126726595045
32 0.58154296875 0.54889278666959 0.013811383928571428 0.016005262003946502
195 0.646484375 0.5824380618285464 0.018694196428571428 0.029160271870203903
14 0.6466238839285714 0.26912957684718264 0.008649553571428572 0.02039026529269897
181 0.6465541294642857 0.4448585836439377 0.008510044642857142 0.025433019074764307
188 0.6465541294642857 0.8353431265073449 0.016322544642857144 0.010085507564130673
142 0.6466936383928571 0.6929401447051086 0.0087890625 0.01381276035957027
63 0.6463448660714286 0.6563253672440255 0.008649553571428572 0.02170576627932471
176 0.5491071428571429 0.9252356939267704 0.014508928571428572 0.013593510195132646
194 0.42857142857142855 0.1749616312212234 0.018415178571428572 0.02894102170576628
178 0.47244698660714285 0.30026310019732516 0.014090401785714286 0.013374260030695024
183 0.48360770089285715 0.16136812102609077 0.016880580357142856 0.010085507564130673
14 0.5040457589285714 0.11214645910984433 0.012555803571428572 0.014251260688445516
181 0.5498046875 0.11236570927428195 0.011439732142857142 0.014251260688445516
181 0.38511439732142855 0.4247971935978952 0.015206473214285714 0.013374260030695024
188 0.3681640625 0.45088796316597235 0.015904017857142856 0.012058759044069283
187 0.4278041294642857 0.48739311554483666 0.004603794642857143 0.013593510195132646
102 0.3051060267857143 0.424906818680114 0.013392857142857142 0.013593510195132646
194 0.28857421875 0.45746546809910105 0.017159598214285716 0.027844770883578163