187 0.24979073660714285 0.159798334064007 0.004045758928571429 0.01183691363437089
187 0.7395368303571429 0.2698377904427883 0.00390625 0.01183691363437089
187 0.46993582589285715 0.7803594914511179 0.007672991071428571 0.006137658921525646
187 0.24476841517857142 0.9297457255589654 0.004045758928571429 0.012056115738711091
187 0.5398995535714286 0.6995835160017536 0.007533482142857143 0.006356861025865849
187 0.10665457589285714 0.8747259973695748 0.004045758928571429 0.012056115738711091
187 0.13092912946428573 0.5997369574747917 0.004045758928571429 0.01183691363437089
187 0.685546875 0.7647961420429636 0.00390625 0.01183691363437089
187 0.39990234375 0.332639193336256 0.007672991071428571 0.006356861025865849
187 0.16531808035714285 0.10488820692678649 0.00390625 0.012056115738711091
187 0.25990513392857145 0.24758877685225777 0.007533482142857143 0.006356861025865849
187 0.7499302455357143 0.3386672512056116 0.007672991071428571 0.006137658921525646
187 0.34102957589285715 0.10488820692678649 0.004045758928571429 0.012056115738711091
185 0.38204520089285715 0.701117930732135 0.005719866071428571 0.02915387987724682
193 0.32993861607142855 0.5704734765453748 0.015904017857142856 0.024769837790442787
192 0.32993861607142855 0.5156729504603245 0.017299107142857144 0.026961858833844804
142 0.32993861607142855 0.4460762823323104 0.007533482142857143 0.01183691363437089
63 0.34340122767857145 0.43478737395879 0.010184151785714286 0.011617711530030689
32 0.33070591517857145 0.7452871547566856 0.008510044642857142 0.01709776413853573
184 0.3574916294642857 0.8111573871109162 0.006277901785714286 0.02915387987724682
119 0.27559988839285715 0.7160236738272687 0.014927455357142858 0.024769837790442787
32 0.3818359375 0.7633713283647523 0.013392857142857142 0.014248136782113108
14 0.41489955357142855 0.7646865409907935 0.012276785714285714 0.011617711530030689
183 0.4384068080357143 0.785839544059623 0.0146484375 0.00920648838228847
189 0.18994140625 0.13480929416922402 0.0087890625 0.02761946514686541
193 0.18994140625 0.18763700131521263 0.015764508928571428 0.02498903989478299
177 0.18994140625 0.2381630863656291 0.007672991071428571 0.020385795703638757
188 0.18994140625 0.3971942130644454 0.012416294642857142 0.010083296799649276
194 0.24358258928571427 0.4348969750109601 0.015625 0.024550635686102586
102 0.27783203125 0.43478737395879 0.014090401785714286 0.011617711530030689
25 0.7159598214285714 0.8364752301622096 0.009765625 0.01578255151249452
191 0.7149832589285714 0.7284085927224901 0.010602678571428572 0.016659359929855327
184 0.6948939732142857 0.6634151687856203 0.006138392857142857 0.02915387987724682
195 0.6619001116071429 0.6547566856641823 0.013532366071428572 0.02104340201665936
192 0.48709542410714285 0.6547566856641823 0.015764508928571428 0.02498903989478299
187 0.7149135044642857 0.4072775098640947 0.007672991071428571 0.006137658921525646
102 0.7149832589285714 0.2981148619026743 0.007533482142857143 0.016220955721174924
182 0.6921037946428571 0.43478737395879 0.007533482142857143 0.012056115738711091
119 0.5247628348214286 0.44103463393248576 0.015764508928571428 0.024112231477422183
180 0.6983816964285714 0.5451556334940816 0.009765625 0.01183691363437089
192 0.6611328125 0.5448268303375713 0.017299107142857144 0.027400263042525207
184 0.5871233258928571 0.5535949145111793 0.005719866071428571 0.028715475668566418
185 0.5637555803571429 0.553266111354669 0.005580357142857143 0.029373081981587022
191 0.5194614955357143 0.5448268303375713 0.011579241071428572 0.01819377466023674
179 0.49393136160714285 0.5472380534853135 0.0126953125 0.016001753616834723
191 0.4575892857142857 0.5448268303375713 0.010044642857142858 0.015563349408154318
194 0.46993582589285715 0.7349846558526962 0.015485491071428572 0.024550635686102586
189 0.41622488839285715 0.709776413853573 0.017717633928571428 0.011398509425690487
184 0.46449497767857145 0.6183691363437089 0.018833705357142856 0.00920648838228847
14 0.4483119419642857 0.4348969750109601 0.010463169642857142 0.01183691363437089
60 0.11990792410714286 0.8969750109601052 0.007393973214285714 0.01578255151249452
192 0.17354910714285715 0.9297457255589654 0.015625 0.024331433581762384
182 0.21602957589285715 0.9298553266111355 0.007672991071428571 0.012275317843051293
32 0.12039620535714286 0.8549978079789566 0.008649553571428572 0.017755370451556333
14 0.13302176339285715 0.7096668128014029 0.009626116071428572 0.012056115738711091
194 0.24344308035714285 0.709776413853573 0.015625 0.024550635686102586
195 0.17389787946428573 0.6547566856641823 0.016043526785714284 0.02498903989478299
194 0.18994140625 0.6268084173608066 0.016880580357142856 0.0265234546251644
192 0.3124302455357143 0.5998465585269619 0.015764508928571428 0.024769837790442787
189 0.34877232142857145 0.5997369574747917 0.017578125 0.010083296799649276
194 0.39990234375 0.4071679088119246 0.0166015625 0.026085050416484
177 0.38330078125 0.37976764576939936 0.013532366071428572 0.011617711530030689
189 0.294921875 0.79351161771153 0.009207589285714286 0.02761946514686541
179 0.2935267857142857 0.6889522139412538 0.010602678571428572 0.018851380973257344
14 0.35177176339285715 0.6551950898728628 0.013811383928571428 0.012275317843051293
194 0.3827427455357143 0.6547566856641823 0.016043526785714284 0.02498903989478299
183 0.42054966517857145 0.6494958351600175 0.005719866071428571 0.023235423060061378
182 0.5398297991071429 0.6284524331433582 0.007672991071428571 0.01183691363437089
14 0.45347377232142855 0.5997369574747917 0.010184151785714286 0.01183691363437089
142 0.4199916294642857 0.5992985532661114 0.007393973214285714 0.01183691363437089
102 0.3999720982142857 0.6269180184129768 0.007533482142857143 0.01841297676457694
119 0.40394810267857145 0.6875274002630425 0.015485491071428572 0.023016220955721176
25 0.36390904017857145 0.6822665497588777 0.009347098214285714 0.016878562034195528
185 0.416015625 0.5361683472161333 0.005580357142857143 0.029373081981587022
186 0.25990513392857145 0.8518193774660237 0.008649553571428572 0.01578255151249452
179 0.14013671875 0.8769180184129768 0.0126953125 0.016878562034195528
142 0.22488839285714285 0.6914730381411661 0.0078125 0.011179307321350284
14 0.3648158482142857 0.1852257781674704 0.007533482142857143 0.016659359929855327
194 0.36495535714285715 0.29723805348531346 0.015345982142857142 0.024550635686102586
14 0.41713169642857145 0.21503726435773785 0.012834821428571428 0.01183691363437089
196 0.43491908482142855 0.2985532661113547 0.015485491071428572 0.024550635686102586
176 0.45082310267857145 0.32474791758000876 0.013532366071428572 0.011617711530030689
191 0.4506138392857143 0.2698377904427883 0.011997767857142858 0.018851380973257344
192 0.5224609375 0.2698377904427883 0.015625 0.024112231477422183
60 0.15506417410714285 0.3556554142919772 0.007393973214285714 0.020385795703638757
177 0.24176897321428573 0.324967119684349 0.012555803571428572 0.012056115738711091
14 0.3065708705357143 0.324967119684349 0.013253348214285714 0.012056115738711091
180 0.15499441964285715 0.4572555896536607 0.007533482142857143 0.01797457255589654
190 0.15492466517857142 0.5033976326172731 0.007952008928571428 0.013809732573432706
194 0.18994140625 0.68478737395879 0.015206473214285714 0.024550635686102586
14 0.6099330357142857 0.7439719421306444 0.007533482142857143 0.018851380973257344
178 0.62158203125 0.8746163963174046 0.012137276785714286 0.01183691363437089
25 0.6091657366071429 0.5648838228846997 0.009068080357142858 0.018851380973257344
190 0.43491908482142855 0.4051950898728628 0.008510044642857142 0.015124945199473916
185 0.41224888392857145 0.27849627356422624 0.005859375 0.02915387987724682
191 0.5398995535714286 0.30217010083296797 0.010044642857142858 0.015563349408154318
192 0.5207868303571429 0.32474791758000876 0.015625 0.02389302937308198
183 0.5175083705357143 0.6052170100832968 0.005719866071428571 0.023235423060061378
190 0.5049525669642857 0.6385357299430074 0.007672991071428571 0.008768084173608066
191 0.32993861607142855 0.39894782989916705 0.010044642857142858 0.01578255151249452
175 0.294921875 0.13272687417799212 0.007533482142857143 0.017755370451556333
25 0.24700055803571427 0.10620341955282771 0.011300223214285714 0.014686540990793511
195 0.20689174107142858 0.10488820692678649 0.015625 0.02345462516440158
195 0.0849609375 0.3520385795703639 0.013671875 0.021481806225339763
185 0.13616071428571427 0.15113985094256904 0.005859375 0.02915387987724682
119 0.08893694196428571 0.617382726874178 0.015485491071428572 0.01994739149495835
119 0.08914620535714286 0.6844585708022797 0.015625 0.021701008329679965
188 0.6244419642857143 0.26972818939061816 0.005580357142857143 0.02389302937308198
32 0.6664341517857143 0.26863217886891716 0.013113839285714286 0.014248136782113108
195 0.6979631696428571 0.2698377904427883 0.013950892857142858 0.021920210434020166
142 0.7503487723214286 0.5602805786935554 0.007952008928571428 0.012275317843051293
32 0.7364676339285714 0.4890398947829899 0.012276785714285714 0.014905743095133712
180 0.6448800223214286 0.46722928540113984 0.007393973214285714 0.017755370451556333
186 0.7315848214285714 0.5448268303375713 0.009207589285714286 0.013371328364752301
195 0.13671875 0.43478737395879 0.015904017857142856 0.024769837790442787
190 0.15492466517857142 0.607628233231039 0.005719866071428571 0.014905743095133712
190 0.15492466517857142 0.6884042086804033 0.008510044642857142 0.013809732573432706
25 0.15569196428571427 0.7450679526523455 0.009207589285714286 0.016659359929855327
180 0.15485491071428573 0.8935773783428321 0.007533482142857143 0.016001753616834723
14 0.4697963169642857 0.3541209995615958 0.007393973214285714 0.01819377466023674
178 0.46993582589285715 0.2496711968434897 0.007672991071428571 0.02104340201665936
32 0.47049386160714285 0.19344585708022796 0.008510044642857142 0.01994739149495835
192 0.4522181919642857 0.10488820692678649 0.016043526785714284 0.025208241999123193
192 0.41650390625 0.10488820692678649 0.015764508928571428 0.024769837790442787
102 0.3876953125 0.1049978079789566 0.011439732142857142 0.01183691363437089