187 0.10735212053571429 0.23744792808594606 0.004603794642857143 0.013593510195132646
187 0.24874441964285715 0.6026090769568078 0.008649553571428572 0.00723525542644157
187 0.2759486607142857 0.9250164437623328 0.004464285714285714 0.013593510195132646
187 0.5272042410714286 0.21135715851786888 0.008649553571428572 0.007016005262003947
187 0.7089146205357143 0.8625301468976102 0.004603794642857143 0.013593510195132646
187 0.2885044642857143 0.1597237447928086 0.008649553571428572 0.00723525542644157
187 0.208984375 0.8967331725498794 0.008649553571428572 0.007016005262003947
196 0.28857421875 0.33227362420521817 0.017717633928571428 0.027844770883578163
14 0.20905412946428573 0.38566103924577944 0.0087890625 0.02367901775926332
102 0.23430524553571427 0.424906818680114 0.015206473214285714 0.0131550098662574
185 0.24253627232142858 0.4008989256741943 0.021065848214285716 0.010304757728568297
176 0.2885044642857143 0.5166630124972593 0.008649553571428572 0.02433676825257619
196 0.4476841517857143 0.3338083753562815 0.018694196428571428 0.029160271870203903
194 0.4677734375 0.29993422495066874 0.018415178571428572 0.02894102170576628
188 0.4476841517857143 0.2624424468318351 0.017299107142857144 0.010085507564130673
181 0.31284877232142855 0.2376671782503837 0.013532366071428572 0.0131550098662574
186 0.24874441964285715 0.7086165314623986 0.009765625 0.017540013155009866
186 0.24881417410714285 0.8352335014251261 0.0107421875 0.018197763648322735
180 0.26548549107142855 0.8624205218153914 0.014229910714285714 0.013374260030695024
60 0.20884486607142858 0.6498574873931156 0.008649553571428572 0.01841701381276036
25 0.20779854910714285 0.5927428195571147 0.0107421875 0.02302126726595045
185 0.20284598214285715 0.5082218811664109 0.021205357142857144 0.010085507564130673
63 0.208984375 0.4518745889059417 0.008370535714285714 0.019294014470510854
180 0.20905412946428573 0.34268800701600527 0.0087890625 0.02499451874588906
185 0.22614397321428573 0.29006796755097564 0.006417410714285714 0.03332602499451875
32 0.5277622767857143 0.5891251918438939 0.009765625 0.022802017101512827
187 0.5470842633928571 0.48739311554483666 0.004603794642857143 0.013593510195132646
184 0.4727260044642857 0.871957903968428 0.006556919642857143 0.033764525323393996
60 0.16929408482142858 0.45044946283709714 0.008510044642857142 0.017320762990572242
186 0.16929408482142858 0.39563692172769127 0.010463169642857142 0.017320762990572242
63 0.16929408482142858 0.518636263977198 0.008510044642857142 0.022582766937075203
119 0.17368861607142858 0.5781626836220127 0.017299107142857144 0.02587151940363955
25 0.19370814732142858 0.6732076299057225 0.0146484375 0.01644376233282175
192 0.72607421875 0.32920412190309145 0.017717633928571428 0.027844770883578163
191 0.6623186383928571 0.424906818680114 0.010184151785714286 0.016224512168384126
195 0.6263253348214286 0.42501644376233283 0.015485491071428572 0.023898267923700943
14 0.7263532366071429 0.5701600526200394 0.0087890625 0.02170576627932471
185 0.35923549107142855 0.6848278886209165 0.006696428571428571 0.03310677483008112
14 0.30936104910714285 0.6749616312212234 0.011021205357142858 0.013374260030695024
119 0.3809291294642857 0.6052400789300592 0.016043526785714284 0.027406270554702915
190 0.4335239955357143 0.6124753343565008 0.010463169642857142 0.01512826134619601
178 0.44761439732142855 0.5161148870861653 0.008510044642857142 0.021925016443762334
181 0.19384765625 0.5499890374917781 0.011579241071428572 0.013374260030695024
102 0.26492745535714285 0.5502082876562158 0.011160714285714286 0.013374260030695024
177 0.3447265625 0.9252356939267704 0.013950892857142858 0.013593510195132646
181 0.39327566964285715 0.7374479280859461 0.014508928571428572 0.013374260030695024
192 0.42822265625 0.7374479280859461 0.0185546875 0.029160271870203903
180 0.5270647321428571 0.6982021486516115 0.008649553571428572 0.019513264634948475
177 0.5668247767857143 0.5220346415259811 0.008649553571428572 0.022802017101512827
179 0.6052594866071429 0.4517649638237229 0.012137276785714286 0.02302126726595045
119 0.57177734375 0.5871519403639552 0.017438616071428572 0.024117518088138567
192 0.6067940848214286 0.39048454286340717 0.017996651785714284 0.028064021048015787
25 0.5280412946428571 0.3384126288094716 0.010881696428571428 0.023459767594825695
194 0.72607421875 0.7034641525981145 0.017996651785714284 0.028283271212453408
182 0.6582728794642857 0.5497697873273405 0.007952008928571428 0.013374260030695024
188 0.6222098214285714 0.5498794124095593 0.0078125 0.02718702039026529
25 0.6056082589285714 0.3395088796316597 0.010881696428571428 0.022582766937075203
185 0.6312081473214286 0.3525542644156983 0.006556919642857143 0.03332602499451875
195 0.6277901785714286 0.23744792808594606 0.018694196428571428 0.029379522034641527
183 0.6595982142857143 0.2313089234816926 0.006417410714285714 0.0263100197325148
181 0.646484375 0.6498574873931156 0.008649553571428572 0.017540013155009866
176 0.6467633928571429 0.5853979390484543 0.008928571428571428 0.01841701381276036
196 0.6465541294642857 0.4537382153036615 0.017438616071428572 0.027844770883578163
32 0.4638671875 0.23646130234597676 0.01171875 0.015566761675071256
194 0.5866350446428571 0.23744792808594606 0.019252232142857144 0.03025652269239202
195 0.5461774553571429 0.23744792808594606 0.018415178571428572 0.02894102170576628
175 0.5099051339285714 0.36253014689761015 0.011439732142857142 0.013374260030695024
184 0.4644252232142857 0.3722867792150844 0.006417410714285714 0.03332602499451875
196 0.40785435267857145 0.5160052620039465 0.017717633928571428 0.027844770883578163
177 0.4296177455357143 0.48739311554483666 0.0146484375 0.0131550098662574
175 0.40792410714285715 0.3865380399035299 0.008370535714285714 0.01710151282613462
196 0.26743861607142855 0.424906818680114 0.018136160714285716 0.02850252137689103
194 0.18938337053571427 0.23733830300372724 0.017996651785714284 0.028283271212453408
184 0.22174944196428573 0.22769129576847183 0.006277901785714286 0.03354527515895637
14 0.12946428571428573 0.3231747423810568 0.008370535714285714 0.02367901775926332
176 0.28843470982142855 0.8386318789739092 0.008510044642857142 0.02499451874588906
32 0.28927176339285715 0.7068625301468976 0.009905133928571428 0.02104801578601184
186 0.28878348214285715 0.20532777899583424 0.009765625 0.01775926331944749
119 0.21358816964285715 0.2723087042315282 0.017299107142857144 0.026748520061390047
184 0.20270647321428573 0.8182416136812103 0.020926339285714284 0.010085507564130673
186 0.20884486607142858 0.7094935321201491 0.009765625 0.015786011839508878
60 0.48751395089285715 0.2736242052181539 0.008510044642857142 0.021486516114887087
188 0.48744419642857145 0.4040780530585398 0.013113839285714286 0.010085507564130673
189 0.3867885044642857 0.5499890374917781 0.019949776785714284 0.01512826134619601