187 0.40792410714285715 0.40835343126507345 0.008649553571428572 0.00723525542644157
187 0.11607142857142858 0.23744792808594606 0.004464285714285714 0.013593510195132646
187 0.6661551339285714 0.6123657092742819 0.004464285714285714 0.013593510195132646
187 0.4476841517857143 0.1398816049112037 0.008649553571428572 0.007016005262003947
185 0.3526088169642857 0.18460863845647885 0.007114955357142857 0.03332602499451875
175 0.328125 0.1558868669151502 0.008928571428571428 0.020609515457136594
186 0.27211216517857145 0.11247533435650077 0.011300223214285714 0.015347511510633634
193 0.2275390625 0.11247533435650077 0.018415178571428572 0.02894102170576628
176 0.20912388392857142 0.13648322736242052 0.008649553571428572 0.01775926331944749
32 0.20961216517857142 0.19710589782942337 0.009626116071428572 0.02455601841701381
196 0.20905412946428573 0.27099320324490245 0.017438616071428572 0.028064021048015787
179 0.4095982142857143 0.20368340276255206 0.01171875 0.025433019074764307
177 0.44775390625 0.26255207191405394 0.008510044642857142 0.02039026529269897
188 0.4476841517857143 0.34367463275597454 0.010881696428571428 0.010743258057443543
179 0.40611049107142855 0.33326024994518744 0.01171875 0.02367901775926332
195 0.3872767857142857 0.29993422495066874 0.016183035714285716 0.025433019074764307
184 0.39425223214285715 0.3722867792150844 0.006417410714285714 0.03332602499451875
63 0.34493582589285715 0.3619820214865161 0.011021205357142858 0.014032010524007894
187 0.30845424107142855 0.36242052181539136 0.004464285714285714 0.013593510195132646
196 0.24881417410714285 0.39333479500109625 0.018275669642857144 0.02850252137689103
182 0.24867466517857142 0.3425783819337864 0.009347098214285714 0.013374260030695024
176 0.26632254464285715 0.2376671782503837 0.013950892857142858 0.013593510195132646
186 0.24909319196428573 0.20883578162683622 0.009347098214285714 0.017320762990572242
184 0.35232979910714285 0.6220127165095374 0.006277901785714286 0.033764525323393996
176 0.4271763392857143 0.6749616312212234 0.016183035714285716 0.013374260030695024
189 0.40785435267857145 0.5799166849375137 0.009068080357142858 0.031572023679017756
195 0.38692801339285715 0.48750274062705545 0.017717633928571428 0.027844770883578163
63 0.36788504464285715 0.4472703354527516 0.008928571428571428 0.02367901775926332
175 0.3680943080357143 0.3229554922166192 0.008510044642857142 0.01841701381276036
63 0.32826450892857145 0.2681429511072133 0.008649553571428572 0.02324051743038807
186 0.30594308035714285 0.30026310019732516 0.010881696428571428 0.015566761675071256
193 0.32833426339285715 0.3335891251918439 0.017438616071428572 0.027844770883578163
60 0.31563895089285715 0.7375575531681648 0.0146484375 0.013593510195132646
179 0.27559988839285715 0.7400789300591976 0.017159598214285716 0.018636263977197982
25 0.23088727678571427 0.739201929401447 0.014508928571428572 0.016882262661696998
184 0.32205636160714285 0.5131550098662574 0.021065848214285716 0.01118175838631879
142 0.3023158482142857 0.4876123657092743 0.008091517857142858 0.013593510195132646
177 0.08963448660714286 0.898158298618724 0.008510044642857142 0.018636263977197982
63 0.08991350446428571 0.7702258276693708 0.009068080357142858 0.019294014470510854
191 0.08970424107142858 0.7010524007893006 0.010323660714285714 0.016005262003946502
177 0.14780970982142858 0.9251260688445516 0.011858258928571428 0.014251260688445516
193 0.27036830357142855 0.9250164437623328 0.018415178571428572 0.02894102170576628
183 0.17313058035714285 0.22133304099978074 0.016741071428571428 0.010304757728568297
60 0.16908482142857142 0.25992106994080244 0.008649553571428572 0.018636263977197982
195 0.16922433035714285 0.33117737338303005 0.015625 0.024775268581451435
189 0.14906529017857142 0.42501644376233283 0.019949776785714284 0.01644376233282175
195 0.10777064732142858 0.424906818680114 0.015485491071428572 0.02324051743038807
185 0.5333426339285714 0.2668274501205876 0.021484375 0.010085507564130673
195 0.5069056919642857 0.23733830300372724 0.017717633928571428 0.027844770883578163
185 0.5334123883928571 0.9021048015786012 0.021344866071428572 0.00986625739969305
196 0.5066266741071429 0.7374479280859461 0.018275669642857144 0.028721771541328656
187 0.4278041294642857 0.7375575531681648 0.004603794642857143 0.013593510195132646
191 0.38671875 0.7374479280859461 0.013113839285714286 0.020828765621574215
178 0.4707728794642857 0.9252356939267704 0.012974330357142858 0.013593510195132646
196 0.42752511160714285 0.924906818680114 0.017996651785714284 0.028283271212453408
189 0.34640066964285715 0.9250164437623328 0.020089285714285716 0.017978513483885114
191 0.3091517857142857 0.9250164437623328 0.013392857142857142 0.02104801578601184
32 0.5924944196428571 0.29828984871738656 0.014508928571428572 0.01644376233282175
119 0.7128208705357143 0.3696557772418329 0.0166015625 0.028064021048015787
102 0.6670619419642857 0.36242052181539136 0.011858258928571428 0.013593510195132646
175 0.587890625 0.36231089673317257 0.010881696428571428 0.013374260030695024
196 0.70556640625 0.17485200613900462 0.017996651785714284 0.028283271212453408
182 0.6696428571428571 0.1749616312212234 0.008649553571428572 0.013593510195132646
189 0.5454799107142857 0.17485200613900462 0.020089285714285716 0.012058759044069283
188 0.4697265625 0.17485200613900462 0.008649553571428572 0.027844770883578163
63 0.12946428571428573 0.8226266169699628 0.008370535714285714 0.017978513483885114
178 0.12932477678571427 0.6419644814733612 0.008649553571428572 0.0197325147993861
179 0.2470703125 0.7591536943652708 0.01171875 0.02039026529269897
32 0.28920200892857145 0.19853102389826793 0.009765625 0.018636263977197982
14 0.22767857142857142 0.23733830300372724 0.014787946428571428 0.013374260030695024
25 0.14634486607142858 0.29828984871738656 0.01171875 0.016882262661696998
119 0.6418108258928571 0.5213768910326683 0.017717633928571428 0.025433019074764307
190 0.6465541294642857 0.4744573558430169 0.009068080357142858 0.014909011181758386
188 0.6183035714285714 0.42501644376233283 0.008649553571428572 0.019951764963823723
32 0.6471819196428571 0.3903749177811883 0.009765625 0.02302126726595045
189 0.5057198660714286 0.6124753343565008 0.020089285714285716 0.01512826134619601
176 0.46498325892857145 0.6123657092742819 0.011997767857142858 0.013593510195132646
177 0.08984375 0.5181977636483227 0.008649553571428572 0.02039026529269897
25 0.14669363839285715 0.5483446612584959 0.0126953125 0.016663012497259374
119 0.09423828125 0.5895636921727692 0.017717633928571428 0.02587151940363955
193 0.08970424107142858 0.4558210918658189 0.018973214285714284 0.029818022363516772
193 0.08970424107142858 0.39322516991887746 0.017857142857142856 0.027844770883578163
184 0.39076450892857145 0.24687568515676386 0.006417410714285714 0.033764525323393996
60 0.20905412946428573 0.7793247094935322 0.008510044642857142 0.017320762990572242
14 0.20891462053571427 0.6456917342688007 0.008510044642857142 0.020171015128261346
63 0.20891462053571427 0.8209822407366806 0.008510044642857142 0.02039026529269897
175 0.20884486607142858 0.8850032887524666 0.008649553571428572 0.02302126726595045
192 0.32833426339285715 0.8935540451655338 0.0185546875 0.029160271870203903
181 0.32826450892857145 0.7748300811225608 0.008649553571428572 0.021925016443762334
182 0.2616489955357143 0.6125849594387196 0.0087890625 0.014032010524007894
186 0.3886021205357143 0.6748520061390046 0.011300223214285714 0.015786011839508878
189 0.6465541294642857 0.20795878096908574 0.010463169642857142 0.031352773514580136
60 0.646484375 0.2761455821091866 0.008370535714285714 0.023898267923700943
179 0.5687081473214286 0.2115764086823065 0.011858258928571428 0.022802017101512827
32 0.16985212053571427 0.5124972593729445 0.009626116071428572 0.022144266608199955
195 0.16922433035714285 0.4537382153036615 0.017578125 0.027844770883578163
195 0.23005022321428573 0.5498794124095593 0.018415178571428572 0.02894102170576628
192 0.26890345982142855 0.5499890374917781 0.017996651785714284 0.028283271212453408
177 0.44775390625 0.4566980925235694 0.008510044642857142 0.02367901775926332
188 0.44761439732142855 0.3910326682745012 0.015485491071428572 0.012935759701819776
175 0.5668247767857143 0.905722429291822 0.008649553571428572 0.02455601841701381
179 0.5468052455357143 0.6778118833589125 0.0166015625 0.018636263977197982
119 0.5625 0.5917561938171454 0.017857142857142856 0.02718702039026529
187 0.5669642857142857 0.45614996711247535 0.008649553571428572 0.00723525542644157
187 0.24874441964285715 0.7062047796535847 0.008649553571428572 0.007016005262003947
191 0.62744140625 0.11236570927428195 0.011300223214285714 0.01775926331944749