187 0.34493582589285715 0.7647961420429636 0.004045758928571429 0.01183691363437089
187 0.4149693080357143 0.3248575186321789 0.004045758928571429 0.01183691363437089
187 0.6738978794642857 0.21481806225339764 0.004045758928571429 0.01183691363437089
187 0.662109375 0.709776413853573 0.00390625 0.01183691363437089
187 0.11174665178571429 0.48980710214818063 0.00390625 0.012056115738711091
187 0.115234375 0.159798334064007 0.00390625 0.01183691363437089
196 0.38113839285714285 0.7647961420429636 0.015625 0.024550635686102586
176 0.43484933035714285 0.7472599736957475 0.007533482142857143 0.01972818939061815
179 0.43345424107142855 0.6785401139850943 0.010323660714285714 0.018632178868917142
180 0.412109375 0.48980710214818063 0.013113839285714286 0.011617711530030689
119 0.43087332589285715 0.4568171854449803 0.015485491071428572 0.021920210434020166
185 0.6745256696428571 0.6736080666374398 0.018694196428571428 0.00920648838228847
192 0.6799665178571429 0.7944980271810609 0.016462053571428572 0.025646646207803596
195 0.6798967633928571 0.8495177553704516 0.013811383928571428 0.021701008329679965
196 0.662109375 0.8748355984217449 0.015625 0.024550635686102586
177 0.6260463169642857 0.8748355984217449 0.011858258928571428 0.01183691363437089
187 0.5924246651785714 0.8747259973695748 0.004045758928571429 0.012056115738711091
176 0.5556640625 0.8748355984217449 0.013950892857142858 0.01183691363437089
178 0.5288783482142857 0.8749451994739149 0.011997767857142858 0.012056115738711091
192 0.48597935267857145 0.8747259973695748 0.015764508928571428 0.024769837790442787
182 0.32972935267857145 0.4231696624287593 0.007672991071428571 0.011617711530030689
119 0.30991908482142855 0.44103463393248576 0.011300223214285714 0.024112231477422183
192 0.32986886160714285 0.3505041648399825 0.015206473214285714 0.024550635686102586
183 0.32275390625 0.2753178430512933 0.005719866071428571 0.022797018851380975
60 0.27553013392857145 0.26961858833844804 0.01171875 0.01183691363437089
192 0.294921875 0.4625164401578255 0.015066964285714286 0.024550635686102586
25 0.22593470982142858 0.5149057430951337 0.009347098214285714 0.016220955721174924
185 0.19845145089285715 0.5534853134590092 0.005719866071428571 0.02893467777290662
176 0.7147042410714286 0.7961420429636125 0.007533482142857143 0.014905743095133712
32 0.6284877232142857 0.7638097325734327 0.011997767857142858 0.013371328364752301
187 0.62744140625 0.5997369574747917 0.004045758928571429 0.01183691363437089
177 0.7149832589285714 0.738053485313459 0.007533482142857143 0.01841297676457694
182 0.7500697544642857 0.6709776413853573 0.007952008928571428 0.01183691363437089
192 0.7499302455357143 0.5697062691801841 0.015485491071428572 0.024550635686102586
183 0.7464425223214286 0.47457255589653663 0.0146484375 0.008768084173608066
142 0.7051478794642857 0.4350065760631302 0.007952008928571428 0.012056115738711091
189 0.38162667410714285 0.5448268303375713 0.017717633928571428 0.015563349408154318
192 0.31180245535714285 0.5448268303375713 0.016462053571428572 0.025646646207803596
191 0.27064732142857145 0.5448268303375713 0.011439732142857142 0.017755370451556333
195 0.39990234375 0.7936212187637002 0.015764508928571428 0.024769837790442787
185 0.42606026785714285 0.8661771153003068 0.005859375 0.02915387987724682
177 0.15492466517857142 0.6250548005260851 0.007393973214285714 0.02082419991231916
178 0.17229352678571427 0.6553046909250329 0.010602678571428572 0.012494519947391494
194 0.2782505580357143 0.6547566856641823 0.017159598214285716 0.027181060938185005
190 0.294921875 0.6384261288908374 0.007533482142857143 0.013809732573432706
63 0.294921875 0.5739807102148181 0.007533482142857143 0.016440157825515125
184 0.21930803571428573 0.46799649276633054 0.018415178571428572 0.009644892590968873
60 0.6099330357142857 0.567295046032442 0.007533482142857143 0.01578255151249452
63 0.177734375 0.5448268303375713 0.011997767857142858 0.012056115738711091
178 0.13511439732142858 0.5448268303375713 0.011021205357142858 0.011617711530030689
14 0.34228515625 0.4346777729066199 0.009626116071428572 0.012713722051731697
14 0.4496372767857143 0.4351161771153003 0.013671875 0.012275317843051293
194 0.4882114955357143 0.43478737395879 0.015764508928571428 0.024769837790442787
142 0.36502511160714285 0.45122753178430514 0.007672991071428571 0.011617711530030689
196 0.36495535714285715 0.4070583077597545 0.015345982142857142 0.024550635686102586
60 0.7498604910714286 0.2882507672073652 0.007533482142857143 0.020604997807978958
188 0.7499302455357143 0.35718982902235863 0.015485491071428572 0.010740903112669882
177 0.732421875 0.3799868478737396 0.009486607142857142 0.012056115738711091
192 0.6448800223214286 0.409798334064007 0.015764508928571428 0.024769837790442787
189 0.6799665178571429 0.18763700131521263 0.007533482142857143 0.02761946514686541
102 0.6799665178571429 0.35006576063130207 0.0078125 0.021481806225339763
175 0.5578264508928571 0.2698377904427883 0.0126953125 0.01183691363437089
179 0.4877232142857143 0.27202981148619026 0.013113839285714286 0.016659359929855327
63 0.4502650669642857 0.26972818939061816 0.0107421875 0.011617711530030689
175 0.41238839285714285 0.26972818939061816 0.011997767857142858 0.011617711530030689
193 0.3998325892857143 0.2996492766330557 0.015904017857142856 0.02498903989478299
186 0.19001116071428573 0.4617492327926348 0.009207589285714286 0.016001753616834723
195 0.15492466517857142 0.5177553704515563 0.013532366071428572 0.021481806225339763
192 0.15492466517857142 0.5718982902235862 0.015206473214285714 0.024550635686102586
183 0.12325613839285714 0.23191582639193337 0.014927455357142858 0.00920648838228847
178 0.11990792410714286 0.3440377027619465 0.007672991071428571 0.019508987286277948
119 0.12367466517857142 0.46744848750548007 0.015764508928571428 0.02082419991231916
189 0.13909040178571427 0.3798772468215695 0.017578125 0.01446733888645331
186 0.20389229910714285 0.37976764576939936 0.010184151785714286 0.012932924156071899
195 0.22488839285714285 0.407606313020605 0.014229910714285714 0.022139412538360367
194 0.6618303571428571 0.15990793511617712 0.015904017857142856 0.025208241999123193
194 0.6990094866071429 0.5448268303375713 0.015764508928571428 0.024769837790442787
175 0.7149832589285714 0.6279044278825077 0.0078125 0.020385795703638757
14 0.5046735491071429 0.796690048224463 0.007393973214285714 0.017755370451556333
193 0.45082310267857145 0.709776413853573 0.016880580357142856 0.026742656729504603
178 0.5233677455357143 0.9294169224024551 0.012137276785714286 0.01183691363437089
175 0.5938197544642857 0.9297457255589654 0.010184151785714286 0.012056115738711091
63 0.5047433035714286 0.6246163963174046 0.0078125 0.016001753616834723
102 0.5155552455357143 0.5997369574747917 0.009347098214285714 0.01183691363437089
195 0.5575474330357143 0.5998465585269619 0.013532366071428572 0.021262604120999562
178 0.5940290178571429 0.5996273564226217 0.013392857142857142 0.012056115738711091
194 0.22495814732142858 0.18982902235861465 0.016043526785714284 0.02498903989478299
188 0.22495814732142858 0.2377246821569487 0.011579241071428572 0.009425690486628672
179 0.22635323660714285 0.28649715037264356 0.0107421875 0.020604997807978958
175 0.22488839285714285 0.3597106532222709 0.007533482142857143 0.016220955721174924
194 0.24302455357142858 0.21492766330556773 0.015625 0.02389302937308198
142 0.29478236607142855 0.2356422621657168 0.0078125 0.012275317843051293
191 0.3081752232142857 0.3248575186321789 0.010044642857142858 0.01578255151249452
188 0.25990513392857145 0.6186979395002192 0.013671875 0.010740903112669882
189 0.18994140625 0.40618149934239367 0.008510044642857142 0.02761946514686541
193 0.18994140625 0.34962735642262166 0.015485491071428572 0.024550635686102586
182 0.20821707589285715 0.26972818939061816 0.007672991071428571 0.012056115738711091
175 0.36502511160714285 0.8409688733011836 0.007672991071428571 0.02082419991231916
189 0.36495535714285715 0.7365190705830776 0.009207589285714286 0.02761946514686541
119 0.3609095982142857 0.6791977202981149 0.015345982142857142 0.02389302937308198
119 0.26395089285714285 0.34425690486628674 0.015345982142857142 0.01819377466023674
188 0.27797154017857145 0.37976764576939936 0.005998883928571429 0.019508987286277948
193 0.25997488839285715 0.29559403770276194 0.016043526785714284 0.025208241999123193
191 0.25990513392857145 0.2503288031565103 0.011439732142857142 0.01797457255589654
181 0.7149135044642857 0.5176457693993862 0.007393973214285714 0.016440157825515125
32 0.7020089285714286 0.4884918895221394 0.013950892857142858 0.015124945199473916
175 0.6662946428571429 0.48991670320035074 0.011997767857142858 0.01183691363437089
195 0.6448800223214286 0.4617492327926348 0.015764508928571428 0.024769837790442787
196 0.6960797991071429 0.8197062691801841 0.015764508928571428 0.024769837790442787
60 0.11983816964285714 0.5722270933800965 0.007533482142857143 0.016878562034195528
192 0.6449497767857143 0.5199473914949584 0.015625 0.024550635686102586
178 0.6449497767857143 0.34754493643138973 0.007533482142857143 0.016878562034195528
102 0.6097935267857143 0.19640508548882069 0.007533482142857143 0.020604997807978958
60 0.6270228794642857 0.1600175361683472 0.009347098214285714 0.01183691363437089
185 0.7095424107142857 0.2878123629986848 0.018694196428571428 0.008768084173608066
185 0.6874302455357143 0.27849627356422624 0.005719866071428571 0.02915387987724682