187 0.4476841517857143 0.9108748081561061 0.008649553571428572 0.00723525542644157
187 0.6524135044642857 0.424906818680114 0.004603794642857143 0.013593510195132646
187 0.2779017857142857 0.8000438500328875 0.004464285714285714 0.013593510195132646
187 0.24874441964285715 0.15084411313308485 0.008649553571428572 0.007016005262003947
187 0.4476841517857143 0.40923043192282393 0.008649553571428572 0.00723525542644157
187 0.7260044642857143 0.14404735803551852 0.008649553571428572 0.007016005262003947
187 0.59228515625 0.23744792808594606 0.004603794642857143 0.013593510195132646
176 0.4712611607142857 0.8623108967331725 0.011160714285714286 0.0131550098662574
119 0.46268136160714285 0.7928085946064459 0.014369419642857142 0.028064021048015787
194 0.5075334821428571 0.7999342249506687 0.018973214285714284 0.030037272527954396
195 0.5669642857142857 0.7675948256961193 0.018694196428571428 0.029379522034641527
190 0.44761439732142855 0.791602718702039 0.008231026785714286 0.012935759701819776
176 0.42347935267857145 0.7373383030037273 0.013532366071428572 0.013593510195132646
185 0.40164620535714285 0.6876781407586056 0.021205357142857144 0.010304757728568297
176 0.4077845982142857 0.6432799824599869 0.008649553571428572 0.022802017101512827
182 0.23011997767857142 0.424906818680114 0.008231026785714286 0.014032010524007894
63 0.6327427455357143 0.7372286779215085 0.013253348214285714 0.01381276035957027
192 0.6067243303571429 0.770664327998246 0.019810267857142856 0.031133523350142512
186 0.6247209821428571 0.7998245998684499 0.01171875 0.016224512168384126
186 0.6063058035714286 0.708397281297961 0.009207589285714286 0.01710151282613462
190 0.6067243303571429 0.6398816049112037 0.0078125 0.01644376233282175
194 0.58544921875 0.42501644376233283 0.017717633928571428 0.027844770883578163
191 0.16922433035714285 0.5097566323174743 0.012555803571428572 0.0197325147993861
102 0.18638392857142858 0.550646787985091 0.011160714285714286 0.013374260030695024
191 0.31005859375 0.5498794124095593 0.013532366071428572 0.021486516114887087
191 0.5876813616071429 0.7999342249506687 0.010463169642857142 0.01644376233282175
142 0.44775390625 0.655996491997369 0.0087890625 0.012716509537382154
185 0.4414760044642857 0.5641306730980048 0.021344866071428572 0.010962508221881167
185 0.439453125 0.5596360447270335 0.006417410714285714 0.03354527515895637
188 0.44761439732142855 0.5033983775487831 0.0126953125 0.013593510195132646
181 0.4873744419642857 0.8245998684499013 0.008510044642857142 0.025433019074764307
181 0.70458984375 0.48739311554483666 0.013532366071428572 0.0131550098662574
180 0.6726422991071429 0.48739311554483666 0.013532366071428572 0.0131550098662574
188 0.72607421875 0.5229116421837317 0.013253348214285714 0.013593510195132646
182 0.7260044642857143 0.6945845209383907 0.008649553571428572 0.012716509537382154
190 0.7144252232142857 0.7374479280859461 0.007254464285714286 0.014251260688445516
183 0.6642717633928571 0.7435869326901995 0.006277901785714286 0.026529269896952423
187 0.12946428571428573 0.26869107651830737 0.008649553571428572 0.00723525542644157
60 0.08970424107142858 0.3837974128480596 0.008370535714285714 0.022144266608199955
25 0.18896484375 0.4892567419425565 0.010463169642857142 0.016882262661696998
180 0.24867466517857142 0.6937075202806402 0.008510044642857142 0.01841701381276036
190 0.22635323660714285 0.7375575531681648 0.0068359375 0.013593510195132646
14 0.18694196428571427 0.7999342249506687 0.011997767857142858 0.01381276035957027
186 0.4291294642857143 0.424906818680114 0.010881696428571428 0.015786011839508878
189 0.34633091517857145 0.48750274062705545 0.019949776785714284 0.012058759044069283
179 0.48904854910714285 0.6486516114887086 0.011858258928571428 0.027406270554702915
63 0.23277064732142858 0.7999342249506687 0.011021205357142858 0.013374260030695024
193 0.24881417410714285 0.7663889497917123 0.017996651785714284 0.028283271212453408
188 0.19231305803571427 0.6123657092742819 0.007393973214285714 0.02718702039026529
14 0.15618024553571427 0.6123657092742819 0.0146484375 0.013593510195132646
187 0.10958426339285714 0.6123657092742819 0.004603794642857143 0.013593510195132646
142 0.30259486607142855 0.6749616312212234 0.008649553571428572 0.013374260030695024
176 0.34207589285714285 0.6749616312212234 0.01171875 0.013374260030695024
194 0.3680943080357143 0.5789300591975444 0.017996651785714284 0.028283271212453408
176 0.20933314732142858 0.2046700285025214 0.0087890625 0.019513264634948475
176 0.18708147321428573 0.17485200613900462 0.014229910714285714 0.013374260030695024
193 0.14808872767857142 0.17485200613900462 0.017717633928571428 0.027844770883578163
192 0.18756975446428573 0.36242052181539136 0.017996651785714284 0.028064021048015787
179 0.21086774553571427 0.3862091646568735 0.011858258928571428 0.020828765621574215
192 0.48744419642857145 0.39618504713878533 0.018973214285714284 0.029818022363516772
185 0.5031389508928571 0.41504056128042094 0.006556919642857143 0.0328875246656435
179 0.5026506696428571 0.35967989475992107 0.016741071428571428 0.018636263977197982
102 0.5857282366071429 0.36242052181539136 0.016322544642857144 0.013593510195132646
178 0.12967354910714285 0.5265292698969524 0.008510044642857142 0.020828765621574215
191 0.15325055803571427 0.5499890374917781 0.011300223214285714 0.01775926331944749
188 0.10721261160714286 0.424906818680114 0.0068359375 0.02499451874588906
191 0.14983258928571427 0.6749616312212234 0.010881696428571428 0.017320762990572242
181 0.28871372767857145 0.5753124314843236 0.008510044642857142 0.01841701381276036
32 0.6714564732142857 0.36143389607542203 0.013392857142857142 0.015566761675071256
175 0.7260044642857143 0.3850032887524666 0.008649553571428572 0.017978513483885114
196 0.646484375 0.14262223196667398 0.018694196428571428 0.029160271870203903
185 0.22774832589285715 0.18460863845647885 0.006277901785714286 0.03332602499451875
185 0.2549525669642857 0.19008989256741943 0.021344866071428572 0.01052400789300592
187 0.24874441964285715 0.26869107651830737 0.008649553571428572 0.00723525542644157
187 0.24874441964285715 0.33117737338303005 0.008649553571428572 0.00723525542644157
192 0.6067243303571429 0.203135277351458 0.017020089285714284 0.027844770883578163
63 0.5272042410714286 0.44463933347950013 0.008928571428571428 0.017540013155009866
175 0.7259347098214286 0.26869107651830737 0.0087890625 0.02302126726595045
188 0.6296735491071429 0.29993422495066874 0.008231026785714286 0.020609515457136594
184 0.5962611607142857 0.30958123218592415 0.006417410714285714 0.03332602499451875
195 0.5669642857142857 0.45724621793466347 0.017857142857142856 0.028283271212453408
181 0.32833426339285715 0.5926331944748958 0.008510044642857142 0.020171015128261346
182 0.38260323660714285 0.6123657092742819 0.0087890625 0.013593510195132646
195 0.6863141741071429 0.7672659504494629 0.0166015625 0.026090769568077175
119 0.6698521205357143 0.869655777241833 0.017717633928571428 0.027406270554702915
192 0.625 0.8625301468976102 0.018136160714285716 0.02850252137689103
194 0.5669642857142857 0.8303003727252796 0.018415178571428572 0.02894102170576628
192 0.40785435267857145 0.5157860118395089 0.017717633928571428 0.027844770883578163
142 0.36837332589285715 0.5042753782065337 0.009068080357142858 0.0131550098662574
178 0.5271344866071429 0.7612365709274282 0.008510044642857142 0.02587151940363955
175 0.52734375 0.5805744354308265 0.008649553571428572 0.018855514141635606
195 0.5272042410714286 0.5157860118395089 0.018973214285714284 0.029598772199079148
192 0.16922433035714285 0.767156325367244 0.018694196428571428 0.029379522034641527
187 0.18910435267857142 0.8625301468976102 0.004603794642857143 0.013593510195132646
119 0.23311941964285715 0.8555141416356062 0.014229910714285714 0.028064021048015787
187 0.4278041294642857 0.8625301468976102 0.004603794642857143 0.013593510195132646
175 0.6865234375 0.4040780530585398 0.008370535714285714 0.021925016443762334
186 0.6868024553571429 0.26627932470949356 0.009765625 0.018197763648322735
25 0.6852678571428571 0.13900460425345318 0.010323660714285714 0.02236351677263758