187 0.22614397321428573 0.1343708899605436 0.0030691964285714285 0.00920648838228847
187 0.7230050223214286 0.1437965804471723 0.005719866071428571 0.004822446295484437
187 0.7417689732142857 0.3459009206488382 0.0030691964285714285 0.00920648838228847
187 0.7401646205357143 0.8958790004384042 0.003208705357142857 0.00920648838228847
187 0.22042410714285715 0.6420429636124507 0.0030691964285714285 0.00920648838228847
187 0.15276227678571427 0.9381850065760632 0.0030691964285714285 0.00920648838228847
187 0.6834542410714286 0.1343708899605436 0.0030691964285714285 0.00920648838228847
187 0.42689732142857145 0.6637439719421306 0.005859375 0.004822446295484437
187 0.6422991071428571 0.6593599298553267 0.005859375 0.004822446295484437
187 0.7075892857142857 0.6420429636124507 0.0030691964285714285 0.00920648838228847
187 0.7499302455357143 0.41538798772468216 0.005719866071428571 0.004822446295484437
142 0.6423688616071429 0.4594476106970627 0.005998883928571429 0.00920648838228847
181 0.6551339285714286 0.43029373081981587 0.009207589285714286 0.00920648838228847
175 0.6808035714285714 0.43051293292415604 0.008649553571428572 0.00920648838228847
142 0.7072405133928571 0.430403331871986 0.006277901785714286 0.009864094695309075
191 0.5990513392857143 0.38820692678649715 0.007254464285714286 0.011398509425690487
32 0.5889369419642857 0.8818500657606313 0.006556919642857143 0.01446733888645331
184 0.5841936383928571 0.7588776852257781 0.014369419642857142 0.0070144673388864535
175 0.5884486607142857 0.6637439719421306 0.005859375 0.013590530469092503
196 0.52099609375 0.5997369574747917 0.012416294642857142 0.019289785181937746
185 0.23423549107142858 0.20539237176676897 0.014508928571428572 0.0070144673388864535
189 0.26534598214285715 0.11321788689171416 0.006696428571428571 0.021262604120999562
177 0.23835100446428573 0.24375274002630426 0.005719866071428571 0.014028934677772907
182 0.23828125 0.29493643138974135 0.005859375 0.008548882069267865
177 0.23842075892857142 0.3269399386234108 0.005859375 0.012932924156071899
193 0.23835100446428573 0.41111354669004824 0.012137276785714286 0.019070583077597545
32 0.5080915178571429 0.6272468215694871 0.006696428571428571 0.014686540990793511
196 0.5076032366071429 0.577268741779921 0.012137276785714286 0.019070583077597545
195 0.5076032366071429 0.5351819377466024 0.010184151785714286 0.016440157825515125
60 0.51708984375 0.6422621657167908 0.009068080357142858 0.00920648838228847
32 0.5078822544642857 0.49408154318281455 0.0068359375 0.017536168347216132
176 0.5076032366071429 0.4584612012275318 0.005719866071428571 0.014686540990793511
177 0.7228655133928571 0.320692678649715 0.005998883928571429 0.01183691363437089
179 0.7241908482142857 0.36266988163086367 0.008091517857142858 0.018632178868917142
181 0.7129603794642857 0.38853572994300745 0.009068080357142858 0.009425690486628672
181 0.6960797991071429 0.4483779044278825 0.005719866071428571 0.014686540990793511
194 0.6825474330357143 0.5151249451994739 0.012416294642857142 0.01972818939061815
194 0.6007254464285714 0.515234546251644 0.011997767857142858 0.018632178868917142
183 0.5770089285714286 0.5193993862341079 0.004185267857142857 0.017755370451556333
177 0.18470982142857142 0.19541867601928978 0.006138392857142857 0.012932924156071899
191 0.18450055803571427 0.1189171416045594 0.009068080357142858 0.014248136782113108
187 0.1845703125 0.28255151249451993 0.005859375 0.004822446295484437
184 0.18875558035714285 0.37056115738711093 0.014229910714285714 0.006795265234546251
185 0.2255859375 0.46624287593160896 0.004743303571428571 0.022797018851380975
177 0.6960797991071429 0.6656071898290223 0.005719866071428571 0.016878562034195528
194 0.6960797991071429 0.7484655852696186 0.012137276785714286 0.019070583077597545
102 0.6961495535714286 0.7834283209118807 0.005859375 0.01446733888645331
185 0.7001953125 0.8286935554581324 0.014508928571428572 0.006795265234546251
191 0.6960797991071429 0.8784524331433582 0.007672991071428571 0.012056115738711091
179 0.70751953125 0.8940157825515125 0.009347098214285714 0.012494519947391494
192 0.6546456473214286 0.8534633932485752 0.012137276785714286 0.019070583077597545
190 0.6231166294642857 0.8535729943007453 0.0048828125 0.010083296799649276
192 0.6153041294642857 0.8756028057869355 0.012137276785714286 0.019070583077597545
178 0.57421875 0.9381850065760632 0.009486607142857142 0.00920648838228847
188 0.26527622767857145 0.884809294169224 0.007672991071428571 0.007233669443226655
142 0.26534598214285715 0.8407496711968435 0.005859375 0.00898728627794827
181 0.26527622767857145 0.7057211749232792 0.005719866071428571 0.012494519947391494
185 0.26109095982142855 0.6555238930293731 0.014369419642857142 0.006795265234546251
195 0.25118582589285715 0.6420429636124507 0.0107421875 0.01709776413853573
183 0.2626953125 0.6160675142481368 0.011439732142857142 0.006795265234546251
32 0.2656947544642857 0.5779263480929417 0.0068359375 0.013809732573432706
177 0.24958147321428573 0.0920648838228847 0.008649553571428572 0.00920648838228847
181 0.31898716517857145 0.15398947829899168 0.005998883928571429 0.015124945199473916
179 0.30977957589285715 0.17843051293292417 0.009626116071428572 0.012713722051731697
32 0.27762276785714285 0.17601928978518194 0.008370535714285714 0.01052170100832968
142 0.21135602678571427 0.20977641385357298 0.005859375 0.009644892590968873
25 0.31982421875 0.2856203419552828 0.007672991071428571 0.012275317843051293
189 0.44154575892857145 0.3035949145111793 0.013671875 0.008329679964927663
193 0.52197265625 0.3035949145111793 0.012416294642857142 0.01972818939061815
25 0.5431082589285714 0.3020604997807979 0.010044642857142858 0.012275317843051293
177 0.23835100446428573 0.5400043840420868 0.005719866071428571 0.013371328364752301
186 0.23842075892857142 0.7074747917580009 0.006696428571428571 0.012056115738711091
195 0.23835100446428573 0.7909907935116177 0.012416294642857142 0.019508987286277948
176 0.23835100446428573 0.8284743533537922 0.005998883928571429 0.014686540990793511
181 0.23842075892857142 0.866286716352477 0.005859375 0.012275317843051293
186 0.23842075892857142 0.918456817185445 0.006696428571428571 0.011398509425690487
182 0.22467912946428573 0.9381850065760632 0.005719866071428571 0.00920648838228847
179 0.19956752232142858 0.9399386234107847 0.009068080357142858 0.012713722051731697
184 0.16566685267857142 0.9448706707584393 0.004324776785714286 0.02257781674704077
191 0.5614536830357143 0.32441911442349847 0.008231026785714286 0.0131521262604121
14 0.5613839285714286 0.3683691363437089 0.005859375 0.013809732573432706
188 0.5793108258928571 0.13448049101271373 0.0048828125 0.016878562034195528
189 0.6568777901785714 0.1343708899605436 0.013532366071428572 0.00920648838228847
190 0.5614536830357143 0.4422402455063569 0.007114955357142857 0.010302498903989479
186 0.5613839285714286 0.493533537921964 0.006138392857142857 0.012056115738711091
142 0.5613141741071429 0.528277071459886 0.005998883928571429 0.00920648838228847
178 0.4268275669642857 0.6176019289785182 0.005719866071428571 0.013809732573432706
63 0.42696707589285715 0.5843928101709777 0.005998883928571429 0.012275317843051293
178 0.49560546875 0.5150153441473038 0.009626116071428572 0.00898728627794827
63 0.36356026785714285 0.6421525646646208 0.008091517857142858 0.00898728627794827
194 0.3314732142857143 0.6420429636124507 0.011997767857142858 0.018851380973257344
190 0.2871791294642857 0.6420429636124507 0.004324776785714286 0.011398509425690487
175 0.7230050223214286 0.8280359491451118 0.005719866071428571 0.015124945199473916
176 0.7230050223214286 0.7862779482683033 0.005719866071428571 0.013590530469092503
192 0.70849609375 0.7689609820254274 0.012137276785714286 0.019289785181937746
181 0.6847098214285714 0.7687417799210873 0.008091517857142858 0.00920648838228847
177 0.6691545758928571 0.75 0.005719866071428571 0.011617711530030689
196 0.6691545758928571 0.6615519508987286 0.012416294642857142 0.019289785181937746
196 0.57421875 0.8958790004384042 0.012276785714285714 0.019289785181937746
189 0.52001953125 0.8957693993862341 0.013532366071428572 0.012056115738711091
142 0.42661830357142855 0.884809294169224 0.005859375 0.009425690486628672
195 0.4268275669642857 0.8306663743971943 0.0126953125 0.01994739149495835
189 0.42689732142857145 0.7462735642262166 0.006138392857142857 0.021262604120999562
178 0.39990234375 0.7019947391494958 0.005719866071428571 0.013371328364752301
63 0.39990234375 0.6631959666812801 0.005719866071428571 0.012056115738711091
63 0.41092354910714285 0.5575405523893029 0.010184151785714286 0.00898728627794827
119 0.4375697544642857 0.9332529592284086 0.0107421875 0.018632178868917142
60 0.49093191964285715 0.938075405523893 0.0078125 0.009425690486628672
186 0.5235770089285714 0.937965804471723 0.007254464285714286 0.01052170100832968
184 0.16552734375 0.8894125383603683 0.004324776785714286 0.023016220955721176
188 0.19259207589285715 0.8958790004384042 0.004603794642857143 0.01578255151249452
60 0.2510463169642857 0.8534633932485752 0.007672991071428571 0.00898728627794827
176 0.27364676339285715 0.8537921964050855 0.010463169642857142 0.00920648838228847
189 0.4403599330357143 0.8535729943007453 0.013532366071428572 0.009644892590968873
187 0.2787388392857143 0.8958790004384042 0.0030691964285714285 0.00920648838228847
191 0.35811941964285715 0.8958790004384042 0.008091517857142858 0.012713722051731697
14 0.41015625 0.8954405962297238 0.010044642857142858 0.00920648838228847
195 0.48067801339285715 0.8731915826391934 0.0107421875 0.016878562034195528
180 0.48074776785714285 0.8331871985971065 0.005859375 0.014028934677772907
25 0.4800502232142857 0.7973476545374836 0.007254464285714286 0.015124945199473916
192 0.48067801339285715 0.703309951775537 0.012416294642857142 0.019508987286277948
192 0.48074776785714285 0.6628671635247698 0.01171875 0.018851380973257344
191 0.43777901785714285 0.6420429636124507 0.008649553571428572 0.013590530469092503
182 0.48067801339285715 0.6160675142481368 0.005998883928571429 0.00898728627794827
142 0.47398158482142855 0.5574309513371328 0.005998883928571429 0.00920648838228847
186 0.6033761160714286 0.5997369574747917 0.007533482142857143 0.01052170100832968
191 0.23842075892857142 0.11332748794388427 0.008649553571428572 0.013590530469092503
25 0.21233258928571427 0.3192678649715037 0.0078125 0.015563349408154318
175 0.21135602678571427 0.36080666374397197 0.005859375 0.015344147303814117
179 0.21254185267857142 0.4053046909250329 0.008231026785714286 0.015344147303814117
102 0.7393275669642857 0.6843489697501096 0.0087890625 0.008768084173608066
14 0.71142578125 0.6844585708022797 0.009347098214285714 0.00898728627794827
63 0.7414899553571429 0.43051293292415604 0.0078125 0.008768084173608066
188 0.7499302455357143 0.7006795265234547 0.0087890625 0.008110477860587462
191 0.7230050223214286 0.44366505918456817 0.007952008928571428 0.012275317843051293
191 0.7230050223214286 0.41418237615081105 0.009068080357142858 0.014248136782113108
142 0.7229352678571429 0.5028496273564226 0.005859375 0.00920648838228847
180 0.7232142857142857 0.5393467777290663 0.005859375 0.012932924156071899
119 0.7117047991071429 0.3085269618588338 0.009626116071428572 0.018632178868917142
188 0.6297433035714286 0.3035949145111793 0.005859375 0.014905743095133712
176 0.6026088169642857 0.3034853134590092 0.007672991071428571 0.009425690486628672
187 0.10379464285714286 0.1979395002192021 0.005859375 0.004822446295484437
192 0.11788504464285714 0.26128890837352037 0.012276785714285714 0.019289785181937746
194 0.17173549107142858 0.26128890837352037 0.011997767857142858 0.018851380973257344
14 0.11474609375 0.0920648838228847 0.007393973214285714 0.00920648838228847
196 0.10379464285714286 0.3263919333625603 0.012276785714285714 0.019289785181937746
195 0.10372488839285714 0.40957913195966683 0.010463169642857142 0.016440157825515125
175 0.14739118303571427 0.43051293292415604 0.007114955357142857 0.008768084173608066
192 0.25258091517857145 0.43062253397632616 0.012137276785714286 0.019070583077597545
178 0.2656947544642857 0.45013152126260414 0.005719866071428571 0.01731696624287593
195 0.6422293526785714 0.9154975887768523 0.0107421875 0.016878562034195528
14 0.6422293526785714 0.8368040333187199 0.005719866071428571 0.011179307321350284
177 0.25306919642857145 0.4724901359053047 0.007533482142857143 0.009425690486628672
191 0.3037806919642857 0.5574309513371328 0.007114955357142857 0.011398509425690487
177 0.3349609375 0.5575405523893029 0.010044642857142858 0.00898728627794827
195 0.5076729910714286 0.32277509864094694 0.010323660714285714 0.016440157825515125
102 0.41064453125 0.472818939061815 0.010463169642857142 0.008768084173608066
185 0.39418247767857145 0.47950460324419114 0.004324776785714286 0.02257781674704077
183 0.36488560267857145 0.4770933800964489 0.004603794642857143 0.017755370451556333
192 0.3052455357142857 0.472818939061815 0.012276785714285714 0.019289785181937746
32 0.28390066964285715 0.4721613327487944 0.008091517857142858 0.011398509425690487
176 0.48067801339285715 0.4868478737395879 0.005719866071428571 0.01578255151249452
192 0.48067801339285715 0.5382507672073652 0.012974330357142858 0.020385795703638757
176 0.7354213169642857 0.5573213502849628 0.009905133928571428 0.00898728627794827
176 0.7068219866071429 0.5575405523893029 0.010463169642857142 0.009425690486628672
175 0.6609235491071429 0.5576501534414731 0.007952008928571428 0.00920648838228847
176 0.7391880580357143 0.5997369574747917 0.007393973214285714 0.008768084173608066
185 0.2880859375 0.31247259973695746 0.014508928571428572 0.006795265234546251
14 0.29234095982142855 0.4857518632178869 0.005998883928571429 0.01446733888645331
25 0.2928989955357143 0.535839544059623 0.007393973214285714 0.015563349408154318
182 0.2920619419642857 0.6720736519070583 0.006277901785714286 0.00920648838228847
192 0.29227120535714285 0.7074747917580009 0.012555803571428572 0.01994739149495835