187 0.7042410714285714 0.11247533435650077 0.004464285714285714 0.013593510195132646
187 0.32833426339285715 0.3487173865380399 0.008510044642857142 0.00723525542644157
187 0.208984375 0.15369436527077396 0.008649553571428572 0.007016005262003947
187 0.15869140625 0.36242052181539136 0.004603794642857143 0.013593510195132646
187 0.5992606026785714 0.11247533435650077 0.004603794642857143 0.013593510195132646
187 0.15394810267857142 0.6123657092742819 0.004603794642857143 0.013593510195132646
187 0.6067243303571429 0.874260030695023 0.008649553571428572 0.00723525542644157
181 0.42801339285714285 0.8624205218153914 0.011997767857142858 0.014251260688445516
14 0.39334542410714285 0.8625301468976102 0.011579241071428572 0.0131550098662574
187 0.4278041294642857 0.8000438500328875 0.004603794642857143 0.013593510195132646
181 0.40799386160714285 0.7068625301468976 0.008510044642857142 0.022802017101512827
182 0.40785435267857145 0.6398816049112037 0.009068080357142858 0.012935759701819776
190 0.38539341517857145 0.5499890374917781 0.009068080357142858 0.014251260688445516
32 0.6866629464285714 0.5711466783600088 0.009765625 0.021486516114887087
179 0.6649693080357143 0.6152159614119711 0.016880580357142856 0.018855514141635606
195 0.5856584821428571 0.6123657092742819 0.015904017857142856 0.02499451874588906
194 0.54541015625 0.6124753343565008 0.0185546875 0.029160271870203903
187 0.6862444196428571 0.45614996711247535 0.008649553571428572 0.00723525542644157
195 0.6863141741071429 0.26825257618943216 0.015485491071428572 0.02433676825257619
182 0.35574776785714285 0.29993422495066874 0.008649553571428572 0.01447051085288314
178 0.44754464285714285 0.3327121245340934 0.008649553571428572 0.018636263977197982
185 0.3221958705357143 0.28151721113790834 0.021344866071428572 0.010085507564130673
189 0.32833426339285715 0.20335452751589564 0.009626116071428572 0.031352773514580136
180 0.32847377232142855 0.15204998903749178 0.0087890625 0.02302126726595045
175 0.34305245535714285 0.11258495943871957 0.013392857142857142 0.013374260030695024
193 0.3895786830357143 0.11247533435650077 0.019670758928571428 0.031133523350142512
192 0.10916573660714286 0.7374479280859461 0.017996651785714284 0.028283271212453408
25 0.14641462053571427 0.7980705985529489 0.0146484375 0.01710151282613462
175 0.22698102678571427 0.7998245998684499 0.013950892857142858 0.014032010524007894
183 0.16524832589285715 0.6604911203683402 0.0166015625 0.00986625739969305
183 0.18791852678571427 0.5439596579697434 0.006417410714285714 0.026748520061390047
60 0.22670200892857142 0.5495505371629029 0.012555803571428572 0.01381276035957027
119 0.27162388392857145 0.542534531900899 0.014229910714285714 0.027844770883578163
196 0.3500279017857143 0.5499890374917781 0.017857142857142856 0.028283271212453408
192 0.5669642857142857 0.26923920192940143 0.018694196428571428 0.029379522034641527
60 0.5492466517857143 0.2998245998684499 0.012276785714285714 0.014251260688445516
102 0.56689453125 0.19820214865161148 0.008510044642857142 0.022802017101512827
195 0.5459681919642857 0.1749616312212234 0.018275669642857144 0.02850252137689103
196 0.5272042410714286 0.14349923262442446 0.017857142857142856 0.028283271212453408
14 0.5055803571428571 0.29949572462179347 0.014508928571428572 0.013593510195132646
177 0.24881417410714285 0.7685814514360886 0.008510044642857142 0.019951764963823723
181 0.24888392857142858 0.6509537382153037 0.008649553571428572 0.02236351677263758
189 0.22774832589285715 0.6124753343565008 0.019949776785714284 0.015566761675071256
176 0.24860491071428573 0.8375356281517211 0.009207589285714286 0.021925016443762334
188 0.27371651785714285 0.924906818680114 0.008649553571428572 0.02565226923920193
142 0.24881417410714285 0.5789300591975444 0.0087890625 0.01381276035957027
182 0.44775390625 0.37721990791493093 0.009068080357142858 0.013374260030695024
195 0.42689732142857145 0.36242052181539136 0.016183035714285716 0.025433019074764307
184 0.4414760044642857 0.27406270554702916 0.021344866071428572 0.010085507564130673
194 0.50830078125 0.23733830300372724 0.018833705357142856 0.029598772199079148
175 0.6068638392857143 0.2772418329313747 0.008649553571428572 0.022144266608199955
180 0.6065848214285714 0.3333698750274063 0.008649553571428572 0.021267265950449463
194 0.6270228794642857 0.424906818680114 0.017717633928571428 0.02718702039026529
102 0.6662946428571429 0.4251260688445516 0.015345982142857142 0.0131550098662574
176 0.4873046875 0.20938390703793028 0.008649553571428572 0.0197325147993861
195 0.50830078125 0.17485200613900462 0.017996651785714284 0.028283271212453408
191 0.3681640625 0.819557114667836 0.013392857142857142 0.02104801578601184
175 0.38692801339285715 0.7999342249506687 0.014927455357142858 0.013374260030695024
14 0.36802455357142855 0.7715413286559965 0.008370535714285714 0.020609515457136594
177 0.3680943080357143 0.7098224073668056 0.008510044642857142 0.017320762990572242
179 0.42271205357142855 0.6098443323832493 0.014787946428571428 0.018636263977197982
186 0.35170200892857145 0.7999342249506687 0.010881696428571428 0.01381276035957027
119 0.31459263392857145 0.8072791054593291 0.012834821428571428 0.028064021048015787
195 0.44761439732142855 0.7030256522692392 0.017996651785714284 0.028283271212453408
32 0.4481724330357143 0.6401008550756413 0.009905133928571428 0.020828765621574215
14 0.40834263392857145 0.8312869984652489 0.008649553571428572 0.023898267923700943
195 0.44761439732142855 0.5176496382372286 0.017996651785714284 0.028064021048015787
142 0.44740513392857145 0.4595483446612585 0.009207589285714286 0.012716509537382154
177 0.70556640625 0.5497697873273405 0.011579241071428572 0.013374260030695024
179 0.7073102678571429 0.6149967112475334 0.016741071428571428 0.018855514141635606
178 0.22886439732142858 0.23722867792150845 0.015206473214285714 0.013593510195132646
176 0.22384207589285715 0.29949572462179347 0.0126953125 0.013593510195132646
189 0.2694614955357143 0.2998245998684499 0.019949776785714284 0.01644376233282175
142 0.11014229910714286 0.11225608419206315 0.009068080357142858 0.014032010524007894
180 0.15436662946428573 0.11214645910984433 0.011300223214285714 0.014251260688445516
178 0.08963448660714286 0.20094277570708177 0.0087890625 0.022582766937075203
177 0.10832868303571429 0.30026310019732516 0.012416294642857142 0.01381276035957027
189 0.15108816964285715 0.29993422495066874 0.020089285714285716 0.015786011839508878
192 0.08970424107142858 0.33227362420521817 0.017857142857142856 0.028283271212453408
177 0.08963448660714286 0.39706204779653587 0.008510044642857142 0.02324051743038807
25 0.09102957589285714 0.458671344003508 0.011300223214285714 0.020171015128261346
142 0.09940011160714286 0.5504275378206533 0.008510044642857142 0.014251260688445516
60 0.18631417410714285 0.6118175838631879 0.011858258928571428 0.01381276035957027
175 0.16943359375 0.2002850252137689 0.0087890625 0.019513264634948475
190 0.16922433035714285 0.3727252795439597 0.006417410714285714 0.011401008550756413
196 0.16929408482142858 0.4579039684279763 0.017996651785714284 0.028283271212453408
25 0.16999162946428573 0.523898267923701 0.010463169642857142 0.023459767594825695
177 0.4683314732142857 0.6749616312212234 0.012834821428571428 0.013374260030695024
183 0.42006138392857145 0.5561280420960316 0.006417410714285714 0.026090769568077175
119 0.4667271205357143 0.49484762113571584 0.015764508928571428 0.02762552071914054
192 0.42599051339285715 0.48750274062705545 0.017996651785714284 0.028283271212453408
177 0.40785435267857145 0.3903749177811883 0.008510044642857142 0.018197763648322735
195 0.28857421875 0.2708835781626836 0.015485491071428572 0.02433676825257619
119 0.26736886160714285 0.3694365270773953 0.015764508928571428 0.02762552071914054
175 0.1904296875 0.3627493970620478 0.011439732142857142 0.01381276035957027
63 0.27022879464285715 0.17485200613900462 0.013392857142857142 0.013374260030695024
190 0.16287667410714285 0.1749616312212234 0.007672991071428571 0.011401008550756413
14 0.36802455357142855 0.6349484762113572 0.008649553571428572 0.021925016443762334
14 0.4252232142857143 0.6747423810567857 0.012555803571428572 0.013374260030695024
25 0.3671875 0.5283928962946722 0.010044642857142858 0.021486516114887087
180 0.3519810267857143 0.6123657092742819 0.01171875 0.013593510195132646
194 0.646484375 0.39563692172769127 0.018694196428571428 0.029160271870203903
195 0.5069056919642857 0.36242052181539136 0.017717633928571428 0.028064021048015787
192 0.11146763392857142 0.8000438500328875 0.018415178571428572 0.02894102170576628
183 0.08558872767857142 0.6352773514580136 0.016322544642857144 0.010304757728568297
14 0.6651785714285714 0.30037272527954395 0.011160714285714286 0.013593510195132646
194 0.72607421875 0.3333698750274063 0.017996651785714284 0.028283271212453408
180 0.4872349330357143 0.7143170357377768 0.0087890625 0.015347511510633634
182 0.12932477678571427 0.7193597895198421 0.008649553571428572 0.013593510195132646
32 0.20940290178571427 0.7705547029160272 0.009765625 0.023459767594825695
102 0.2626953125 0.8627493970620478 0.011160714285714286 0.013593510195132646
63 0.31075613839285715 0.8623108967331725 0.011300223214285714 0.013593510195132646
102 0.7080775669642857 0.4872834904626179 0.012137276785714286 0.013374260030695024
119 0.7214704241071429 0.40462617846963383 0.017717633928571428 0.02565226923920193
195 0.6655970982142857 0.11236570927428195 0.015345982142857142 0.023898267923700943
175 0.208984375 0.6413067309800482 0.008928571428571428 0.019294014470510854
177 0.208984375 0.5203902652926989 0.008370535714285714 0.02039026529269897
102 0.20891462053571427 0.39563692172769127 0.008510044642857142 0.016882262661696998
194 0.3680943080357143 0.2673755755316817 0.017996651785714284 0.028283271212453408
142 0.34891183035714285 0.23744792808594606 0.008928571428571428 0.013593510195132646
25 0.26806640625 0.23920192940144705 0.0107421875 0.016663012497259374
195 0.3680943080357143 0.1429511072133304 0.015485491071428572 0.024117518088138567
186 0.5837751116071429 0.8623108967331725 0.011300223214285714 0.014909011181758386
189 0.5456194196428571 0.8625301468976102 0.020089285714285716 0.013593510195132646
192 0.50634765625 0.8625301468976102 0.017717633928571428 0.02718702039026529
186 0.6067243303571429 0.710699408024556 0.010044642857142858 0.016882262661696998
187 0.6067243303571429 0.6437184827888621 0.008649553571428572 0.007016005262003947