187 0.16496930803571427 0.29993422495066874 0.004603794642857143 0.013593510195132646
187 0.7011021205357143 0.9250164437623328 0.004603794642857143 0.013593510195132646
187 0.48744419642857145 0.8935540451655338 0.008649553571428572 0.00723525542644157
187 0.35581752232142855 0.7375575531681648 0.004603794642857143 0.013593510195132646
187 0.13560267857142858 0.8000438500328875 0.004464285714285714 0.013593510195132646
187 0.43143136160714285 0.29993422495066874 0.004603794642857143 0.013593510195132646
187 0.6862444196428571 0.1325367244025433 0.008649553571428572 0.00723525542644157
192 0.12953404017857142 0.20554702916027187 0.017717633928571428 0.027844770883578163
185 0.1064453125 0.24720456040342031 0.006417410714285714 0.03310677483008112
188 0.08970424107142858 0.2621135715851787 0.015066964285714286 0.012058759044069283
188 0.1884765625 0.23733830300372724 0.008091517857142858 0.02565226923920193
195 0.208984375 0.2707739530804648 0.018415178571428572 0.02894102170576628
178 0.24867466517857142 0.46185047138785357 0.008510044642857142 0.02170576627932471
119 0.2533482142857143 0.513922385441789 0.017857142857142856 0.02455601841701381
180 0.23402622767857142 0.5496601622451217 0.0126953125 0.0131550098662574
194 0.32833426339285715 0.580355185266389 0.018275669642857144 0.02850252137689103
196 0.38943917410714285 0.6124753343565008 0.017717633928571428 0.027406270554702915
63 0.3677455357142857 0.4632755974566981 0.008370535714285714 0.022802017101512827
189 0.30698939732142855 0.36242052181539136 0.019949776785714284 0.015786011839508878
102 0.18973214285714285 0.36231089673317257 0.013113839285714286 0.013374260030695024
175 0.6863141741071429 0.5233501425126069 0.0087890625 0.016224512168384126
102 0.6861049107142857 0.39804867353650514 0.008649553571428572 0.02433676825257619
193 0.6648995535714286 0.29993422495066874 0.019252232142857144 0.03025652269239202
63 0.5811941964285714 0.2998245998684499 0.012834821428571428 0.013374260030695024
183 0.6902204241071429 0.7059855294891472 0.0166015625 0.010085507564130673
60 0.5505022321428571 0.7374479280859461 0.01171875 0.013374260030695024
189 0.44761439732142855 0.7034641525981145 0.008231026785714286 0.031352773514580136
175 0.44803292410714285 0.6354966016224513 0.009068080357142858 0.018636263977197982
176 0.4476841517857143 0.5799166849375137 0.008370535714285714 0.02367901775926332
176 0.19056919642857142 0.29949572462179347 0.010881696428571428 0.0131550098662574
187 0.208984375 0.20620477965358475 0.008649553571428572 0.00723525542644157
195 0.18861607142857142 0.1749616312212234 0.018415178571428572 0.02894102170576628
189 0.14878627232142858 0.17485200613900462 0.019949776785714284 0.012058759044069283
190 0.208984375 0.46733172549879415 0.010881696428571428 0.01644376233282175
179 0.5653599330357143 0.2697873273404955 0.012416294642857142 0.023459767594825695
185 0.5607561383928571 0.15654461740846307 0.021065848214285716 0.010085507564130673
179 0.46240234375 0.11510633632975224 0.013811383928571428 0.01841701381276036
188 0.48744419642857145 0.3908134181100636 0.015066964285714286 0.00986625739969305
180 0.3681640625 0.5737776803332603 0.008649553571428572 0.022802017101512827
181 0.08970424107142858 0.46272747204560405 0.008370535714285714 0.016005262003946502
119 0.08503069196428571 0.39870642402981804 0.017717633928571428 0.021267265950449463
63 0.72607421875 0.8331506248629686 0.0087890625 0.0197325147993861
193 0.72607421875 0.703683402762552 0.017717633928571428 0.027844770883578163
179 0.7243303571428571 0.635058101293576 0.011997767857142858 0.027844770883578163
191 0.6612025669642857 0.6124753343565008 0.012974330357142858 0.02039026529269897
194 0.7260044642857143 0.5792589344442008 0.01953125 0.030695023021267268
176 0.7260044642857143 0.5283928962946722 0.008649553571428572 0.0197325147993861
182 0.5945870535714286 0.6123657092742819 0.008649553571428572 0.013593510195132646
186 0.46630859375 0.6123657092742819 0.011300223214285714 0.015347511510633634
14 0.6070731026785714 0.26562157421618066 0.0087890625 0.018197763648322735
176 0.6065848214285714 0.33665862749397063 0.008649553571428572 0.022582766937075203
186 0.6065848214285714 0.3985967989475992 0.009765625 0.01710151282613462
32 0.5926339285714286 0.42381056785792587 0.012555803571428572 0.016224512168384126
189 0.6067940848214286 0.20379302784477088 0.010463169642857142 0.031352773514580136
119 0.5860072544642857 0.18208726156544616 0.015206473214285714 0.027406270554702915
180 0.5108816964285714 0.1749616312212234 0.013671875 0.0131550098662574
190 0.38065011160714285 0.11236570927428195 0.010463169642857142 0.012058759044069283
194 0.5076032366071429 0.29993422495066874 0.017717633928571428 0.02718702039026529
119 0.49204799107142855 0.13407147555360666 0.017299107142857144 0.02433676825257619
178 0.5271344866071429 0.2600306950230213 0.008510044642857142 0.020609515457136594
189 0.5272042410714286 0.3327121245340934 0.010881696428571428 0.031352773514580136
192 0.5272042410714286 0.3955272966454725 0.018415178571428572 0.02894102170576628
196 0.6067243303571429 0.578601183950888 0.018415178571428572 0.02894102170576628
190 0.6263950892857143 0.48739311554483666 0.0078125 0.014909011181758386
102 0.5855887276785714 0.4876123657092743 0.014090401785714286 0.0131550098662574
193 0.5070452008928571 0.6749616312212234 0.018833705357142856 0.029598772199079148
188 0.47105189732142855 0.7999342249506687 0.0068359375 0.01775926331944749
188 0.72607421875 0.34356500767375575 0.017717633928571428 0.011401008550756413
14 0.48751395089285715 0.8406051304538479 0.008510044642857142 0.021486516114887087
25 0.4863978794642857 0.6546809910107433 0.011021205357142858 0.018855514141635606
63 0.46079799107142855 0.23755755316816488 0.011997767857142858 0.013374260030695024
195 0.3467494419642857 0.11236570927428195 0.017996651785714284 0.028283271212453408
196 0.26729910714285715 0.11247533435650077 0.018415178571428572 0.02894102170576628
182 0.09821428571428571 0.6121464591098443 0.008649553571428572 0.014032010524007894
177 0.15220424107142858 0.6123657092742819 0.013392857142857142 0.013593510195132646
176 0.15590122767857142 0.4251260688445516 0.012974330357142858 0.013593510195132646
192 0.16922433035714285 0.39070379302784475 0.018136160714285716 0.02850252137689103
192 0.38692801339285715 0.48750274062705545 0.017996651785714284 0.028283271212453408
191 0.16929408482142858 0.20631440473580356 0.010184151785714286 0.016224512168384126
63 0.28829520089285715 0.2771322078491559 0.008510044642857142 0.018855514141635606
25 0.3827427455357143 0.29839947379960535 0.0126953125 0.016663012497259374
191 0.4476841517857143 0.4560403420302565 0.012276785714285714 0.019294014470510854
188 0.46630859375 0.424906818680114 0.008231026785714286 0.02367901775926332
102 0.47300502232142855 0.36253014689761015 0.012137276785714286 0.013374260030695024
183 0.6256975446428571 0.24369655777241833 0.006417410714285714 0.026090769568077175
176 0.5945172991071429 0.23733830300372724 0.014090401785714286 0.013374260030695024
176 0.12925502232142858 0.8350142512606884 0.008510044642857142 0.021267265950449463
102 0.10804966517857142 0.8625301468976102 0.0107421875 0.0131550098662574
60 0.12932477678571427 0.7609076956807718 0.008649553571428572 0.016882262661696998
183 0.220703125 0.6691515018636264 0.006417410714285714 0.026748520061390047
186 0.2490234375 0.6419644814733612 0.009207589285714286 0.017540013155009866
176 0.26876395089285715 0.5498794124095593 0.013532366071428572 0.0131550098662574
196 0.30984933035714285 0.5498794124095593 0.018136160714285716 0.02850252137689103
181 0.26625279017857145 0.4876123657092743 0.0126953125 0.013593510195132646
192 0.3091517857142857 0.48739311554483666 0.018136160714285716 0.02850252137689103
63 0.12960379464285715 0.4501205875904407 0.008649553571428572 0.02367901775926332
184 0.13546316964285715 0.595483446612585 0.021763392857142856 0.010085507564130673
193 0.208984375 0.5795878096908572 0.018694196428571428 0.029160271870203903
25 0.21003069196428573 0.6439377329532997 0.010463169642857142 0.02324051743038807
32 0.20947265625 0.7576189432142074 0.009905133928571428 0.019513264634948475
178 0.20891462053571427 0.8236132427099321 0.008510044642857142 0.022582766937075203
181 0.1552734375 0.8624205218153914 0.012276785714285714 0.013374260030695024
185 0.43052455357142855 0.4972593729445297 0.006696428571428571 0.03332602499451875
119 0.5228097098214286 0.648432361324271 0.017996651785714284 0.02170576627932471
177 0.52734375 0.45889059416794564 0.008649553571428572 0.0197325147993861
184 0.5607561383928571 0.4067090550317913 0.021065848214285716 0.01052400789300592
192 0.5670340401785714 0.5195132646349485 0.017717633928571428 0.027844770883578163