187 0.4476841517857143 0.7536724402543302 0.008649553571428572 0.00723525542644157
187 0.5835658482142857 0.5498794124095593 0.004464285714285714 0.013593510195132646
187 0.4476841517857143 0.14207410655557992 0.008649553571428572 0.007016005262003947
187 0.16922433035714285 0.7853540890155668 0.008649553571428572 0.007016005262003947
187 0.7260044642857143 0.9063801797851349 0.008649553571428572 0.007016005262003947
187 0.32833426339285715 0.8753562815172111 0.008510044642857142 0.00723525542644157
187 0.08970424107142858 0.4652488489366367 0.008649553571428572 0.007016005262003947
187 0.10721261160714286 0.11247533435650077 0.004603794642857143 0.013593510195132646
187 0.65673828125 0.9250164437623328 0.004603794642857143 0.013593510195132646
187 0.5562918526785714 0.11247533435650077 0.004603794642857143 0.013593510195132646
187 0.27176339285714285 0.9250164437623328 0.004464285714285714 0.013593510195132646
187 0.48744419642857145 0.1381276035957027 0.008649553571428572 0.007016005262003947
195 0.46763392857142855 0.6749616312212234 0.018415178571428572 0.028721771541328656
178 0.46435546875 0.7375575531681648 0.013532366071428572 0.013593510195132646
195 0.5475725446428571 0.7375575531681648 0.015904017857142856 0.02499451874588906
185 0.44140625 0.6259592194694146 0.021205357142857144 0.01052400789300592
185 0.42333984375 0.5597456698092523 0.006277901785714286 0.03332602499451875
184 0.39041573660714285 0.5597456698092523 0.006556919642857143 0.03332602499451875
32 0.34549386160714285 0.54889278666959 0.0146484375 0.016882262661696998
192 0.32833426339285715 0.5155667616750712 0.017717633928571428 0.027844770883578163
192 0.7054966517857143 0.6124753343565008 0.018694196428571428 0.029160271870203903
188 0.72607421875 0.5713659285244463 0.0126953125 0.013593510195132646
25 0.6682477678571429 0.5518526638894979 0.010602678571428572 0.017540013155009866
191 0.6296037946428571 0.5499890374917781 0.013113839285714286 0.020828765621574215
191 0.5791015625 0.6749616312212234 0.011160714285714286 0.017320762990572242
195 0.5469447544642857 0.6749616312212234 0.017717633928571428 0.027844770883578163
181 0.46463448660714285 0.23711905283928963 0.012416294642857142 0.01381276035957027
195 0.5091378348214286 0.23744792808594606 0.018275669642857144 0.02894102170576628
184 0.45389229910714285 0.28074983556237665 0.021065848214285716 0.010304757728568297
25 0.36690848214285715 0.45549221661916245 0.010881696428571428 0.023898267923700943
63 0.40792410714285715 0.40265292698969524 0.008649553571428572 0.02170576627932471
179 0.36990792410714285 0.644376233282175 0.011858258928571428 0.021486516114887087
178 0.16943359375 0.63560622670467 0.008510044642857142 0.02455601841701381
182 0.15876116071428573 0.6128042096031572 0.008928571428571428 0.01447051085288314
182 0.16929408482142858 0.5759701819776365 0.0087890625 0.014032010524007894
195 0.16922433035714285 0.5184170138127604 0.017299107142857144 0.027844770883578163
175 0.18275669642857142 0.4251260688445516 0.015066964285714286 0.013593510195132646
193 0.5669642857142857 0.14613023459767596 0.017299107142857144 0.027844770883578163
184 0.5333426339285714 0.27329532997149747 0.021484375 0.00986625739969305
32 0.5280412946428571 0.3402762552071914 0.009765625 0.02587151940363955
188 0.5272042410714286 0.3919096689322517 0.016462053571428572 0.012058759044069283
60 0.12981305803571427 0.15161148870861654 0.008510044642857142 0.022144266608199955
182 0.14474051339285715 0.23755755316816488 0.008231026785714286 0.01381276035957027
195 0.12953404017857142 0.2708835781626836 0.015206473214285714 0.02433676825257619
195 0.15101841517857142 0.2998245998684499 0.017717633928571428 0.027844770883578163
102 0.18415178571428573 0.29960534970401226 0.015066964285714286 0.01381276035957027
184 0.2679966517857143 0.22769129576847183 0.006417410714285714 0.03354527515895637
191 0.4208286830357143 0.23744792808594606 0.011300223214285714 0.017978513483885114
182 0.6602957589285714 0.7377768033326025 0.008649553571428572 0.013593510195132646
182 0.6863141741071429 0.6896513922385442 0.0087890625 0.013374260030695024
175 0.6066545758928571 0.45088796316597235 0.008510044642857142 0.02039026529269897
102 0.43345424107142855 0.7374479280859461 0.01171875 0.013374260030695024
119 0.36356026785714285 0.6977636483227363 0.017578125 0.02170576627932471
25 0.48604910714285715 0.5288313966235475 0.010881696428571428 0.021925016443762334
63 0.34361049107142855 0.6747423810567857 0.013671875 0.01381276035957027
179 0.6480887276785714 0.3197763648322736 0.012137276785714286 0.02170576627932471
63 0.6237444196428571 0.36242052181539136 0.012276785714285714 0.0131550098662574
191 0.646484375 0.2771322078491559 0.010881696428571428 0.01710151282613462
193 0.62548828125 0.11247533435650077 0.018275669642857144 0.02850252137689103
102 0.5046037946428571 0.4251260688445516 0.010881696428571428 0.013593510195132646
187 0.32833426339285715 0.3936636702477527 0.008510044642857142 0.00723525542644157
178 0.328125 0.5801359351019513 0.008370535714285714 0.020171015128261346
175 0.646484375 0.6450339837754878 0.008370535714285714 0.02324051743038807
193 0.646484375 0.7077395308046481 0.018415178571428572 0.02894102170576628
188 0.6067940848214286 0.7144266608199956 0.015485491071428572 0.011620258715194036
179 0.58837890625 0.4903529927647446 0.013811383928571428 0.018636263977197982
180 0.5673130580357143 0.45461521596141197 0.008510044642857142 0.018197763648322735
119 0.6621791294642857 0.6053497040122781 0.013811383928571428 0.02762552071914054
195 0.5670340401785714 0.7080684060513045 0.017717633928571428 0.027844770883578163
192 0.6465541294642857 0.521486516114887 0.017438616071428572 0.027844770883578163
183 0.6595284598214286 0.2311992983994738 0.006556919642857143 0.026090769568077175
177 0.6863839285714286 0.27132207849155887 0.008649553571428572 0.023459767594825695
192 0.6862444196428571 0.33304099978074986 0.018415178571428572 0.02894102170576628
188 0.6670619419642857 0.36242052181539136 0.008231026785714286 0.020171015128261346
25 0.11083984375 0.23569392677044507 0.012974330357142858 0.016663012497259374
180 0.46798270089285715 0.4247971935978952 0.011579241071428572 0.013374260030695024
191 0.48744419642857145 0.583205437404078 0.011160714285714286 0.017540013155009866
176 0.48765345982142855 0.6393334795001097 0.008510044642857142 0.01710151282613462
185 0.47251674107142855 0.3098004823503618 0.006417410714285714 0.0328875246656435
32 0.35281808035714285 0.2990572242929182 0.013671875 0.014909011181758386
190 0.14055524553571427 0.48750274062705545 0.009068080357142858 0.010743258057443543
182 0.21993582589285715 0.4872834904626179 0.008510044642857142 0.01381276035957027
184 0.30126953125 0.47774610830958125 0.006556919642857143 0.03332602499451875
196 0.42947823660714285 0.424906818680114 0.018275669642857144 0.02850252137689103
188 0.6266043526785714 0.29993422495066874 0.007672991071428571 0.02718702039026529
192 0.6863141741071429 0.39519842139881606 0.017717633928571428 0.027844770883578163
189 0.4476841517857143 0.5188555141416356 0.009486607142857142 0.031352773514580136
178 0.34256417410714285 0.7374479280859461 0.011858258928571428 0.013374260030695024
188 0.20905412946428573 0.4035299276474457 0.011300223214285714 0.010743258057443543
102 0.28857421875 0.31999561499671125 0.0087890625 0.018197763648322735
60 0.28857421875 0.2774610830958123 0.008510044642857142 0.020828765621574215
194 0.28857421875 0.14152598114448586 0.0185546875 0.029160271870203903
194 0.18868582589285715 0.11236570927428195 0.017717633928571428 0.027406270554702915
196 0.48744419642857145 0.7030256522692392 0.017299107142857144 0.027844770883578163
32 0.13023158482142858 0.8915807936855953 0.009626116071428572 0.023898267923700943
185 0.18540736607142858 0.915040561280421 0.006417410714285714 0.03310677483008112
14 0.48765345982142855 0.20631440473580356 0.008510044642857142 0.020609515457136594