187 0.47677176339285715 0.6547566856641823 0.004045758928571429 0.01183691363437089
187 0.36495535714285715 0.11365629110039456 0.007533482142857143 0.006356861025865849
187 0.36495535714285715 0.7812362998684788 0.007533482142857143 0.006137658921525646
187 0.6099330357142857 0.7735642262165717 0.007533482142857143 0.006137658921525646
187 0.47830636160714285 0.48980710214818063 0.004045758928571429 0.012056115738711091
187 0.10079520089285714 0.43478737395879 0.004045758928571429 0.012056115738711091
187 0.42543247767857145 0.8198158702323542 0.004045758928571429 0.01183691363437089
187 0.20026506696428573 0.48980710214818063 0.004045758928571429 0.012056115738711091
187 0.31431361607142855 0.5448268303375713 0.00390625 0.012056115738711091
187 0.25990513392857145 0.9033318719859711 0.007533482142857143 0.006137658921525646
175 0.13546316964285715 0.27005699254712845 0.010602678571428572 0.012275317843051293
142 0.0849609375 0.2504384042086804 0.0078125 0.012056115738711091
183 0.14222935267857142 0.2093380096448926 0.005719866071428571 0.022797018851380975
193 0.08489118303571429 0.3528057869355546 0.015206473214285714 0.024331433581762384
195 0.10400390625 0.37976764576939936 0.013532366071428572 0.02082419991231916
195 0.13853236607142858 0.3798772468215695 0.013671875 0.020166593599298552
181 0.15485491071428573 0.5208241999123192 0.007533482142857143 0.016659359929855327
190 0.17215401785714285 0.5447172292854011 0.006417410714285714 0.010083296799649276
184 0.20682198660714285 0.5362779482683033 0.005719866071428571 0.029592284085927224
192 0.24288504464285715 0.5447172292854011 0.015625 0.024550635686102586
102 0.3998325892857143 0.4055238930293731 0.007533482142857143 0.01578255151249452
187 0.39990234375 0.3523673827268742 0.007672991071428571 0.006356861025865849
191 0.38546316964285715 0.2698377904427883 0.011160714285714286 0.017536168347216132
195 0.48604910714285715 0.37976764576939936 0.015904017857142856 0.025208241999123193
102 0.4488002232142857 0.3796580447172293 0.013671875 0.01183691363437089
60 0.5051618303571429 0.5187417799210873 0.007533482142857143 0.01819377466023674
63 0.5214146205357143 0.26972818939061816 0.009905133928571428 0.011617711530030689
175 0.21044921875 0.3248575186321789 0.009347098214285714 0.01183691363437089
142 0.15492466517857142 0.2870451556334941 0.007672991071428571 0.011617711530030689
119 0.15087890625 0.2501096010521701 0.015764508928571428 0.02235861464270057
196 0.15492466517857142 0.353244191144235 0.016043526785714284 0.025208241999123193
185 0.5103934151785714 0.11650591845681718 0.0185546875 0.00898728627794827
178 0.5048828125 0.1873081981587023 0.007533482142857143 0.021701008329679965
188 0.45919363839285715 0.3248575186321789 0.005998883928571429 0.020166593599298552
193 0.5235770089285714 0.10488820692678649 0.015625 0.02345462516440158
192 0.5578264508928571 0.10488820692678649 0.015485491071428572 0.02389302937308198
119 0.5945172991071429 0.09831214379658045 0.011579241071428572 0.024331433581762384
178 0.42410714285714285 0.2698377904427883 0.012834821428571428 0.01183691363437089
175 0.35023716517857145 0.21470846120122752 0.012974330357142858 0.012056115738711091
177 0.31375558035714285 0.21492766330556773 0.01171875 0.011617711530030689
189 0.24232700892857142 0.21481806225339764 0.017578125 0.01183691363437089
25 0.25906808035714285 0.5728846996931171 0.010044642857142858 0.021701008329679965
178 0.44852120535714285 0.709776413853573 0.012555803571428572 0.01183691363437089
181 0.4818638392857143 0.7095572117492328 0.012555803571428572 0.01183691363437089
189 0.5913783482142857 0.6547566856641823 0.017578125 0.010083296799649276
183 0.6064453125 0.642371766768961 0.014508928571428572 0.00898728627794827
119 0.6058872767857143 0.5704734765453748 0.015625 0.02389302937308198
195 0.6099330357142857 0.5172073651907059 0.014508928571428572 0.02257781674704077
185 0.5537109375 0.49868478737395877 0.005580357142857143 0.02893467777290662
196 0.5569196428571429 0.43478737395879 0.015904017857142856 0.024769837790442787
182 0.33021763392857145 0.5690486628671635 0.008091517857142858 0.01183691363437089
183 0.3265904017857143 0.531455501972819 0.014787946428571428 0.00898728627794827
60 0.43484933035714285 0.4124287593160894 0.007533482142857143 0.01819377466023674
195 0.43491908482142855 0.3517097764138536 0.015485491071428572 0.024331433581762384
179 0.4515904017857143 0.4328145550197282 0.011997767857142858 0.016878562034195528
190 0.47544642857142855 0.43478737395879 0.008370535714285714 0.009425690486628672
187 0.18994140625 0.3523673827268742 0.007672991071428571 0.006356861025865849
184 0.16768973214285715 0.38820692678649715 0.005580357142857143 0.029811486190267425
183 0.11642020089285714 0.3585050416483998 0.0146484375 0.00898728627794827
192 0.22495814732142858 0.4089215256466462 0.016880580357142856 0.0265234546251644
191 0.14418247767857142 0.43478737395879 0.009626116071428572 0.015124945199473916
183 0.6064453125 0.40223586146427004 0.014508928571428572 0.008768084173608066
179 0.5733816964285714 0.2356422621657168 0.010602678571428572 0.01797457255589654
189 0.5931222098214286 0.21481806225339764 0.017717633928571428 0.012713722051731697
176 0.62890625 0.3798772468215695 0.012834821428571428 0.012275317843051293
25 0.6439732142857143 0.2497807978956598 0.009486607142857142 0.020385795703638757
194 0.6449497767857143 0.18511617711530032 0.015904017857142856 0.025208241999123193
189 0.6099330357142857 0.3544498027181061 0.008928571428571428 0.02761946514686541
189 0.6607142857142857 0.15990793511617712 0.017578125 0.013809732573432706
25 0.48744419642857145 0.1058746163963174 0.009765625 0.014028934677772907
196 0.43491908482142855 0.7365190705830776 0.015206473214285714 0.024550635686102586
102 0.35372488839285715 0.709776413853573 0.011300223214285714 0.01183691363437089
14 0.43484933035714285 0.5798991670320035 0.007533482142857143 0.017755370451556333
188 0.6799665178571429 0.14007014467338885 0.011997767857142858 0.01052170100832968
182 0.6688755580357143 0.10488820692678649 0.007672991071428571 0.012056115738711091
177 0.5944475446428571 0.15990793511617712 0.010881696428571428 0.012056115738711091
184 0.5599888392857143 0.33318719859710655 0.005580357142857143 0.029811486190267425
176 0.2798549107142857 0.4896975010960105 0.012555803571428572 0.01183691363437089
119 0.23953683035714285 0.49627356422621655 0.014508928571428572 0.024550635686102586
142 0.3203822544642857 0.48947829899167034 0.007393973214285714 0.012275317843051293
119 0.2909458705357143 0.39938623410784746 0.015764508928571428 0.02104340201665936
175 0.34800502232142855 0.3799868478737396 0.010184151785714286 0.012494519947391494
188 0.3807896205357143 0.37976764576939936 0.005998883928571429 0.01819377466023674
32 0.17689732142857142 0.8740683910565541 0.010602678571428572 0.013809732573432706
181 0.15471540178571427 0.8534633932485752 0.007533482142857143 0.02082419991231916
193 0.20807756696428573 0.709776413853573 0.015764508928571428 0.02498903989478299
14 0.24114118303571427 0.7091188075405523 0.0126953125 0.01183691363437089
176 0.15492466517857142 0.6764576939938624 0.007393973214285714 0.016220955721174924
178 0.15485491071428573 0.6314116615519509 0.007533482142857143 0.019070583077597545
179 0.15339006696428573 0.5732135028496274 0.010184151785714286 0.021920210434020166
190 0.22488839285714285 0.475010960105217 0.005580357142857143 0.010083296799649276
142 0.55126953125 0.37976764576939936 0.007393973214285714 0.012056115738711091
185 0.2544642857142857 0.504384042086804 0.018694196428571428 0.008768084173608066
176 0.244140625 0.4346777729066199 0.009486607142857142 0.01183691363437089
142 0.3648158482142857 0.34425690486628674 0.008091517857142858 0.012494519947391494
191 0.36495535714285715 0.4574747917580009 0.010602678571428572 0.016659359929855327
176 0.35428292410714285 0.5448268303375713 0.011300223214285714 0.011617711530030689
175 0.20731026785714285 0.8197062691801841 0.012555803571428572 0.011617711530030689
196 0.27915736607142855 0.7647961420429636 0.015625 0.024550635686102586
182 0.25990513392857145 0.7205173169662429 0.007533482142857143 0.010960105217010083
63 0.24295479910714285 0.6548662867163525 0.0107421875 0.012056115738711091
183 0.43143136160714285 0.19465146865409907 0.0146484375 0.008768084173608066
183 0.44852120535714285 0.09940815431828146 0.005580357142857143 0.023016220955721176
188 0.31480189732142855 0.43478737395879 0.007672991071428571 0.019508987286277948
194 0.27601841517857145 0.43478737395879 0.015485491071428572 0.024331433581762384
25 0.5386439732142857 0.6361245067952652 0.009765625 0.015344147303814117
178 0.6097935267857143 0.460872424375274 0.007533482142857143 0.022139412538360367
14 0.23751395089285715 0.26972818939061816 0.010463169642857142 0.011617711530030689
188 0.2788783482142857 0.2698377904427883 0.006417410714285714 0.020604997807978958
185 0.11439732142857142 0.41692240245506357 0.018415178571428572 0.00920648838228847