187 0.48744419642857145 0.8219688664766499 0.008649553571428572 0.007016005262003947
187 0.30405970982142855 0.9250164437623328 0.004603794642857143 0.013593510195132646
187 0.5006975446428571 0.36242052181539136 0.004464285714285714 0.013593510195132646
187 0.10665457589285714 0.29993422495066874 0.004603794642857143 0.013593510195132646
187 0.08970424107142858 0.8540890155667616 0.008649553571428572 0.00723525542644157
187 0.12534877232142858 0.9250164437623328 0.004603794642857143 0.013593510195132646
187 0.35400390625 0.1749616312212234 0.004603794642857143 0.013593510195132646
14 0.6866629464285714 0.8972812979609734 0.008649553571428572 0.023898267923700943
189 0.6863141741071429 0.8296426222319667 0.009905133928571428 0.031572023679017756
191 0.6648297991071429 0.7999342249506687 0.012416294642857142 0.019513264634948475
178 0.5530831473214286 0.8002631001973252 0.014369419642857142 0.013593510195132646
194 0.5272042410714286 0.768362201271651 0.017857142857142856 0.028283271212453408
195 0.5057198660714286 0.7374479280859461 0.017857142857142856 0.028283271212453408
195 0.6863141741071429 0.767704450778338 0.017996651785714284 0.028283271212453408
195 0.6863141741071429 0.6425126068844552 0.017438616071428572 0.027844770883578163
181 0.6864536830357143 0.5813418110063583 0.0087890625 0.01907476430607323
185 0.6802455357142857 0.5327778995834247 0.021484375 0.01052400789300592
189 0.6863141741071429 0.4549440912080684 0.010463169642857142 0.031572023679017756
189 0.5858677455357143 0.424906818680114 0.019949776785714284 0.014909011181758386
25 0.47084263392857145 0.9273185704889279 0.012834821428571428 0.018197763648322735
25 0.43436104910714285 0.9267704450778338 0.011021205357142858 0.016663012497259374
184 0.49351283482142855 0.1286998465248849 0.021344866071428572 0.010085507564130673
179 0.43310546875 0.1775926331944749 0.0146484375 0.01841701381276036
14 0.40806361607142855 0.21267265950449463 0.008370535714285714 0.021925016443762334
178 0.4076450892857143 0.26989695242271433 0.008928571428571428 0.02367901775926332
189 0.3876255580357143 0.29993422495066874 0.019949776785714284 0.013593510195132646
14 0.3851841517857143 0.362639771979829 0.015345982142857142 0.013593510195132646
119 0.20431082589285715 0.5746546809910107 0.017717633928571428 0.024117518088138567
175 0.19614955357142858 0.5499890374917781 0.014229910714285714 0.013374260030695024
188 0.20905412946428573 0.5331067748300812 0.014090401785714286 0.010743258057443543
175 0.14948381696428573 0.424906818680114 0.012974330357142858 0.014032010524007894
142 0.5272042410714286 0.31418548563911425 0.008649553571428572 0.012716509537382154
142 0.46665736607142855 0.29949572462179347 0.008091517857142858 0.013593510195132646
195 0.5272042410714286 0.20357377768033327 0.017578125 0.027844770883578163
142 0.5002790178571429 0.11280420960315721 0.008649553571428572 0.01381276035957027
194 0.15094866071428573 0.6124753343565008 0.018136160714285716 0.028721771541328656
188 0.15401785714285715 0.6749616312212234 0.0078125 0.01775926331944749
181 0.23032924107142858 0.6747423810567857 0.014229910714285714 0.01381276035957027
190 0.24874441964285715 0.6358254768691076 0.008649553571428572 0.012716509537382154
195 0.24881417410714285 0.580903310677483 0.019112723214285716 0.030037272527954396
195 0.08970424107142858 0.6409778557333918 0.017857142857142856 0.028283271212453408
192 0.11070033482142858 0.6124753343565008 0.018833705357142856 0.029598772199079148
192 0.15073939732142858 0.7374479280859461 0.017717633928571428 0.027844770883578163
183 0.17836216517857142 0.7314185485639114 0.006277901785714286 0.0263100197325148
185 0.20277622767857142 0.6901995176496383 0.021065848214285716 0.010085507564130673
196 0.5669642857142857 0.5806840605130453 0.018973214285714284 0.029598772199079148
180 0.5668247767857143 0.509866257399693 0.008370535714285714 0.02302126726595045
25 0.5656389508928571 0.464481473361105 0.011021205357142858 0.018197763648322735
192 0.5669642857142857 0.3926770445077834 0.018415178571428572 0.02894102170576628
180 0.5509207589285714 0.36242052181539136 0.011997767857142858 0.0131550098662574
183 0.17313058035714285 0.40824380618285466 0.016741071428571428 0.010085507564130673
181 0.16922433035714285 0.5869326901995177 0.008370535714285714 0.02236351677263758
189 0.12946428571428573 0.3313966235474677 0.010044642857142858 0.031352773514580136
142 0.12939453125 0.4035299276474457 0.0087890625 0.012935759701819776
25 0.5655691964285714 0.82657311992984 0.011160714285714286 0.021925016443762334
14 0.5671037946428571 0.7070817803113353 0.008928571428571428 0.021486516114887087
142 0.44775390625 0.8267923700942775 0.0087890625 0.012716509537382154
192 0.4263392857142857 0.8000438500328875 0.018136160714285716 0.02850252137689103
192 0.08970424107142858 0.7685814514360886 0.017857142857142856 0.028283271212453408
177 0.16929408482142858 0.7002850252137689 0.008510044642857142 0.02455601841701381
188 0.10574776785714286 0.6749616312212234 0.008649553571428572 0.019951764963823723
142 0.16915457589285715 0.7828327121245341 0.0087890625 0.013374260030695024
192 0.16922433035714285 0.8936636702477527 0.018136160714285716 0.02850252137689103
193 0.14767020089285715 0.924906818680114 0.017996651785714284 0.028283271212453408
60 0.3853236607142857 0.1757290067967551 0.012276785714285714 0.01381276035957027
32 0.32882254464285715 0.385332163999123 0.010044642857142858 0.02433676825257619
191 0.5862862723214286 0.48750274062705545 0.0126953125 0.019951764963823723
195 0.5461774553571429 0.48750274062705545 0.015345982142857142 0.023898267923700943
177 0.6067243303571429 0.6402104801578601 0.008370535714285714 0.021486516114887087
192 0.5855189732142857 0.6749616312212234 0.017857142857142856 0.028283271212453408
178 0.646484375 0.5295987721990791 0.008370535714285714 0.023459767594825695
182 0.6466238839285714 0.5812321859241394 0.008649553571428572 0.012716509537382154
195 0.6465541294642857 0.6465687349265512 0.017717633928571428 0.028064021048015787
180 0.646484375 0.7761455821091866 0.008370535714285714 0.018855514141635606
181 0.6464146205357143 0.8250383687787766 0.008510044642857142 0.02499451874588906
179 0.3267299107142857 0.8931155448366587 0.012276785714285714 0.021267265950449463
191 0.40792410714285715 0.8310677483008112 0.013671875 0.021267265950449463
185 0.40164620535714285 0.760798070598553 0.021205357142857144 0.010085507564130673
177 0.28843470982142855 0.8310677483008112 0.008510044642857142 0.023459767594825695
192 0.28857421875 0.7659504494628371 0.017159598214285716 0.027844770883578163
119 0.28390066964285715 0.7126726595044947 0.017578125 0.020828765621574215
194 0.32833426339285715 0.4557114667836001 0.017996651785714284 0.028283271212453408
192 0.3076869419642857 0.48750274062705545 0.017717633928571428 0.027844770883578163
192 0.22879464285714285 0.36242052181539136 0.017857142857142856 0.026748520061390047
186 0.18924386160714285 0.36242052181539136 0.011021205357142858 0.015786011839508878
195 0.14773995535714285 0.36242052181539136 0.018694196428571428 0.029379522034641527
32 0.22607421875 0.7981802236351677 0.015764508928571428 0.016882262661696998
190 0.26513671875 0.8000438500328875 0.009626116071428572 0.01710151282613462
195 0.3680943080357143 0.767156325367244 0.018275669642857144 0.02850252137689103
194 0.3680943080357143 0.7049989037491778 0.017438616071428572 0.027844770883578163
190 0.30092075892857145 0.6749616312212234 0.010881696428571428 0.01512826134619601
189 0.46902901785714285 0.6749616312212234 0.020089285714285716 0.012058759044069283
195 0.5078125 0.6749616312212234 0.015625 0.024775268581451435
195 0.5272042410714286 0.6437184827888621 0.018973214285714284 0.029818022363516772
102 0.5272739955357143 0.8196667397500548 0.008510044642857142 0.017320762990572242
14 0.22970145089285715 0.6124753343565008 0.013532366071428572 0.013374260030695024
195 0.24881417410714285 0.5185266388949792 0.015206473214285714 0.024117518088138567
183 0.4912806919642857 0.27866695900021926 0.016880580357142856 0.010085507564130673
180 0.5445731026785714 0.3000438500328875 0.012416294642857142 0.013374260030695024
32 0.5673828125 0.32668274501205874 0.009765625 0.02455601841701381
187 0.08970424107142858 0.3936636702477527 0.008649553571428572 0.00723525542644157
190 0.10093470982142858 0.36242052181539136 0.010463169642857142 0.010085507564130673
119 0.4253627232142857 0.10534970401227801 0.016183035714285716 0.027844770883578163
176 0.3550502232142857 0.4246875685156764 0.015625 0.013593510195132646
142 0.3018275669642857 0.5498794124095593 0.009068080357142858 0.013593510195132646
14 0.27329799107142855 0.550098662573997 0.011997767857142858 0.013593510195132646