187 0.10818917410714286 0.5498794124095593 0.004603794642857143 0.013593510195132646
187 0.6283482142857143 0.9250164437623328 0.004464285714285714 0.013593510195132646
187 0.5855189732142857 0.23744792808594606 0.004464285714285714 0.013593510195132646
187 0.10198102678571429 0.1749616312212234 0.004464285714285714 0.013593510195132646
177 0.14690290178571427 0.11280420960315721 0.014787946428571428 0.01381276035957027
192 0.19008091517857142 0.11247533435650077 0.017717633928571428 0.02718702039026529
32 0.22467912946428573 0.11126945845209384 0.012974330357142858 0.016005262003946502
32 0.13016183035714285 0.21168603376452533 0.009765625 0.021267265950449463
194 0.12946428571428573 0.3317254987941241 0.017857142857142856 0.028064021048015787
180 0.12939453125 0.45362859022144264 0.008510044642857142 0.020609515457136594
188 0.12946428571428573 0.5118395088796317 0.017299107142857144 0.012935759701819776
176 0.24895368303571427 0.7651830738873054 0.0087890625 0.017540013155009866
32 0.26220703125 0.9235913176934882 0.0126953125 0.016005262003946502
175 0.30440848214285715 0.9251260688445516 0.013392857142857142 0.013374260030695024
25 0.5821010044642857 0.9232624424468319 0.011021205357142858 0.016224512168384126
142 0.5669642857142857 0.8292041219030915 0.008649553571428572 0.0131550098662574
193 0.5669642857142857 0.7656215742161807 0.018136160714285716 0.02850252137689103
192 0.5669642857142857 0.703683402762552 0.018973214285714284 0.029598772199079148
196 0.5670340401785714 0.6422933567200175 0.017717633928571428 0.027844770883578163
194 0.5066964285714286 0.6123657092742819 0.018415178571428572 0.02894102170576628
60 0.5671037946428571 0.5211576408682307 0.008649553571428572 0.02236351677263758
188 0.5931222098214286 0.48750274062705545 0.0068359375 0.02565226923920193
60 0.6067243303571429 0.5137031352773515 0.008370535714285714 0.024117518088138567
181 0.58349609375 0.424906818680114 0.012416294642857142 0.0131550098662574
119 0.611328125 0.577395308046481 0.017578125 0.022144266608199955
142 0.6068638392857143 0.34235913176934885 0.008928571428571428 0.01381276035957027
185 0.48116629464285715 0.6464591098443324 0.021205357142857144 0.010304757728568297
185 0.49365234375 0.6931593948695461 0.021065848214285716 0.00986625739969305
180 0.48744419642857145 0.8228458671344003 0.008928571428571428 0.017540013155009866
191 0.11077008928571429 0.8625301468976102 0.013392857142857142 0.02104801578601184
196 0.14962332589285715 0.6124753343565008 0.017717633928571428 0.027406270554702915
187 0.22893415178571427 0.5498794124095593 0.004464285714285714 0.013593510195132646
60 0.23465401785714285 0.4251260688445516 0.013392857142857142 0.0131550098662574
196 0.208984375 0.3927866695900022 0.018415178571428572 0.028721771541328656
142 0.15625 0.23755755316816488 0.008370535714285714 0.01381276035957027
194 0.18854631696428573 0.17485200613900462 0.017717633928571428 0.027844770883578163
32 0.16985212053571427 0.33885112913834686 0.009905133928571428 0.021267265950449463
178 0.16922433035714285 0.3992545494409121 0.008370535714285714 0.02324051743038807
25 0.17027064732142858 0.5248848936636702 0.010463169642857142 0.017978513483885114
119 0.21337890625 0.8383030037272527 0.017996651785714284 0.022582766937075203
32 0.2333984375 0.8614338960754221 0.013392857142857142 0.016224512168384126
119 0.2700892857142857 0.8551852663889498 0.015345982142857142 0.027406270554702915
186 0.20905412946428573 0.7736242052181539 0.009068080357142858 0.018197763648322735
32 0.20961216517857142 0.5745450559087919 0.009626116071428572 0.019513264634948475
186 0.6623883928571429 0.6748520061390046 0.011439732142857142 0.015347511510633634
190 0.6863141741071429 0.6306730980048235 0.008231026785714286 0.01512826134619601
178 0.6862444196428571 0.4473799605349704 0.008370535714285714 0.02433676825257619
183 0.6346261160714286 0.4313746985310239 0.006696428571428571 0.02565226923920193
175 0.6221400669642857 0.6123657092742819 0.011579241071428572 0.013593510195132646
182 0.08977399553571429 0.7646349484762114 0.0087890625 0.01381276035957027
191 0.08970424107142858 0.8283271212453409 0.012276785714285714 0.019294014470510854
14 0.24867466517857142 0.464481473361105 0.008510044642857142 0.02039026529269897
181 0.24874441964285715 0.3865380399035299 0.008649553571428572 0.02324051743038807
187 0.22893415178571427 0.36242052181539136 0.004464285714285714 0.013593510195132646
195 0.24881417410714285 0.3278886209164657 0.015206473214285714 0.02433676825257619
63 0.24874441964285715 0.27450120587590443 0.008370535714285714 0.020171015128261346
102 0.23604910714285715 0.23755755316816488 0.013113839285714286 0.013374260030695024
191 0.18819754464285715 0.7999342249506687 0.011997767857142858 0.01907476430607323
192 0.12946428571428573 0.8945406709055032 0.018415178571428572 0.02894102170576628
186 0.14662388392857142 0.9252356939267704 0.01171875 0.015347511510633634
102 0.47049386160714285 0.42457794343345756 0.011021205357142858 0.01381276035957027
186 0.4872349330357143 0.4584520938390704 0.010184151785714286 0.016663012497259374
102 0.4478236607142857 0.3313966235474677 0.008649553571428572 0.018636263977197982
193 0.4476841517857143 0.2673755755316817 0.017578125 0.027844770883578163
186 0.44761439732142855 0.20741065555799168 0.010184151785714286 0.017978513483885114
187 0.40792410714285715 0.518636263977198 0.008649553571428572 0.00723525542644157
183 0.41183035714285715 0.5691734268800701 0.016741071428571428 0.010085507564130673
178 0.466796875 0.6124753343565008 0.015625 0.013374260030695024
182 0.646484375 0.7211137908353431 0.009207589285714286 0.013593510195132646
187 0.646484375 0.6437184827888621 0.008649553571428572 0.007016005262003947
175 0.6275809151785714 0.8623108967331725 0.013253348214285714 0.0131550098662574
189 0.58642578125 0.8624205218153914 0.019949776785714284 0.012058759044069283
178 0.5411551339285714 0.924906818680114 0.011439732142857142 0.013374260030695024
182 0.6466238839285714 0.5109625082218812 0.008928571428571428 0.01381276035957027
179 0.6447405133928571 0.4575750931813199 0.011858258928571428 0.02499451874588906
195 0.22837611607142858 0.29993422495066874 0.015904017857142856 0.02499451874588906
196 0.2679966517857143 0.424906818680114 0.017857142857142856 0.02762552071914054
183 0.44384765625 0.5063582547686911 0.016880580357142856 0.00986625739969305
177 0.6067940848214286 0.14744573558430168 0.008510044642857142 0.023459767594825695
188 0.5804966517857143 0.17485200613900462 0.006417410714285714 0.026529269896952423
191 0.54833984375 0.17485200613900462 0.011858258928571428 0.018636263977197982
180 0.5272739955357143 0.26649857487393114 0.008510044642857142 0.02302126726595045
63 0.47509765625 0.362639771979829 0.014090401785714286 0.0131550098662574
188 0.5897739955357143 0.11236570927428195 0.0068359375 0.026529269896952423
176 0.5032784598214286 0.11247533435650077 0.015485491071428572 0.013593510195132646
195 0.34730747767857145 0.11236570927428195 0.017996651785714284 0.028283271212453408
32 0.30789620535714285 0.11105020828765622 0.015345982142857142 0.016005262003946502
25 0.2901088169642857 0.14327998245998685 0.011579241071428572 0.020828765621574215
187 0.26869419642857145 0.1749616312212234 0.004464285714285714 0.013593510195132646
193 0.14787946428571427 0.17485200613900462 0.018973214285714284 0.029598772199079148
102 0.28857421875 0.2087261565446174 0.008510044642857142 0.024117518088138567
14 0.28822544642857145 0.26836220127165095 0.008649553571428572 0.02367901775926332
102 0.28857421875 0.3214207410655558 0.008510044642857142 0.02455601841701381
183 0.31947544642857145 0.35628151721113793 0.006417410714285714 0.0263100197325148
180 0.34619140625 0.362639771979829 0.012974330357142858 0.013593510195132646
176 0.3926478794642857 0.8624205218153914 0.014090401785714286 0.01381276035957027
195 0.42822265625 0.8625301468976102 0.018275669642857144 0.02850252137689103
194 0.3680943080357143 0.828875246656435 0.017717633928571428 0.027844770883578163
32 0.3687220982142857 0.7692392019294014 0.009765625 0.019513264634948475
119 0.3466796875 0.7447928085946064 0.015904017857142856 0.028064021048015787
25 0.26869419642857145 0.7390923043192282 0.011997767857142858 0.017540013155009866
184 0.39481026785714285 0.9152598114448586 0.006696428571428571 0.03354527515895637
183 0.46854073660714285 0.9188774391580794 0.006277901785714286 0.0263100197325148
178 0.5021623883928571 0.8625301468976102 0.013532366071428572 0.0131550098662574
182 0.6068638392857143 0.8882920412190309 0.008928571428571428 0.01381276035957027
196 0.32833426339285715 0.6411971058978294 0.018275669642857144 0.028721771541328656
25 0.32938058035714285 0.7045604034203026 0.011160714285714286 0.02302126726595045
178 0.3281947544642857 0.8277789958342469 0.0087890625 0.02170576627932471
181 0.3076171875 0.4247971935978952 0.01171875 0.01381276035957027
187 0.5470842633928571 0.29993422495066874 0.004603794642857143 0.013593510195132646
184 0.5181361607142857 0.3094716071037053 0.006417410714285714 0.03354527515895637
180 0.46414620535714285 0.2998245998684499 0.014787946428571428 0.013374260030695024
182 0.42054966517857145 0.2997149747862311 0.008510044642857142 0.01447051085288314
183 0.6027483258928571 0.8222977417233063 0.0166015625 0.010304757728568297
179 0.6051897321428571 0.7134400350800263 0.011997767857142858 0.026748520061390047
195 0.5272042410714286 0.8909230431922824 0.018973214285714284 0.030037272527954396
181 0.5115792410714286 0.8001534751151064 0.013113839285714286 0.013374260030695024
180 0.44775390625 0.8837974128480597 0.008510044642857142 0.021925016443762334
63 0.5044642857142857 0.9252356939267704 0.015066964285714286 0.013593510195132646
181 0.56689453125 0.14262223196667398 0.008510044642857142 0.02170576627932471