187 0.29910714285714285 0.8958790004384042 0.0030691964285714285 0.00920648838228847
187 0.1845703125 0.8625602805786936 0.005859375 0.004822446295484437
187 0.5345982142857143 0.7509864094695309 0.005859375 0.004822446295484437
182 0.5884486607142857 0.3666155195089873 0.005859375 0.00898728627794827
32 0.5888671875 0.3292415607189829 0.006696428571428571 0.016220955721174924
180 0.57958984375 0.30370451556334943 0.009068080357142858 0.009425690486628672
102 0.5884486607142857 0.28123629986847876 0.005859375 0.012275317843051293
63 0.5883091517857143 0.2476983779044279 0.005580357142857143 0.016220955721174924
189 0.52001953125 0.21909250328803156 0.013532366071428572 0.012056115738711091
32 0.5798688616071429 0.17569048662867162 0.010463169642857142 0.011617711530030689
194 0.5478515625 0.17667689609820253 0.012834821428571428 0.020166593599298552
192 0.5471540178571429 0.8957693993862341 0.012276785714285714 0.019070583077597545
191 0.5262974330357143 0.8958790004384042 0.007952008928571428 0.012713722051731697
178 0.5615234375 0.8746163963174046 0.005859375 0.01446733888645331
177 0.5614536830357143 0.8314335817623849 0.005998883928571429 0.01578255151249452
186 0.5613141741071429 0.7941692240245506 0.0068359375 0.011398509425690487
176 0.5615234375 0.7415607189829022 0.005859375 0.0131521262604121
186 0.5614536830357143 0.574967119684349 0.0068359375 0.011398509425690487
186 0.60302734375 0.5579789565979834 0.007672991071428571 0.010302498903989479
176 0.37318638392857145 0.8379000438404208 0.005859375 0.016001753616834723
195 0.3729771205357143 0.8753836036825954 0.012137276785714286 0.019070583077597545
184 0.38511439732142855 0.6776633055677335 0.004324776785714286 0.02257781674704077
63 0.47021484375 0.6842393686979396 0.009626116071428572 0.00898728627794827
190 0.5201590401785714 0.6843489697501096 0.0048828125 0.00789127575624726
177 0.7229352678571429 0.5401139850942569 0.005859375 0.016220955721174924
32 0.7234235491071429 0.5015344147303814 0.006556919642857143 0.014905743095133712
63 0.7395368303571429 0.4732573432704954 0.010323660714285714 0.00920648838228847
191 0.7230050223214286 0.5729943007452871 0.008231026785714286 0.012713722051731697
189 0.7230050223214286 0.7072555896536606 0.0068359375 0.021262604120999562
190 0.7230050223214286 0.751096010521701 0.004603794642857143 0.010740903112669882
60 0.7137276785714286 0.8534633932485752 0.008649553571428572 0.009425690486628672
196 0.7230050223214286 0.4085927224901359 0.011858258928571428 0.018851380973257344
194 0.6549246651785714 0.38820692678649715 0.012416294642857142 0.01972818939061815
184 0.6208844866071429 0.3946733888645331 0.004324776785714286 0.023016220955721176
190 0.6015625 0.38831652783866727 0.006138392857142857 0.011617711530030689
181 0.4930943080357143 0.38831652783866727 0.007952008928571428 0.00898728627794827
25 0.6162109375 0.909798334064007 0.007533482142857143 0.012056115738711091
188 0.6153041294642857 0.7525208241999123 0.010184151785714286 0.007452871547566856
193 0.6153041294642857 0.7041867601928978 0.0126953125 0.01994739149495835
182 0.6153041294642857 0.626041209995616 0.005998883928571429 0.008768084173608066
178 0.6153738839285714 0.5862560280578694 0.005859375 0.015563349408154318
182 0.59619140625 0.8111573871109162 0.005719866071428571 0.009425690486628672
187 0.5749162946428571 0.8112669881630864 0.0030691964285714285 0.00920648838228847
175 0.52294921875 0.8111573871109162 0.011300223214285714 0.00898728627794827
188 0.49386160714285715 0.8112669881630864 0.004185267857142857 0.01578255151249452
180 0.4169224330357143 0.8110477860587462 0.009626116071428572 0.00920648838228847
192 0.39990234375 0.8342832091188075 0.0126953125 0.020166593599298552
32 0.38832310267857145 0.8950021920210434 0.009905133928571428 0.010960105217010083
142 0.4185267857142857 0.8531345900920649 0.005859375 0.009644892590968873
185 0.4637974330357143 0.8894125383603683 0.004324776785714286 0.023016220955721176
177 0.39990234375 0.7516440157825515 0.005719866071428571 0.0131521262604121
179 0.39878627232142855 0.7125164401578256 0.008231026785714286 0.016001753616834723
178 0.39990234375 0.6692240245506357 0.005998883928571429 0.015344147303814117
102 0.40011160714285715 0.5846120122753179 0.005859375 0.01578255151249452
181 0.5076032366071429 0.1947610697062692 0.005998883928571429 0.013809732573432706
182 0.5163225446428571 0.3459009206488382 0.005580357142857143 0.00920648838228847
181 0.5345982142857143 0.3638754932047348 0.005859375 0.016659359929855327
63 0.5345284598214286 0.40618149934239367 0.005719866071428571 0.013590530469092503
180 0.5497349330357143 0.4307321350284963 0.010463169642857142 0.00920648838228847
32 0.4912109375 0.34502411223147744 0.009765625 0.010960105217010083
102 0.46358816964285715 0.3459009206488382 0.008091517857142858 0.00920648838228847
142 0.4536830357142857 0.3780140289346778 0.005859375 0.00898728627794827
63 0.45389229910714285 0.49397194213064444 0.005719866071428571 0.012932924156071899
186 0.4536830357142857 0.5363875493204735 0.006975446428571429 0.011398509425690487
190 0.34605189732142855 0.48290223586146425 0.004324776785714286 0.009644892590968873
193 0.36007254464285715 0.7689609820254274 0.012555803571428572 0.01972818939061815
32 0.34654017857142855 0.8307759754493643 0.006696428571428571 0.016659359929855327
188 0.33768136160714285 0.8958790004384042 0.0048828125 0.01709776413853573
185 0.6902204241071429 0.5506356861025866 0.004324776785714286 0.02235861464270057
191 0.7343052455357143 0.5574309513371328 0.009347098214285714 0.01446733888645331
177 0.6026088169642857 0.6844585708022797 0.007393973214285714 0.00898728627794827
32 0.5982142857142857 0.3028277071459886 0.009486607142857142 0.010740903112669882
190 0.5710797991071429 0.43062253397632616 0.004603794642857143 0.006795265234546251
185 0.5924246651785714 0.4628452433143358 0.0146484375 0.006795265234546251
195 0.5076032366071429 0.36595791319596666 0.011021205357142858 0.01731696624287593
182 0.5073939732142857 0.44169224024550635 0.005859375 0.00920648838228847
60 0.5488978794642857 0.5573213502849628 0.008510044642857142 0.009425690486628672
193 0.30594308035714285 0.09217448487505481 0.011997767857142858 0.018632178868917142
63 0.33119419642857145 0.0919552827707146 0.008091517857142858 0.00898728627794827
195 0.26534598214285715 0.1557430951337133 0.010323660714285714 0.016440157825515125
119 0.2564174107142857 0.2240245506356861 0.009207589285714286 0.018851380973257344
190 0.15164620535714285 0.21909250328803156 0.005859375 0.007233669443226655
188 0.2763671875 0.17678649715037265 0.005859375 0.016878562034195528
60 0.33475167410714285 0.17656729504603244 0.009068080357142858 0.009425690486628672
195 0.3607700892857143 0.17667689609820253 0.010602678571428572 0.016659359929855327
176 0.15757533482142858 0.8319815870232354 0.005998883928571429 0.016440157825515125
63 0.15764508928571427 0.8674923279263481 0.005859375 0.012932924156071899
178 0.15764508928571427 0.9127575624725998 0.005859375 0.013590530469092503
187 0.22488839285714285 0.7689609820254274 0.0030691964285714285 0.00920648838228847
183 0.17306082589285715 0.8492985532661114 0.004324776785714286 0.017755370451556333
190 0.19022042410714285 0.8535729943007453 0.004603794642857143 0.009644892590968873
182 0.21888950892857142 0.8535729943007453 0.005859375 0.00920648838228847
183 0.25160435267857145 0.8492985532661114 0.004324776785714286 0.017755370451556333
175 0.27462332589285715 0.8536825953529154 0.0087890625 0.00898728627794827
176 0.3618861607142857 0.8962078035949145 0.010044642857142858 0.009425690486628672
178 0.5076032366071429 0.10839544059622973 0.005719866071428571 0.015563349408154318
192 0.4937220982142857 0.0920648838228847 0.011997767857142858 0.018851380973257344
63 0.4668666294642857 0.0922840859272249 0.009068080357142858 0.00920648838228847
185 0.39278738839285715 0.09875054800526085 0.004324776785714286 0.02257781674704077
187 0.35951450892857145 0.0920648838228847 0.0030691964285714285 0.00920648838228847
25 0.6003766741071429 0.17558088557650153 0.007393973214285714 0.011398509425690487
189 0.6291155133928571 0.17667689609820253 0.013532366071428572 0.009644892590968873
187 0.6556919642857143 0.17667689609820253 0.0030691964285714285 0.00920648838228847
182 0.6845005580357143 0.17678649715037265 0.005719866071428571 0.009425690486628672
187 0.7095424107142857 0.17667689609820253 0.0030691964285714285 0.00920648838228847
185 0.13748604910714285 0.7622753178430512 0.004324776785714286 0.02257781674704077
185 0.07261439732142858 0.612998684787374 0.014369419642857142 0.006795265234546251
142 0.07693917410714286 0.5484436650591845 0.005998883928571429 0.00920648838228847
186 0.10386439732142858 0.45462516440157824 0.006556919642857143 0.012275317843051293
176 0.42689732142857145 0.5752959228408593 0.005859375 0.013809732573432706
192 0.3583984375 0.5574309513371328 0.012276785714285714 0.019289785181937746
195 0.4268275669642857 0.6638535729943007 0.0107421875 0.016878562034195528
192 0.42689732142857145 0.7073651907058308 0.012276785714285714 0.019289785181937746
178 0.4268275669642857 0.7501096010521701 0.005719866071428571 0.01446733888645331
191 0.4268275669642857 0.8292415607189829 0.008231026785714286 0.0131521262604121
191 0.31912667410714285 0.8661771153003068 0.007952008928571428 0.012494519947391494
178 0.31905691964285715 0.840311266988163 0.005859375 0.012932924156071899
183 0.3164760044642857 0.7918676019289785 0.011300223214285714 0.007233669443226655
14 0.24979073660714285 0.937965804471723 0.009068080357142858 0.00920648838228847
175 0.22300502232142858 0.938075405523893 0.007952008928571428 0.00898728627794827
194 0.19754464285714285 0.9381850065760632 0.011997767857142858 0.01841297676457694
195 0.31919642857142855 0.7464927663305567 0.010323660714285714 0.016440157825515125
60 0.31905691964285715 0.6577159140727751 0.005859375 0.016001753616834723
175 0.31912667410714285 0.6178211310828584 0.005719866071428571 0.012056115738711091
196 0.29227120535714285 0.5372643577378343 0.01171875 0.018851380973257344
14 0.3003627232142857 0.5574309513371328 0.008649553571428572 0.008768084173608066
176 0.29220145089285715 0.4998903989478299 0.005719866071428571 0.012494519947391494
177 0.35825892857142855 0.43051293292415604 0.008370535714285714 0.00920648838228847
25 0.44308035714285715 0.38700131521262604 0.009765625 0.011617711530030689
142 0.4720982142857143 0.38809732573432704 0.006138392857142857 0.009864094695309075
175 0.18450055803571427 0.8297895659798334 0.005719866071428571 0.016878562034195528
190 0.1845703125 0.7448487505480053 0.006696428571428571 0.010083296799649276
185 0.18038504464285715 0.7021043402016659 0.014508928571428572 0.00657606313020605
188 0.1845703125 0.669552827707146 0.008649553571428572 0.006795265234546251
142 0.18470982142857142 0.6119026742656729 0.005859375 0.00898728627794827
176 0.18443080357142858 0.5827487943884261 0.005859375 0.011179307321350284
182 0.18450055803571427 0.535949145111793 0.005998883928571429 0.00920648838228847
63 0.24874441964285715 0.472818939061815 0.0078125 0.008768084173608066
25 0.28041294642857145 0.4718325295922841 0.008370535714285714 0.010740903112669882
119 0.13371930803571427 0.4556115738711092 0.011858258928571428 0.016440157825515125
190 0.14543805803571427 0.472818939061815 0.004603794642857143 0.00789127575624726
176 0.16824776785714285 0.4729285401139851 0.010323660714285714 0.009425690486628672
177 0.14460100446428573 0.38820692678649715 0.009068080357142858 0.00920648838228847
177 0.17264229910714285 0.38809732573432704 0.0087890625 0.00898728627794827
184 0.25439453125 0.3394344585708023 0.004324776785714286 0.02257781674704077
196 0.42689732142857145 0.8743971942130645 0.011997767857142858 0.018851380973257344
193 0.19677734375 0.3459009206488382 0.012416294642857142 0.019289785181937746
193 0.17096819196428573 0.3459009206488382 0.012416294642857142 0.01972818939061815
176 0.21142578125 0.41264796142042964 0.005719866071428571 0.011179307321350284
32 0.20186941964285715 0.42974572555896534 0.010602678571428572 0.011617711530030689
102 0.17647879464285715 0.43062253397632616 0.008928571428571428 0.009425690486628672
25 0.14048549107142858 0.4312801402893468 0.008928571428571428 0.011179307321350284
195 0.21149553571428573 0.45210434020166596 0.011160714285714286 0.01731696624287593
193 0.21149553571428573 0.4946295484436651 0.012555803571428572 0.01994739149495835
189 0.22537667410714285 0.5574309513371328 0.013532366071428572 0.010960105217010083
25 0.2553013392857143 0.5561157387110917 0.009486607142857142 0.011398509425690487
176 0.07679966517857142 0.45572117492327924 0.005998883928571429 0.01183691363437089
186 0.10379464285714286 0.11475230162209557 0.006975446428571429 0.011617711530030689
60 0.11921037946428571 0.09217448487505481 0.008231026785714286 0.00898728627794827
183 0.14013671875 0.08811924594476107 0.004324776785714286 0.01797457255589654
142 0.17020089285714285 0.0920648838228847 0.005580357142857143 0.00920648838228847
194 0.22523716517857142 0.09217448487505481 0.012137276785714286 0.019070583077597545
191 0.10372488839285714 0.49419114423498467 0.007672991071428571 0.012056115738711091
14 0.10365513392857142 0.5289346777729066 0.006138392857142857 0.013590530469092503
178 0.10372488839285714 0.6256028057869355 0.005719866071428571 0.01709776413853573
195 0.09012276785714286 0.6420429636124507 0.011997767857142858 0.018851380973257344
184 0.35030691964285715 0.45966681280140287 0.014229910714285714 0.00657606313020605
185 0.3607700892857143 0.5083296799649276 0.004464285714285714 0.02235861464270057
195 0.373046875 0.536935554581324 0.010323660714285714 0.016440157825515125
32 0.34654017857142855 0.28320911880754057 0.006696428571428571 0.01446733888645331
195 0.31912667410714285 0.11212187637001315 0.010463169642857142 0.016440157825515125
191 0.373046875 0.11113546690048225 0.008928571428571428 0.014028934677772907
142 0.37276785714285715 0.1561814993423937 0.005859375 0.00898728627794827
102 0.3731166294642857 0.2370670758439281 0.005998883928571429 0.013809732573432706
25 0.37381417410714285 0.28419552827707145 0.007393973214285714 0.012932924156071899
190 0.373046875 0.32025427444103466 0.005580357142857143 0.009644892590968873
178 0.43666294642857145 0.3035949145111793 0.009207589285714286 0.00920648838228847
192 0.4677734375 0.30370451556334943 0.011997767857142858 0.018632178868917142
180 0.5201590401785714 0.3040333187198597 0.007672991071428571 0.009644892590968873
142 0.5347377232142857 0.8353792196405085 0.005859375 0.00920648838228847
177 0.5740094866071429 0.8534633932485752 0.010184151785714286 0.00898728627794827
195 0.6018415178571429 0.8535729943007453 0.012834821428571428 0.020166593599298552
195 0.5345982142857143 0.9185664182376151 0.012276785714285714 0.019508987286277948
14 0.49769810267857145 0.7688513809732573 0.008510044642857142 0.00898728627794827
194 0.4400111607142857 0.7689609820254274 0.011997767857142858 0.018851380973257344
60 0.5200892857142857 0.937965804471723 0.008649553571428572 0.00920648838228847
179 0.5065569196428571 0.8689171416045594 0.008091517857142858 0.015344147303814117
177 0.49148995535714285 0.938075405523893 0.008091517857142858 0.00898728627794827
177 0.38720703125 0.938075405523893 0.0087890625 0.009425690486628672
142 0.3574916294642857 0.937965804471723 0.005998883928571429 0.00920648838228847
175 0.7497907366071429 0.5383603682595353 0.005998883928571429 0.014028934677772907
119 0.7469308035714286 0.4969311705392372 0.01171875 0.016659359929855327
185 0.7458844866071429 0.4613108285839544 0.0146484375 0.006795265234546251
63 0.7499302455357143 0.4071679088119246 0.005719866071428571 0.014686540990793511
179 0.6550641741071429 0.305458132398071 0.0107421875 0.012494519947391494
184 0.7541852678571429 0.654427882507672 0.014229910714285714 0.006795265234546251
188 0.7377232142857143 0.6843489697501096 0.005859375 0.01578255151249452
196 0.6817801339285714 0.6843489697501096 0.011997767857142858 0.018851380973257344
179 0.7510463169642857 0.24561595791319596 0.007952008928571428 0.014686540990793511
119 0.7383510044642857 0.3930293730819816 0.011021205357142858 0.01841297676457694