187 0.39013671875 0.7375575531681648 0.004603794642857143 0.013593510195132646
187 0.10016741071428571 0.9250164437623328 0.004464285714285714 0.013593510195132646
187 0.11174665178571429 0.8625301468976102 0.004464285714285714 0.013593510195132646
187 0.255859375 0.1749616312212234 0.004464285714285714 0.013593510195132646
187 0.12946428571428573 0.13977197982898487 0.008649553571428572 0.00723525542644157
187 0.09926060267857142 0.36242052181539136 0.004603794642857143 0.013593510195132646
102 0.4478236607142857 0.5190747643060732 0.008649553571428572 0.02302126726595045
184 0.44140625 0.402762552071914 0.021205357142857144 0.01052400789300592
63 0.3929966517857143 0.4869546152159614 0.013671875 0.014032010524007894
188 0.3573521205357143 0.48739311554483666 0.007672991071428571 0.021486516114887087
189 0.32833426339285715 0.5217057662793247 0.011300223214285714 0.031352773514580136
191 0.31410435267857145 0.5499890374917781 0.010184151785714286 0.016005262003946502
185 0.13560267857142858 0.46546809910107434 0.021484375 0.01052400789300592
177 0.19049944196428573 0.550098662573997 0.014090401785714286 0.013593510195132646
102 0.12974330357142858 0.33808375356281517 0.008928571428571428 0.017978513483885114
102 0.23137555803571427 0.3001534751151063 0.011858258928571428 0.014032010524007894
188 0.30392020089285715 0.29993422495066874 0.006277901785714286 0.021486516114887087
184 0.4595424107142857 0.41504056128042094 0.006417410714285714 0.0328875246656435
188 0.42640904017857145 0.36242052181539136 0.007672991071428571 0.02587151940363955
190 0.40785435267857145 0.3183512387634291 0.0068359375 0.015786011839508878
181 0.4608677455357143 0.36242052181539136 0.012137276785714286 0.013593510195132646
190 0.49441964285714285 0.36242052181539136 0.008649553571428572 0.01710151282613462
178 0.52734375 0.3221881166410875 0.008649553571428572 0.023459767594825695
186 0.5090680803571429 0.9247971935978953 0.011160714285714286 0.01710151282613462
180 0.54833984375 0.9253453190089893 0.012137276785714286 0.013374260030695024
102 0.48758370535714285 0.884126288094716 0.008649553571428572 0.02302126726595045
119 0.44315011160714285 0.8358912519184389 0.017996651785714284 0.020828765621574215
177 0.4478236607142857 0.7704450778338083 0.008649553571428572 0.02324051743038807
178 0.6588309151785714 0.8000438500328875 0.012416294642857142 0.0131550098662574
180 0.15394810267857142 0.9250164437623328 0.0126953125 0.0131550098662574
195 0.16922433035714285 0.6422933567200175 0.017020089285714284 0.027844770883578163
191 0.16929408482142858 0.5280640210480158 0.011579241071428572 0.018197763648322735
189 0.28857421875 0.3315062486296865 0.007393973214285714 0.031572023679017756
14 0.27085658482142855 0.4251260688445516 0.012974330357142858 0.014032010524007894
32 0.3900669642857143 0.23602280201710152 0.015625 0.01644376233282175
186 0.5666852678571429 0.5764086823065118 0.009765625 0.01841701381276036
193 0.5669642857142857 0.708397281297961 0.018415178571428572 0.02894102170576628
192 0.5456891741071429 0.7374479280859461 0.017996651785714284 0.028283271212453408
182 0.3281947544642857 0.8441131330848498 0.0087890625 0.013593510195132646
191 0.32833426339285715 0.7649638237228678 0.011021205357142858 0.01710151282613462
181 0.3280552455357143 0.5819995614996711 0.009068080357142858 0.02433676825257619
32 0.22391183035714285 0.7361324270993204 0.015904017857142856 0.016005262003946502
32 0.1298828125 0.9030914273185705 0.009765625 0.020171015128261346
191 0.15178571428571427 0.8625301468976102 0.013671875 0.021486516114887087
119 0.19454520089285715 0.7929182196886647 0.015206473214285714 0.027844770883578163
177 0.22795758928571427 0.800372725279544 0.015625 0.013374260030695024
176 0.24867466517857142 0.8277789958342469 0.008510044642857142 0.02170576627932471
25 0.40904017857142855 0.8229554922166191 0.010602678571428572 0.019513264634948475
119 0.4033900669642857 0.7076299057224293 0.017438616071428572 0.02565226923920193
179 0.40611049107142855 0.6415259811444859 0.011997767857142858 0.02324051743038807
175 0.3819056919642857 0.5495505371629029 0.012974330357142858 0.01381276035957027
181 0.6863839285714286 0.8855514141635606 0.008649553571428572 0.017540013155009866
182 0.6862444196428571 0.7682525761894321 0.008649553571428572 0.0131550098662574
182 0.5083705357142857 0.7998245998684499 0.008370535714285714 0.014032010524007894
63 0.47105189732142855 0.8001534751151064 0.013811383928571428 0.013374260030695024
181 0.646484375 0.2622231966673975 0.008370535714285714 0.020171015128261346
60 0.6260463169642857 0.23733830300372724 0.012137276785714286 0.013374260030695024
178 0.5834263392857143 0.11214645910984433 0.015066964285714286 0.013374260030695024
60 0.7257952008928571 0.13659285244463934 0.008510044642857142 0.018855514141635606
186 0.70458984375 0.11280420960315721 0.010463169642857142 0.016005262003946502
185 0.6711774553571429 0.12190309142731857 0.006696428571428571 0.033764525323393996
119 0.7306780133928571 0.2565226923920193 0.017717633928571428 0.024117518088138567
179 0.7273995535714286 0.3939925454944091 0.012555803571428572 0.02499451874588906
119 0.7129603794642857 0.4946283709712782 0.014369419642857142 0.02850252137689103
175 0.6699916294642857 0.48739311554483666 0.0146484375 0.0131550098662574
190 0.6377650669642857 0.48739311554483666 0.0068359375 0.014909011181758386
185 0.37437220982142855 0.6402104801578601 0.021065848214285716 0.010085507564130673
177 0.47021484375 0.2998245998684499 0.015485491071428572 0.013374260030695024
183 0.5380859375 0.3561718921289191 0.006417410714285714 0.026090769568077175
194 0.48744419642857145 0.7041219030914273 0.017578125 0.027844770883578163
192 0.48744419642857145 0.640868230651173 0.018694196428571428 0.029379522034641527
175 0.6067243303571429 0.1438281078710809 0.008649553571428572 0.02324051743038807
189 0.6067243303571429 0.20828765621574216 0.0078125 0.031572023679017756
175 0.6065848214285714 0.2758167068625301 0.008370535714285714 0.01841701381276036
192 0.5454799107142857 0.29993422495066874 0.018415178571428572 0.02894102170576628
183 0.5710100446428571 0.344003508002631 0.016462053571428572 0.010085507564130673
195 0.3680943080357143 0.2677044507783381 0.018275669642857144 0.02850252137689103
187 0.3482142857142857 0.1749616312212234 0.004464285714285714 0.013593510195132646
177 0.36830357142857145 0.39333479500109625 0.008649553571428572 0.021925016443762334
196 0.3681640625 0.45636921727691293 0.018415178571428572 0.028721771541328656
183 0.17898995535714285 0.8687787765840824 0.006417410714285714 0.026090769568077175
182 0.22998046875 0.8625301468976102 0.0087890625 0.013593510195132646
184 0.13567243303571427 0.20741065555799168 0.021344866071428572 0.01052400789300592
181 0.12939453125 0.259592194694146 0.008510044642857142 0.021925016443762334
195 0.15108816964285715 0.23744792808594606 0.015904017857142856 0.02499451874588906
195 0.26890345982142855 0.23733830300372724 0.017996651785714284 0.028283271212453408
142 0.40785435267857145 0.26649857487393114 0.0087890625 0.012058759044069283
180 0.4281529017857143 0.2997149747862311 0.013392857142857142 0.013593510195132646
186 0.24853515625 0.3873054154790616 0.010463169642857142 0.016882262661696998
196 0.27029854910714285 0.36242052181539136 0.017996651785714284 0.028064021048015787
185 0.34640066964285715 0.3526638894979171 0.006417410714285714 0.03354527515895637
14 0.5271344866071429 0.8852225389169042 0.0087890625 0.019951764963823723
14 0.4302455357142857 0.8001534751151064 0.013950892857142858 0.013374260030695024
187 0.14934430803571427 0.7375575531681648 0.004603794642857143 0.013593510195132646
175 0.12960379464285715 0.7755974566980925 0.008928571428571428 0.02039026529269897
190 0.25537109375 0.7999342249506687 0.009068080357142858 0.01512826134619601
184 0.25502232142857145 0.7663889497917123 0.021205357142857144 0.00986625739969305