187 0.22084263392857142 0.21481806225339764 0.00390625 0.01183691363437089
187 0.15492466517857142 0.8802060499780798 0.007672991071428571 0.006356861025865849
187 0.10609654017857142 0.8198158702323542 0.004045758928571429 0.01183691363437089
187 0.3076869419642857 0.10488820692678649 0.004045758928571429 0.012056115738711091
187 0.11181640625 0.5448268303375713 0.004045758928571429 0.012056115738711091
187 0.7499302455357143 0.8492985532661114 0.007672991071428571 0.006356861025865849
187 0.6960100446428571 0.8747259973695748 0.00390625 0.012056115738711091
187 0.10505022321428571 0.7647961420429636 0.00390625 0.01183691363437089
187 0.36495535714285715 0.12483559842174485 0.007533482142857143 0.006356861025865849
187 0.6989397321428571 0.21481806225339764 0.00390625 0.01183691363437089
187 0.5749162946428571 0.13842612889083736 0.007533482142857143 0.006356861025865849
192 0.36488560267857145 0.3497369574747918 0.016043526785714284 0.025208241999123193
183 0.36146763392857145 0.29679964927663305 0.014787946428571428 0.008768084173608066
175 0.30845424107142855 0.26994739149495833 0.011439732142857142 0.012056115738711091
176 0.3648158482142857 0.572775098640947 0.007533482142857143 0.014905743095133712
102 0.22509765625 0.3455721174923279 0.007672991071428571 0.020385795703638757
182 0.37967354910714285 0.27005699254712845 0.007672991071428571 0.012275317843051293
186 0.42027064732142855 0.2698377904427883 0.009347098214285714 0.01446733888645331
193 0.45284598214285715 0.2698377904427883 0.015904017857142856 0.02498903989478299
192 0.13692801339285715 0.8197062691801841 0.015764508928571428 0.024769837790442787
193 0.173828125 0.8747259973695748 0.015904017857142856 0.024769837790442787
184 0.14948381696428573 0.567295046032442 0.018833705357142856 0.00920648838228847
180 0.294921875 0.7436431389741341 0.007533482142857143 0.016001753616834723
196 0.294921875 0.6814993423936869 0.015625 0.024550635686102586
142 0.31675502232142855 0.599956159579132 0.007393973214285714 0.012275317843051293
32 0.3501674107142857 0.5987505480052608 0.013392857142857142 0.014686540990793511
195 0.294921875 0.7947172292854011 0.015904017857142856 0.025208241999123193
185 0.23284040178571427 0.8284743533537922 0.005859375 0.02915387987724682
182 0.1982421875 0.819487067075844 0.007533482142857143 0.012056115738711091
176 0.17619977678571427 0.8199254712845243 0.012276785714285714 0.012056115738711091
191 0.24281529017857142 0.21481806225339764 0.009905133928571428 0.01578255151249452
184 0.25453404017857145 0.1867601928978518 0.018833705357142856 0.008768084173608066
196 0.25990513392857145 0.1303156510302499 0.015625 0.024331433581762384
186 0.18959263392857142 0.3563130206049978 0.008370535714285714 0.015563349408154318
191 0.18994140625 0.305458132398071 0.0107421875 0.016878562034195528
32 0.19029017857142858 0.3957693993862341 0.008649553571428572 0.016878562034195528
182 0.18980189732142858 0.44706269180184127 0.007672991071428571 0.012056115738711091
183 0.13295200892857142 0.5504164839982464 0.005859375 0.022797018851380975
25 0.5407366071428571 0.6885138097325735 0.008928571428571428 0.017536168347216132
196 0.5398995535714286 0.6257124068391057 0.017020089285714284 0.0265234546251644
32 0.44873046875 0.5987505480052608 0.013253348214285714 0.014686540990793511
63 0.38330078125 0.6002849627356422 0.012974330357142858 0.012056115738711091
196 0.5931919642857143 0.709776413853573 0.015625 0.02367382726874178
179 0.6243024553571429 0.7075843928101709 0.013113839285714286 0.016659359929855327
179 0.6614815848214286 0.7078035949145112 0.012974330357142858 0.016659359929855327
32 0.7350027901785714 0.708790004384042 0.011579241071428572 0.014248136782113108
186 0.7499302455357143 0.7963612450679527 0.008231026785714286 0.014905743095133712
186 0.7496512276785714 0.627137220517317 0.008510044642857142 0.014905743095133712
14 0.7384207589285714 0.5996273564226217 0.013113839285714286 0.012056115738711091
176 0.5901227678571429 0.5997369574747917 0.010881696428571428 0.01183691363437089
182 0.7499302455357143 0.5763919333625602 0.007672991071428571 0.012056115738711091
142 0.7496512276785714 0.5008768084173608 0.007672991071428571 0.012275317843051293
63 0.7294224330357143 0.49024550635686104 0.010463169642857142 0.012056115738711091
25 0.7040318080357143 0.4907935116177115 0.0126953125 0.01446733888645331
179 0.6784319196428571 0.46591407277509866 0.010323660714285714 0.01994739149495835
183 0.6302315848214286 0.3852476983779044 0.005719866071428571 0.023016220955721176
189 0.7499302455357143 0.40618149934239367 0.007672991071428571 0.02761946514686541
188 0.7283063616071429 0.3798772468215695 0.0068359375 0.017536168347216132
191 0.7038225446428571 0.3798772468215695 0.011160714285714286 0.017536168347216132
195 0.5209263392857143 0.43478737395879 0.015625 0.024331433581762384
178 0.7499302455357143 0.305458132398071 0.007393973214285714 0.01819377466023674
194 0.7499302455357143 0.1857737834283209 0.0166015625 0.026085050416484
25 0.7340959821428571 0.16155195089872862 0.013392857142857142 0.014905743095133712
60 0.5888671875 0.1600175361683472 0.010044642857142858 0.012275317843051293
25 0.5615931919642857 0.16133274879438841 0.0107421875 0.01446733888645331
193 0.5749162946428571 0.7930732135028496 0.015345982142857142 0.024550635686102586
189 0.5931222098214286 0.8747259973695748 0.017717633928571428 0.012056115738711091
60 0.6287667410714286 0.8747259973695748 0.013392857142857142 0.011617711530030689
182 0.6689453125 0.8745067952652346 0.006975446428571429 0.012056115738711091
188 0.11997767857142858 0.41111354669004824 0.010044642857142858 0.009425690486628672
185 0.12541852678571427 0.585817623849189 0.018694196428571428 0.00898728627794827
119 0.12409319196428571 0.61957474791758 0.015485491071428572 0.01994739149495835
185 0.28941127232142855 0.35872424375274004 0.0185546875 0.00898728627794827
193 0.25990513392857145 0.629329241560719 0.015625 0.024550635686102586
63 0.27713448660714285 0.7647961420429636 0.013253348214285714 0.01183691363437089
193 0.25997488839285715 0.5708022797018851 0.015206473214285714 0.024550635686102586
194 0.25997488839285715 0.4607628233231039 0.015764508928571428 0.02498903989478299
195 0.25997488839285715 0.40541429197720297 0.014369419642857142 0.02257781674704077
193 0.25997488839285715 0.3501753616834722 0.016043526785714284 0.025208241999123193
178 0.22495814732142858 0.18358176238491888 0.007672991071428571 0.017755370451556333
63 0.22502790178571427 0.4648180622533976 0.007533482142857143 0.01994739149495835
119 0.23709542410714285 0.7710434020166593 0.012416294642857142 0.024331433581762384
185 0.20758928571428573 0.7734546251644016 0.005580357142857143 0.02915387987724682
188 0.3817661830357143 0.15990793511617712 0.005998883928571429 0.02257781674704077
188 0.45179966517857145 0.15990793511617712 0.007672991071428571 0.02389302937308198
184 0.4911411830357143 0.15113985094256904 0.005719866071428571 0.02915387987724682
194 0.7149135044642857 0.29866286716352475 0.015764508928571428 0.024769837790442787
25 0.6809430803571429 0.5170977641385357 0.009486607142857142 0.014905743095133712
186 0.6796875 0.5737615081104779 0.008370535714285714 0.014686540990793511
192 0.5399693080357143 0.34962735642262166 0.015764508928571428 0.02498903989478299
192 0.5399693080357143 0.2947172292854011 0.016043526785714284 0.025208241999123193
182 0.5116489955357143 0.2698377904427883 0.007672991071428571 0.01183691363437089
194 0.48618861607142855 0.2698377904427883 0.016183035714285716 0.025427444103463395
194 0.5398995535714286 0.24002630425252083 0.015066964285714286 0.024550635686102586
193 0.5218331473214286 0.3798772468215695 0.016880580357142856 0.026742656729504603
119 0.45591517857142855 0.38623410784743534 0.015066964285714286 0.024550635686102586
188 0.4238978794642857 0.37976764576939936 0.005998883928571429 0.02257781674704077
183 0.6482979910714286 0.41494958351600175 0.014787946428571428 0.00920648838228847
102 0.6449497767857143 0.5666374397194213 0.007533482142857143 0.01709776413853573
181 0.5748465401785714 0.1821569487067076 0.007672991071428571 0.019289785181937746
196 0.5749162946428571 0.24451994739149496 0.015904017857142856 0.024769837790442787
189 0.5749162946428571 0.3535729943007453 0.006417410714285714 0.02761946514686541
194 0.46993582589285715 0.9015782551512495 0.015206473214285714 0.024550635686102586
60 0.34779575892857145 0.9298553266111355 0.013113839285714286 0.01183691363437089
25 0.31905691964285715 0.9311705392371766 0.010602678571428572 0.014028934677772907
177 0.4702845982142857 0.733669443226655 0.0078125 0.01841297676457694
194 0.46993582589285715 0.6807321350284963 0.0166015625 0.026085050416484
63 0.5398297991071429 0.13469969311705393 0.007672991071428571 0.017755370451556333
189 0.32993861607142855 0.8487505480052608 0.009486607142857142 0.02761946514686541
183 0.3101283482142857 0.8802060499780798 0.006138392857142857 0.023016220955721176
196 0.32993861607142855 0.7901139850942569 0.015904017857142856 0.024769837790442787
190 0.32986886160714285 0.725010960105217 0.0087890625 0.013371328364752301
60 0.3296595982142857 0.6839105655414291 0.0078125 0.020166593599298552
60 0.3799525669642857 0.8748355984217449 0.009347098214285714 0.012275317843051293
60 0.41734095982142855 0.8746163963174046 0.011579241071428572 0.01183691363437089
63 0.22502790178571427 0.7404647084612013 0.007533482142857143 0.020604997807978958
119 0.22091238839285715 0.6196843489697501 0.015485491071428572 0.023235423060061378
193 0.46993582589285715 0.3544498027181061 0.016322544642857144 0.025427444103463395
196 0.48842075892857145 0.43478737395879 0.015904017857142856 0.025208241999123193
195 0.46993582589285715 0.24079351161771154 0.013532366071428572 0.021262604120999562
60 0.48325892857142855 0.1049978079789566 0.013392857142857142 0.012713722051731697
195 0.20905412946428573 0.9297457255589654 0.013532366071428572 0.021262604120999562
195 0.3818359375 0.709776413853573 0.014508928571428572 0.022797018851380975
185 0.35302734375 0.718434896975011 0.005719866071428571 0.02915387987724682
60 0.31396484375 0.709776413853573 0.012974330357142858 0.01183691363437089
60 0.40018136160714285 0.5721174923279263 0.007952008928571428 0.01578255151249452
190 0.39990234375 0.46876370013152124 0.009626116071428572 0.015124945199473916
194 0.41782924107142855 0.709776413853573 0.015625 0.02367382726874178
180 0.4868861607142857 0.7098860149057431 0.012555803571428572 0.012056115738711091
183 0.5299944196428571 0.704296361245068 0.005580357142857143 0.022797018851380975
183 0.5083705357142857 0.9003726435773783 0.014787946428571428 0.00898728627794827
193 0.48646763392857145 0.9297457255589654 0.015625 0.02345462516440158
176 0.5051618303571429 0.8553266111354669 0.007533482142857143 0.02104340201665936
192 0.4507533482142857 0.7647961420429636 0.016183035714285716 0.025427444103463395
63 0.353515625 0.7647961420429636 0.010881696428571428 0.01183691363437089