187 0.10700334821428571 0.8000438500328875 0.004464285714285714 0.013593510195132646
187 0.48744419642857145 0.4622889717167288 0.008649553571428572 0.00723525542644157
187 0.5862862723214286 0.9250164437623328 0.004603794642857143 0.013593510195132646
187 0.4476841517857143 0.8722867792150845 0.008649553571428572 0.00723525542644157
187 0.12946428571428573 0.7265950449462837 0.008649553571428572 0.007016005262003947
187 0.5272042410714286 0.8912519184389388 0.008649553571428572 0.007016005262003947
187 0.5018833705357143 0.29993422495066874 0.004603794642857143 0.013593510195132646
187 0.08970424107142858 0.1502959877219908 0.008649553571428572 0.00723525542644157
14 0.08970424107142858 0.5198421398816049 0.008370535714285714 0.02499451874588906
177 0.08970424107142858 0.7001754001315501 0.008370535714285714 0.019513264634948475
186 0.08991350446428571 0.7715413286559965 0.009347098214285714 0.017540013155009866
177 0.66650390625 0.4247971935978952 0.0146484375 0.013374260030695024
182 0.6586216517857143 0.48750274062705545 0.008928571428571428 0.01381276035957027
32 0.6305106026785714 0.48618723964042976 0.013811383928571428 0.015566761675071256
32 0.7267020089285714 0.5901118175838632 0.009765625 0.019513264634948475
32 0.7097516741071429 0.6110502082876562 0.014090401785714286 0.016224512168384126
176 0.6861746651785714 0.7145362859022144 0.008510044642857142 0.017978513483885114
184 0.6545061383928571 0.7473141854856391 0.007114955357142857 0.03310677483008112
180 0.22174944196428573 0.5499890374917781 0.014369419642857142 0.013374260030695024
185 0.5907505580357143 0.35277351458013595 0.006277901785714286 0.033764525323393996
184 0.5583147321428571 0.4151501863626398 0.006417410714285714 0.03310677483008112
189 0.6862444196428571 0.33227362420521817 0.007254464285714286 0.031352773514580136
63 0.6667131696428571 0.36253014689761015 0.013113839285714286 0.013374260030695024
178 0.6296037946428571 0.3619820214865161 0.013671875 0.013593510195132646
32 0.6868722098214286 0.2658408243806183 0.009626116071428572 0.023459767594825695
60 0.6862444196428571 0.21212453409340057 0.008370535714285714 0.022144266608199955
188 0.6863141741071429 0.13023459767594825 0.0126953125 0.012716509537382154
176 0.5833565848214286 0.11214645910984433 0.014369419642857142 0.013374260030695024
192 0.54638671875 0.11236570927428195 0.017996651785714284 0.028283271212453408
183 0.2845982142857143 0.7049989037491778 0.016741071428571428 0.010743258057443543
192 0.30943080357142855 0.6749616312212234 0.018136160714285716 0.028721771541328656
32 0.32896205357142855 0.6532558649418987 0.009765625 0.022144266608199955
25 0.26527622767857145 0.6767156325367244 0.013532366071428572 0.016882262661696998
183 0.21693638392857142 0.6812102609076957 0.006417410714285714 0.02587151940363955
14 0.16915457589285715 0.6465687349265512 0.0087890625 0.01841701381276036
102 0.30545479910714285 0.8000438500328875 0.015485491071428572 0.013593510195132646
175 0.3446568080357143 0.7999342249506687 0.011858258928571428 0.013374260030695024
63 0.7258649553571429 0.7006139004604254 0.008649553571428572 0.02302126726595045
179 0.7276785714285714 0.7749397062047797 0.012276785714285714 0.021267265950449463
195 0.72607421875 0.8947599210699408 0.015764508928571428 0.02455601841701381
60 0.6732003348214286 0.9252356939267704 0.0146484375 0.013593510195132646
191 0.48744419642857145 0.1427318570488928 0.009765625 0.015347511510633634
102 0.56689453125 0.2696777022582767 0.008510044642857142 0.020609515457136594
142 0.5668247767857143 0.37557553168164876 0.008649553571428572 0.0131550098662574
181 0.5895647321428571 0.2998245998684499 0.012555803571428572 0.013374260030695024
192 0.6277901785714286 0.29993422495066874 0.017857142857142856 0.028064021048015787
192 0.5272042410714286 0.3936636702477527 0.018973214285714284 0.029598772199079148
25 0.15401785714285715 0.29839947379960535 0.013671875 0.01710151282613462
142 0.208984375 0.4104363078272309 0.008649553571428572 0.0131550098662574
178 0.15611049107142858 0.4247971935978952 0.014787946428571428 0.013374260030695024
182 0.208984375 0.46097347073010303 0.008649553571428572 0.014251260688445516
193 0.20905412946428573 0.5201710151282614 0.017996651785714284 0.028283271212453408
190 0.3784877232142857 0.17485200613900462 0.008649553571428572 0.012058759044069283
192 0.3680943080357143 0.39454067090550315 0.017438616071428572 0.027844770883578163
193 0.32833426339285715 0.5791493093619821 0.019112723214285716 0.030037272527954396
182 0.3047572544642857 0.5496601622451217 0.007952008928571428 0.014032010524007894
190 0.39048549107142855 0.8624205218153914 0.007254464285714286 0.012935759701819776
60 0.4242466517857143 0.8627493970620478 0.014787946428571428 0.014032010524007894
194 0.6863141741071429 0.8299714974786231 0.017996651785714284 0.028283271212453408
177 0.6863141741071429 0.7723087042315282 0.0087890625 0.017320762990572242
14 0.6861049107142857 0.9013374260030695 0.008649553571428572 0.018855514141635606
178 0.6863141741071429 0.591975443981583 0.0087890625 0.02324051743038807
14 0.16915457589285715 0.3301907476430607 0.008510044642857142 0.018855514141635606
196 0.16922433035714285 0.5815610611707959 0.018136160714285716 0.028721771541328656
196 0.42710658482142855 0.7374479280859461 0.017996651785714284 0.028283271212453408
187 0.38797433035714285 0.7375575531681648 0.004464285714285714 0.013593510195132646
186 0.34786551339285715 0.7372286779215085 0.011300223214285714 0.014251260688445516
179 0.3028041294642857 0.7399693049769788 0.015485491071428572 0.018855514141635606
191 0.47398158482142855 0.8624205218153914 0.012974330357142858 0.02039026529269897
194 0.5076032366071429 0.8624205218153914 0.017717633928571428 0.027406270554702915
193 0.5472237723214286 0.8624205218153914 0.017996651785714284 0.028283271212453408
187 0.6664341517857143 0.8625301468976102 0.004464285714285714 0.013593510195132646
102 0.12939453125 0.6359351019513264 0.008510044642857142 0.018636263977197982
181 0.12939453125 0.5906599429949573 0.008510044642857142 0.01841701381276036
63 0.12932477678571427 0.455163341372506 0.008649553571428572 0.020609515457136594
189 0.6256277901785714 0.7375575531681648 0.019949776785714284 0.011401008550756413
178 0.6464146205357143 0.7034641525981145 0.008510044642857142 0.022582766937075203
180 0.5272739955357143 0.8436746327559745 0.008510044642857142 0.017540013155009866
181 0.5271344866071429 0.7752685814514361 0.008510044642857142 0.01710151282613462
14 0.5272739955357143 0.590221442666082 0.009068080357142858 0.022802017101512827
193 0.26834542410714285 0.6124753343565008 0.017996651785714284 0.028283271212453408
25 0.28731863839285715 0.5877000657750493 0.011021205357142858 0.024775268581451435
192 0.22809709821428573 0.48739311554483666 0.018415178571428572 0.02894102170576628
181 0.46700613839285715 0.17518088138566104 0.011858258928571428 0.013593510195132646
178 0.4624720982142857 0.23700942775707082 0.013113839285714286 0.0131550098662574
184 0.45389229910714285 0.40440692830519626 0.021065848214285716 0.00986625739969305
180 0.55419921875 0.29993422495066874 0.012416294642857142 0.013593510195132646
178 0.6067243303571429 0.2621135715851787 0.008370535714285714 0.021267265950449463
175 0.6619698660714286 0.23755755316816488 0.014229910714285714 0.013374260030695024
185 0.7056361607142857 0.22769129576847183 0.006417410714285714 0.03354527515895637
142 0.7261439732142857 0.2649638237228678 0.008928571428571428 0.012935759701819776
14 0.08998325892857142 0.32427099320324493 0.009207589285714286 0.019294014470510854
63 0.16922433035714285 0.20521815391361545 0.008370535714285714 0.02367901775926332
25 0.15555245535714285 0.17704450778338085 0.012276785714285714 0.017320762990572242
176 0.12939453125 0.38796316597237446 0.008510044642857142 0.02039026529269897
181 0.6067243303571429 0.45965796974347733 0.008649553571428572 0.018197763648322735
176 0.6067940848214286 0.6431703573777681 0.008510044642857142 0.01907476430607323
196 0.11007254464285714 0.23744792808594606 0.018415178571428572 0.02894102170576628
60 0.22195870535714285 0.6124753343565008 0.014229910714285714 0.01381276035957027
185 0.21519252232142858 0.7237447928085946 0.021344866071428572 0.010085507564130673
182 0.2734375 0.7375575531681648 0.008370535714285714 0.013593510195132646
182 0.6067243303571429 0.7773514580135935 0.008928571428571428 0.013374260030695024
193 0.6681082589285714 0.6749616312212234 0.018973214285714284 0.029598772199079148
60 0.5897739955357143 0.7998245998684499 0.011579241071428572 0.014032010524007894
196 0.5458286830357143 0.8000438500328875 0.018275669642857144 0.02850252137689103
14 0.5021623883928571 0.800372725279544 0.0146484375 0.01381276035957027
196 0.46714564732142855 0.7999342249506687 0.017717633928571428 0.027844770883578163
181 0.40799386160714285 0.8339180004385003 0.008510044642857142 0.021267265950449463
191 0.40792410714285715 0.6428414821311116 0.012276785714285714 0.019294014470510854
60 0.7082868303571429 0.3622012716509537 0.011997767857142858 0.013593510195132646