187 0.6713169642857143 0.29993422495066874 0.004464285714285714 0.013593510195132646
187 0.18687220982142858 0.9250164437623328 0.004603794642857143 0.013593510195132646
187 0.2685546875 0.8000438500328875 0.004464285714285714 0.013593510195132646
187 0.10923549107142858 0.11247533435650077 0.004464285714285714 0.013593510195132646
187 0.48744419642857145 0.8730541547906161 0.008649553571428572 0.007016005262003947
187 0.6133510044642857 0.9250164437623328 0.004603794642857143 0.013593510195132646
187 0.12186104910714286 0.5498794124095593 0.004603794642857143 0.013593510195132646
187 0.208984375 0.8470730103047577 0.008649553571428572 0.00723525542644157
187 0.4476841517857143 0.725279543959658 0.008649553571428572 0.007016005262003947
180 0.6736886160714286 0.11225608419206315 0.012555803571428572 0.0131550098662574
196 0.5862862723214286 0.11236570927428195 0.017717633928571428 0.027406270554702915
177 0.5504324776785714 0.11214645910984433 0.014090401785714286 0.013374260030695024
60 0.6862444196428571 0.14996711247533437 0.008370535714285714 0.020171015128261346
25 0.6477399553571429 0.2738434553825915 0.010881696428571428 0.018855514141635606
192 0.6465541294642857 0.33205437404078053 0.018833705357142856 0.029598772199079148
102 0.6465541294642857 0.3949791712343784 0.008510044642857142 0.01907476430607323
60 0.6462053571428571 0.45724621793466347 0.008928571428571428 0.019513264634948475
119 0.6303013392857143 0.43181319885989916 0.013392857142857142 0.027844770883578163
25 0.5500139508928571 0.42655119491339616 0.011300223214285714 0.017320762990572242
119 0.5318080357142857 0.5080026310019733 0.017578125 0.02587151940363955
185 0.6006556919642857 0.5156763867572901 0.021344866071428572 0.010962508221881167
175 0.60693359375 0.5825476869107652 0.008510044642857142 0.02104801578601184
189 0.6067243303571429 0.6453628590221443 0.011439732142857142 0.031352773514580136
195 0.5456194196428571 0.7374479280859461 0.015345982142857142 0.023459767594825695
180 0.60693359375 0.46283709712782284 0.008510044642857142 0.017978513483885114
190 0.6067940848214286 0.34827888620916464 0.010463169642857142 0.01512826134619601
182 0.6296037946428571 0.3001534751151063 0.008091517857142858 0.01447051085288314
176 0.24853515625 0.588467441350581 0.0087890625 0.02367901775926332
187 0.30845424107142855 0.5498794124095593 0.004464285714285714 0.013593510195132646
189 0.22844587053571427 0.7999342249506687 0.019949776785714284 0.012935759701819776
183 0.18840680803571427 0.806182854637141 0.0068359375 0.0263100197325148
195 0.7051478794642857 0.8625301468976102 0.015485491071428572 0.02367901775926332
177 0.6663643973214286 0.8627493970620478 0.016322544642857144 0.013593510195132646
60 0.72607421875 0.7646349484762114 0.008510044642857142 0.021267265950449463
177 0.7262137276785714 0.7079587809690857 0.0087890625 0.017978513483885114
102 0.72607421875 0.6448147336110502 0.008510044642857142 0.02455601841701381
182 0.7255859375 0.5867134400350801 0.009207589285714286 0.013593510195132646
179 0.6692243303571429 0.4899144924358693 0.016183035714285716 0.01907476430607323
196 0.6249302455357143 0.6124753343565008 0.017996651785714284 0.028283271212453408
182 0.5920061383928571 0.6122560841920631 0.008231026785714286 0.01381276035957027
119 0.5226702008928571 0.5921946941460207 0.017438616071428572 0.021486516114887087
196 0.32833426339285715 0.5165533874150405 0.017159598214285716 0.028064021048015787
184 0.3451450892857143 0.4151501863626398 0.006696428571428571 0.03310677483008112
195 0.38992745535714285 0.48750274062705545 0.016462053571428572 0.026090769568077175
25 0.11077008928571429 0.9231528173646131 0.012276785714285714 0.016882262661696998
14 0.14522879464285715 0.9252356939267704 0.012276785714285714 0.013593510195132646
192 0.11000279017857142 0.8624205218153914 0.017717633928571428 0.027406270554702915
175 0.14690290178571427 0.6124753343565008 0.011997767857142858 0.013374260030695024
182 0.16922433035714285 0.5952641964481473 0.008928571428571428 0.013593510195132646
187 0.16922433035714285 0.518636263977198 0.008649553571428572 0.00723525542644157
193 0.5669642857142857 0.7081780311335234 0.018415178571428572 0.02894102170576628
193 0.42710658482142855 0.6124753343565008 0.018275669642857144 0.028721771541328656
119 0.39599609375 0.682196886647665 0.013811383928571428 0.027844770883578163
190 0.4476841517857143 0.20346415259811446 0.010881696428571428 0.015786011839508878
181 0.4476841517857143 0.14591098443323833 0.008370535714285714 0.018197763648322735
195 0.4677036830357143 0.11247533435650077 0.017717633928571428 0.026748520061390047
185 0.5189732142857143 0.10260907695680772 0.006417410714285714 0.03332602499451875
14 0.4476841517857143 0.4548344661258496 0.008370535714285714 0.022144266608199955
119 0.4276646205357143 0.2442446831835124 0.017159598214285716 0.028064021048015787
178 0.32833426339285715 0.19710589782942337 0.008510044642857142 0.021925016443762334
188 0.3115234375 0.1749616312212234 0.006417410714285714 0.02499451874588906
119 0.21358816964285715 0.19392677044507783 0.018136160714285716 0.023898267923700943
184 0.17947823660714285 0.2473141854856391 0.006277901785714286 0.0328875246656435
195 0.6067940848214286 0.8282174961631221 0.017996651785714284 0.028283271212453408
190 0.6067243303571429 0.7680333260249945 0.009486607142857142 0.012278009208506906
142 0.2885044642857143 0.15983336987502741 0.008928571428571428 0.0131550098662574
191 0.28857421875 0.4668932251699189 0.011300223214285714 0.01775926331944749
185 0.13567243303571427 0.8398377548783161 0.021344866071428572 0.00986625739969305
178 0.12946428571428573 0.8936636702477527 0.008370535714285714 0.019294014470510854
63 0.22830636160714285 0.550098662573997 0.011300223214285714 0.013593510195132646
196 0.12946428571428573 0.39223854417890813 0.018136160714285716 0.02850252137689103
176 0.12953404017857142 0.2774610830958123 0.008510044642857142 0.020828765621574215
32 0.48807198660714285 0.7605788204341153 0.009626116071428572 0.019294014470510854
192 0.5089983258928571 0.7374479280859461 0.017717633928571428 0.02696777022582767
188 0.49923270089285715 0.8624205218153914 0.006277901785714286 0.019951764963823723
188 0.5375279017857143 0.8624205218153914 0.007254464285714286 0.02565226923920193
196 0.208984375 0.2712124534093401 0.018136160714285716 0.02850252137689103
119 0.19447544642857142 0.3073887305415479 0.016462053571428572 0.028064021048015787
32 0.42041015625 0.17353650515237887 0.014369419642857142 0.016882262661696998
32 0.13030133928571427 0.13582547686910765 0.010044642857142858 0.02170576627932471
180 0.18561662946428573 0.17507125630344222 0.013532366071428572 0.013374260030695024
142 0.5098353794642857 0.5498794124095593 0.008510044642857142 0.014032010524007894
179 0.18840680803571427 0.364941898706424 0.0166015625 0.01907476430607323
195 0.14892578125 0.36242052181539136 0.017717633928571428 0.028064021048015787
195 0.20905412946428573 0.4579039684279763 0.015206473214285714 0.02433676825257619
14 0.16908482142857142 0.3217496163122122 0.008649553571428572 0.01775926331944749
186 0.19063895089285715 0.48739311554483666 0.010184151785714286 0.015347511510633634
32 0.23060825892857142 0.48629686472264855 0.012834821428571428 0.016224512168384126
188 0.5392020089285714 0.48739311554483666 0.008649553571428572 0.01710151282613462
195 0.5272042410714286 0.6453628590221443 0.015066964285714286 0.02433676825257619
181 0.5152064732142857 0.4247971935978952 0.012276785714285714 0.013374260030695024
102 0.4654017857142857 0.42457794343345756 0.011439732142857142 0.01381276035957027
186 0.7057756696428571 0.11247533435650077 0.010602678571428572 0.015347511510633634
178 0.5672433035714286 0.1419644814733611 0.008649553571428572 0.020828765621574215
194 0.5669642857142857 0.20752028064021047 0.017857142857142856 0.028283271212453408
175 0.5667550223214286 0.27559745669809255 0.0087890625 0.02367901775926332
102 0.42236328125 0.11247533435650077 0.014090401785714286 0.013593510195132646
184 0.30922154017857145 0.24720456040342031 0.006556919642857143 0.03310677483008112
181 0.35616629464285715 0.5498794124095593 0.015066964285714286 0.013593510195132646
25 0.3838588169642857 0.5480157860118395 0.015206473214285714 0.016882262661696998
189 0.20905412946428573 0.7045604034203026 0.010463169642857142 0.031352773514580136
178 0.23081752232142858 0.6750712563034422 0.015764508928571428 0.013593510195132646
191 0.30936104910714285 0.6749616312212234 0.013532366071428572 0.021267265950449463
193 0.5472237723214286 0.9250164437623328 0.0185546875 0.029379522034641527
187 0.5272042410714286 0.7686910765183074 0.008649553571428572 0.007016005262003947
32 0.4208984375 0.67342688007016 0.015066964285714286 0.01644376233282175
178 0.32840401785714285 0.7049989037491778 0.008649553571428572 0.02433676825257619
184 0.33719308035714285 0.8526638894979172 0.006417410714285714 0.03332602499451875
181 0.38071986607142855 0.8627493970620478 0.01171875 0.013593510195132646
63 0.4478236607142857 0.5744354308265731 0.008649553571428572 0.022802017101512827
178 0.3462611607142857 0.6120368340276255 0.013113839285714286 0.01381276035957027
60 0.7260044642857143 0.2647445735584302 0.008649553571428572 0.017320762990572242
192 0.72607421875 0.1409778557333918 0.017159598214285716 0.028064021048015787
102 0.72607421875 0.33435650076737555 0.0087890625 0.0197325147993861
182 0.6953125 0.42446831835123877 0.008928571428571428 0.013593510195132646