187 0.6422991071428571 0.9248136782113108 0.005859375 0.004822446295484437
187 0.5756138392857143 0.6843489697501096 0.0030691964285714285 0.00920648838228847
187 0.7047991071428571 0.26128890837352037 0.0030691964285714285 0.00920648838228847
187 0.11802455357142858 0.38820692678649715 0.0030691964285714285 0.00920648838228847
187 0.19545200892857142 0.6843489697501096 0.0030691964285714285 0.00920648838228847
187 0.11997767857142858 0.9381850065760632 0.0030691964285714285 0.00920648838228847
187 0.7230050223214286 0.20221394125383604 0.005719866071428571 0.005041648399824638
187 0.10379464285714286 0.32135028496273566 0.005859375 0.004822446295484437
187 0.35867745535714285 0.17667689609820253 0.0030691964285714285 0.00920648838228847
190 0.6422293526785714 0.8831652783866725 0.005440848214285714 0.011398509425690487
186 0.64208984375 0.7871547566856641 0.0068359375 0.011398509425690487
60 0.6424386160714286 0.7088996054362122 0.005859375 0.014028934677772907
185 0.6005161830357143 0.6909250328803157 0.004603794642857143 0.022797018851380975
175 0.6422991071428571 0.6579351161771153 0.005859375 0.013371328364752301
177 0.6422293526785714 0.61957474791758 0.005719866071428571 0.016878562034195528
185 0.6380440848214286 0.5882288469969311 0.014369419642857142 0.006795265234546251
183 0.6395786830357143 0.4919991231915826 0.011300223214285714 0.006795265234546251
190 0.68017578125 0.43051293292415604 0.004324776785714286 0.00920648838228847
175 0.7056361607142857 0.4307321350284963 0.0078125 0.00920648838228847
188 0.7230050223214286 0.410894344585708 0.011579241071428572 0.006795265234546251
119 0.7312360491071429 0.3833844804910127 0.010184151785714286 0.018851380973257344
187 0.14411272321428573 0.472818939061815 0.0030691964285714285 0.00920648838228847
176 0.25230189732142855 0.4727093380096449 0.009347098214285714 0.00898728627794827
178 0.30252511160714285 0.4727093380096449 0.008510044642857142 0.009425690486628672
185 0.13483537946428573 0.48301183691363436 0.014369419642857142 0.007233669443226655
179 0.16713169642857142 0.6403989478298991 0.009207589285714286 0.012932924156071899
195 0.19900948660714285 0.6420429636124507 0.0107421875 0.016659359929855327
32 0.24986049107142858 0.6411661551950899 0.009765625 0.010960105217010083
196 0.2797154017857143 0.6420429636124507 0.012834821428571428 0.020166593599298552
177 0.30678013392857145 0.6844585708022797 0.009486607142857142 0.00898728627794827
192 0.23835100446428573 0.620670758439281 0.012137276785714286 0.019070583077597545
192 0.23842075892857142 0.5775975449364313 0.012555803571428572 0.01972818939061815
183 0.23570033482142858 0.48410784743533536 0.011300223214285714 0.006795265234546251
177 0.19566127232142858 0.7267645769399387 0.010184151785714286 0.00898728627794827
178 0.17215401785714285 0.7266549758877685 0.010044642857142858 0.00920648838228847
191 0.26534598214285715 0.9092503288031565 0.009486607142857142 0.014905743095133712
185 0.22349330357142858 0.9447610697062692 0.004743303571428571 0.022797018851380975
190 0.68310546875 0.6843489697501096 0.0048828125 0.010960105217010083
181 0.5887276785714286 0.7012275317843051 0.005859375 0.01446733888645331
179 0.5895647321428571 0.7918676019289785 0.008091517857142858 0.01819377466023674
25 0.5878208705357143 0.577268741779921 0.007114955357142857 0.014686540990793511
183 0.5857282366071429 0.4835598421744849 0.011300223214285714 0.0070144673388864535
189 0.58837890625 0.36562911003945636 0.0048828125 0.021481806225339763
180 0.5967494419642857 0.30370451556334943 0.008510044642857142 0.00898728627794827
177 0.69580078125 0.28068829460762823 0.005719866071428571 0.012056115738711091
193 0.6549944196428571 0.21898290223586148 0.011997767857142858 0.01797457255589654
196 0.6546456473214286 0.38820692678649715 0.0126953125 0.020166593599298552
183 0.62109375 0.3924813678211311 0.004464285714285714 0.017755370451556333
178 0.5232282366071429 0.3038141166155195 0.0087890625 0.00920648838228847
60 0.58837890625 0.24386234107847435 0.005998883928571429 0.015124945199473916
195 0.5884486607142857 0.19618588338448048 0.011997767857142858 0.018851380973257344
142 0.5884486607142857 0.11299868478737396 0.005859375 0.009425690486628672
178 0.6321847098214286 0.09217448487505481 0.010184151785714286 0.00898728627794827
192 0.13071986607142858 0.8735203857957037 0.012834821428571428 0.020166593599298552
119 0.10072544642857142 0.8281455501972819 0.011997767857142858 0.01841297676457694
192 0.14411272321428573 0.8535729943007453 0.012276785714285714 0.019289785181937746
186 0.15757533482142858 0.8308855765015344 0.0068359375 0.011617711530030689
32 0.2505580357142857 0.7686321788689171 0.008370535714285714 0.009864094695309075
60 0.6960797991071429 0.832639193336256 0.005719866071428571 0.015124945199473916
192 0.681640625 0.8535729943007453 0.012555803571428572 0.01972818939061815
142 0.6960100446428571 0.5691582639193337 0.005859375 0.00898728627794827
175 0.6958705357142857 0.5379219640508549 0.005859375 0.014905743095133712
177 0.6961495535714286 0.4492547128452433 0.005859375 0.012494519947391494
181 0.6960797991071429 0.4124287593160894 0.005719866071428571 0.014248136782113108
60 0.6828962053571429 0.0920648838228847 0.009486607142857142 0.00920648838228847
180 0.6960797991071429 0.19278825076720738 0.005719866071428571 0.011617711530030689
176 0.6551339285714286 0.3035949145111793 0.0078125 0.00920648838228847
194 0.6280691964285714 0.3035949145111793 0.011997767857142858 0.018851380973257344
192 0.7230050223214286 0.3248575186321789 0.012416294642857142 0.019289785181937746
60 0.7230050223214286 0.36058746163963173 0.005719866071428571 0.0131521262604121
176 0.5471540178571429 0.8956597983340641 0.009765625 0.00920648838228847
193 0.5482700892857143 0.7689609820254274 0.011997767857142858 0.018851380973257344
60 0.6250697544642857 0.7691801841297676 0.009068080357142858 0.00920648838228847
178 0.5242745535714286 0.6844585708022797 0.009207589285714286 0.00898728627794827
194 0.49379185267857145 0.6843489697501096 0.012416294642857142 0.01972818939061815
184 0.46826171875 0.6911442349846558 0.004324776785714286 0.02235861464270057
60 0.43812779017857145 0.6846777729066199 0.007672991071428571 0.00898728627794827
181 0.4126674107142857 0.6843489697501096 0.007533482142857143 0.008768084173608066
192 0.35867745535714285 0.6843489697501096 0.012276785714285714 0.019289785181937746
176 0.5076729910714286 0.3318719859710653 0.005859375 0.01183691363437089
175 0.521484375 0.21898290223586148 0.007533482142857143 0.00920648838228847
195 0.5076032366071429 0.3690267426567295 0.0126953125 0.01994739149495835
195 0.5076032366071429 0.45287154756685666 0.012416294642857142 0.01972818939061815
195 0.5211356026785714 0.472818939061815 0.011300223214285714 0.017536168347216132
192 0.6422293526785714 0.3665059184568172 0.011579241071428572 0.018851380973257344
176 0.521484375 0.0920648838228847 0.007533482142857143 0.00920648838228847
184 0.5400390625 0.08548882069267864 0.004464285714285714 0.02235861464270057
184 0.5710797991071429 0.08559842174484875 0.004324776785714286 0.02257781674704077
60 0.5168805803571429 0.26128890837352037 0.010323660714285714 0.00920648838228847
175 0.548828125 0.2615081104778606 0.010602678571428572 0.00920648838228847
177 0.6293247767857143 0.2613985094256905 0.008649553571428572 0.00898728627794827
14 0.11307198660714286 0.7688513809732573 0.009905133928571428 0.009425690486628672
178 0.07700892857142858 0.7037483559842175 0.005859375 0.013371328364752301
182 0.07686941964285714 0.60861464270057 0.005859375 0.00898728627794827
195 0.07686941964285714 0.5773783428320912 0.01171875 0.018851380973257344
190 0.08523995535714286 0.8535729943007453 0.007254464285714286 0.009644892590968873
195 0.21149553571428573 0.9180184129767646 0.010602678571428572 0.016659359929855327
195 0.13071986607142858 0.8338448049101271 0.01171875 0.018851380973257344
102 0.6153041294642857 0.15640070144673388 0.005719866071428571 0.014686540990793511
180 0.6422991071428571 0.32178868917141606 0.005859375 0.014028934677772907
14 0.10379464285714286 0.49550635686102584 0.005859375 0.014686540990793511
190 0.10379464285714286 0.4487067075843928 0.005301339285714286 0.009644892590968873
191 0.10379464285714286 0.6158483121437965 0.009765625 0.015124945199473916
178 0.10358537946428571 0.6607847435335379 0.005998883928571429 0.016440157825515125
187 0.14411272321428573 0.6843489697501096 0.0030691964285714285 0.00920648838228847
190 0.16127232142857142 0.6843489697501096 0.005859375 0.00789127575624726
60 0.35616629464285715 0.937965804471723 0.008649553571428572 0.00920648838228847
14 0.3729771205357143 0.8351600175361683 0.005719866071428571 0.012713722051731697
191 0.15764508928571427 0.8773564226216571 0.009486607142857142 0.015124945199473916
32 0.61572265625 0.32014467338886454 0.006556919642857143 0.016001753616834723
180 0.6153041294642857 0.2805786935554581 0.005998883928571429 0.015344147303814117
181 0.6151646205357143 0.40113985094256904 0.005719866071428571 0.014028934677772907
192 0.6013532366071429 0.4729285401139851 0.012137276785714286 0.019070583077597545
176 0.5482003348214286 0.4727093380096449 0.008510044642857142 0.00898728627794827
175 0.5780552455357143 0.17645769399386235 0.009068080357142858 0.00920648838228847
175 0.5497349330357143 0.17700569925471285 0.007672991071428571 0.009425690486628672
25 0.4917689732142857 0.17821131082858396 0.009486607142857142 0.01183691363437089
60 0.20263671875 0.9381850065760632 0.007393973214285714 0.00920648838228847
14 0.24727957589285715 0.8959886014905744 0.010184151785714286 0.00898728627794827
183 0.23570033482142858 0.7896755808855765 0.011300223214285714 0.006795265234546251
189 0.5345284598214286 0.44969311705392373 0.007672991071428571 0.021262604120999562
191 0.5345284598214286 0.41308636562911005 0.007672991071428571 0.012056115738711091
25 0.5710797991071429 0.6410565541429197 0.007393973214285714 0.011617711530030689
187 0.7095424107142857 0.0920648838228847 0.0030691964285714285 0.00920648838228847
182 0.6489955357142857 0.17667689609820253 0.005580357142857143 0.00920648838228847
185 0.6296735491071429 0.1833625602805787 0.004324776785714286 0.02257781674704077
179 0.18331473214285715 0.877137220517317 0.008091517857142858 0.014686540990793511
63 0.18470982142857142 0.8357080227970188 0.005859375 0.014248136782113108
186 0.29227120535714285 0.618478737395879 0.006975446428571429 0.012056115738711091
142 0.3070591517857143 0.5576501534414731 0.005859375 0.009644892590968873
187 0.3325892857142857 0.5574309513371328 0.0030691964285714285 0.00920648838228847
186 0.34605189732142855 0.5321131082858396 0.006277901785714286 0.011179307321350284
191 0.14376395089285715 0.43062253397632616 0.007393973214285714 0.011617711530030689
60 0.19259207589285715 0.430403331871986 0.010184151785714286 0.00898728627794827
14 0.2769252232142857 0.4308417360806664 0.010044642857142858 0.009425690486628672
102 0.33475167410714285 0.43051293292415604 0.007672991071428571 0.008768084173608066
186 0.31898716517857145 0.5326611135466901 0.0068359375 0.01183691363437089
186 0.3192661830357143 0.5788031565103025 0.007114955357142857 0.011617711530030689
176 0.49142020089285715 0.4731477422183253 0.009347098214285714 0.00898728627794827
195 0.41357421875 0.17678649715037265 0.012416294642857142 0.019508987286277948
60 0.4432896205357143 0.17678649715037265 0.009626116071428572 0.00898728627794827
190 0.39990234375 0.22786058746163962 0.004324776785714286 0.010302498903989479
32 0.46533203125 0.2603024989039895 0.011021205357142858 0.011179307321350284
63 0.7499302455357143 0.4059622972380535 0.005719866071428571 0.0131521262604121
190 0.7499302455357143 0.3674923279263481 0.006277901785714286 0.006795265234546251
183 0.7433733258928571 0.35028496273564225 0.004324776785714286 0.017536168347216132
102 0.7144949776785714 0.3460105217010083 0.010184151785714286 0.009425690486628672
142 0.7381417410714286 0.3035949145111793 0.005859375 0.00920648838228847
183 0.7526506696428571 0.46043402016659357 0.011160714285714286 0.006795265234546251
192 0.7499302455357143 0.5379219640508549 0.011858258928571428 0.018851380973257344
179 0.7509068080357143 0.6608943445857081 0.008231026785714286 0.017536168347216132
142 0.7498604910714286 0.6983779044278825 0.005859375 0.008768084173608066
192 0.7359793526785714 0.7689609820254274 0.012137276785714286 0.019289785181937746
193 0.34605189732142855 0.3229943007452872 0.013253348214285714 0.02082419991231916