187 0.7260044642857143 0.7670467002850252 0.008649553571428572 0.00723525542644157
187 0.6766183035714286 0.424906818680114 0.004464285714285714 0.013593510195132646
187 0.3681640625 0.1625739969304977 0.008649553571428572 0.00723525542644157
187 0.40792410714285715 0.1616969962727472 0.008649553571428572 0.00723525542644157
187 0.7260044642857143 0.1454724841043631 0.008649553571428572 0.00723525542644157
187 0.24874441964285715 0.6672878754659066 0.008649553571428572 0.00723525542644157
187 0.3818359375 0.7375575531681648 0.004464285714285714 0.013593510195132646
187 0.67529296875 0.11247533435650077 0.004603794642857143 0.013593510195132646
177 0.70556640625 0.7375575531681648 0.011858258928571428 0.013593510195132646
184 0.7199358258928571 0.6572023679017759 0.021344866071428572 0.010304757728568297
25 0.6453683035714286 0.7068625301468976 0.010602678571428572 0.019294014470510854
14 0.6293247767857143 0.6748520061390046 0.011997767857142858 0.013593510195132646
14 0.5908203125 0.6750712563034422 0.011439732142857142 0.013593510195132646
180 0.5496651785714286 0.7375575531681648 0.014229910714285714 0.013593510195132646
186 0.6229073660714286 0.48739311554483666 0.010602678571428572 0.014909011181758386
195 0.6863141741071429 0.6467879850909888 0.016043526785714284 0.025433019074764307
188 0.6863141741071429 0.7123437842578382 0.011300223214285714 0.010085507564130673
32 0.6473214285714286 0.3418110063582548 0.009765625 0.021486516114887087
195 0.32833426339285715 0.3908134181100636 0.015764508928571428 0.024775268581451435
183 0.33238002232142855 0.7660600745450559 0.0166015625 0.010085507564130673
195 0.32833426339285715 0.8330409997807499 0.016322544642857144 0.02565226923920193
190 0.35574776785714285 0.8625301468976102 0.008091517857142858 0.014909011181758386
142 0.56689453125 0.8770006577504933 0.0087890625 0.012716509537382154
175 0.5671735491071429 0.8313966235474677 0.0087890625 0.02499451874588906
194 0.5875418526785714 0.8624205218153914 0.017717633928571428 0.027406270554702915
102 0.5535016741071429 0.8623108967331725 0.013532366071428572 0.013593510195132646
102 0.5270647321428571 0.8436746327559745 0.008649553571428572 0.02104801578601184
191 0.50732421875 0.6749616312212234 0.0107421875 0.016882262661696998
192 0.46651785714285715 0.6749616312212234 0.017857142857142856 0.028283271212453408
186 0.4476841517857143 0.7020390265292699 0.010044642857142858 0.017540013155009866
191 0.44761439732142855 0.7626616969962727 0.0126953125 0.019951764963823723
32 0.6073521205357143 0.5895636921727692 0.009626116071428572 0.021925016443762334
192 0.6067243303571429 0.6448147336110502 0.018694196428571428 0.029379522034641527
194 0.3681640625 0.39486954615215963 0.018415178571428572 0.02894102170576628
196 0.3680943080357143 0.20521815391361545 0.0185546875 0.029379522034641527
175 0.40792410714285715 0.21179565884674414 0.008649553571428572 0.017540013155009866
193 0.46895926339285715 0.29993422495066874 0.018833705357142856 0.029818022363516772
185 0.3373325892857143 0.29028721771541327 0.006696428571428571 0.033764525323393996
184 0.30196707589285715 0.227581670686253 0.006556919642857143 0.03332602499451875
180 0.46058872767857145 0.23722867792150845 0.014927455357142858 0.01447051085288314
190 0.72607421875 0.45154571365928525 0.0068359375 0.010743258057443543
196 0.72607421875 0.3927866695900022 0.017438616071428572 0.027844770883578163
191 0.7260044642857143 0.32777899583424686 0.012276785714285714 0.019294014470510854
14 0.6612723214285714 0.29993422495066874 0.013950892857142858 0.01447051085288314
183 0.7220982142857143 0.25718044288533215 0.016741071428571428 0.010085507564130673
32 0.7265625 0.21135715851786888 0.009765625 0.020171015128261346
191 0.65869140625 0.17485200613900462 0.011300223214285714 0.01775926331944749
176 0.5818917410714286 0.17485200613900462 0.012834821428571428 0.013374260030695024
196 0.6863141741071429 0.8915807936855953 0.017717633928571428 0.027844770883578163
193 0.6862444196428571 0.7680333260249945 0.018415178571428572 0.02894102170576628
196 0.6648995535714286 0.8625301468976102 0.018415178571428572 0.02894102170576628
184 0.49637276785714285 0.8721771541328656 0.006417410714285714 0.03332602499451875
196 0.23005022321428573 0.36242052181539136 0.017857142857142856 0.028064021048015787
186 0.20905412946428573 0.4606445954834466 0.010184151785714286 0.01841701381276036
119 0.21330915178571427 0.6964481473361105 0.017857142857142856 0.021267265950449463
185 0.21526227678571427 0.7632098224073668 0.021205357142857144 0.010085507564130673
185 0.21533203125 0.8310677483008112 0.021065848214285716 0.00986625739969305
180 0.6231166294642857 0.23700942775707082 0.013532366071428572 0.013593510195132646
190 0.5380161830357143 0.23744792808594606 0.009068080357142858 0.014909011181758386
195 0.5062779017857143 0.23744792808594606 0.018136160714285716 0.02850252137689103
178 0.591796875 0.7374479280859461 0.012276785714285714 0.013374260030695024
176 0.27015904017857145 0.9252356939267704 0.013532366071428572 0.013593510195132646
191 0.23228236607142858 0.9250164437623328 0.012276785714285714 0.019294014470510854
192 0.28857421875 0.8293137469853102 0.017438616071428572 0.027844770883578163
177 0.28871372767857145 0.7646349484762114 0.0087890625 0.01775926331944749
189 0.28857421875 0.7047796535847402 0.007672991071428571 0.031352773514580136
177 0.30873325892857145 0.8000438500328875 0.012276785714285714 0.013593510195132646
185 0.5334821428571429 0.39410217057662794 0.021205357142857144 0.010304757728568297
194 0.5065569196428571 0.424906818680114 0.018136160714285716 0.02850252137689103
25 0.6262555803571429 0.739201929401447 0.010881696428571428 0.016882262661696998
25 0.64501953125 0.6463494847621136 0.011579241071428572 0.019294014470510854
192 0.646484375 0.5804648103486078 0.018136160714285716 0.028721771541328656
175 0.6065848214285714 0.7793247094935322 0.008370535714285714 0.024775268581451435
183 0.24504743303571427 0.590221442666082 0.017159598214285716 0.010962508221881167
179 0.26499720982142855 0.5472484104363078 0.016880580357142856 0.01841701381276036
186 0.3095703125 0.550098662573997 0.010881696428571428 0.016224512168384126
177 0.22691127232142858 0.42534531900898925 0.014090401785714286 0.014032010524007894
32 0.39271763392857145 0.6115983336987503 0.013113839285714286 0.016005262003946502
196 0.42850167410714285 0.6124753343565008 0.017717633928571428 0.027844770883578163
142 0.4199916294642857 0.8622012716509537 0.008231026785714286 0.014251260688445516
142 0.47244698660714285 0.9245779434334576 0.009347098214285714 0.014032010524007894
175 0.3085239955357143 0.8624205218153914 0.011858258928571428 0.013374260030695024
194 0.5057896205357143 0.36242052181539136 0.017717633928571428 0.02762552071914054
195 0.6267438616071429 0.424906818680114 0.015764508928571428 0.02455601841701381
14 0.6070033482142857 0.39322516991887746 0.008649553571428572 0.022144266608199955
181 0.40785435267857145 0.7163999122999343 0.0087890625 0.01907476430607323
60 0.3467494419642857 0.5497697873273405 0.013532366071428572 0.013374260030695024
63 0.6067940848214286 0.33161587371190526 0.008510044642857142 0.01775926331944749
194 0.30894252232142855 0.36242052181539136 0.017717633928571428 0.028064021048015787
185 0.29471261160714285 0.3803990352992765 0.021344866071428572 0.010085507564130673
189 0.28857421875 0.45900021925016443 0.009068080357142858 0.031352773514580136
32 0.2890625 0.5069063801797852 0.010044642857142858 0.021925016443762334
185 0.29478236607142855 0.5787108090331068 0.021205357142857144 0.00986625739969305
194 0.23039899553571427 0.8625301468976102 0.0185546875 0.029379522034641527
14 0.2652064732142857 0.8625301468976102 0.01171875 0.0131550098662574
191 0.22098214285714285 0.5498794124095593 0.011160714285714286 0.017540013155009866
142 0.22677176339285715 0.7375575531681648 0.0087890625 0.013593510195132646
188 0.27504185267857145 0.7374479280859461 0.008510044642857142 0.02302126726595045
195 0.26778738839285715 0.36242052181539136 0.015485491071428572 0.02367901775926332
25 0.5016043526785714 0.17320762990572242 0.015206473214285714 0.01710151282613462
60 0.42466517857142855 0.9253453190089893 0.014787946428571428 0.013374260030695024
32 0.42417689732142855 0.5487831615873712 0.012416294642857142 0.015347511510633634
142 0.4637974330357143 0.4876123657092743 0.008510044642857142 0.01447051085288314
60 0.5446428571428571 0.4877219907914931 0.012276785714285714 0.013374260030695024