187 0.0849609375 0.24594476106970628 0.007533482142857143 0.006137658921525646
187 0.6250697544642857 0.21481806225339764 0.004045758928571429 0.01183691363437089
187 0.28857421875 0.7647961420429636 0.004045758928571429 0.01183691363437089
187 0.5749162946428571 0.8263919333625602 0.007533482142857143 0.006137658921525646
187 0.44642857142857145 0.37976764576939936 0.00390625 0.012056115738711091
187 0.15073939732142858 0.5448268303375713 0.004045758928571429 0.012056115738711091
187 0.09033203125 0.159798334064007 0.004045758928571429 0.01183691363437089
187 0.09075055803571429 0.8747259973695748 0.004045758928571429 0.012056115738711091
186 0.10086495535714286 0.27016659359929857 0.009765625 0.013371328364752301
60 0.08489118303571429 0.29296361245067953 0.007393973214285714 0.019508987286277948
183 0.16280691964285715 0.429307321350285 0.005580357142857143 0.023016220955721176
63 0.10679408482142858 0.5997369574747917 0.012974330357142858 0.01183691363437089
193 0.7308872767857143 0.3798772468215695 0.015625 0.024112231477422183
186 0.7499302455357143 0.4070583077597545 0.007672991071428571 0.016220955721174924
188 0.7273995535714286 0.43478737395879 0.005580357142857143 0.02389302937308198
195 0.5913783482142857 0.43478737395879 0.015625 0.02389302937308198
195 0.6799665178571429 0.3509425690486629 0.016462053571428572 0.025865848312143797
184 0.6982421875 0.20615957913195967 0.005580357142857143 0.02915387987724682
193 0.7327008928571429 0.21481806225339764 0.015625 0.024550635686102586
60 0.5875418526785714 0.3799868478737396 0.011579241071428572 0.011617711530030689
192 0.5749162946428571 0.29570363875493205 0.015345982142857142 0.024550635686102586
32 0.6456473214285714 0.18686979395002193 0.008928571428571428 0.021701008329679965
184 0.6394391741071429 0.12637001315212626 0.0185546875 0.00898728627794827
60 0.6582728794642857 0.1046690048224463 0.010184151785714286 0.011617711530030689
180 0.6799665178571429 0.8449145111793073 0.007533482142857143 0.016440157825515125
192 0.6798967633928571 0.7898947829899167 0.0166015625 0.026085050416484
183 0.5855887276785714 0.6603463393248575 0.005998883928571429 0.023016220955721176
142 0.6799665178571429 0.6888426128890838 0.0078125 0.011179307321350284
189 0.6799665178571429 0.5721174923279263 0.010044642857142858 0.02761946514686541
194 0.6799665178571429 0.5166593599298553 0.016462053571428572 0.025865848312143797
102 0.6286272321428571 0.15968873301183692 0.010323660714285714 0.012056115738711091
63 0.5542689732142857 0.159798334064007 0.011997767857142858 0.01183691363437089
119 0.36900111607142855 0.742437527400263 0.015625 0.022797018851380975
191 0.34814453125 0.7646865409907935 0.009626116071428572 0.015124945199473916
25 0.3114536830357143 0.766330556773345 0.0107421875 0.014905743095133712
193 0.36495535714285715 0.7921964050854888 0.015345982142857142 0.024550635686102586
187 0.36495535714285715 0.5173169662428759 0.007533482142857143 0.006137658921525646
195 0.31124441964285715 0.4348969750109601 0.016183035714285716 0.025427444103463395
190 0.2562779017857143 0.43478737395879 0.005580357142857143 0.013809732573432706
63 0.20424107142857142 0.48991670320035074 0.011997767857142858 0.01183691363437089
175 0.22488839285714285 0.5080008768084173 0.007533482142857143 0.021262604120999562
186 0.22481863839285715 0.5773783428320912 0.007672991071428571 0.016220955721174924
32 0.17661830357142858 0.5987505480052608 0.013671875 0.013809732573432706
195 0.13588169642857142 0.5996273564226217 0.015625 0.02345462516440158
186 0.4701450892857143 0.4102367382726874 0.008649553571428572 0.015563349408154318
190 0.47781808035714285 0.4348969750109601 0.009207589285714286 0.010083296799649276
193 0.5235770089285714 0.4348969750109601 0.016183035714285716 0.025427444103463395
184 0.46456473214285715 0.36793073213502847 0.018973214285714284 0.009425690486628672
119 0.5709402901785714 0.7407935116177116 0.015764508928571428 0.021701008329679965
182 0.5959123883928571 0.819596668128014 0.007672991071428571 0.012275317843051293
189 0.6284877232142857 0.8197062691801841 0.017578125 0.010740903112669882
185 0.6573660714285714 0.7563568610258659 0.005580357142857143 0.029592284085927224
32 0.5754045758928571 0.6290004384042087 0.0087890625 0.017755370451556333
177 0.5749860491071429 0.5670758439281017 0.007672991071428571 0.01797457255589654
189 0.5220424107142857 0.5448268303375713 0.017578125 0.015563349408154318
195 0.45145089285714285 0.5447172292854011 0.013671875 0.02104340201665936
190 0.43003627232142855 0.5447172292854011 0.005719866071428571 0.01446733888645331
185 0.7426060267857143 0.16845681718544497 0.005580357142857143 0.02915387987724682
194 0.6099330357142857 0.736957474791758 0.015066964285714286 0.024550635686102586
191 0.5972377232142857 0.709776413853573 0.012276785714285714 0.019289785181937746
195 0.6275111607142857 0.7647961420429636 0.014229910714285714 0.02235861464270057
175 0.5964006696428571 0.7650153441473038 0.009765625 0.012275317843051293
184 0.5569196428571429 0.7734546251644016 0.005859375 0.02915387987724682
32 0.5253208705357143 0.8182814555019728 0.014090401785714286 0.01446733888645331
182 0.4867466517857143 0.8198158702323542 0.007254464285714286 0.01183691363437089
32 0.13636997767857142 0.37856203419552825 0.011021205357142858 0.014028934677772907
190 0.11990792410714286 0.47643577378342833 0.009626116071428572 0.015124945199473916
25 0.10330636160714286 0.4909031126698816 0.011579241071428572 0.015563349408154318
192 0.5049525669642857 0.6840201665935993 0.016043526785714284 0.025208241999123193
14 0.5048130580357143 0.5677334502411223 0.007672991071428571 0.01578255151249452
192 0.5048828125 0.5153441473038142 0.015625 0.024550635686102586
182 0.5049525669642857 0.416264796142043 0.007672991071428571 0.012275317843051293
178 0.7149832589285714 0.17952652345462516 0.0078125 0.02235861464270057
119 0.7188895089285714 0.24660236738272687 0.015625 0.01797457255589654
196 0.5910993303571429 0.10488820692678649 0.015625 0.024331433581762384
189 0.5749162946428571 0.132617273125822 0.008091517857142858 0.02761946514686541
182 0.22495814732142858 0.4096887330118369 0.007672991071428571 0.012275317843051293
32 0.20445033482142858 0.37856203419552825 0.0146484375 0.014028934677772907
181 0.13420758928571427 0.8749451994739149 0.010044642857142858 0.012056115738711091
181 0.17243303571428573 0.8747259973695748 0.010044642857142858 0.012056115738711091
102 0.21044921875 0.8750548005260851 0.0107421875 0.01183691363437089
179 0.11844308035714286 0.8442569048662867 0.010602678571428572 0.024331433581762384
189 0.11990792410714286 0.7911003945637878 0.007952008928571428 0.02761946514686541
179 0.11858258928571429 0.7312582200789127 0.010602678571428572 0.02104340201665936
142 0.14494977678571427 0.6550854888206927 0.007254464285714286 0.012056115738711091
60 0.17689732142857142 0.6545374835598422 0.010044642857142858 0.012275317843051293
177 0.19001116071428573 0.6269180184129768 0.007533482142857143 0.019289785181937746
192 0.5749162946428571 0.464160455940377 0.015904017857142856 0.025208241999123193
32 0.55322265625 0.5991889522139413 0.010184151785714286 0.012494519947391494
186 0.5202287946428571 0.5996273564226217 0.010044642857142858 0.013809732573432706
178 0.4898158482142857 0.5998465585269619 0.013113839285714286 0.012056115738711091
63 0.71484375 0.8452433143358177 0.007533482142857143 0.020166593599298552
185 0.6600167410714286 0.8284743533537922 0.005859375 0.02915387987724682
177 0.71484375 0.7373958790004385 0.007533482142857143 0.01709776413853573
63 0.7149135044642857 0.6816089434458571 0.007393973214285714 0.016440157825515125
196 0.7149832589285714 0.6268084173608066 0.016183035714285716 0.025646646207803596
191 0.7149135044642857 0.5192897851819378 0.009905133928571428 0.01578255151249452
14 0.15506417410714285 0.3061157387110916 0.007672991071428571 0.016440157825515125
176 0.13316127232142858 0.27005699254712845 0.011300223214285714 0.012275317843051293
195 0.24176897321428573 0.5997369574747917 0.013950892857142858 0.021920210434020166
189 0.294921875 0.7904427882507672 0.010044642857142858 0.02761946514686541
184 0.28941127232142855 0.6690048224462954 0.0185546875 0.008768084173608066
189 0.294921875 0.5708022797018851 0.007533482142857143 0.02761946514686541
185 0.20089285714285715 0.553266111354669 0.005859375 0.029373081981587022
102 0.17236328125 0.5450460324419114 0.012137276785714286 0.011617711530030689
175 0.18994140625 0.3452433143358176 0.007393973214285714 0.01578255151249452
176 0.19001116071428573 0.18171854449802718 0.007533482142857143 0.01841297676457694
175 0.14327566964285715 0.15968873301183692 0.011997767857142858 0.012056115738711091
192 0.27573939732142855 0.8747259973695748 0.015485491071428572 0.02257781674704077
194 0.31333705357142855 0.5447172292854011 0.015625 0.024550635686102586
142 0.35728236607142855 0.5448268303375713 0.007533482142857143 0.012056115738711091
193 0.38406808035714285 0.6547566856641823 0.015625 0.02367382726874178
195 0.45396205357142855 0.5997369574747917 0.014229910714285714 0.02235861464270057
183 0.22147042410714285 0.3403112669881631 0.0146484375 0.00898728627794827