187 0.11111886160714286 0.43478737395879 0.004045758928571429 0.012056115738711091
187 0.6652483258928571 0.159798334064007 0.004045758928571429 0.01183691363437089
187 0.5347377232142857 0.10488820692678649 0.00390625 0.012056115738711091
187 0.0849609375 0.920648838228847 0.007533482142857143 0.006137658921525646
102 0.7149135044642857 0.7372862779482683 0.007672991071428571 0.019070583077597545
192 0.6969866071428571 0.7647961420429636 0.015625 0.024550635686102586
119 0.6335100446428571 0.716242875931609 0.014229910714285714 0.024769837790442787
192 0.6099330357142857 0.680403331871986 0.016183035714285716 0.025427444103463395
142 0.6007254464285714 0.6549758877685226 0.007533482142857143 0.012275317843051293
184 0.4814453125 0.4984655852696186 0.006417410714285714 0.029373081981587022
188 0.5616629464285714 0.5447172292854011 0.007533482142857143 0.020166593599298552
102 0.5880998883928571 0.5448268303375713 0.013532366071428572 0.012056115738711091
187 0.5049525669642857 0.6272468215694871 0.007672991071428571 0.006356861025865849
176 0.32979910714285715 0.796690048224463 0.007533482142857143 0.02082419991231916
192 0.32993861607142855 0.9033318719859711 0.016741071428571428 0.0263042525208242
176 0.3412388392857143 0.9298553266111355 0.012834821428571428 0.01183691363437089
180 0.32986886160714285 0.577159140727751 0.007393973214285714 0.016220955721174924
196 0.3485630580357143 0.5448268303375713 0.015764508928571428 0.024769837790442787
181 0.37841796875 0.5447172292854011 0.009068080357142858 0.01183691363437089
119 0.4462193080357143 0.5384699693117054 0.014090401785714286 0.024331433581762384
25 0.08391462053571429 0.7332310390179746 0.009347098214285714 0.019289785181937746
193 0.0849609375 0.6264796142042963 0.015345982142857142 0.024550635686102586
177 0.08475167410714286 0.5687198597106532 0.007672991071428571 0.02082419991231916
183 0.6133510044642857 0.8083077597544936 0.0146484375 0.00898728627794827
192 0.5749860491071429 0.571788689171416 0.0166015625 0.026085050416484
190 0.5398995535714286 0.7780578693555458 0.009207589285714286 0.012494519947391494
178 0.41238839285714285 0.8202542744410346 0.013392857142857142 0.012275317843051293
176 0.5399693080357143 0.571679088119246 0.007393973214285714 0.020604997807978958
195 0.5211356026785714 0.48980710214818063 0.015485491071428572 0.024331433581762384
176 0.38016183035714285 0.7646865409907935 0.012834821428571428 0.011617711530030689
25 0.3456333705357143 0.766330556773345 0.0126953125 0.014905743095133712
119 0.39599609375 0.7412319158263919 0.015206473214285714 0.02082419991231916
176 0.39990234375 0.5094256904866287 0.007952008928571428 0.020604997807978958
182 0.3999720982142857 0.4584612012275318 0.0078125 0.011617711530030689
187 0.5574079241071429 0.8198158702323542 0.004045758928571429 0.01183691363437089
142 0.6798967633928571 0.616286716352477 0.007672991071428571 0.012056115738711091
193 0.6799665178571429 0.5703638754932048 0.015625 0.024550635686102586
192 0.2949916294642857 0.29669004822446293 0.0166015625 0.026085050416484
25 0.2958984375 0.4595572117492328 0.009486607142857142 0.021701008329679965
190 0.2949916294642857 0.5607189829022359 0.005998883928571429 0.0131521262604121
32 0.2954799107142857 0.7304910127137221 0.008370535714285714 0.021262604120999562
177 0.3115234375 0.7646865409907935 0.010323660714285714 0.011617711530030689
32 0.5050920758928571 0.3549978079789566 0.0087890625 0.019508987286277948
142 0.25997488839285715 0.18708899605436213 0.007672991071428571 0.011617711530030689
119 0.24867466517857142 0.16615519508987286 0.012974330357142858 0.024550635686102586
193 0.20675223214285715 0.159798334064007 0.016183035714285716 0.025427444103463395
181 0.26004464285714285 0.24671196843489698 0.007533482142857143 0.015563349408154318
25 0.2607421875 0.29789565979833404 0.009486607142857142 0.02104340201665936
184 0.26548549107142855 0.367382726874178 0.018415178571428572 0.00920648838228847
188 0.28404017857142855 0.4348969750109601 0.005580357142857143 0.024550635686102586
195 0.13602120535714285 0.43478737395879 0.016462053571428572 0.025646646207803596
187 0.18994140625 0.4072775098640947 0.007672991071428571 0.006137658921525646
179 0.1884765625 0.30765015344147306 0.010602678571428572 0.02389302937308198
14 0.20954241071428573 0.21481806225339764 0.011160714285714286 0.01183691363437089
175 0.18987165178571427 0.458680403331872 0.0078125 0.02082419991231916
176 0.23583984375 0.7647961420429636 0.012137276785714286 0.01183691363437089
142 0.27664620535714285 0.7647961420429636 0.008091517857142858 0.012275317843051293
187 0.7149135044642857 0.4072775098640947 0.007672991071428571 0.006137658921525646
195 0.7149832589285714 0.35116177115300307 0.014229910714285714 0.02235861464270057
190 0.7149135044642857 0.25942569048662867 0.0087890625 0.015124945199473916
188 0.6711077008928571 0.21481806225339764 0.007114955357142857 0.01709776413853573
32 0.6322544642857143 0.21361245067952653 0.012276785714285714 0.014248136782113108
185 0.7204241071428571 0.45692678649715035 0.018694196428571428 0.00898728627794827
196 0.7149832589285714 0.5736519070583077 0.016183035714285716 0.025427444103463395
180 0.6319056919642857 0.5997369574747917 0.013253348214285714 0.01183691363437089
195 0.5749162946428571 0.6834721613327488 0.016183035714285716 0.025427444103463395
192 0.5749860491071429 0.7946076282332311 0.015206473214285714 0.024550635686102586
189 0.6968470982142857 0.3798772468215695 0.017578125 0.010083296799649276
176 0.7499302455357143 0.3553266111354669 0.007393973214285714 0.020604997807978958
192 0.6619698660714286 0.3248575186321789 0.015625 0.024112231477422183
25 0.7506277901785714 0.5140289346777729 0.009068080357142858 0.019289785181937746
142 0.7497209821428571 0.5568829460762823 0.007533482142857143 0.012056115738711091
142 0.7499302455357143 0.6898290223586147 0.007672991071428571 0.01183691363437089
193 0.5587332589285714 0.21481806225339764 0.015625 0.024550635686102586
195 0.5399693080357143 0.29756685664182375 0.013811383928571428 0.021701008329679965
195 0.5399693080357143 0.3534633932485752 0.013811383928571428 0.021701008329679965
32 0.6224190848214286 0.37823323103901796 0.014090401785714286 0.014686540990793511
195 0.6640625 0.3798772468215695 0.015625 0.024112231477422183
180 0.22488839285714285 0.19432266549758878 0.007533482142857143 0.015124945199473916
190 0.22488839285714285 0.22742218325295924 0.006417410714285714 0.013371328364752301
183 0.22844587053571427 0.3017316966242876 0.0146484375 0.00898728627794827
187 0.22495814732142858 0.3523673827268742 0.007672991071428571 0.006356861025865849
180 0.24686104910714285 0.3796580447172293 0.009905133928571428 0.01183691363437089
175 0.30601283482142855 0.3795484436650592 0.011300223214285714 0.012056115738711091
182 0.330078125 0.41220955721174923 0.0078125 0.012056115738711091
184 0.6503208705357143 0.236957474791758 0.018833705357142856 0.008768084173608066
181 0.6450892857142857 0.4117711530030688 0.007533482142857143 0.017755370451556333
194 0.11990792410714286 0.40618149934239367 0.015485491071428572 0.024550635686102586
187 0.13741629464285715 0.37976764576939936 0.00390625 0.012056115738711091
187 0.17243303571428573 0.37976764576939936 0.00390625 0.012056115738711091
195 0.20870535714285715 0.2698377904427883 0.016462053571428572 0.025865848312143797
179 0.24428013392857142 0.26731696624287593 0.014229910714285714 0.016440157825515125
195 0.2782505580357143 0.2698377904427883 0.013532366071428572 0.021481806225339763
195 0.6449497767857143 0.18719859710653222 0.013671875 0.021481806225339763
187 0.6449497767857143 0.5173169662428759 0.007533482142857143 0.006137658921525646
189 0.5569196428571429 0.9297457255589654 0.017578125 0.009864094695309075
183 0.49386160714285715 0.9351161771153003 0.005859375 0.023235423060061378
177 0.44900948660714285 0.9299649276633055 0.0126953125 0.012494519947391494
181 0.46993582589285715 0.799978079789566 0.007393973214285714 0.014248136782113108
183 0.5530133928571429 0.7594256904866287 0.005580357142857143 0.02345462516440158
191 0.46993582589285715 0.6844585708022797 0.012137276785714286 0.019070583077597545
176 0.5245535714285714 0.5996273564226217 0.012555803571428572 0.012056115738711091
190 0.5629185267857143 0.5997369574747917 0.009207589285714286 0.01183691363437089
119 0.15094866071428573 0.1813897413415169 0.015345982142857142 0.02345462516440158
194 0.11990792410714286 0.46350284962735644 0.015764508928571428 0.024769837790442787
60 0.11997767857142858 0.5732135028496274 0.0078125 0.01972818939061815
63 0.11990792410714286 0.623849188952214 0.007393973214285714 0.020604997807978958
178 0.09779575892857142 0.709776413853573 0.010602678571428572 0.01183691363437089
142 0.71484375 0.6344804910127138 0.007533482142857143 0.012056115738711091
185 0.5904017857142857 0.11365629110039456 0.005580357142857143 0.028715475668566418
182 0.6099330357142857 0.3578474353353792 0.007533482142857143 0.012056115738711091
190 0.6099330357142857 0.396755808855765 0.007254464285714286 0.008768084173608066
102 0.6100027901785714 0.46832529592284083 0.007393973214285714 0.01731696624287593
194 0.32993861607142855 0.29526523454625164 0.015904017857142856 0.02498903989478299
190 0.3394252232142857 0.37976764576939936 0.005580357142857143 0.012056115738711091
192 0.38267299107142855 0.3798772468215695 0.017020089285714284 0.026742656729504603
192 0.46993582589285715 0.41001753616834724 0.0166015625 0.026085050416484
179 0.45186941964285715 0.4873958790004384 0.012834821428571428 0.016440157825515125
14 0.4346400669642857 0.4594476106970627 0.007952008928571428 0.015344147303814117
195 0.4349888392857143 0.29504603244191147 0.016183035714285716 0.025427444103463395
142 0.40952845982142855 0.2698377904427883 0.006277901785714286 0.01183691363437089
32 0.3817661830357143 0.26863217886891716 0.012974330357142858 0.014686540990793511
192 0.6799665178571429 0.7349846558526962 0.015625 0.024550635686102586
181 0.6798270089285714 0.7930732135028496 0.0078125 0.016659359929855327
183 0.13755580357142858 0.7593160894344586 0.005580357142857143 0.023235423060061378
60 0.17299107142857142 0.7646865409907935 0.010044642857142858 0.011617711530030689
193 0.24344308035714285 0.8197062691801841 0.015904017857142856 0.025208241999123193
60 0.27525111607142855 0.8197062691801841 0.010323660714285714 0.011617711530030689
175 0.5749860491071429 0.45232354230600613 0.007393973214285714 0.019508987286277948