187 0.2783900669642857 0.0920648838228847 0.003208705357142857 0.00920648838228847
187 0.6655970982142857 0.21898290223586148 0.0030691964285714285 0.00920648838228847
187 0.5793805803571429 0.1343708899605436 0.0030691964285714285 0.00920648838228847
187 0.6691545758928571 0.27356422621657167 0.005719866071428571 0.004822446295484437
187 0.4892578125 0.8535729943007453 0.0030691964285714285 0.00920648838228847
187 0.29227120535714285 0.8375712406839105 0.005859375 0.004822446295484437
187 0.45047433035714285 0.0920648838228847 0.0030691964285714285 0.00920648838228847
181 0.3999720982142857 0.3642042963612451 0.005859375 0.012932924156071899
60 0.39990234375 0.4144015782551512 0.005719866071428571 0.016440157825515125
119 0.39683314732142855 0.33198158702323544 0.011858258928571428 0.016440157825515125
32 0.40018136160714285 0.28408592722490134 0.006556919642857143 0.016220955721174924
177 0.41385323660714285 0.21909250328803156 0.008510044642857142 0.00898728627794827
175 0.49637276785714285 0.21909250328803156 0.009207589285714286 0.00898728627794827
178 0.39034598214285715 0.3460105217010083 0.009765625 0.00898728627794827
191 0.2743443080357143 0.13448049101271373 0.0087890625 0.013809732573432706
175 0.26541573660714285 0.40146865409907934 0.005998883928571429 0.014248136782113108
195 0.25111607142857145 0.43051293292415604 0.010881696428571428 0.01709776413853573
32 0.22495814732142858 0.4296361245067953 0.010463169642857142 0.010960105217010083
192 0.17103794642857142 0.43051293292415604 0.012276785714285714 0.019289785181937746
182 0.14760044642857142 0.43051293292415604 0.005859375 0.00920648838228847
119 0.34298270089285715 0.12023235423060061 0.011858258928571428 0.014248136782113108
119 0.3491908482142857 0.24013590530469092 0.011997767857142858 0.018632178868917142
183 0.34877232142857145 0.27093380096448927 0.011160714285714286 0.007452871547566856
176 0.3461216517857143 0.3676019289785182 0.005859375 0.013590530469092503
176 0.35546875 0.43051293292415604 0.008649553571428572 0.008768084173608066
187 0.6153738839285714 0.36716352476983777 0.005859375 0.004822446295484437
190 0.6153041294642857 0.2741122314774222 0.004603794642857143 0.010740903112669882
188 0.6153738839285714 0.2362998684787374 0.008928571428571428 0.008768084173608066
187 0.6153738839285714 0.1979395002192021 0.005859375 0.004822446295484437
63 0.615234375 0.1569487067075844 0.005580357142857143 0.01446733888645331
193 0.07679966517857142 0.3669443226654976 0.012137276785714286 0.019289785181937746
176 0.11356026785714286 0.34612012275317844 0.008370535714285714 0.00920648838228847
196 0.17117745535714285 0.3459009206488382 0.011997767857142858 0.018851380973257344
182 0.22342354910714285 0.3460105217010083 0.005719866071428571 0.009425690486628672
189 0.07686941964285714 0.40957913195966683 0.006975446428571429 0.021262604120999562
189 0.07679966517857142 0.5367163524769838 0.007672991071428571 0.021262604120999562
186 0.11565290178571429 0.5997369574747917 0.007254464285714286 0.01052170100832968
63 0.16727120535714285 0.5998465585269619 0.007533482142857143 0.009425690486628672
181 0.20005580357142858 0.6420429636124507 0.008649553571428572 0.008768084173608066
188 0.2041015625 0.5997369574747917 0.005859375 0.017536168347216132
181 0.2738560267857143 0.599956159579132 0.008649553571428572 0.00920648838228847
63 0.41636439732142855 0.1343708899605436 0.008231026785714286 0.00920648838228847
119 0.3340541294642857 0.13952213941253835 0.0107421875 0.019070583077597545
32 0.42724609375 0.18928101709776413 0.006556919642857143 0.016001753616834723
195 0.4268275669642857 0.24079351161771154 0.010463169642857142 0.016440157825515125
186 0.4267578125 0.28616834721613327 0.006696428571428571 0.011617711530030689
175 0.46763392857142855 0.30370451556334943 0.010044642857142858 0.009425690486628672
194 0.5217633928571429 0.3035949145111793 0.012276785714285714 0.019289785181937746
179 0.5445731026785714 0.3018412976764577 0.010184151785714286 0.012713722051731697
189 0.35888671875 0.8958790004384042 0.013532366071428572 0.009644892590968873
188 0.30385044642857145 0.8958790004384042 0.005301339285714286 0.01578255151249452
188 0.24560546875 0.9381850065760632 0.004324776785714286 0.014905743095133712
32 0.38399832589285715 0.8952213941253836 0.009347098214285714 0.010083296799649276
63 0.47021484375 0.8956597983340641 0.010463169642857142 0.00920648838228847
142 0.5211356026785714 0.8958790004384042 0.005719866071428571 0.00920648838228847
32 0.6517857142857143 0.3449145111793073 0.008649553571428572 0.011179307321350284
25 0.6595284598214286 0.38930293730819815 0.009626116071428572 0.010960105217010083
186 0.6306501116071429 0.387987724682157 0.007393973214285714 0.01052170100832968
63 0.599609375 0.38831652783866727 0.007254464285714286 0.00898728627794827
142 0.5535714285714286 0.38820692678649715 0.005859375 0.00920648838228847
194 0.29227120535714285 0.6205611573871109 0.012276785714285714 0.019289785181937746
192 0.21142578125 0.9156071898290223 0.011858258928571428 0.018851380973257344
192 0.21149553571428573 0.8730819815870232 0.012276785714285714 0.019289785181937746
180 0.16734095982142858 0.8114861902674265 0.009347098214285714 0.00920648838228847
190 0.14292689732142858 0.7266549758877685 0.006277901785714286 0.010960105217010083
187 0.13071986607142858 0.7055019728189391 0.005859375 0.005041648399824638
25 0.3736049107142857 0.5001096010521701 0.006975446428571429 0.011617711530030689
183 0.37569754464285715 0.5401139850942569 0.011160714285714286 0.0070144673388864535
102 0.3731166294642857 0.5774879438842613 0.005998883928571429 0.014686540990793511
190 0.3729771205357143 0.6225339763261727 0.004324776785714286 0.010083296799649276
177 0.373046875 0.6640727750986409 0.005859375 0.013809732573432706
194 0.38748604910714285 0.6843489697501096 0.012137276785714286 0.019289785181937746
102 0.22760881696428573 0.8959886014905744 0.007672991071428571 0.00898728627794827
184 0.20724051339285715 0.7939500219202105 0.014369419642857142 0.0070144673388864535
192 0.22551618303571427 0.7266549758877685 0.012137276785714286 0.019289785181937746
195 0.23842075892857142 0.7035291538798772 0.010044642857142858 0.016440157825515125
195 0.23835100446428573 0.6615519508987286 0.011858258928571428 0.018851380973257344
179 0.39871651785714285 0.6675800087680842 0.008091517857142858 0.01731696624287593
192 0.3999720982142857 0.7917580008768084 0.011997767857142858 0.018851380973257344
191 0.36474609375 0.8534633932485752 0.009068080357142858 0.014248136782113108
176 0.39990234375 0.5781455501972819 0.005719866071428571 0.015563349408154318
176 0.39990234375 0.5424156071898291 0.005719866071428571 0.015124945199473916
14 0.39990234375 0.4881630863656291 0.005719866071428571 0.0131521262604121
179 0.23716517857142858 0.37319158263919333 0.008091517857142858 0.017755370451556333
102 0.25244140625 0.21909250328803156 0.0087890625 0.00898728627794827
119 0.24148995535714285 0.531455501972819 0.011997767857142858 0.015124945199473916
102 0.15778459821428573 0.6693336256028057 0.005580357142857143 0.011617711530030689
194 0.15764508928571427 0.7495615957913196 0.012834821428571428 0.020385795703638757
182 0.16817801339285715 0.8958790004384042 0.005998883928571429 0.00920648838228847
193 0.48074776785714285 0.4083735203857957 0.011997767857142858 0.018851380973257344
194 0.48074776785714285 0.3237615081104779 0.012276785714285714 0.019289785181937746
102 0.48081752232142855 0.48838228846996934 0.005719866071428571 0.01183691363437089
119 0.48374720982142855 0.5415387987724682 0.012137276785714286 0.017755370451556333
175 0.48060825892857145 0.5803375712406839 0.005859375 0.016001753616834723
180 0.48067801339285715 0.6240683910565541 0.005998883928571429 0.013590530469092503
185 0.49672154017857145 0.6354669004822446 0.004324776785714286 0.022797018851380975
189 0.21149553571428573 0.66297676457694 0.005301339285714286 0.021262604120999562
60 0.21142578125 0.7045155633494081 0.005719866071428571 0.01183691363437089
188 0.31919642857142855 0.23728627794826831 0.008928571428571428 0.007233669443226655
191 0.35546875 0.21909250328803156 0.006975446428571429 0.011179307321350284
187 0.45382254464285715 0.8746163963174046 0.005859375 0.004822446295484437
178 0.45382254464285715 0.7520824199912319 0.005859375 0.013590530469092503
142 0.44070870535714285 0.7265453748355984 0.005580357142857143 0.009425690486628672
176 0.42710658482142855 0.700021920210434 0.005998883928571429 0.015563349408154318
193 0.3861607142857143 0.5997369574747917 0.012834821428571428 0.020166593599298552
179 0.5895647321428571 0.19213064445418676 0.008091517857142858 0.01731696624287593
175 0.5747767857142857 0.3034853134590092 0.008649553571428572 0.009425690486628672
183 0.6865931919642857 0.3418456817185445 0.004324776785714286 0.017755370451556333
102 0.6421595982142857 0.28496273564226215 0.005859375 0.01578255151249452
189 0.6422293526785714 0.2394782989916703 0.0048828125 0.021262604120999562
119 0.6452985491071429 0.4055238930293731 0.011858258928571428 0.01446733888645331
189 0.6007952008928571 0.43051293292415604 0.013532366071428572 0.008768084173608066
192 0.46595982142857145 0.6420429636124507 0.011997767857142858 0.018851380973257344
176 0.5345284598214286 0.6981587023235423 0.005719866071428571 0.01183691363437089
185 0.5387834821428571 0.7856203419552827 0.014229910714285714 0.00657606313020605
180 0.5345284598214286 0.8335160017536168 0.005719866071428571 0.012932924156071899
119 0.5314592633928571 0.6235203857957037 0.011858258928571428 0.015124945199473916
185 0.5303431919642857 0.5792415607189829 0.014369419642857142 0.006795265234546251
60 0.5345284598214286 0.5417580008768084 0.005998883928571429 0.012932924156071899
195 0.5198102678571429 0.472818939061815 0.012555803571428572 0.01972818939061815
192 0.45375279017857145 0.4503507233669443 0.012137276785714286 0.019070583077597545
188 0.43701171875 0.43051293292415604 0.004324776785714286 0.01841297676457694
184 0.5440848214285714 0.8601490574309514 0.004185267857142857 0.022797018851380975
187 0.5210658482142857 0.8535729943007453 0.0030691964285714285 0.00920648838228847
102 0.5614536830357143 0.8398728627794827 0.005998883928571429 0.013371328364752301
25 0.5609654017857143 0.6287812362998685 0.007533482142857143 0.013371328364752301
192 0.5614536830357143 0.577268741779921 0.012416294642857142 0.019508987286277948
60 0.5614536830357143 0.45506356861025865 0.005998883928571429 0.014905743095133712
102 0.6048409598214286 0.21898290223586148 0.008231026785714286 0.00920648838228847
176 0.5885184151785714 0.37286277948268304 0.005998883928571429 0.016220955721174924
176 0.16964285714285715 0.7686321788689171 0.008649553571428572 0.00898728627794827
179 0.1318359375 0.8294607628233231 0.008370535714285714 0.016220955721174924
196 0.14418247767857142 0.8957693993862341 0.012137276785714286 0.019070583077597545
63 0.6960797991071429 0.37560280578693556 0.005719866071428571 0.012056115738711091
187 0.6826171875 0.38820692678649715 0.0030691964285714285 0.00920648838228847
191 0.29220145089285715 0.7440815431828146 0.007672991071428571 0.012056115738711091
192 0.41224888392857145 0.6843489697501096 0.011997767857142858 0.018851380973257344
188 0.45375279017857145 0.6568391056554143 0.007672991071428571 0.0076720736519070585
185 0.44956752232142855 0.6197939500219202 0.014369419642857142 0.006795265234546251
14 0.4536830357142857 0.5440596229723805 0.005859375 0.014028934677772907
192 0.45382254464285715 0.4927663305567733 0.011997767857142858 0.018851380973257344
190 0.45375279017857145 0.7096668128014029 0.007114955357142857 0.007233669443226655
195 0.4946986607142857 0.8112669881630864 0.010881696428571428 0.01709776413853573
193 0.5076032366071429 0.8766988163086366 0.012416294642857142 0.019508987286277948
184 0.5118582589285714 0.278277071459886 0.014229910714285714 0.006795265234546251
186 0.5077427455357143 0.23936869793950022 0.006556919642857143 0.012275317843051293
176 0.5077427455357143 0.20133713283647522 0.005998883928571429 0.015563349408154318