187 0.12946428571428573 0.21881166410874808 0.008649553571428572 0.007016005262003947
187 0.37841796875 0.8000438500328875 0.004603794642857143 0.013593510195132646
187 0.5152762276785714 0.23744792808594606 0.004603794642857143 0.013593510195132646
187 0.08970424107142858 0.19885989914492436 0.008649553571428572 0.007016005262003947
187 0.3138950892857143 0.23744792808594606 0.004464285714285714 0.013593510195132646
187 0.7260044642857143 0.44299495724621796 0.008649553571428572 0.00723525542644157
187 0.7201450892857143 0.36242052181539136 0.004464285714285714 0.013593510195132646
187 0.7260044642857143 0.12365709274281955 0.008649553571428572 0.007016005262003947
187 0.22049386160714285 0.36242052181539136 0.004603794642857143 0.013593510195132646
187 0.48744419642857145 0.8977197982898487 0.008649553571428572 0.00723525542644157
187 0.15945870535714285 0.8000438500328875 0.004464285714285714 0.013593510195132646
187 0.2885044642857143 0.45472484104363076 0.008649553571428572 0.007016005262003947
193 0.5459681919642857 0.424906818680114 0.017717633928571428 0.025433019074764307
176 0.5015345982142857 0.424906818680114 0.014229910714285714 0.0131550098662574
142 0.5669642857142857 0.39223854417890813 0.008928571428571428 0.013593510195132646
63 0.54638671875 0.30026310019732516 0.011858258928571428 0.01381276035957027
193 0.46609933035714285 0.29993422495066874 0.018415178571428572 0.02894102170576628
179 0.5431082589285714 0.364941898706424 0.016462053571428572 0.019513264634948475
191 0.5108816964285714 0.36242052181539136 0.013671875 0.021486516114887087
176 0.4697265625 0.36242052181539136 0.010881696428571428 0.013593510195132646
176 0.7260044642857143 0.8840166630124973 0.008649553571428572 0.018855514141635606
60 0.7262834821428571 0.8424687568515676 0.008928571428571428 0.018636263977197982
179 0.7126116071428571 0.7400789300591976 0.014787946428571428 0.018636263977197982
178 0.6669224330357143 0.7370094277570708 0.0166015625 0.014251260688445516
175 0.6233956473214286 0.7375575531681648 0.011579241071428572 0.013593510195132646
14 0.58984375 0.7375575531681648 0.010881696428571428 0.013593510195132646
185 0.5537109375 0.7473141854856391 0.006417410714285714 0.03310677483008112
187 0.7061941964285714 0.8625301468976102 0.004464285714285714 0.013593510195132646
142 0.6577845982142857 0.862639771979829 0.008649553571428572 0.01381276035957027
194 0.5860072544642857 0.8625301468976102 0.017717633928571428 0.02718702039026529
178 0.11139787946428571 0.2376671782503837 0.012137276785714286 0.013593510195132646
175 0.12953404017857142 0.2592633194474896 0.008510044642857142 0.02433676825257619
192 0.12953404017857142 0.3333698750274063 0.017717633928571428 0.027844770883578163
192 0.10846819196428571 0.424906818680114 0.017717633928571428 0.026748520061390047
192 0.14969308035714285 0.29993422495066874 0.017857142857142856 0.028064021048015787
184 0.19308035714285715 0.29028721771541327 0.006417410714285714 0.033764525323393996
182 0.2709263392857143 0.29993422495066874 0.0078125 0.013593510195132646
32 0.38832310267857145 0.29850909888182414 0.014927455357142858 0.016005262003946502
180 0.42354910714285715 0.2998245998684499 0.012555803571428572 0.01381276035957027
188 0.5535714285714286 0.5498794124095593 0.008649553571428572 0.019294014470510854
176 0.5269252232142857 0.4661258495943872 0.008649553571428572 0.02104801578601184
188 0.5046037946428571 0.7375575531681648 0.006417410714285714 0.02499451874588906
191 0.46595982142857145 0.7999342249506687 0.01171875 0.018636263977197982
119 0.4320591517857143 0.8073887305415479 0.015904017857142856 0.027844770883578163
32 0.5279715401785714 0.32942337206752903 0.009905133928571428 0.022582766937075203
186 0.44747488839285715 0.4605349704012278 0.010184151785714286 0.017320762990572242
196 0.44761439732142855 0.5192940144705108 0.017717633928571428 0.027844770883578163
196 0.38720703125 0.5499890374917781 0.017717633928571428 0.027844770883578163
191 0.44761439732142855 0.6464591098443324 0.011579241071428572 0.018197763648322735
14 0.08963448660714286 0.2719798289848717 0.008510044642857142 0.023459767594825695
193 0.08970424107142858 0.5196228897171673 0.018415178571428572 0.02894102170576628
181 0.19231305803571427 0.5498794124095593 0.015764508928571428 0.013593510195132646
189 0.2294921875 0.5499890374917781 0.020089285714285716 0.01512826134619601
177 0.27036830357142855 0.550098662573997 0.015625 0.014032010524007894
177 0.3106166294642857 0.5497697873273405 0.013532366071428572 0.01381276035957027
188 0.7260044642857143 0.39256741942556456 0.012276785714285714 0.00986625739969305
142 0.6686662946428571 0.42501644376233283 0.008091517857142858 0.01381276035957027
14 0.63037109375 0.4246875685156764 0.012416294642857142 0.013593510195132646
195 0.42892020089285715 0.7374479280859461 0.017717633928571428 0.027844770883578163
183 0.40401785714285715 0.39333479500109625 0.016741071428571428 0.01052400789300592
178 0.40792410714285715 0.3313966235474677 0.008649553571428572 0.02433676825257619
195 0.42933872767857145 0.424906818680114 0.0185546875 0.029379522034641527
179 0.3828125 0.2396404297303223 0.016741071428571428 0.019294014470510854
60 0.32798549107142855 0.6465687349265512 0.008649553571428572 0.0197325147993861
195 0.16929408482142858 0.6409778557333918 0.017717633928571428 0.027844770883578163
180 0.22209821428571427 0.6126945845209384 0.013950892857142858 0.014689761017320764
177 0.16915457589285715 0.5846305634729226 0.008510044642857142 0.022582766937075203
190 0.16922433035714285 0.5076737557553168 0.0078125 0.010743258057443543
192 0.26925223214285715 0.424906818680114 0.017857142857142856 0.0263100197325148
184 0.22195870535714285 0.6650953738215304 0.006696428571428571 0.03310677483008112
180 0.26785714285714285 0.6749616312212234 0.011439732142857142 0.013374260030695024
184 0.6404157366071429 0.7519184389388293 0.021344866071428572 0.00986625739969305
187 0.6266043526785714 0.6749616312212234 0.004603794642857143 0.013374260030695024
193 0.54541015625 0.6749616312212234 0.0185546875 0.029160271870203903
195 0.23046875 0.424906818680114 0.016183035714285716 0.025433019074764307
176 0.208984375 0.45362859022144264 0.008370535714285714 0.020171015128261346
63 0.6068638392857143 0.3349046261784696 0.008370535714285714 0.018197763648322735
177 0.7093331473214286 0.6125849594387196 0.012416294642857142 0.013593510195132646
186 0.6651088169642857 0.8004823503617627 0.011579241071428572 0.01710151282613462
14 0.6466238839285714 0.8825915369436527 0.008649553571428572 0.020828765621574215
60 0.56689453125 0.5754220565665424 0.008510044642857142 0.022144266608199955
175 0.5671735491071429 0.5224731418548564 0.0087890625 0.021925016443762334
32 0.10609654017857142 0.298618723964043 0.014369419642857142 0.015786011839508878
178 0.24881417410714285 0.3261346196009647 0.008510044642857142 0.02039026529269897
60 0.10267857142857142 0.36253014689761015 0.015066964285714286 0.01381276035957027
196 0.12946428571428573 0.456917342688007 0.018136160714285716 0.02850252137689103
195 0.72607421875 0.32854637140977855 0.015485491071428572 0.02433676825257619
186 0.72607421875 0.20982240736680552 0.009068080357142858 0.01841701381276036
176 0.6662946428571429 0.17452313089234817 0.015345982142857142 0.014032010524007894
185 0.6948939732142857 0.30969085726814294 0.006975446428571429 0.03310677483008112
142 0.6464146205357143 0.3328217496163122 0.0087890625 0.013593510195132646
186 0.6297433035714286 0.29993422495066874 0.010881696428571428 0.014909011181758386
195 0.5857282366071429 0.29993422495066874 0.018275669642857144 0.02894102170576628
25 0.6853376116071429 0.5187458890594168 0.010184151785714286 0.019294014470510854
194 0.6863141741071429 0.4530804648103486 0.017438616071428572 0.027844770883578163
189 0.32833426339285715 0.270664327998246 0.009068080357142858 0.031352773514580136
192 0.3680943080357143 0.518636263977198 0.017717633928571428 0.027844770883578163
178 0.4873046875 0.8319447489585617 0.008649553571428572 0.020828765621574215
192 0.48744419642857145 0.7673755755316817 0.018415178571428572 0.02894102170576628
180 0.28857421875 0.6427318570488928 0.008510044642857142 0.018197763648322735
185 0.26332310267857145 0.8099101074325806 0.006277901785714286 0.0328875246656435
119 0.22788783482142858 0.8070598552948914 0.0126953125 0.028064021048015787
191 0.24874441964285715 0.5237886428414821 0.011160714285714286 0.017540013155009866
32 0.3896484375 0.36121464591098446 0.013392857142857142 0.015566761675071256