187 0.6409737723214286 0.5448268303375713 0.004045758928571429 0.012056115738711091
187 0.6698521205357143 0.709776413853573 0.004045758928571429 0.01183691363437089
187 0.26443917410714285 0.159798334064007 0.004045758928571429 0.01183691363437089
187 0.09674944196428571 0.21481806225339764 0.004045758928571429 0.01183691363437089
187 0.6394391741071429 0.7645769399386234 0.004045758928571429 0.01183691363437089
187 0.36495535714285715 0.9012494519947392 0.007533482142857143 0.006356861025865849
187 0.5183454241071429 0.43478737395879 0.004045758928571429 0.012056115738711091
187 0.5749162946428571 0.39620780359491453 0.007533482142857143 0.006356861025865849
180 0.6097935267857143 0.7952652345462516 0.007533482142857143 0.01578255151249452
14 0.6097935267857143 0.6771153003068829 0.0078125 0.01578255151249452
194 0.6099330357142857 0.6249451994739149 0.015904017857142856 0.02498903989478299
32 0.6272321428571429 0.5986409469530908 0.012276785714285714 0.014028934677772907
176 0.6628766741071429 0.5998465585269619 0.011579241071428572 0.011617711530030689
189 0.6799665178571429 0.5702542744410346 0.008370535714285714 0.027838667251205613
194 0.6799665178571429 0.5151249451994739 0.015345982142857142 0.024550635686102586
25 0.6642020089285714 0.49145111793073215 0.013671875 0.01446733888645331
188 0.5967494419642857 0.6547566856641823 0.0068359375 0.020604997807978958
196 0.5223214285714286 0.6547566856641823 0.016183035714285716 0.025427444103463395
193 0.38162667410714285 0.5998465585269619 0.015485491071428572 0.02389302937308198
192 0.6609235491071429 0.5448268303375713 0.0166015625 0.026085050416484
187 0.6799665178571429 0.4072775098640947 0.007533482142857143 0.006137658921525646
102 0.6312779017857143 0.3798772468215695 0.012834821428571428 0.01183691363437089
14 0.6100725446428571 0.2981148619026743 0.0078125 0.019289785181937746
14 0.5400390625 0.18796580447172292 0.007533482142857143 0.018632178868917142
142 0.5146484375 0.1595791319596668 0.007254464285714286 0.01183691363437089
195 0.45228794642857145 0.21481806225339764 0.016183035714285716 0.025427444103463395
63 0.4195033482142857 0.21470846120122752 0.009765625 0.012056115738711091
180 0.5397600446428571 0.3546690048224463 0.007533482142857143 0.019289785181937746
186 0.5608956473214286 0.3796580447172293 0.009626116071428572 0.0131521262604121
195 0.6099330357142857 0.4094695309074967 0.015345982142857142 0.024550635686102586
188 0.0849609375 0.6948706707584393 0.010044642857142858 0.010083296799649276
191 0.08489118303571429 0.7276413853572994 0.009347098214285714 0.014686540990793511
194 0.10365513392857142 0.7647961420429636 0.015625 0.02367382726874178
195 0.08489118303571429 0.5697062691801841 0.015206473214285714 0.024550635686102586
187 0.0849609375 0.5173169662428759 0.007533482142857143 0.006137658921525646
60 0.16880580357142858 0.4346777729066199 0.010881696428571428 0.012275317843051293
187 0.732421875 0.2698377904427883 0.00390625 0.01183691363437089
14 0.7498604910714286 0.4690925032880316 0.007533482142857143 0.018851380973257344
183 0.7384905133928571 0.5501972818939062 0.005719866071428571 0.023235423060061378
191 0.7018694196428571 0.5447172292854011 0.011997767857142858 0.018851380973257344
119 0.6971958705357143 0.16637439719421307 0.013253348214285714 0.024550635686102586
63 0.6681780133928571 0.1595791319596668 0.013811383928571428 0.01183691363437089
190 0.58837890625 0.159798334064007 0.0068359375 0.01183691363437089
183 0.6482282366071429 0.6292196405085488 0.014927455357142858 0.00898728627794827
178 0.5749860491071429 0.675032880315651 0.007393973214285714 0.021262604120999562
119 0.5790318080357143 0.7934020166593599 0.015485491071428572 0.019070583077597545
183 0.6414620535714286 0.46492766330556773 0.014787946428571428 0.008768084173608066
102 0.6985212053571429 0.32441911442349847 0.01171875 0.01183691363437089
102 0.7276785714285714 0.3248575186321789 0.011439732142857142 0.012275317843051293
191 0.6448800223214286 0.36288908373520384 0.011021205357142858 0.01731696624287593
186 0.32993861607142855 0.5699254712845243 0.009207589285714286 0.016220955721174924
184 0.30845424107142855 0.6633055677334503 0.005580357142857143 0.029373081981587022
190 0.294921875 0.7301622095572118 0.007254464285714286 0.011398509425690487
192 0.294921875 0.7948268303375713 0.015625 0.024550635686102586
186 0.29471261160714285 0.2373958790004384 0.009347098214285714 0.01578255151249452
192 0.294921875 0.3542306006137659 0.015345982142857142 0.024550635686102586
14 0.24051339285714285 0.4345681718544498 0.010323660714285714 0.012056115738711091
32 0.20535714285714285 0.4338009644892591 0.013113839285714286 0.014028934677772907
177 0.38113839285714285 0.6546470846120123 0.010881696428571428 0.012056115738711091
181 0.34716796875 0.6548662867163525 0.0107421875 0.011617711530030689
187 0.15492466517857142 0.24232792634809294 0.007672991071428571 0.006356861025865849
176 0.13337053571428573 0.21470846120122752 0.012834821428571428 0.012056115738711091
63 0.10518973214285714 0.3248575186321789 0.012555803571428572 0.01183691363437089
192 0.0849609375 0.4072775098640947 0.015625 0.024550635686102586
184 0.2513950892857143 0.8112669881630864 0.005580357142857143 0.029373081981587022
191 0.30894252232142855 0.7647961420429636 0.009905133928571428 0.01578255151249452
102 0.224609375 0.7971284524331433 0.008091517857142858 0.01994739149495835
192 0.22488839285714285 0.7352038579570364 0.015625 0.024550635686102586
184 0.19949776785714285 0.7182156948706707 0.005859375 0.029592284085927224
181 0.14188058035714285 0.709776413853573 0.009765625 0.01183691363437089
179 0.12144252232142858 0.24024550635686104 0.0107421875 0.023235423060061378
192 0.17313058035714285 0.32474791758000876 0.015904017857142856 0.025208241999123193
182 0.23521205357142858 0.3800964489259097 0.007533482142857143 0.01183691363437089
177 0.26004464285714285 0.5144673388864534 0.007533482142857143 0.014028934677772907
195 0.32993861607142855 0.7372862779482683 0.015904017857142856 0.025208241999123193
194 0.31215122767857145 0.5448268303375713 0.015764508928571428 0.024769837790442787
190 0.32979910714285715 0.801183691363437 0.005580357142857143 0.01446733888645331
187 0.32993861607142855 0.8473257343270495 0.007533482142857143 0.006356861025865849
180 0.22481863839285715 0.4066199035510741 0.007672991071428571 0.014905743095133712
179 0.17027064732142858 0.38206926786497153 0.011858258928571428 0.016659359929855327
194 0.22488839285714285 0.4629548443665059 0.015345982142857142 0.024550635686102586
179 0.22342354910714285 0.356532222709338 0.010463169642857142 0.022139412538360367
119 0.2988978794642857 0.8506137658921525 0.015485491071428572 0.01994739149495835
183 0.30810546875 0.8692459447610698 0.005719866071428571 0.023016220955721176
25 0.34891183035714285 0.1583735203857957 0.009486607142857142 0.014686540990793511
175 0.41573660714285715 0.16023673827268742 0.013113839285714286 0.012275317843051293
188 0.4473353794642857 0.159798334064007 0.006277901785714286 0.01578255151249452
14 0.4901646205357143 0.16023673827268742 0.009905133928571428 0.012275317843051293
176 0.15506417410714285 0.6218763700131521 0.007393973214285714 0.016659359929855327
179 0.1533203125 0.574967119684349 0.010602678571428572 0.020604997807978958
192 0.15492466517857142 0.5149057430951337 0.015485491071428572 0.024550635686102586
25 0.1015625 0.4366505918456817 0.012555803571428572 0.015344147303814117
191 0.6798967633928571 0.7470407715914072 0.009347098214285714 0.014905743095133712
181 0.6574358258928571 0.8199254712845243 0.013811383928571428 0.011617711530030689
176 0.59814453125 0.5997369574747917 0.013253348214285714 0.01183691363437089
181 0.5579659598214286 0.5997369574747917 0.010463169642857142 0.01183691363437089
189 0.5207868303571429 0.5998465585269619 0.017578125 0.013809732573432706
180 0.44761439732142855 0.5998465585269619 0.011300223214285714 0.011617711530030689
195 0.20821707589285715 0.8197062691801841 0.015764508928571428 0.024769837790442787
195 0.36495535714285715 0.8448049101271372 0.013950892857142858 0.021920210434020166
14 0.34926060267857145 0.8198158702323542 0.011579241071428572 0.01183691363437089
14 0.3648158482142857 0.7386014905743095 0.007533482142857143 0.016440157825515125
192 0.43491908482142855 0.5735423060061376 0.0166015625 0.026085050416484
185 0.42940848214285715 0.5120561157387111 0.018694196428571428 0.008768084173608066
189 0.43491908482142855 0.4601052170100833 0.008510044642857142 0.02761946514686541
60 0.45005580357142855 0.4351161771153003 0.013950892857142858 0.012275317843051293
142 0.43491908482142855 0.34984655852696184 0.007952008928571428 0.011398509425690487
60 0.43491908482142855 0.29219640508548883 0.007393973214285714 0.015344147303814117
179 0.43338448660714285 0.24177992108724244 0.010463169642857142 0.02235861464270057
60 0.25990513392857145 0.7320254274441035 0.007533482142857143 0.017755370451556333
184 0.16336495535714285 0.66297676457694 0.005580357142857143 0.03003068829460763
189 0.5917271205357143 0.21481806225339764 0.017717633928571428 0.014905743095133712
186 0.6300920758928571 0.21492766330556773 0.009626116071428572 0.013809732573432706
195 0.6641322544642857 0.21481806225339764 0.013532366071428572 0.021481806225339763
60 0.5750558035714286 0.352148180622534 0.007533482142857143 0.01994739149495835
119 0.5708705357142857 0.24156071898290224 0.015345982142857142 0.019289785181937746
188 0.34542410714285715 0.21481806225339764 0.007533482142857143 0.01709776413853573
179 0.3984375 0.1863217886891714 0.010323660714285714 0.01797457255589654
192 0.39990234375 0.2992108724243753 0.016322544642857144 0.025865848312143797
189 0.3999720982142857 0.4079351161771153 0.008370535714285714 0.02761946514686541
179 0.38448660714285715 0.5470188513809733 0.014787946428571428 0.016878562034195528
194 0.3462611607142857 0.5447172292854011 0.015625 0.024550635686102586