187 0.63671875 0.709776413853573 0.00390625 0.01183691363437089
187 0.10260881696428571 0.709776413853573 0.004045758928571429 0.01183691363437089
187 0.43491908482142855 0.27542744410346337 0.007672991071428571 0.006356861025865849
187 0.09981863839285714 0.159798334064007 0.004045758928571429 0.01183691363437089
187 0.10993303571428571 0.9297457255589654 0.00390625 0.012056115738711091
187 0.5049525669642857 0.9105655414291978 0.007672991071428571 0.006137658921525646
187 0.45633370535714285 0.9297457255589654 0.00390625 0.012056115738711091
187 0.10344587053571429 0.7647961420429636 0.004045758928571429 0.01183691363437089
187 0.25990513392857145 0.1833625602805787 0.007533482142857143 0.006356861025865849
187 0.7499302455357143 0.2376150811047786 0.007672991071428571 0.006137658921525646
187 0.5749162946428571 0.27926348092941694 0.007533482142857143 0.006137658921525646
187 0.7149135044642857 0.24232792634809294 0.007672991071428571 0.006356861025865849
187 0.39990234375 0.8933581762384919 0.007672991071428571 0.006356861025865849
181 0.5748465401785714 0.680403331871986 0.007672991071428571 0.021920210434020166
187 0.5924246651785714 0.7647961420429636 0.004045758928571429 0.01183691363437089
186 0.6286969866071429 0.7646865409907935 0.009626116071428572 0.013809732573432706
192 0.5749162946428571 0.7938404208680403 0.015904017857142856 0.025208241999123193
175 0.59716796875 0.8197062691801841 0.013532366071428572 0.011617711530030689
32 0.6568080357142857 0.8192678649715037 0.010881696428571428 0.013371328364752301
25 0.7140066964285714 0.5104120999561595 0.009765625 0.016440157825515125
102 0.7149832589285714 0.5745287154756685 0.007533482142857143 0.020604997807978958
190 0.7149135044642857 0.6052170100832968 0.0068359375 0.010083296799649276
32 0.7039620535714286 0.7090092064883823 0.011160714285714286 0.013809732573432706
142 0.19970703125 0.6549758877685226 0.007672991071428571 0.01183691363437089
175 0.16922433035714285 0.6549758877685226 0.012276785714285714 0.01183691363437089
196 0.24072265625 0.709776413853573 0.015764508928571428 0.02498903989478299
63 0.20438058035714285 0.709776413853573 0.009765625 0.01183691363437089
182 0.26004464285714285 0.7877027619465147 0.0078125 0.011179307321350284
14 0.31089564732142855 0.819596668128014 0.012137276785714286 0.01183691363437089
32 0.5274135044642857 0.32398071021481806 0.0107421875 0.013590530469092503
178 0.5597795758928571 0.32518632178868917 0.012416294642857142 0.012056115738711091
195 0.43491908482142855 0.3549978079789566 0.014090401785714286 0.022139412538360367
63 0.41294642857142855 0.3795484436650592 0.013671875 0.011617711530030689
176 0.37765066964285715 0.3800964489259097 0.013671875 0.01183691363437089
179 0.3433314732142857 0.3818500657606313 0.012834821428571428 0.01709776413853573
193 0.2421875 0.3798772468215695 0.015625 0.023235423060061378
14 0.17354910714285715 0.37976764576939936 0.010323660714285714 0.012056115738711091
176 0.43470982142857145 0.518412976764577 0.007533482142857143 0.019289785181937746
186 0.43477957589285715 0.6246163963174046 0.0087890625 0.014686540990793511
192 0.4878627232142857 0.6547566856641823 0.016183035714285716 0.025427444103463395
193 0.15492466517857142 0.18610258658483123 0.015485491071428572 0.024550635686102586
32 0.14278738839285715 0.1588119245944761 0.011579241071428572 0.013809732573432706
180 0.14418247767857142 0.3248575186321789 0.010184151785714286 0.01183691363437089
189 0.11997767857142858 0.4099079351161771 0.006417410714285714 0.02761946514686541
195 0.11990792410714286 0.46427005699254714 0.015206473214285714 0.024550635686102586
119 0.13839285714285715 0.48334064007014466 0.015625 0.02498903989478299
25 0.15583147321428573 0.5133713283647523 0.009486607142857142 0.016220955721174924
185 0.16043526785714285 0.6128890837352039 0.018694196428571428 0.009644892590968873
182 0.13113839285714285 0.9297457255589654 0.007254464285714286 0.012056115738711091
185 0.14955357142857142 0.8895221394125383 0.018973214285714284 0.008768084173608066
182 0.15492466517857142 0.8571898290223586 0.007672991071428571 0.011179307321350284
32 0.15541294642857142 0.741341516878562 0.008649553571428572 0.016220955721174924
185 0.1826171875 0.866286716352477 0.005580357142857143 0.029373081981587022
195 0.24351283482142858 0.8747259973695748 0.014927455357142858 0.02345462516440158
14 0.27036830357142855 0.8746163963174046 0.011997767857142858 0.01183691363437089
181 0.31508091517857145 0.8746163963174046 0.011579241071428572 0.01183691363437089
14 0.5050920758928571 0.8404208680403332 0.007393973214285714 0.02104340201665936
195 0.48709542410714285 0.8197062691801841 0.015764508928571428 0.024769837790442787
191 0.4453822544642857 0.8197062691801841 0.011021205357142858 0.01731696624287593
32 0.43526785714285715 0.7887987724682157 0.008649553571428572 0.01819377466023674
196 0.38071986607142855 0.8198158702323542 0.016183035714285716 0.025427444103463395
190 0.5598493303571429 0.8197062691801841 0.006417410714285714 0.015124945199473916
187 0.43491908482142855 0.6822665497588777 0.007672991071428571 0.006356861025865849
195 0.41664341517857145 0.5998465585269619 0.013532366071428572 0.021262604120999562
195 0.38106863839285715 0.5998465585269619 0.016043526785714284 0.025208241999123193
187 0.34744698660714285 0.5997369574747917 0.004045758928571429 0.01183691363437089
25 0.20689174107142858 0.5986409469530908 0.011997767857142858 0.014905743095133712
142 0.18987165178571427 0.4214160455940377 0.0078125 0.011617711530030689
195 0.20682198660714285 0.21481806225339764 0.015485491071428572 0.024112231477422183
185 0.13113839285714285 0.2234765453748356 0.005580357142857143 0.02915387987724682
177 0.26011439732142855 0.24375274002630426 0.007952008928571428 0.014905743095133712
193 0.34800502232142855 0.32474791758000876 0.015764508928571428 0.024769837790442787
185 0.37472098214285715 0.3161990355107409 0.005859375 0.02915387987724682
187 0.4174107142857143 0.3248575186321789 0.00390625 0.01183691363437089
196 0.25990513392857145 0.5173169662428759 0.015345982142857142 0.024550635686102586
195 0.7149135044642857 0.7940596229723805 0.013811383928571428 0.021701008329679965
181 0.48416573660714285 0.7645769399386234 0.009626116071428572 0.01183691363437089
25 0.09751674107142858 0.2135028496273564 0.009765625 0.015344147303814117
182 0.0849609375 0.28386672512056116 0.007533482142857143 0.012275317843051293
63 0.12004743303571429 0.6773345024112232 0.007672991071428571 0.020604997807978958
179 0.646484375 0.6785401139850943 0.010602678571428572 0.02082419991231916
176 0.6449497767857143 0.520604997807979 0.007533482142857143 0.01841297676457694
188 0.6449497767857143 0.4759973695747479 0.013113839285714286 0.012056115738711091
191 0.5049525669642857 0.6756904866286716 0.009347098214285714 0.014686540990793511
192 0.5237165178571429 0.5997369574747917 0.016462053571428572 0.025865848312143797
186 0.5592912946428571 0.600065760631302 0.009765625 0.013809732573432706
192 0.5924944196428571 0.5997369574747917 0.016183035714285716 0.025427444103463395
14 0.22481863839285715 0.7978956597983341 0.007672991071428571 0.019289785181937746
185 0.21951729910714285 0.7327926348092941 0.018833705357142856 0.008768084173608066
179 0.33140345982142855 0.7396975010960105 0.010463169642857142 0.02257781674704077
195 0.2764369419642857 0.7647961420429636 0.015764508928571428 0.02498903989478299
182 0.32993861607142855 0.7821131082858396 0.007533482142857143 0.011398509425690487
195 0.32986886160714285 0.8476545374835598 0.015206473214285714 0.024550635686102586
188 0.38992745535714285 0.709776413853573 0.006696428571428571 0.014905743095133712
187 0.39990234375 0.6822665497588777 0.007672991071428571 0.006356861025865849
190 0.7499302455357143 0.31323980710214816 0.007952008928571428 0.008768084173608066
192 0.7499302455357143 0.35379219640508547 0.014927455357142858 0.024550635686102586
178 0.7497907366071429 0.39730381411661553 0.007672991071428571 0.020385795703638757
182 0.6891043526785714 0.4348969750109601 0.007672991071428571 0.012275317843051293
119 0.6589704241071429 0.6062034195528277 0.013532366071428572 0.024769837790442787
192 0.5563616071428571 0.6547566856641823 0.016183035714285716 0.025427444103463395
195 0.5749162946428571 0.35335379219640506 0.013950892857142858 0.021920210434020166
181 0.5928431919642857 0.4346777729066199 0.010463169642857142 0.01183691363437089
189 0.5749162946428571 0.4625164401578255 0.006417410714285714 0.02761946514686541
192 0.5936104910714286 0.48980710214818063 0.016183035714285716 0.025646646207803596
191 0.6337193080357143 0.48980710214818063 0.009905133928571428 0.015563349408154318
185 0.12541852678571427 0.732573432704954 0.018694196428571428 0.008768084173608066
189 0.11990792410714286 0.7921964050854888 0.007952008928571428 0.02761946514686541
181 0.13406808035714285 0.8751644015782551 0.013392857142857142 0.011617711530030689
180 0.71484375 0.4701885138097326 0.007533482142857143 0.014905743095133712
178 0.71484375 0.4105655414291977 0.007533482142857143 0.021920210434020166
187 0.13741629464285715 0.37976764576939936 0.00390625 0.012056115738711091
196 0.18994140625 0.2962516440157826 0.0166015625 0.026085050416484
142 0.19001116071428573 0.1966242875931609 0.008370535714285714 0.01183691363437089
119 0.17368861607142858 0.5935992985532661 0.014787946428571428 0.02498903989478299
190 0.0849609375 0.45736519070583076 0.008370535714285714 0.009425690486628672
192 0.08489118303571429 0.352148180622534 0.015206473214285714 0.024331433581762384
196 0.103515625 0.2698377904427883 0.015625 0.024550635686102586
190 0.4175502232142857 0.8747259973695748 0.008091517857142858 0.010740903112669882
185 0.4644252232142857 0.8581762384918895 0.018694196428571428 0.008768084173608066
180 0.13609095982142858 0.8197062691801841 0.009626116071428572 0.011617711530030689