187 0.11195591517857142 0.9250164437623328 0.004603794642857143 0.013593510195132646
187 0.50390625 0.29993422495066874 0.004464285714285714 0.013593510195132646
187 0.08970424107142858 0.8537601403201053 0.008649553571428572 0.007016005262003947
187 0.6668526785714286 0.424906818680114 0.004464285714285714 0.013593510195132646
187 0.6862444196428571 0.13100197325147994 0.008649553571428572 0.00723525542644157
187 0.7260044642857143 0.13560622670467004 0.008649553571428572 0.00723525542644157
187 0.6862444196428571 0.8458671344003508 0.008649553571428572 0.007016005262003947
193 0.28857421875 0.332931374698531 0.017159598214285716 0.027844770883578163
32 0.24944196428571427 0.27373383030037274 0.009765625 0.02302126726595045
176 0.34633091517857145 0.30026310019732516 0.0126953125 0.013374260030695024
181 0.3680943080357143 0.2684718263538698 0.008510044642857142 0.021267265950449463
185 0.3916015625 0.227581670686253 0.006417410714285714 0.03332602499451875
184 0.4017857142857143 0.22286779215084412 0.021484375 0.010304757728568297
102 0.40785435267857145 0.1483227362420522 0.008510044642857142 0.021267265950449463
184 0.38148716517857145 0.12223196667397501 0.006556919642857143 0.03310677483008112
188 0.33858816964285715 0.11236570927428195 0.008091517857142858 0.026529269896952423
14 0.15499441964285715 0.9252356939267704 0.011160714285714286 0.013593510195132646
188 0.16929408482142858 0.4671124753343565 0.011858258928571428 0.010743258057443543
192 0.19049944196428573 0.8625301468976102 0.017717633928571428 0.02718702039026529
196 0.2700892857142857 0.8625301468976102 0.018136160714285716 0.02850252137689103
181 0.30643136160714285 0.862639771979829 0.012416294642857142 0.013374260030695024
183 0.35853794642857145 0.8562815172111379 0.006417410714285714 0.026090769568077175
32 0.38232421875 0.8613242709932033 0.015764508928571428 0.01644376233282175
142 0.2631138392857143 0.17518088138566104 0.008091517857142858 0.013593510195132646
179 0.3530970982142857 0.3598991449243587 0.013392857142857142 0.01907476430607323
142 0.72607421875 0.6881166410874808 0.0087890625 0.012935759701819776
190 0.6862444196428571 0.578601183950888 0.007254464285714286 0.011401008550756413
180 0.6734793526785714 0.7998245998684499 0.011858258928571428 0.0131550098662574
189 0.6261858258928571 0.8000438500328875 0.019949776785714284 0.011401008550756413
119 0.5016043526785714 0.8070598552948914 0.013811383928571428 0.028064021048015787
102 0.5270647321428571 0.33030037272527957 0.008649553571428572 0.022582766937075203
186 0.46951729910714285 0.3627493970620478 0.011579241071428572 0.01644376233282175
142 0.42745535714285715 0.362639771979829 0.008370535714285714 0.014032010524007894
185 0.5091378348214286 0.47774610830958125 0.006277901785714286 0.03332602499451875
196 0.5481305803571429 0.48739311554483666 0.018415178571428572 0.02894102170576628
193 0.48744419642857145 0.5813418110063583 0.017578125 0.027844770883578163
102 0.48709542410714285 0.6505152378864284 0.008510044642857142 0.017540013155009866
63 0.47509765625 0.5497697873273405 0.012974330357142858 0.013374260030695024
187 0.3482142857142857 0.5498794124095593 0.004464285714285714 0.013593510195132646
194 0.5669642857142857 0.516882262661697 0.017299107142857144 0.027844770883578163
176 0.5143694196428571 0.6749616312212234 0.013392857142857142 0.013374260030695024
195 0.5452706473214286 0.36242052181539136 0.016043526785714284 0.025433019074764307
190 0.48744419642857145 0.7134400350800263 0.008649553571428572 0.013593510195132646
193 0.5088588169642857 0.6124753343565008 0.017717633928571428 0.027406270554702915
180 0.52734375 0.5897829423372067 0.008928571428571428 0.02367901775926332
195 0.34891183035714285 0.424906818680114 0.015904017857142856 0.02499451874588906
196 0.3680943080357143 0.39223854417890813 0.018275669642857144 0.02850252137689103
60 0.38399832589285715 0.48717386538039903 0.016322544642857144 0.013593510195132646
102 0.47188895089285715 0.48717386538039903 0.012416294642857142 0.013593510195132646
32 0.46658761160714285 0.8611050208287656 0.014369419642857142 0.016005262003946502
186 0.4473353794642857 0.8347950010962508 0.0107421875 0.017320762990572242
175 0.44740513392857145 0.6543521157640868 0.008370535714285714 0.017320762990572242
32 0.44845145089285715 0.5801359351019513 0.009905133928571428 0.02455601841701381
185 0.15583147321428573 0.3720675290506468 0.006696428571428571 0.033764525323393996
184 0.2001953125 0.2901775926331945 0.006417410714285714 0.03354527515895637
192 0.22914341517857142 0.29993422495066874 0.017717633928571428 0.026748520061390047
187 0.3681640625 0.1437184827888621 0.008649553571428572 0.00723525542644157
195 0.3680943080357143 0.20653365490024117 0.016043526785714284 0.025433019074764307
60 0.32833426339285715 0.1456917342688007 0.008510044642857142 0.023898267923700943
180 0.20905412946428573 0.1371409778557334 0.008510044642857142 0.02039026529269897
119 0.53173828125 0.4437623328217496 0.017717633928571428 0.021486516114887087
193 0.5272042410714286 0.2678140758605569 0.017299107142857144 0.027844770883578163
32 0.5279017857142857 0.2096031572023679 0.009765625 0.020171015128261346
190 0.08970424107142858 0.7126726595044947 0.006417410714285714 0.014251260688445516
176 0.08970424107142858 0.6473361105020828 0.008928571428571428 0.01907476430607323
63 0.14906529017857142 0.5496601622451217 0.013811383928571428 0.014032010524007894
63 0.20891462053571427 0.5096470072352555 0.008510044642857142 0.017320762990572242
177 0.2694614955357143 0.4872834904626179 0.011858258928571428 0.013374260030695024
119 0.08530970982142858 0.5129357597018198 0.017717633928571428 0.024775268581451435
181 0.08970424107142858 0.4629467222100417 0.009207589285714286 0.018636263977197982
184 0.08342633928571429 0.27450120587590443 0.021205357142857144 0.010085507564130673
182 0.36788504464285715 0.32668274501205874 0.008649553571428572 0.014909011181758386
196 0.48744419642857145 0.14459548344661258 0.017857142857142856 0.028283271212453408
188 0.48744419642857145 0.2133304099978075 0.012276785714285714 0.013593510195132646
189 0.34765625 0.23733830300372724 0.020089285714285716 0.01644376233282175
178 0.44740513392857145 0.33205437404078053 0.008649553571428572 0.02433676825257619
183 0.4584263392857143 0.41876781407586056 0.006417410714285714 0.0263100197325148
102 0.72607421875 0.3880727910545933 0.008510044642857142 0.021925016443762334
175 0.7261439732142857 0.330629247971936 0.008928571428571428 0.022802017101512827
196 0.72607421875 0.26562157421618066 0.018275669642857144 0.028721771541328656
187 0.6067243303571429 0.5812321859241394 0.008649553571428572 0.007016005262003947
195 0.5461774553571429 0.6123657092742819 0.015904017857142856 0.02499451874588906
196 0.08970424107142858 0.14514360885770664 0.018415178571428572 0.02894102170576628
176 0.10972377232142858 0.11280420960315721 0.015764508928571428 0.01381276035957027
192 0.18938337053571427 0.23744792808594606 0.017717633928571428 0.0263100197325148
194 0.11104910714285714 0.36242052181539136 0.018136160714285716 0.02850252137689103
32 0.14725167410714285 0.4237009427757071 0.012416294642857142 0.016005262003946502
142 0.32826450892857145 0.37557553168164876 0.008928571428571428 0.012716509537382154
182 0.32840401785714285 0.5332163999123 0.008928571428571428 0.014032010524007894
25 0.6875 0.21420741065555798 0.010881696428571428 0.01841701381276036
182 0.6566685267857143 0.48739311554483666 0.008649553571428572 0.01447051085288314
190 0.40792410714285715 0.4081341811006358 0.007254464285714286 0.011620258715194036
119 0.4033203125 0.33709712782284584 0.017578125 0.023898267923700943
180 0.12946428571428573 0.3943214207410656 0.008370535714285714 0.018636263977197982
25 0.22502790178571427 0.3607761455821092 0.010602678571428572 0.016882262661696998
102 0.7043805803571429 0.3001534751151063 0.011160714285714286 0.013593510195132646
175 0.5855189732142857 0.2997149747862311 0.012276785714285714 0.013593510195132646
32 0.5424107142857143 0.29916684937513705 0.011439732142857142 0.01512826134619601
177 0.646484375 0.5140320105240079 0.008370535714285714 0.020828765621574215
188 0.6465541294642857 0.586165314623986 0.014927455357142858 0.010743258057443543
102 0.6709681919642857 0.675180881385661 0.013811383928571428 0.013374260030695024
190 0.6266043526785714 0.6749616312212234 0.007672991071428571 0.011620258715194036
175 0.6861746651785714 0.5096470072352555 0.0087890625 0.016882262661696998
189 0.32833426339285715 0.5787108090331068 0.011300223214285714 0.031352773514580136
63 0.32833426339285715 0.6439377329532997 0.008510044642857142 0.01710151282613462
175 0.32833426339285715 0.7595921946941461 0.008510044642857142 0.020828765621574215
194 0.35009765625 0.7999342249506687 0.017717633928571428 0.027406270554702915