187 0.6067243303571429 0.11971058978294234 0.008649553571428572 0.007016005262003947
187 0.3734654017857143 0.7375575531681648 0.004464285714285714 0.013593510195132646
187 0.16922433035714285 0.4520938390703793 0.008649553571428572 0.007016005262003947
187 0.7062639508928571 0.8625301468976102 0.004603794642857143 0.013593510195132646
187 0.16922433035714285 0.15862749397062048 0.008649553571428572 0.00723525542644157
187 0.5272042410714286 0.40363955272966456 0.008649553571428572 0.007016005262003947
187 0.32833426339285715 0.7669370752028064 0.008510044642857142 0.007016005262003947
187 0.25899832589285715 0.8000438500328875 0.004603794642857143 0.013593510195132646
187 0.08970424107142858 0.12256084192063144 0.008649553571428572 0.007016005262003947
190 0.20905412946428573 0.5699408024556019 0.0068359375 0.01512826134619601
193 0.208984375 0.5161148870861653 0.018415178571428572 0.02894102170576628
175 0.20863560267857142 0.46853760140320105 0.0087890625 0.02104801578601184
192 0.18840680803571427 0.424906818680114 0.017717633928571428 0.026748520061390047
192 0.7260044642857143 0.767156325367244 0.018415178571428572 0.02894102170576628
119 0.7214704241071429 0.7100416575312432 0.017717633928571428 0.026090769568077175
119 0.6337890625 0.682196886647665 0.016462053571428572 0.027844770883578163
186 0.7262137276785714 0.644924358693269 0.0107421875 0.01775926331944749
102 0.72607421875 0.580903310677483 0.0087890625 0.02433676825257619
186 0.6697823660714286 0.4247971935978952 0.010602678571428572 0.014689761017320764
60 0.63232421875 0.424906818680114 0.013532366071428572 0.013593510195132646
183 0.5811244419642857 0.43115544836658626 0.0068359375 0.026090769568077175
180 0.646484375 0.38368778776584084 0.008649553571428572 0.021925016443762334
184 0.5927734375 0.3720675290506468 0.006696428571428571 0.033764525323393996
196 0.5458286830357143 0.2998245998684499 0.017717633928571428 0.027844770883578163
142 0.5130440848214286 0.3001534751151063 0.008510044642857142 0.013593510195132646
102 0.5671735491071429 0.7678140758605569 0.0087890625 0.020171015128261346
175 0.5669642857142857 0.8299714974786231 0.008370535714285714 0.01907476430607323
190 0.6465541294642857 0.5846305634729226 0.009068080357142858 0.012935759701819776
193 0.5871930803571429 0.7375575531681648 0.018415178571428572 0.02894102170576628
189 0.6277901785714286 0.7374479280859461 0.020089285714285716 0.014251260688445516
175 0.7089146205357143 0.7376671782503836 0.014927455357142858 0.013374260030695024
14 0.1416015625 0.6747423810567857 0.012555803571428572 0.013374260030695024
175 0.08977399553571429 0.5254330190747643 0.008510044642857142 0.019951764963823723
191 0.08970424107142858 0.46086384564788424 0.011160714285714286 0.017540013155009866
178 0.08949497767857142 0.4021048015786012 0.0087890625 0.022802017101512827
189 0.11139787946428571 0.36242052181539136 0.019949776785714284 0.014909011181758386
182 0.22286551339285715 0.6750712563034422 0.0087890625 0.014032010524007894
193 0.24881417410714285 0.6406489804867354 0.0185546875 0.029379522034641527
192 0.24881417410714285 0.5798070598552949 0.0185546875 0.029160271870203903
177 0.26785714285714285 0.5503179127384346 0.012834821428571428 0.0131550098662574
183 0.28466796875 0.5025213768910327 0.016880580357142856 0.010085507564130673
196 0.44761439732142855 0.4549440912080684 0.017996651785714284 0.028064021048015787
186 0.39034598214285715 0.4247971935978952 0.011160714285714286 0.016005262003946502
25 0.5495256696428571 0.423152817364613 0.012276785714285714 0.016663012497259374
14 0.43115234375 0.48750274062705545 0.011300223214285714 0.01381276035957027
188 0.314453125 0.48739311554483666 0.007254464285714286 0.020609515457136594
191 0.5864955357142857 0.48739311554483666 0.009765625 0.015347511510633634
189 0.5669642857142857 0.5190747643060732 0.0078125 0.031352773514580136
182 0.56689453125 0.5647884235913176 0.0087890625 0.013593510195132646
187 0.5868443080357143 0.5498794124095593 0.004603794642857143 0.013593510195132646
25 0.60595703125 0.5301468976101732 0.010463169642857142 0.021925016443762334
25 0.6078404017857143 0.197325147993861 0.010881696428571428 0.017978513483885114
189 0.42654854910714285 0.3622012716509537 0.019949776785714284 0.013593510195132646
142 0.3856724330357143 0.362639771979829 0.009068080357142858 0.014032010524007894
190 0.3169642857142857 0.36242052181539136 0.010881696428571428 0.011401008550756413
192 0.4286411830357143 0.6749616312212234 0.017717633928571428 0.027406270554702915
192 0.4681919642857143 0.6749616312212234 0.018694196428571428 0.029160271870203903
186 0.50390625 0.674632755974567 0.010881696428571428 0.015786011839508878
180 0.27260044642857145 0.3000438500328875 0.014508928571428572 0.013374260030695024
196 0.32833426339285715 0.3950887963165972 0.017996651785714284 0.028064021048015787
188 0.32833426339285715 0.5965796974347731 0.015485491071428572 0.013593510195132646
182 0.36781529017857145 0.4585617189212892 0.009068080357142858 0.013374260030695024
184 0.4159458705357143 0.540122780092085 0.006277901785714286 0.03310677483008112
60 0.44761439732142855 0.5818899364174523 0.009068080357142858 0.020609515457136594
184 0.16322544642857142 0.31429511072133304 0.021484375 0.010304757728568297
60 0.15499441964285715 0.2376671782503837 0.014787946428571428 0.013593510195132646
180 0.72607421875 0.895198421398816 0.008510044642857142 0.0197325147993861
176 0.7080775669642857 0.924906818680114 0.013253348214285714 0.01381276035957027
192 0.6652483258928571 0.924906818680114 0.017717633928571428 0.027844770883578163
187 0.5868443080357143 0.9250164437623328 0.004603794642857143 0.013593510195132646
183 0.4618443080357143 0.7311992983994738 0.006277901785714286 0.02587151940363955
32 0.40855189732142855 0.5857268142951108 0.009626116071428572 0.023898267923700943
182 0.40792410714285715 0.5196228897171673 0.008649553571428572 0.0131550098662574
182 0.40785435267857145 0.4467222100416575 0.0087890625 0.012935759701819776
60 0.24867466517857142 0.4615215961411971 0.009068080357142858 0.019294014470510854
182 0.24888392857142858 0.3890594167945626 0.008928571428571428 0.013374260030695024
195 0.27015904017857145 0.36242052181539136 0.016043526785714284 0.02499451874588906
181 0.24874441964285715 0.33315062486296865 0.008370535714285714 0.021267265950449463
192 0.28857421875 0.4584520938390704 0.018275669642857144 0.02850252137689103
196 0.6067243303571429 0.45439596579697433 0.018694196428571428 0.029160271870203903
60 0.16950334821428573 0.20412190309142733 0.008370535714285714 0.02104801578601184
191 0.5272042410714286 0.46459109844332386 0.010881696428571428 0.01710151282613462
192 0.5272042410714286 0.5206095154571366 0.017857142857142856 0.027844770883578163
195 0.5065569196428571 0.5498794124095593 0.016183035714285716 0.025433019074764307
178 0.48758370535714285 0.5141416356062267 0.008649553571428572 0.02499451874588906
180 0.48765345982142855 0.776474457355843 0.008510044642857142 0.018636263977197982
102 0.48758370535714285 0.821311115983337 0.008649553571428572 0.02104801578601184
183 0.5189034598214286 0.9187678140758606 0.006556919642857143 0.026090769568077175
63 0.31277901785714285 0.7374479280859461 0.013113839285714286 0.013374260030695024
195 0.14948381696428573 0.424906818680114 0.017996651785714284 0.028064021048015787
177 0.12939453125 0.5196228897171673 0.008510044642857142 0.01841701381276036
191 0.15659877232142858 0.5499890374917781 0.011579241071428572 0.018197763648322735
194 0.22956194196428573 0.7374479280859461 0.017717633928571428 0.027406270554702915
175 0.20891462053571427 0.7625520719140539 0.008510044642857142 0.019294014470510854
187 0.6664341517857143 0.8000438500328875 0.004464285714285714 0.013593510195132646
176 0.12925502232142858 0.20181977636483228 0.008510044642857142 0.016882262661696998
195 0.12946428571428573 0.2705547029160272 0.015904017857142856 0.02499451874588906
185 0.24267578125 0.6972155229116422 0.021344866071428572 0.010085507564130673
142 0.16922433035714285 0.6258495943871958 0.008649553571428572 0.013374260030695024
177 0.14801897321428573 0.6122560841920631 0.012555803571428572 0.01381276035957027
32 0.09012276785714286 0.2685814514360886 0.010044642857142858 0.021925016443762334