187 0.6449497767857143 0.8340640070144674 0.007533482142857143 0.006137658921525646
187 0.46993582589285715 0.8626698816308637 0.007672991071428571 0.006356861025865849
187 0.39990234375 0.306554142919772 0.007672991071428571 0.006356861025865849
187 0.6449497767857143 0.2506576063130206 0.007533482142857143 0.006356861025865849
187 0.15492466517857142 0.9078255151249452 0.007672991071428571 0.006356861025865849
187 0.5049525669642857 0.8339544059622972 0.007672991071428571 0.006356861025865849
187 0.4258510044642857 0.709776413853573 0.004045758928571429 0.01183691363437089
187 0.21672712053571427 0.37976764576939936 0.004045758928571429 0.012056115738711091
187 0.10044642857142858 0.10488820692678649 0.00390625 0.012056115738711091
187 0.36495535714285715 0.8959886014905744 0.007533482142857143 0.006356861025865849
187 0.0849609375 0.19947391494958353 0.007533482142857143 0.006137658921525646
187 0.22495814732142858 0.7714818062253398 0.007672991071428571 0.006356861025865849
189 0.6448800223214286 0.7904427882507672 0.0087890625 0.02761946514686541
191 0.6449497767857143 0.7393686979395002 0.011997767857142858 0.018851380973257344
188 0.6448800223214286 0.6339324857518632 0.009626116071428572 0.011398509425690487
176 0.6338588169642857 0.5995177553704516 0.0107421875 0.01183691363437089
176 0.6449497767857143 0.5739807102148181 0.007533482142857143 0.017755370451556333
142 0.6676897321428571 0.43478737395879 0.0078125 0.012056115738711091
119 0.6840122767857143 0.6305348531345901 0.015625 0.019070583077597545
185 0.6854771205357143 0.6786497150372643 0.0185546875 0.008768084173608066
195 0.6976841517857143 0.709776413853573 0.016183035714285716 0.025427444103463395
185 0.7378627232142857 0.7012275317843051 0.005859375 0.029373081981587022
119 0.6335100446428571 0.4958351600175362 0.013950892857142858 0.024550635686102586
188 0.42613002232142855 0.37976764576939936 0.0068359375 0.016878562034195528
142 0.3555385044642857 0.37976764576939936 0.007114955357142857 0.012056115738711091
188 0.5049525669642857 0.2875931608943446 0.014369419642857142 0.01183691363437089
179 0.5035574776785714 0.19432266549758878 0.010463169642857142 0.020385795703638757
191 0.5399693080357143 0.13623410784743534 0.011021205357142858 0.01731696624287593
191 0.5398995535714286 0.17777290661990355 0.011160714285714286 0.017536168347216132
180 0.5398297991071429 0.297786058746164 0.007672991071428571 0.017755370451556333
63 0.5400390625 0.3466681280140289 0.007533482142857143 0.019070583077597545
175 0.29506138392857145 0.7352038579570364 0.007533482142857143 0.01797457255589654
25 0.27943638392857145 0.7665497588776852 0.010044642857142858 0.01578255151249452
182 0.294921875 0.7925252082419991 0.007533482142857143 0.011617711530030689
14 0.30796595982142855 0.8746163963174046 0.012137276785714286 0.01183691363437089
191 0.294921875 0.6334940815431828 0.010602678571428572 0.016659359929855327
186 0.310546875 0.600065760631302 0.009765625 0.014248136782113108
102 0.34102957589285715 0.6001753616834722 0.013532366071428572 0.01183691363437089
63 0.4208984375 0.5997369574747917 0.009765625 0.01183691363437089
119 0.75390625 0.6898290223586147 0.015625 0.02235861464270057
187 0.732421875 0.7647961420429636 0.00390625 0.01183691363437089
194 0.6967075892857143 0.7647961420429636 0.015625 0.024550635686102586
176 0.75 0.6362341078474353 0.007533482142857143 0.015563349408154318
102 0.7498604910714286 0.5124945199473915 0.007533482142857143 0.01446733888645331
14 0.23674665178571427 0.3802060499780798 0.01171875 0.011617711530030689
185 0.28404017857142855 0.37132836475230163 0.005580357142857143 0.029373081981587022
102 0.22474888392857142 0.3443665059184568 0.0078125 0.018851380973257344
194 0.22495814732142858 0.1865409907935116 0.015764508928571428 0.02498903989478299
196 0.22495814732142858 0.1303156510302499 0.015206473214285714 0.024331433581762384
175 0.47007533482142855 0.5226874177992109 0.007393973214285714 0.016878562034195528
142 0.49204799107142855 0.6547566856641823 0.007533482142857143 0.012275317843051293
14 0.5521763392857143 0.6548662867163525 0.010044642857142858 0.011617711530030689
188 0.5994001116071429 0.6547566856641823 0.0068359375 0.01578255151249452
175 0.46993582589285715 0.6726216571679088 0.007393973214285714 0.020385795703638757
102 0.46993582589285715 0.7295046032441912 0.007672991071428571 0.02104340201665936
184 0.6045619419642857 0.6257124068391057 0.018833705357142856 0.009864094695309075
14 0.6266741071428571 0.709776413853573 0.012834821428571428 0.01183691363437089
102 0.6100725446428571 0.5715694870670759 0.007533482142857143 0.01819377466023674
176 0.39969308035714285 0.35960105217010085 0.0078125 0.01994739149495835
193 0.4185267857142857 0.48980710214818063 0.015904017857142856 0.024769837790442787
191 0.45375279017857145 0.48980710214818063 0.0107421875 0.016878562034195528
119 0.31801060267857145 0.44103463393248576 0.011579241071428572 0.024112231477422183
102 0.27859933035714285 0.7096668128014029 0.013113839285714286 0.012056115738711091
188 0.32993861607142855 0.24638316527838666 0.01171875 0.01183691363437089
195 0.34814453125 0.3248575186321789 0.013532366071428572 0.021481806225339763
194 0.3833705357142857 0.32474791758000876 0.015625 0.02389302937308198
179 0.3495396205357143 0.10258658483121438 0.012416294642857142 0.016659359929855327
193 0.3837193080357143 0.10488820692678649 0.016322544642857144 0.025646646207803596
181 0.4116908482142857 0.10488820692678649 0.012555803571428572 0.012056115738711091
191 0.44614955357142855 0.10477860587461639 0.010602678571428572 0.016659359929855327
192 0.27720424107142855 0.32474791758000876 0.015625 0.02389302937308198
187 0.24239676339285715 0.3248575186321789 0.004045758928571429 0.01183691363437089
191 0.21379743303571427 0.32474791758000876 0.010184151785714286 0.016001753616834723
179 0.16803850446428573 0.327159140727751 0.013253348214285714 0.016440157825515125
196 0.15492466517857142 0.35379219640508547 0.016322544642857144 0.025865848312143797
196 0.13588169642857142 0.3798772468215695 0.015625 0.024112231477422183
189 0.6449497767857143 0.35269618588338447 0.010044642857142858 0.02761946514686541
14 0.7149832589285714 0.41396317404647087 0.0078125 0.01731696624287593
194 0.7149135044642857 0.4648180622533976 0.015485491071428572 0.024331433581762384
186 0.5749860491071429 0.29603244191144235 0.0087890625 0.014248136782113108
195 0.5749162946428571 0.3546690048224463 0.016183035714285716 0.025427444103463395
178 0.15499441964285715 0.7905523893029373 0.007533482142857143 0.017755370451556333
196 0.15492466517857142 0.5161113546690048 0.016043526785714284 0.025208241999123193
14 0.12004743303571429 0.631521262604121 0.007672991071428571 0.01797457255589654
183 0.12339564732142858 0.6771153003068829 0.0146484375 0.00920648838228847
189 0.13811383928571427 0.709776413853573 0.017578125 0.01578255151249452
175 0.5877511160714286 0.819596668128014 0.012555803571428572 0.01183691363437089
102 0.49072265625 0.7099956159579132 0.009626116071428572 0.012275317843051293
185 0.40848214285714285 0.7734546251644016 0.005580357142857143 0.02915387987724682
190 0.36488560267857145 0.3406400701446734 0.005998883928571429 0.01446733888645331
195 0.36495535714285715 0.4080447172292854 0.013671875 0.021262604120999562
185 0.35951450892857145 0.19081543182814556 0.018694196428571428 0.00898728627794827
185 0.16043526785714285 0.4112231477422183 0.018694196428571428 0.008768084173608066
180 0.15499441964285715 0.45594037702761947 0.007533482142857143 0.015344147303814117
192 0.6272321428571429 0.5448268303375713 0.015625 0.02389302937308198
188 0.32993861607142855 0.7463831652783867 0.013671875 0.008768084173608066
181 0.43505859375 0.7449583516001753 0.007672991071428571 0.017755370451556333
183 0.43143136160714285 0.6285620341955283 0.0146484375 0.009425690486628672
102 0.60986328125 0.46646207803594913 0.007672991071428571 0.015344147303814117
142 0.0849609375 0.28079789565979835 0.007533482142857143 0.011398509425690487
192 0.10260881696428571 0.37976764576939936 0.015764508928571428 0.024769837790442787
188 0.0966796875 0.43478737395879 0.005580357142857143 0.019508987286277948
14 0.17257254464285715 0.43478737395879 0.011439732142857142 0.011617711530030689
186 0.0849609375 0.4643796580447172 0.0078125 0.016440157825515125
189 0.0849609375 0.5173169662428759 0.010044642857142858 0.02761946514686541
180 0.08489118303571429 0.5801183691363437 0.007393973214285714 0.018632178868917142
188 0.0849609375 0.6406181499342394 0.012834821428571428 0.011179307321350284
179 0.24462890625 0.7622753178430512 0.015485491071428572 0.016440157825515125
102 0.22481863839285715 0.7297238053485313 0.007672991071428571 0.020604997807978958
192 0.17082868303571427 0.6547566856641823 0.015485491071428572 0.024112231477422183
179 0.22349330357142858 0.6279044278825077 0.010602678571428572 0.022139412538360367
178 0.20263671875 0.48947829899167034 0.012416294642857142 0.012275317843051293
191 0.36495535714285715 0.7452871547566856 0.011439732142857142 0.01797457255589654
195 0.36495535714285715 0.5713502849627357 0.013671875 0.021262604120999562
25 0.3636997767857143 0.5179745725558965 0.009207589285714286 0.01578255151249452
178 0.37660435267857145 0.48991670320035074 0.012137276785714286 0.01183691363437089