187 0.12116350446428571 0.11247533435650077 0.004603794642857143 0.013593510195132646
187 0.12116350446428571 0.1749616312212234 0.004603794642857143 0.013593510195132646
187 0.7260044642857143 0.12288971716728787 0.008649553571428572 0.00723525542644157
187 0.208984375 0.9085726814295111 0.008649553571428572 0.007016005262003947
187 0.12297712053571429 0.8625301468976102 0.004603794642857143 0.013593510195132646
187 0.6862444196428571 0.30848498136373603 0.008649553571428572 0.007016005262003947
187 0.25425502232142855 0.9250164437623328 0.004603794642857143 0.013593510195132646
25 0.38685825892857145 0.23580355185266388 0.011997767857142858 0.017320762990572242
185 0.42933872767857145 0.22769129576847183 0.006277901785714286 0.03354527515895637
182 0.3677455357142857 0.32734049550537164 0.008649553571428572 0.013593510195132646
177 0.35107421875 0.3627493970620478 0.013532366071428572 0.01381276035957027
192 0.42787388392857145 0.29993422495066874 0.018136160714285716 0.02850252137689103
142 0.47349330357142855 0.3001534751151063 0.008370535714285714 0.01447051085288314
102 0.14669363839285715 0.11258495943871957 0.013811383928571428 0.013374260030695024
194 0.20905412946428573 0.20642402981802235 0.017717633928571428 0.027844770883578163
175 0.22816685267857142 0.23755755316816488 0.011579241071428572 0.013374260030695024
102 0.26485770089285715 0.236899802674852 0.011300223214285714 0.01381276035957027
188 0.23493303571428573 0.29993422495066874 0.006696428571428571 0.02367901775926332
196 0.22914341517857142 0.36242052181539136 0.018833705357142856 0.029818022363516772
175 0.15164620535714285 0.362639771979829 0.011439732142857142 0.013593510195132646
119 0.11188616071428571 0.3695461521596141 0.013671875 0.027406270554702915
14 0.208984375 0.3393992545494409 0.008370535714285714 0.020171015128261346
60 0.18491908482142858 0.1747423810567858 0.0146484375 0.013593510195132646
25 0.6665736607142857 0.3020171015128261 0.014508928571428572 0.017320762990572242
192 0.6246512276785714 0.29993422495066874 0.017717633928571428 0.02762552071914054
32 0.7057756696428571 0.42381056785792587 0.013392857142857142 0.015786011839508878
190 0.6863141741071429 0.5286121464591098 0.009905133928571428 0.013593510195132646
184 0.6925223214285714 0.5969085726814295 0.021205357142857144 0.00986625739969305
186 0.3286830357142857 0.4576847182635387 0.010044642857142858 0.017320762990572242
191 0.32833426339285715 0.39421179565884673 0.013811383928571428 0.021925016443762334
189 0.5869838169642857 0.29993422495066874 0.019949776785714284 0.017978513483885114
191 0.3505161830357143 0.23733830300372724 0.0126953125 0.019951764963823723
179 0.6448800223214286 0.5777241832931375 0.012137276785714286 0.02718702039026529
184 0.67041015625 0.540122780092085 0.006277901785714286 0.03310677483008112
14 0.7006138392857143 0.5497697873273405 0.012834821428571428 0.013374260030695024
196 0.6253487723214286 0.6124753343565008 0.017717633928571428 0.027406270554702915
194 0.5465262276785714 0.6124753343565008 0.017717633928571428 0.027844770883578163
32 0.6471121651785714 0.6313308484981364 0.009905133928571428 0.02433676825257619
178 0.6468331473214286 0.7673755755316817 0.008510044642857142 0.025433019074764307
177 0.6466936383928571 0.8258057443543083 0.009068080357142858 0.02433676825257619
189 0.646484375 0.8938829204121903 0.007254464285714286 0.031572023679017756
193 0.14913504464285715 0.2998245998684499 0.017857142857142856 0.027844770883578163
195 0.19070870535714285 0.29993422495066874 0.015625 0.02455601841701381
185 0.17550223214285715 0.34159175619381715 0.021205357142857144 0.010085507564130673
142 0.220703125 0.4872834904626179 0.008091517857142858 0.01381276035957027
179 0.26904296875 0.42227581670686254 0.013532366071428572 0.01841701381276036
185 0.30301339285714285 0.4151501863626398 0.006417410714285714 0.03310677483008112
14 0.6864536830357143 0.8227362420521815 0.0087890625 0.023459767594825695
196 0.6863141741071429 0.703683402762552 0.017438616071428572 0.027844770883578163
181 0.60693359375 0.3947599210699408 0.0087890625 0.01775926331944749
195 0.20905412946428573 0.8293137469853102 0.015206473214285714 0.02433676825257619
194 0.18889508928571427 0.7999342249506687 0.018973214285714284 0.029598772199079148
119 0.20445033482142858 0.7628809471607104 0.017438616071428572 0.02565226923920193
193 0.208984375 0.642622231966674 0.018415178571428572 0.02894102170576628
25 0.23214285714285715 0.611159833369875 0.013392857142857142 0.01644376233282175
181 0.2685546875 0.6123657092742819 0.012834821428571428 0.013593510195132646
25 0.5283900669642857 0.8843455382591537 0.011021205357142858 0.02039026529269897
32 0.5436662946428571 0.9238105678579259 0.013392857142857142 0.015566761675071256
177 0.5272739955357143 0.5147993860995396 0.0087890625 0.02367901775926332
142 0.4951171875 0.48750274062705545 0.008370535714285714 0.01381276035957027
102 0.46923828125 0.4876123657092743 0.014090401785714286 0.013593510195132646
192 0.10951450892857142 0.23744792808594606 0.018136160714285716 0.02850252137689103
180 0.08956473214285714 0.2632098224073668 0.008649553571428572 0.019951764963823723
194 0.15059988839285715 0.23744792808594606 0.018275669642857144 0.02850252137689103
63 0.18303571428571427 0.2377768033326025 0.015625 0.013374260030695024
25 0.0908203125 0.3869765402324052 0.010602678571428572 0.017540013155009866
195 0.6067243303571429 0.7663889497917123 0.015625 0.024775268581451435
184 0.6173967633928571 0.7278009208506906 0.006556919642857143 0.03354527515895637
193 0.6067940848214286 0.7041219030914273 0.017996651785714284 0.028283271212453408
14 0.42745535714285715 0.6128042096031572 0.013113839285714286 0.013593510195132646
142 0.39306640625 0.6123657092742819 0.008510044642857142 0.013593510195132646
178 0.3539341517857143 0.6748520061390046 0.015625 0.013593510195132646
185 0.2822963169642857 0.6369217276912957 0.021065848214285716 0.010085507564130673
183 0.2847377232142857 0.5143608857706643 0.017020089285714284 0.010085507564130673
142 0.7261439732142857 0.4456259592194694 0.008928571428571428 0.014689761017320764
180 0.72607421875 0.6455821091865819 0.008510044642857142 0.018197763648322735
181 0.7261439732142857 0.7145362859022144 0.008928571428571428 0.017540013155009866
194 0.70458984375 0.8000438500328875 0.018275669642857144 0.02894102170576628
192 0.6681082589285714 0.7999342249506687 0.017857142857142856 0.026090769568077175
14 0.5830775669642857 0.5502082876562158 0.014369419642857142 0.013374260030695024
32 0.5412946428571429 0.5486735365051524 0.013671875 0.015566761675071256
188 0.16908482142857142 0.7552071914053936 0.012276785714285714 0.012058759044069283
188 0.16929408482142858 0.7140977855733391 0.017717633928571428 0.013593510195132646
176 0.16929408482142858 0.6459109844332384 0.0087890625 0.02324051743038807
189 0.18966238839285715 0.6124753343565008 0.019949776785714284 0.014251260688445516
195 0.16929408482142858 0.5810129357597018 0.017717633928571428 0.028064021048015787
60 0.2490234375 0.44803771102828327 0.008649553571428572 0.018636263977197982
192 0.12946428571428573 0.6433896075422056 0.018973214285714284 0.029598772199079148
183 0.12541852678571427 0.5083315062486297 0.016462053571428572 0.00986625739969305
181 0.20891462053571427 0.4532997149747862 0.0087890625 0.018636263977197982
177 0.2885044642857143 0.332931374698531 0.008649553571428572 0.02039026529269897
195 0.26778738839285715 0.29993422495066874 0.016043526785714284 0.025433019074764307
189 0.42654854910714285 0.424906818680114 0.019949776785714284 0.012278009208506906
187 0.4476841517857143 0.3936636702477527 0.008649553571428572 0.00723525542644157
14 0.6247907366071429 0.2377768033326025 0.012974330357142858 0.013374260030695024
194 0.5858677455357143 0.23733830300372724 0.017996651785714284 0.028283271212453408
191 0.55224609375 0.23733830300372724 0.012974330357142858 0.02039026529269897
175 0.5026506696428571 0.23744792808594606 0.015345982142857142 0.0131550098662574
32 0.2890625 0.7688007016005262 0.010044642857142858 0.018197763648322735
63 0.2886439732142857 0.8259153694365271 0.008370535714285714 0.021486516114887087
179 0.29024832589285715 0.8847840385880289 0.012137276785714286 0.023898267923700943
194 0.24881417410714285 0.5184170138127604 0.017438616071428572 0.027844770883578163
179 0.36635044642857145 0.39980267485200616 0.01171875 0.027844770883578163
187 0.646484375 0.3936636702477527 0.008649553571428572 0.00723525542644157
14 0.6464146205357143 0.45165533874150404 0.0087890625 0.024117518088138567