187 0.6124441964285714 0.0920648838228847 0.0030691964285714285 0.00920648838228847
187 0.6153738839285714 0.14730381411661553 0.005859375 0.004822446295484437
187 0.5884486607142857 0.8860149057430952 0.005859375 0.004822446295484437
187 0.39467075892857145 0.1343708899605436 0.0030691964285714285 0.00920648838228847
187 0.5615234375 0.8579570363875493 0.005859375 0.004822446295484437
187 0.26534598214285715 0.20100832967996493 0.005859375 0.004822446295484437
187 0.2596958705357143 0.8958790004384042 0.003208705357142857 0.00920648838228847
187 0.07686941964285714 0.8377904427882508 0.005859375 0.004822446295484437
187 0.6960797991071429 0.8838228846996932 0.005719866071428571 0.004822446295484437
187 0.6960797991071429 0.3268303375712407 0.005719866071428571 0.004822446295484437
32 0.21184430803571427 0.31937746602367384 0.006556919642857143 0.012713722051731697
191 0.21142578125 0.28112669881630864 0.007672991071428571 0.012056115738711091
192 0.21142578125 0.4101271372205173 0.011579241071428572 0.018851380973257344
191 0.19991629464285715 0.472818939061815 0.007254464285714286 0.011398509425690487
192 0.17061941964285715 0.472818939061815 0.012276785714285714 0.019289785181937746
187 0.1171875 0.472818939061815 0.0030691964285714285 0.00920648838228847
185 0.25181361607142855 0.25471284524331433 0.004464285714285714 0.02235861464270057
195 0.29220145089285715 0.2394782989916703 0.012137276785714286 0.019070583077597545
196 0.35965401785714285 0.21898290223586148 0.011997767857142858 0.018851380973257344
178 0.13078962053571427 0.36321788689171414 0.005719866071428571 0.0131521262604121
193 0.14453125 0.43051293292415604 0.011997767857142858 0.018851380973257344
188 0.19977678571428573 0.43051293292415604 0.004743303571428571 0.01446733888645331
25 0.24825613839285715 0.42952652345462516 0.007952008928571428 0.011617711530030689
192 0.3334263392857143 0.43051293292415604 0.012276785714285714 0.019289785181937746
196 0.36056082589285715 0.43062253397632616 0.012137276785714286 0.019070583077597545
182 0.5345982142857143 0.29230600613765895 0.005859375 0.00898728627794827
102 0.5345284598214286 0.24506795265234546 0.005719866071428571 0.014905743095133712
60 0.47230747767857145 0.30370451556334943 0.009905133928571428 0.00898728627794827
32 0.4130859375 0.3024989039894783 0.009486607142857142 0.011398509425690487
142 0.38699776785714285 0.43062253397632616 0.005580357142857143 0.009864094695309075
186 0.3731166294642857 0.4096887330118369 0.007114955357142857 0.01183691363437089
178 0.4369419642857143 0.38809732573432704 0.008091517857142858 0.009425690486628672
192 0.3583984375 0.3460105217010083 0.012276785714285714 0.019070583077597545
119 0.6184430803571429 0.24188952213941253 0.011997767857142858 0.013809732573432706
32 0.6156529017857143 0.2877027619465147 0.006696428571428571 0.012494519947391494
142 0.5966796875 0.3035949145111793 0.005859375 0.00920648838228847
184 0.5417829241071429 0.31028057869355546 0.004324776785714286 0.02257781674704077
181 0.6023297991071429 0.21909250328803156 0.010463169642857142 0.00898728627794827
25 0.57470703125 0.22018851380973256 0.007952008928571428 0.011617711530030689
119 0.5458984375 0.22391494958351602 0.009207589285714286 0.018632178868917142
14 0.5220424107142857 0.21876370013152127 0.008928571428571428 0.009644892590968873
196 0.4658203125 0.21909250328803156 0.011997767857142858 0.01819377466023674
25 0.7062639508928571 0.8545594037702762 0.008231026785714286 0.011179307321350284
175 0.7100306919642857 0.8110477860587462 0.010463169642857142 0.00920648838228847
142 0.6520647321428571 0.8110477860587462 0.005859375 0.00920648838228847
195 0.49295479910714285 0.8112669881630864 0.011300223214285714 0.01797457255589654
191 0.7230050223214286 0.7559184568171854 0.007672991071428571 0.012056115738711091
191 0.7059849330357143 0.6843489697501096 0.009068080357142858 0.01446733888645331
179 0.6604352678571429 0.6861025865848313 0.011160714285714286 0.012713722051731697
193 0.6273716517857143 0.6843489697501096 0.011997767857142858 0.018851380973257344
102 0.60498046875 0.6843489697501096 0.007114955357142857 0.00920648838228847
189 0.57373046875 0.6843489697501096 0.013532366071428572 0.012275317843051293
185 0.5425502232142857 0.6910346339324858 0.004464285714285714 0.02257781674704077
194 0.5198800223214286 0.6420429636124507 0.0126953125 0.01972818939061815
119 0.49044363839285715 0.6469750109601052 0.010463169642857142 0.019070583077597545
182 0.43519810267857145 0.6420429636124507 0.005719866071428571 0.00920648838228847
195 0.3729771205357143 0.28244191144234987 0.012137276785714286 0.019070583077597545
195 0.38734654017857145 0.30370451556334943 0.010463169642857142 0.016440157825515125
119 0.5989815848214286 0.8484217448487505 0.009068080357142858 0.018632178868917142
175 0.6267438616071429 0.8535729943007453 0.010463169642857142 0.008768084173608066
183 0.6840122767857143 0.8492985532661114 0.004185267857142857 0.017755370451556333
177 0.58837890625 0.8294607628233231 0.005998883928571429 0.012713722051731697
177 0.5885184151785714 0.791319596668128 0.005998883928571429 0.012713722051731697
195 0.5884486607142857 0.7051731696624287 0.010602678571428572 0.016659359929855327
186 0.5886579241071429 0.6658263919333626 0.0068359375 0.012056115738711091
195 0.57373046875 0.5997369574747917 0.010463169642857142 0.016220955721174924
177 0.58837890625 0.5396755808855765 0.005719866071428571 0.014905743095133712
192 0.4935825892857143 0.472818939061815 0.011997767857142858 0.017536168347216132
177 0.4268275669642857 0.32463831652783864 0.005719866071428571 0.014905743095133712
181 0.42689732142857145 0.4499123191582639 0.005859375 0.014248136782113108
180 0.41231863839285715 0.5575405523893029 0.009905133928571428 0.009425690486628672
63 0.38316127232142855 0.5575405523893029 0.009905133928571428 0.00898728627794827
194 0.35867745535714285 0.5574309513371328 0.011997767857142858 0.01797457255589654
195 0.33238002232142855 0.5575405523893029 0.010463169642857142 0.016440157825515125
178 0.30845424107142855 0.5571021481806225 0.009207589285714286 0.009425690486628672
179 0.3988560267857143 0.5807759754493643 0.008370535714285714 0.01731696624287593
179 0.40108816964285715 0.658702323542306 0.008370535714285714 0.017536168347216132
188 0.41517857142857145 0.8112669881630864 0.005859375 0.01446733888645331
182 0.45926339285714285 0.8115957913195967 0.006138392857142857 0.009425690486628672
191 0.4087611607142857 0.5997369574747917 0.009207589285714286 0.01446733888645331
185 0.44677734375 0.5931608943445857 0.004324776785714286 0.022797018851380975
184 0.47349330357142855 0.5930512932924156 0.004464285714285714 0.02257781674704077
183 0.5433872767857143 0.595572117492328 0.004185267857142857 0.01797457255589654
183 0.42417689732142855 0.18665059184568172 0.011300223214285714 0.006795265234546251
142 0.42689732142857145 0.2928540113985094 0.005859375 0.008768084173608066
63 0.5076032366071429 0.403222270933801 0.005719866071428571 0.015124945199473916
32 0.5080915178571429 0.4572555896536607 0.006975446428571429 0.014905743095133712
177 0.45389229910714285 0.7904427882507672 0.005998883928571429 0.01578255151249452
186 0.45382254464285715 0.5345243314335818 0.007254464285714286 0.012494519947391494
183 0.10107421875 0.41637439719421304 0.011300223214285714 0.006795265234546251
180 0.10379464285714286 0.32167908811924595 0.005859375 0.015563349408154318
186 0.14578683035714285 0.21887330118369136 0.006975446428571429 0.010302498903989479
190 0.10379464285714286 0.564116615519509 0.006417410714285714 0.007233669443226655
182 0.10379464285714286 0.6083954405962297 0.005859375 0.00898728627794827
102 0.10372488839285714 0.6566199035510741 0.005719866071428571 0.011617711530030689
186 0.10372488839285714 0.7075843928101709 0.006277901785714286 0.01183691363437089
177 0.10372488839285714 0.7471503726435774 0.005719866071428571 0.014686540990793511
142 0.26541573660714285 0.798991670320035 0.005998883928571429 0.00920648838228847
60 0.2523716517857143 0.7688513809732573 0.009207589285714286 0.009425690486628672
176 0.22384207589285715 0.7690705830775976 0.007952008928571428 0.00898728627794827
32 0.22307477678571427 0.8526961858833845 0.008370535714285714 0.010960105217010083
142 0.20479910714285715 0.8533537921964051 0.005580357142857143 0.00920648838228847
195 0.17020089285714285 0.8535729943007453 0.010602678571428572 0.016659359929855327
175 0.14599609375 0.8536825953529154 0.009905133928571428 0.00898728627794827
187 0.13071986607142858 0.8323103901797457 0.005859375 0.004822446295484437
119 0.26220703125 0.742327926348093 0.011858258928571428 0.014686540990793511
178 0.26527622767857145 0.7096668128014029 0.005719866071428571 0.016440157825515125
186 0.26527622767857145 0.6618807540552389 0.006556919642857143 0.011179307321350284
196 0.26534598214285715 0.577159140727751 0.012555803571428572 0.01972818939061815
190 0.27804129464285715 0.5574309513371328 0.006138392857142857 0.010960105217010083
192 0.35909598214285715 0.17667689609820253 0.011997767857142858 0.01841297676457694
195 0.3461216517857143 0.19903551074090312 0.012276785714285714 0.019289785181937746
181 0.4536830357142857 0.4591188075405524 0.005859375 0.011617711530030689
187 0.21149553571428573 0.7900043840420868 0.005859375 0.004822446295484437
191 0.20291573660714285 0.7689609820254274 0.0087890625 0.013590530469092503
142 0.25013950892857145 0.642371766768961 0.005859375 0.009425690486628672
193 0.2797154017857143 0.6420429636124507 0.011997767857142858 0.01841297676457694
142 0.5614536830357143 0.4502411223147742 0.005998883928571429 0.008768084173608066
175 0.5188337053571429 0.38820692678649715 0.007533482142857143 0.00920648838228847
196 0.49386160714285715 0.38831652783866727 0.011997767857142858 0.018632178868917142
14 0.22872488839285715 0.21887330118369136 0.009347098214285714 0.00898728627794827
182 0.30433872767857145 0.30370451556334943 0.005719866071428571 0.009425690486628672
185 0.36063058035714285 0.29712845243314334 0.004464285714285714 0.02257781674704077
32 0.6044224330357143 0.34502411223147744 0.009068080357142858 0.010960105217010083
102 0.6960100446428571 0.4481587023235423 0.005859375 0.014686540990793511
183 0.6988002232142857 0.5448268303375713 0.011160714285714286 0.006795265234546251
183 0.6986607142857143 0.5829679964927663 0.011439732142857142 0.006795265234546251
196 0.6823381696428571 0.5997369574747917 0.011997767857142858 0.01797457255589654
185 0.6844308035714286 0.43708899605436213 0.004464285714285714 0.022797018851380975
192 0.5745675223214286 0.43062253397632616 0.012137276785714286 0.019070583077597545
195 0.46644810267857145 0.43051293292415604 0.0126953125 0.020166593599298552
192 0.30698939732142855 0.7689609820254274 0.012137276785714286 0.019289785181937746
142 0.15764508928571427 0.744519947391495 0.005859375 0.009425690486628672
178 0.15764508928571427 0.6669224024550636 0.005859375 0.013371328364752301
177 0.17375837053571427 0.6420429636124507 0.007672991071428571 0.00920648838228847
178 0.31898716517857145 0.8795484436650591 0.005998883928571429 0.014248136782113108
183 0.27183314732142855 0.899934239368698 0.004324776785714286 0.017755370451556333
184 0.31494140625 0.7851819377466024 0.014369419642857142 0.0070144673388864535
25 0.3184291294642857 0.7030907496711969 0.007393973214285714 0.014686540990793511
183 0.3164760044642857 0.6730600613765892 0.011300223214285714 0.006795265234546251
142 0.34598214285714285 0.5382507672073652 0.005859375 0.009425690486628672
194 0.07686941964285714 0.24101271372205174 0.012555803571428572 0.019508987286277948
195 0.07686941964285714 0.28419552827707145 0.010881696428571428 0.01731696624287593
195 0.07679966517857142 0.32474791758000876 0.012137276785714286 0.019070583077597545
179 0.07798549107142858 0.40651030249890396 0.008091517857142858 0.01731696624287593
14 0.08747209821428571 0.21887330118369136 0.009765625 0.00898728627794827
32 0.23869977678571427 0.28298991670320034 0.006696428571428571 0.014028934677772907
179 0.33677455357142855 0.4709557211749233 0.010323660714285714 0.012494519947391494
183 0.36404854910714285 0.46876370013152124 0.004324776785714286 0.017755370451556333
187 0.31919642857142855 0.3248575186321789 0.005859375 0.004822446295484437
177 0.22251674107142858 0.3035949145111793 0.007254464285714286 0.00920648838228847
195 0.45382254464285715 0.41034633932485753 0.010602678571428572 0.016659359929855327
190 0.45382254464285715 0.37286277948268304 0.006138392857142857 0.00920648838228847
177 0.45382254464285715 0.20144673388864534 0.005859375 0.01578255151249452
60 0.14432198660714285 0.7686321788689171 0.010184151785714286 0.009425690486628672
178 0.07672991071428571 0.7081323980710215 0.005859375 0.013371328364752301
25 0.07610212053571429 0.6599079351161771 0.007393973214285714 0.012494519947391494
183 0.07414899553571429 0.6174923279263481 0.011300223214285714 0.0070144673388864535
181 0.07693917410714286 0.5814335817623849 0.005719866071428571 0.014686540990793511
142 0.07686941964285714 0.4895879000438404 0.005859375 0.009425690486628672
185 0.19991629464285715 0.5509644892590969 0.004464285714285714 0.023016220955721176
182 0.24595424107142858 0.5571021481806225 0.005859375 0.009425690486628672
63 0.5884486607142857 0.3229943007452872 0.005859375 0.016878562034195528
177 0.6960797991071429 0.7892371766768961 0.005719866071428571 0.014248136782113108
188 0.6960797991071429 0.7142700569925471 0.007952008928571428 0.007233669443226655