187 0.5272042410714286 0.7678140758605569 0.008649553571428572 0.007016005262003947
187 0.38330078125 0.7375575531681648 0.004603794642857143 0.013593510195132646
187 0.6067243303571429 0.1588467441350581 0.008649553571428572 0.00723525542644157
187 0.47398158482142855 0.36242052181539136 0.004603794642857143 0.013593510195132646
187 0.09444754464285714 0.2997149747862311 0.004464285714285714 0.013593510195132646
187 0.5669642857142857 0.7826134619600965 0.008649553571428572 0.00723525542644157
187 0.208984375 0.8557333918000438 0.008649553571428572 0.007016005262003947
187 0.25279017857142855 0.11247533435650077 0.004464285714285714 0.013593510195132646
187 0.31654575892857145 0.9250164437623328 0.004464285714285714 0.013593510195132646
187 0.10756138392857142 0.8625301468976102 0.004464285714285714 0.013593510195132646
187 0.5564313616071429 0.11247533435650077 0.004603794642857143 0.013593510195132646
185 0.6802455357142857 0.5735584301688226 0.021484375 0.010085507564130673
192 0.6863141741071429 0.5184170138127604 0.017717633928571428 0.027844770883578163
196 0.6863141741071429 0.4532997149747862 0.017438616071428572 0.027844770883578163
195 0.6863141741071429 0.7065336549002412 0.015206473214285714 0.02433676825257619
181 0.6276506696428571 0.7375575531681648 0.011439732142857142 0.013593510195132646
183 0.5842633928571429 0.7438061828546372 0.006417410714285714 0.026090769568077175
181 0.48758370535714285 0.695023021267266 0.008370535714285714 0.0197325147993861
186 0.666015625 0.42534531900898925 0.011160714285714286 0.01710151282613462
195 0.5859375 0.424906818680114 0.015625 0.02455601841701381
102 0.6862444196428571 0.33051962288971715 0.008370535714285714 0.02170576627932471
183 0.6275111607142857 0.3059636044727034 0.006417410714285714 0.026529269896952423
195 0.5862862723214286 0.29993422495066874 0.016043526785714284 0.025433019074764307
195 0.5458286830357143 0.29993422495066874 0.017717633928571428 0.026748520061390047
195 0.32833426339285715 0.89114229335672 0.017717633928571428 0.027844770883578163
189 0.34912109375 0.7999342249506687 0.019949776785714284 0.01644376233282175
195 0.42822265625 0.7999342249506687 0.015485491071428572 0.02433676825257619
25 0.32735770089285715 0.7102609076956807 0.011579241071428572 0.01775926331944749
14 0.32847377232142855 0.655996491997369 0.0087890625 0.020609515457136594
189 0.42745535714285715 0.7375575531681648 0.020089285714285716 0.011401008550756413
176 0.5270647321428571 0.6393334795001097 0.008928571428571428 0.02104801578601184
191 0.5401785714285714 0.6124753343565008 0.011997767857142858 0.01907476430607323
182 0.6333705357142857 0.6123657092742819 0.008370535714285714 0.013593510195132646
195 0.12946428571428573 0.5161148870861653 0.015904017857142856 0.02499451874588906
179 0.15248325892857142 0.42271431703573775 0.013671875 0.019294014470510854
185 0.13567243303571427 0.5984433238324929 0.021344866071428572 0.010304757728568297
175 0.12960379464285715 0.703683402762552 0.008649553571428572 0.016882262661696998
189 0.12953404017857142 0.7689103266827451 0.009068080357142858 0.031572023679017756
188 0.18436104910714285 0.7999342249506687 0.008510044642857142 0.01775926331944749
142 0.23953683035714285 0.7998245998684499 0.009207589285714286 0.013593510195132646
193 0.5067661830357143 0.23733830300372724 0.017717633928571428 0.027844770883578163
190 0.6067243303571429 0.2445735584301688 0.007254464285714286 0.017320762990572242
195 0.5856584821428571 0.36242052181539136 0.018415178571428572 0.02894102170576628
179 0.5546875 0.36516114887086165 0.016741071428571428 0.018636263977197982
184 0.6130022321428571 0.4626178469633852 0.021205357142857144 0.01052400789300592
195 0.14899553571428573 0.48739311554483666 0.018694196428571428 0.029379522034641527
186 0.16950334821428573 0.45154571365928525 0.009765625 0.017320762990572242
183 0.16545758928571427 0.34630563472922604 0.017020089285714284 0.010304757728568297
192 0.14739118303571427 0.2998245998684499 0.017717633928571428 0.027844770883578163
177 0.20919363839285715 0.521486516114887 0.0087890625 0.02039026529269897
181 0.22433035714285715 0.5502082876562158 0.013392857142857142 0.013374260030695024
181 0.30078125 0.550098662573997 0.013392857142857142 0.0131550098662574
180 0.22719029017857142 0.2998245998684499 0.013811383928571428 0.01381276035957027
181 0.30936104910714285 0.11170795878096909 0.013532366071428572 0.01381276035957027
177 0.42557198660714285 0.11258495943871957 0.012974330357142858 0.013374260030695024
187 0.46756417410714285 0.11247533435650077 0.004603794642857143 0.013593510195132646
175 0.48744419642857145 0.13111159833369876 0.008370535714285714 0.021925016443762334
187 0.48744419642857145 0.20620477965358475 0.008649553571428572 0.00723525542644157
192 0.44761439732142855 0.27176057882043414 0.018833705357142856 0.029598772199079148
60 0.4340122767857143 0.23744792808594606 0.015345982142857142 0.013593510195132646
176 0.4297572544642857 0.29960534970401226 0.013811383928571428 0.01381276035957027
193 0.40792410714285715 0.33194474895856174 0.018415178571428572 0.02894102170576628
182 0.4077845982142857 0.3889497917123438 0.008649553571428572 0.01183950887963166
142 0.39627511160714285 0.4251260688445516 0.0087890625 0.014032010524007894
176 0.24909319196428573 0.834685376014032 0.0087890625 0.02104801578601184
192 0.24874441964285715 0.896404297303223 0.018415178571428572 0.028721771541328656
182 0.24888392857142858 0.770116202587152 0.008928571428571428 0.012058759044069283
102 0.24888392857142858 0.6382372286779215 0.008649553571428572 0.018855514141635606
184 0.24274553571428573 0.591975443981583 0.021484375 0.010085507564130673
189 0.18798828125 0.5498794124095593 0.019949776785714284 0.013593510195132646
178 0.18994140625 0.6121464591098443 0.011579241071428572 0.014032010524007894
181 0.15513392857142858 0.6131330848498137 0.012276785714285714 0.013374260030695024
191 0.10860770089285714 0.6124753343565008 0.014090401785714286 0.022144266608199955
142 0.30343191964285715 0.17463275597456698 0.008370535714285714 0.01381276035957027
187 0.46756417410714285 0.5498794124095593 0.004603794642857143 0.013593510195132646
189 0.38650948660714285 0.5499890374917781 0.019949776785714284 0.01512826134619601
142 0.10316685267857142 0.4251260688445516 0.008231026785714286 0.01447051085288314
60 0.08970424107142858 0.4591098443323833 0.008370535714285714 0.018855514141635606
178 0.11300223214285714 0.48750274062705545 0.014229910714285714 0.01381276035957027
190 0.08970424107142858 0.3842359131769349 0.008091517857142858 0.00986625739969305
196 0.5669642857142857 0.7058759044069283 0.018694196428571428 0.029160271870203903
192 0.5669642857142857 0.6417452313089235 0.018136160714285716 0.02850252137689103
119 0.5624302455357143 0.5181977636483227 0.017438616071428572 0.027844770883578163
190 0.5967494419642857 0.48739311554483666 0.007393973214285714 0.015786011839508878
142 0.5774972098214286 0.550098662573997 0.008231026785714286 0.014032010524007894
142 0.6325334821428571 0.5496601622451217 0.008370535714285714 0.014032010524007894
178 0.4872349330357143 0.3326024994518746 0.008510044642857142 0.02587151940363955
176 0.5669642857142857 0.4641525981144486 0.008370535714285714 0.02499451874588906
184 0.14773995535714285 0.9152598114448586 0.006417410714285714 0.03354527515895637
192 0.19063895089285715 0.9250164437623328 0.0185546875 0.029379522034641527
192 0.12946428571428573 0.8305196228897171 0.018973214285714284 0.029818022363516772
188 0.16929408482142858 0.5821091865818899 0.015485491071428572 0.012278009208506906
195 0.08970424107142858 0.5177592633194474 0.017578125 0.027844770883578163
192 0.08970424107142858 0.7716509537382154 0.017857142857142856 0.027844770883578163
189 0.12946428571428573 0.2681429511072133 0.0078125 0.031572023679017756
186 0.12960379464285715 0.21015128261346197 0.010044642857142858 0.016882262661696998
180 0.19384765625 0.17485200613900462 0.014090401785714286 0.013374260030695024
32 0.4483119419642857 0.7011620258715194 0.009905133928571428 0.020609515457136594
195 0.44761439732142855 0.6433896075422056 0.0166015625 0.026090769568077175
176 0.4478236607142857 0.5801359351019513 0.008649553571428572 0.022802017101512827
176 0.5272042410714286 0.5138127603595702 0.008370535714285714 0.022144266608199955
190 0.208984375 0.6647664985748739 0.009486607142857142 0.012716509537382154
63 0.20891462053571427 0.5782723087042315 0.008510044642857142 0.01907476430607323
196 0.14927455357142858 0.5498794124095593 0.018136160714285716 0.02850252137689103
195 0.3680943080357143 0.5197325147993861 0.017438616071428572 0.027844770883578163
177 0.36795479910714285 0.27373383030037274 0.008510044642857142 0.022582766937075203
195 0.24881417410714285 0.3315062486296865 0.015764508928571428 0.02455601841701381
185 0.37423270089285715 0.6482131111598334 0.021344866071428572 0.010304757728568297
176 0.35518973214285715 0.6749616312212234 0.015345982142857142 0.013374260030695024
32 0.40834263392857145 0.6398816049112037 0.010044642857142858 0.023898267923700943
177 0.4873744419642857 0.8930059197544398 0.0087890625 0.020171015128261346
193 0.46630859375 0.9250164437623328 0.018275669642857144 0.02850252137689103
189 0.42724609375 0.9250164437623328 0.019949776785714284 0.012278009208506906
185 0.17564174107142858 0.6550098662573997 0.020926339285714284 0.010743258057443543
119 0.17354910714285715 0.8267923700942775 0.017857142857142856 0.020609515457136594
60 0.14725167410714285 0.8625301468976102 0.012974330357142858 0.0131550098662574
194 0.5272042410714286 0.26912957684718264 0.018973214285714284 0.029598772199079148
191 0.5272042410714286 0.19721552291164218 0.012834821428571428 0.02039026529269897