187 0.49923270089285715 0.29993422495066874 0.004603794642857143 0.013593510195132646
187 0.30845424107142855 0.23744792808594606 0.004464285714285714 0.013593510195132646
187 0.6321847098214286 0.1749616312212234 0.004603794642857143 0.013593510195132646
187 0.6862444196428571 0.20368340276255206 0.008649553571428572 0.007016005262003947
187 0.6862444196428571 0.873711905283929 0.008649553571428572 0.007016005262003947
32 0.6329520089285714 0.29850909888182414 0.012276785714285714 0.015566761675071256
195 0.6465541294642857 0.3338083753562815 0.014927455357142858 0.02433676825257619
186 0.6233956473214286 0.42523569392677046 0.0107421875 0.016005262003946502
178 0.587890625 0.424906818680114 0.013113839285714286 0.014032010524007894
177 0.5484793526785714 0.42446831835123877 0.014369419642857142 0.013593510195132646
179 0.5149274553571429 0.4277570708178031 0.013950892857142858 0.018855514141635606
14 0.4722377232142857 0.42457794343345756 0.013671875 0.01381276035957027
32 0.32889229910714285 0.449353212014909 0.009905133928571428 0.01775926331944749
182 0.3681640625 0.27483008112256085 0.008649553571428572 0.013374260030695024
14 0.35142299107142855 0.2377768033326025 0.012834821428571428 0.013374260030695024
195 0.24881417410714285 0.5155667616750712 0.0166015625 0.026090769568077175
196 0.31005859375 0.48739311554483666 0.018275669642857144 0.02850252137689103
191 0.24881417410714285 0.6487612365709274 0.012137276785714286 0.018855514141635606
63 0.3461216517857143 0.48739311554483666 0.013392857142857142 0.013593510195132646
182 0.36830357142857145 0.44540670905503177 0.008928571428571428 0.012935759701819776
183 0.3853236607142857 0.41876781407586056 0.006975446428571429 0.0263100197325148
25 0.31075613839285715 0.3015786011839509 0.012137276785714286 0.016005262003946502
177 0.3281947544642857 0.3309581232185924 0.008510044642857142 0.01775926331944749
179 0.4061802455357143 0.21574216180662137 0.011858258928571428 0.02718702039026529
189 0.42640904017857145 0.23733830300372724 0.019949776785714284 0.014251260688445516
194 0.40785435267857145 0.2700065775049331 0.017438616071428572 0.027844770883578163
142 0.40799386160714285 0.3324928743696558 0.008510044642857142 0.012935759701819776
190 0.32833426339285715 0.772418329313747 0.009626116071428572 0.014909011181758386
32 0.3290318080357143 0.7009427757070817 0.010184151785714286 0.021925016443762334
60 0.32833426339285715 0.6508441131330849 0.008510044642857142 0.023459767594825695
14 0.32833426339285715 0.5765183073887306 0.008510044642857142 0.01907476430607323
180 0.5136021205357143 0.1747423810567858 0.013532366071428572 0.013593510195132646
195 0.5669642857142857 0.20828765621574216 0.015625 0.02455601841701381
102 0.5786830357142857 0.23700942775707082 0.010881696428571428 0.014032010524007894
142 0.28871372767857145 0.8367682525761895 0.009068080357142858 0.013374260030695024
32 0.27218191964285715 0.9230431922823942 0.016741071428571428 0.017540013155009866
191 0.40785435267857145 0.4451874588905942 0.011858258928571428 0.018636263977197982
60 0.40799386160714285 0.5720236790177593 0.008510044642857142 0.017540013155009866
193 0.3070591517857143 0.7374479280859461 0.018136160714285716 0.028721771541328656
179 0.36642020089285715 0.7157421618066213 0.012137276785714286 0.02302126726595045
182 0.36788504464285715 0.6613681210260908 0.008928571428571428 0.014251260688445516
175 0.38155691964285715 0.6123657092742819 0.013392857142857142 0.013593510195132646
181 0.47181919642857145 0.36231089673317257 0.011997767857142858 0.013374260030695024
60 0.44775390625 0.3403858802894102 0.008510044642857142 0.019513264634948475
187 0.38797433035714285 0.8000438500328875 0.004464285714285714 0.013593510195132646
190 0.3505161830357143 0.8000438500328875 0.010463169642857142 0.011401008550756413
189 0.46763392857142855 0.7374479280859461 0.020089285714285716 0.014251260688445516
180 0.44775390625 0.2697873273404955 0.0087890625 0.019951764963823723
25 0.48856026785714285 0.4518745889059417 0.010881696428571428 0.019294014470510854
177 0.48744419642857145 0.5231308923481692 0.008370535714285714 0.019294014470510854
119 0.4619838169642857 0.5571146678360008 0.017159598214285716 0.02762552071914054
60 0.3897181919642857 0.5499890374917781 0.012137276785714286 0.013374260030695024
175 0.12946428571428573 0.5183073887305415 0.008370535714285714 0.016663012497259374
63 0.12932477678571427 0.45439596579697433 0.008649553571428572 0.02433676825257619
60 0.15094866071428573 0.3618723964042973 0.015345982142857142 0.014251260688445516
194 0.22928292410714285 0.36242052181539136 0.017717633928571428 0.02762552071914054
187 0.12946428571428573 0.5812321859241394 0.008649553571428572 0.007016005262003947
175 0.12946428571428573 0.7155229116421837 0.008649553571428572 0.01775926331944749
183 0.5232282366071429 0.6494189870642403 0.0166015625 0.01052400789300592
25 0.47154017857142855 0.614119710589783 0.01171875 0.01710151282613462
192 0.46630859375 0.7999342249506687 0.017996651785714284 0.028283271212453408
184 0.4219447544642857 0.8096908572681429 0.006556919642857143 0.03332602499451875
187 0.5272042410714286 0.5812321859241394 0.008649553571428572 0.007016005262003947
181 0.5020926339285714 0.5499890374917781 0.015345982142857142 0.01381276035957027
175 0.5828683035714286 0.5497697873273405 0.013671875 0.013374260030695024
25 0.6077706473214286 0.5900021925016444 0.010463169642857142 0.02455601841701381
194 0.5848214285714286 0.6124753343565008 0.018136160714285716 0.028721771541328656
188 0.5382254464285714 0.6124753343565008 0.006417410714285714 0.026529269896952423
188 0.6067243303571429 0.5240078930059198 0.014508928571428572 0.012278009208506906
178 0.6067243303571429 0.3885112913834685 0.008370535714285714 0.02324051743038807
175 0.3680943080357143 0.21453628590221444 0.008510044642857142 0.025213768910326683
119 0.45200892857142855 0.8363297522473142 0.017578125 0.022144266608199955
63 0.42173549107142855 0.8627493970620478 0.015066964285714286 0.013593510195132646
196 0.32833426339285715 0.2057662793247095 0.0185546875 0.029160271870203903
176 0.08963448660714286 0.9048454286340715 0.008510044642857142 0.018855514141635606
60 0.08998325892857142 0.715961411971059 0.008649553571428572 0.022144266608199955
119 0.08489118303571429 0.5753124314843236 0.017717633928571428 0.021486516114887087
183 0.08572823660714286 0.5254330190747643 0.0166015625 0.010304757728568297
196 0.11104910714285714 0.424906818680114 0.018136160714285716 0.02850252137689103
175 0.30447823660714285 0.9251260688445516 0.0146484375 0.013374260030695024
60 0.6863141741071429 0.3298618723964043 0.008510044642857142 0.018636263977197982
194 0.6862444196428571 0.4579039684279763 0.017020089285714284 0.027844770883578163
190 0.6422991071428571 0.48750274062705545 0.010881696428571428 0.012058759044069283
186 0.38895089285714285 0.3627493970620478 0.01171875 0.015566761675071256
191 0.32833426339285715 0.8307388730541548 0.012137276785714286 0.018855514141635606
183 0.16524832589285715 0.7843674632755975 0.0166015625 0.010304757728568297
60 0.16901506696428573 0.514580135935102 0.008510044642857142 0.01841701381276036
60 0.15499441964285715 0.424906818680114 0.013392857142857142 0.0131550098662574
14 0.6863839285714286 0.8361105020828765 0.008649553571428572 0.022582766937075203
191 0.6863141741071429 0.7783380837535628 0.012137276785714286 0.018855514141635606
184 0.6758510044642857 0.7473141854856391 0.006277901785714286 0.03310677483008112
189 0.66552734375 0.8625301468976102 0.019949776785714284 0.01710151282613462
192 0.5862862723214286 0.8625301468976102 0.017717633928571428 0.02718702039026529
14 0.5539202008928571 0.862639771979829 0.011300223214285714 0.013374260030695024
142 0.6861746651785714 0.7078491558868669 0.0087890625 0.013374260030695024
189 0.6646902901785714 0.6749616312212234 0.019949776785714284 0.015566761675071256
185 0.24281529017857142 0.2771322078491559 0.021623883928571428 0.010085507564130673
192 0.27001953125 0.1749616312212234 0.017717633928571428 0.02718702039026529
32 0.3076869419642857 0.17353650515237887 0.015206473214285714 0.016005262003946502
183 0.25272042410714285 0.4564788423591318 0.0166015625 0.010085507564130673