187 0.07686941964285714 0.5837352038579571 0.005859375 0.004822446295484437
187 0.3461216517857143 0.395659798334064 0.005859375 0.004822446295484437
187 0.07686941964285714 0.22972380534853135 0.005859375 0.004822446295484437
187 0.373046875 0.8805348531345901 0.005859375 0.004822446295484437
187 0.6691545758928571 0.90223586146427 0.005719866071428571 0.004822446295484437
187 0.4189453125 0.8958790004384042 0.0030691964285714285 0.00920648838228847
187 0.7028459821428571 0.5574309513371328 0.0030691964285714285 0.00920648838228847
187 0.3304966517857143 0.3459009206488382 0.0030691964285714285 0.00920648838228847
25 0.2661830357142857 0.5798991670320035 0.007533482142857143 0.015124945199473916
119 0.2525111607142857 0.6469750109601052 0.010323660714285714 0.018632178868917142
187 0.2787388392857143 0.5574309513371328 0.0030691964285714285 0.00920648838228847
186 0.30301339285714285 0.5576501534414731 0.0078125 0.010960105217010083
195 0.33370535714285715 0.5574309513371328 0.010881696428571428 0.01709776413853573
25 0.35658482142857145 0.5563349408154318 0.010044642857142858 0.010960105217010083
194 0.23842075892857142 0.1966242875931609 0.012276785714285714 0.019289785181937746
63 0.23842075892857142 0.14971503726435773 0.005859375 0.01709776413853573
176 0.25020926339285715 0.09217448487505481 0.0107421875 0.00898728627794827
63 0.28173828125 0.0919552827707146 0.010184151785714286 0.00898728627794827
25 0.30936104910714285 0.0910784743533538 0.008231026785714286 0.011179307321350284
14 0.19503348214285715 0.26128890837352037 0.009207589285714286 0.00920648838228847
190 0.17438616071428573 0.26128890837352037 0.006138392857142857 0.010083296799649276
192 0.11669921875 0.26128890837352037 0.012416294642857142 0.019289785181937746
194 0.08963448660714286 0.26128890837352037 0.012974330357142858 0.020166593599298552
180 0.23835100446428573 0.2855107409031127 0.005998883928571429 0.013371328364752301
196 0.2236328125 0.43051293292415604 0.012276785714285714 0.019289785181937746
184 0.07261439732142858 0.5446076282332311 0.014369419642857142 0.006795265234546251
193 0.11844308035714286 0.5151249451994739 0.012276785714285714 0.019289785181937746
196 0.19810267857142858 0.472818939061815 0.012555803571428572 0.01972818939061815
178 0.22614397321428573 0.47303814116615517 0.008370535714285714 0.00920648838228847
185 0.7540457589285714 0.5788031565103025 0.014508928571428572 0.007233669443226655
25 0.6785714285714286 0.6005041648399825 0.007533482142857143 0.011617711530030689
194 0.7499302455357143 0.44980271810609385 0.0126953125 0.020166593599298552
60 0.6422293526785714 0.2375054800526085 0.005719866071428571 0.015563349408154318
189 0.5742885044642857 0.6420429636124507 0.013532366071428572 0.010083296799649276
193 0.6692243303571429 0.5780359491451118 0.011997767857142858 0.018851380973257344
192 0.6691545758928571 0.49342393686979397 0.011858258928571428 0.018851380973257344
181 0.6691545758928571 0.45309074967119684 0.005719866071428571 0.016220955721174924
119 0.666015625 0.36212187637001314 0.011997767857142858 0.015344147303814117
14 0.3617466517857143 0.43051293292415604 0.007533482142857143 0.00920648838228847
191 0.38316127232142855 0.43051293292415604 0.0068359375 0.01052170100832968
183 0.34884207589285715 0.45506356861025865 0.011021205357142858 0.00657606313020605
175 0.6421595982142857 0.20002192021043402 0.005859375 0.015563349408154318
180 0.6295340401785714 0.17678649715037265 0.008231026785714286 0.00898728627794827
190 0.5673130580357143 0.17667689609820253 0.004324776785714286 0.009644892590968873
188 0.5614536830357143 0.1962954844366506 0.009905133928571428 0.00898728627794827
191 0.5515485491071429 0.21898290223586148 0.007952008928571428 0.012275317843051293
32 0.5215541294642857 0.21810609381850066 0.009347098214285714 0.010960105217010083
60 0.6339983258928571 0.13448049101271373 0.009626116071428572 0.00898728627794827
178 0.6001674107142857 0.13448049101271373 0.009486607142857142 0.009425690486628672
183 0.5707310267857143 0.13864533099517756 0.004464285714285714 0.017755370451556333
60 0.544921875 0.13415168785620343 0.008649553571428572 0.00920648838228847
191 0.5168108258928571 0.13448049101271373 0.009347098214285714 0.014686540990793511
177 0.4120396205357143 0.13459009206488382 0.007114955357142857 0.00920648838228847
25 0.39048549107142855 0.13568610258658484 0.0078125 0.011398509425690487
182 0.35498046875 0.1343708899605436 0.005719866071428571 0.00920648838228847
178 0.07679966517857142 0.45276194651468654 0.005719866071428571 0.016001753616834723
185 0.21561104910714285 0.4438842612889084 0.014369419642857142 0.0070144673388864535
180 0.43826729910714285 0.30370451556334943 0.007672991071428571 0.009425690486628672
119 0.49588448660714285 0.21416045594037703 0.009068080357142858 0.018851380973257344
119 0.42989676339285715 0.4461858833844805 0.012416294642857142 0.014248136782113108
178 0.39139229910714285 0.47303814116615517 0.0087890625 0.00920648838228847
195 0.359375 0.472818939061815 0.010602678571428572 0.016659359929855327
191 0.33238002232142855 0.472818939061815 0.007952008928571428 0.012275317843051293
119 0.34898158482142855 0.2377246821569487 0.012137276785714286 0.017755370451556333
194 0.3461216517857143 0.283647523016221 0.01171875 0.018851380973257344
188 0.361328125 0.3035949145111793 0.005580357142857143 0.01841297676457694
195 0.38671875 0.3035949145111793 0.012276785714285714 0.019289785181937746
175 0.373046875 0.4101271372205173 0.005859375 0.015344147303814117
32 0.10428292410714286 0.4461858833844805 0.006556919642857143 0.016440157825515125
14 0.10372488839285714 0.4903551074090311 0.005719866071428571 0.01183691363437089
195 0.09026227678571429 0.5574309513371328 0.012834821428571428 0.020166593599298552
195 0.11837332589285714 0.6420429636124507 0.010463169642857142 0.016220955721174924
60 0.19852120535714285 0.6420429636124507 0.008091517857142858 0.00920648838228847
195 0.23842075892857142 0.6188075405523893 0.01171875 0.018851380973257344
189 0.23842075892857142 0.5774879438842613 0.006138392857142857 0.021262604120999562
188 0.25516183035714285 0.5574309513371328 0.005301339285714286 0.014905743095133712
189 0.23842075892857142 0.49287593160894344 0.005301339285714286 0.021262604120999562
63 0.373046875 0.7882507672073652 0.005859375 0.013590530469092503
25 0.37227957589285715 0.7427663305567733 0.007393973214285714 0.015124945199473916
192 0.3729771205357143 0.7041867601928978 0.0126953125 0.01994739149495835
195 0.3876255580357143 0.6420429636124507 0.012137276785714286 0.019289785181937746
193 0.41427176339285715 0.6420429636124507 0.012416294642857142 0.01972818939061815
102 0.43484933035714285 0.6421525646646208 0.009765625 0.009425690486628672
63 0.373046875 0.6292196405085488 0.005859375 0.012494519947391494
184 0.36879185267857145 0.590311266988163 0.014369419642857142 0.00657606313020605
182 0.46170479910714285 0.6420429636124507 0.005719866071428571 0.00920648838228847
184 0.6648995535714286 0.8751644015782551 0.014229910714285714 0.007233669443226655
195 0.6691545758928571 0.7460543621218764 0.012137276785714286 0.019070583077597545
177 0.5999581473214286 0.7267645769399387 0.008231026785714286 0.00898728627794827
179 0.5873325892857143 0.7018851380973258 0.008370535714285714 0.01797457255589654
194 0.57421875 0.6843489697501096 0.011997767857142858 0.01841297676457694
189 0.6275809151785714 0.8958790004384042 0.013532366071428572 0.00920648838228847
182 0.5536411830357143 0.8957693993862341 0.005440848214285714 0.009425690486628672
192 0.4935825892857143 0.8958790004384042 0.012276785714285714 0.019289785181937746
193 0.4398716517857143 0.8958790004384042 0.011997767857142858 0.018851380973257344
182 0.6690848214285714 0.20276194651468654 0.005859375 0.008768084173608066
14 0.6519252232142857 0.13448049101271373 0.009486607142857142 0.00898728627794827
142 0.6153738839285714 0.20024112231477423 0.005859375 0.009425690486628672
195 0.6691545758928571 0.24057430951337133 0.012416294642857142 0.019508987286277948
63 0.6340680803571429 0.3460105217010083 0.008649553571428572 0.00898728627794827
181 0.5763811383928571 0.30370451556334943 0.010184151785714286 0.00898728627794827
194 0.5472935267857143 0.3035949145111793 0.012834821428571428 0.020166593599298552
175 0.52490234375 0.30370451556334943 0.0107421875 0.00898728627794827
63 0.5508510044642857 0.599956159579132 0.008510044642857142 0.00920648838228847
188 0.5701032366071429 0.5998465585269619 0.0048828125 0.016440157825515125
102 0.6286969866071429 0.5996273564226217 0.007952008928571428 0.00898728627794827
194 0.65576171875 0.5997369574747917 0.0126953125 0.01972818939061815
14 0.5345982142857143 0.8307759754493643 0.005859375 0.01578255151249452
25 0.5353655133928571 0.8757124068391057 0.007393973214285714 0.0131521262604121
177 0.5884486607142857 0.665168785620342 0.005859375 0.012932924156071899
185 0.5401088169642857 0.564116615519509 0.004603794642857143 0.02257781674704077
193 0.5207170758928571 0.5574309513371328 0.012416294642857142 0.01972818939061815
189 0.49365234375 0.5574309513371328 0.013532366071428572 0.009644892590968873
178 0.44168526785714285 0.5574309513371328 0.009765625 0.00920648838228847
179 0.47049386160714285 0.682595352915388 0.010184151785714286 0.012713722051731697
184 0.49295479910714285 0.6775537045155634 0.004324776785714286 0.02235861464270057
14 0.45382254464285715 0.8762604120999562 0.005859375 0.011617711530030689
182 0.45382254464285715 0.6215475668566418 0.005859375 0.00898728627794827
181 0.44168526785714285 0.5996273564226217 0.007533482142857143 0.00898728627794827
176 0.18450055803571427 0.5362779482683033 0.005719866071428571 0.012494519947391494
179 0.18568638392857142 0.5783647523016221 0.008091517857142858 0.014686540990793511
193 0.17068917410714285 0.5574309513371328 0.012416294642857142 0.01972818939061815
63 0.15757533482142858 0.5746383165278387 0.005998883928571429 0.015563349408154318
195 0.13071986607142858 0.5344147303814116 0.012555803571428572 0.01972818939061815
195 0.14453125 0.5574309513371328 0.011997767857142858 0.01841297676457694
194 0.21149553571428573 0.5349627356422622 0.012555803571428572 0.01994739149495835
188 0.21142578125 0.48454625164401577 0.007672991071428571 0.008548882069267865
63 0.6309988839285714 0.5574309513371328 0.010881696428571428 0.00920648838228847
196 0.6566685267857143 0.5574309513371328 0.011997767857142858 0.018851380973257344
192 0.6826171875 0.5574309513371328 0.012555803571428572 0.01972818939061815
14 0.3998325892857143 0.5 0.005859375 0.012713722051731697
186 0.3999720982142857 0.6186979395002192 0.006975446428571429 0.011179307321350284
63 0.3339146205357143 0.6420429636124507 0.008231026785714286 0.008768084173608066
180 0.15750558035714285 0.5328803156510302 0.005859375 0.012275317843051293
177 0.15757533482142858 0.49221832529592285 0.005719866071428571 0.012056115738711091
188 0.42689732142857145 0.12209557211749233 0.009207589285714286 0.00657606313020605
32 0.39139229910714285 0.0910784743533538 0.010184151785714286 0.011179307321350284
175 0.3604213169642857 0.0920648838228847 0.007672991071428571 0.00920648838228847
192 0.33203125 0.09217448487505481 0.011997767857142858 0.01819377466023674
176 0.49483816964285715 0.17667689609820253 0.007533482142857143 0.00920648838228847
177 0.5197405133928571 0.17656729504603244 0.0087890625 0.009425690486628672
194 0.22377232142857142 0.5574309513371328 0.012834821428571428 0.020166593599298552
102 0.3192661830357143 0.4495835160017536 0.005998883928571429 0.01578255151249452
63 0.3192661830357143 0.36288908373520384 0.005719866071428571 0.014248136782113108
193 0.6153041294642857 0.28167470407715917 0.012416294642857142 0.019289785181937746
182 0.6153041294642857 0.2381630863656291 0.006277901785714286 0.009864094695309075
191 0.6153738839285714 0.3274879438842613 0.007533482142857143 0.01183691363437089
175 0.5995396205357143 0.430403331871986 0.009905133928571428 0.00898728627794827
175 0.5488978794642857 0.43018412976764575 0.009905133928571428 0.009425690486628672
119 0.5191127232142857 0.4353353792196405 0.010044642857142858 0.018851380973257344
14 0.37290736607142855 0.10992985532661113 0.005859375 0.016001753616834723
25 0.3736049107142857 0.14960543621218764 0.006975446428571429 0.012932924156071899
185 0.37716238839285715 0.18950021920210433 0.014369419642857142 0.006795265234546251
187 0.373046875 0.24024550635686104 0.005859375 0.004822446295484437
186 0.33363560267857145 0.2611793073213503 0.007393973214285714 0.010740903112669882
188 0.5076032366071429 0.28145550197281893 0.008231026785714286 0.00920648838228847
102 0.6282784598214286 0.30370451556334943 0.0087890625 0.009425690486628672
182 0.5073939732142857 0.19256904866286717 0.006417410714285714 0.00898728627794827
191 0.5076032366071429 0.15311266988163086 0.006556919642857143 0.010302498903989479
192 0.58837890625 0.2396975010960105 0.012416294642857142 0.019508987286277948
32 0.5887974330357143 0.4147303814116616 0.006556919642857143 0.0131521262604121