187 0.71875 0.5574309513371328 0.0030691964285714285 0.00920648838228847
187 0.15764508928571427 0.8443665059184569 0.005859375 0.004822446295484437
187 0.42689732142857145 0.5048224462954845 0.005859375 0.004822446295484437
187 0.3461216517857143 0.49364313897413414 0.005859375 0.004822446295484437
187 0.13071986607142858 0.37856203419552825 0.005859375 0.004822446295484437
187 0.6422991071428571 0.23169662428759316 0.005859375 0.004822446295484437
187 0.3461216517857143 0.2981148619026743 0.005859375 0.004822446295484437
187 0.7499302455357143 0.2238053485313459 0.005719866071428571 0.004822446295484437
187 0.32296316964285715 0.21898290223586148 0.0030691964285714285 0.00920648838228847
184 0.3687220982142857 0.801183691363437 0.014229910714285714 0.0070144673388864535
192 0.3729771205357143 0.7457255589653661 0.0126953125 0.020166593599298552
176 0.3729771205357143 0.7041867601928978 0.005719866071428571 0.014248136782113108
32 0.3599330357142857 0.6834721613327488 0.010323660714285714 0.01183691363437089
183 0.41685267857142855 0.8492985532661114 0.004464285714285714 0.017755370451556333
184 0.4379185267857143 0.8468873301183691 0.004464285714285714 0.02257781674704077
191 0.47119140625 0.8535729943007453 0.009347098214285714 0.014905743095133712
181 0.52294921875 0.8536825953529154 0.0087890625 0.00898728627794827
179 0.37193080357142855 0.6147523016220956 0.008091517857142858 0.014248136782113108
63 0.2523716517857143 0.34612012275317844 0.009207589285714286 0.00920648838228847
181 0.21135602678571427 0.3259535291538799 0.005859375 0.015344147303814117
181 0.21128627232142858 0.1955282770714599 0.005998883928571429 0.014905743095133712
187 0.21149553571428573 0.15563349408154317 0.005859375 0.004822446295484437
193 0.11669921875 0.26128890837352037 0.012137276785714286 0.018851380973257344
177 0.08809988839285714 0.26128890837352037 0.008510044642857142 0.00920648838228847
186 0.6572265625 0.34622972380534855 0.0078125 0.009864094695309075
192 0.6960797991071429 0.3678211310828584 0.0126953125 0.01972818939061815
192 0.6960797991071429 0.45287154756685666 0.011858258928571428 0.018851380973257344
25 0.2646484375 0.32124068391056554 0.007254464285714286 0.013371328364752301
188 0.26527622767857145 0.35686102586584834 0.007672991071428571 0.008768084173608066
195 0.27992466517857145 0.472818939061815 0.0107421875 0.016659359929855327
196 0.30601283482142855 0.472818939061815 0.012416294642857142 0.019289785181937746
192 0.3329380580357143 0.472818939061815 0.0126953125 0.01972818939061815
60 0.26527622767857145 0.2482463831652784 0.005719866071428571 0.016440157825515125
181 0.26541573660714285 0.16363437088996055 0.005719866071428571 0.014248136782113108
14 0.58837890625 0.41681280140289345 0.005719866071428571 0.011617711530030689
192 0.6422293526785714 0.40925032880315654 0.012416294642857142 0.01972818939061815
182 0.6422991071428571 0.3674923279263481 0.005859375 0.00898728627794827
185 0.5975864955357143 0.3394344585708023 0.004324776785714286 0.02257781674704077
25 0.5875418526785714 0.3245287154756686 0.007114955357142857 0.012932924156071899
182 0.6327427455357143 0.26128890837352037 0.005440848214285714 0.00920648838228847
184 0.5387834821428571 0.4506795265234546 0.014229910714285714 0.0070144673388864535
183 0.34877232142857145 0.7382726874177992 0.011160714285714286 0.0070144673388864535
180 0.34605189732142855 0.7049539675580886 0.005998883928571429 0.014905743095133712
192 0.34605189732142855 0.6186979395002192 0.012416294642857142 0.019508987286277948
189 0.2509068080357143 0.5997369574747917 0.013532366071428572 0.010083296799649276
63 0.22084263392857142 0.600065760631302 0.006975446428571429 0.009425690486628672
177 0.34598214285714285 0.5822007891275757 0.005859375 0.01446733888645331
195 0.33238002232142855 0.5574309513371328 0.010463169642857142 0.01578255151249452
102 0.3193359375 0.5356203419552827 0.005859375 0.014686540990793511
14 0.25558035714285715 0.4729285401139851 0.0078125 0.00898728627794827
184 0.6734095982142857 0.37341078474353356 0.014229910714285714 0.006795265234546251
175 0.6689453125 0.4490355107409031 0.005859375 0.012494519947391494
119 0.6720842633928571 0.5303594914511179 0.012137276785714286 0.015124945199473916
177 0.15771484375 0.789127575624726 0.005719866071428571 0.014905743095133712
194 0.22600446428571427 0.7266549758877685 0.011997767857142858 0.01841297676457694
177 0.17110770089285715 0.7688513809732573 0.009068080357142858 0.00898728627794827
175 0.19817243303571427 0.7693993862341079 0.008231026785714286 0.00920648838228847
192 0.22530691964285715 0.7689609820254274 0.012276785714285714 0.019289785181937746
195 0.27964564732142855 0.7689609820254274 0.010463169642857142 0.016220955721174924
181 0.30245535714285715 0.7687417799210873 0.008928571428571428 0.00920648838228847
32 0.3311244419642857 0.7681937746602368 0.010184151785714286 0.010740903112669882
194 0.15764508928571427 0.7040771591407278 0.012555803571428572 0.01972818939061815
60 0.15757533482142858 0.6612231477422184 0.005719866071428571 0.015124945199473916
175 0.15764508928571427 0.5305786935554582 0.005859375 0.015563349408154318
176 0.15750558035714285 0.4491451117930732 0.005859375 0.015344147303814117
188 0.14432198660714285 0.3459009206488382 0.004324776785714286 0.017536168347216132
191 0.7063337053571429 0.6843489697501096 0.0078125 0.012275317843051293
119 0.34291294642857145 0.45418676019289783 0.011997767857142858 0.01446733888645331
193 0.3314732142857143 0.3459009206488382 0.012555803571428572 0.01972818939061815
25 0.30259486607142855 0.3045813239807102 0.010323660714285714 0.010740903112669882
119 0.36397879464285715 0.09699693117053924 0.010323660714285714 0.018632178868917142
60 0.3350306919642857 0.0920648838228847 0.009905133928571428 0.00920648838228847
187 0.2787388392857143 0.0920648838228847 0.0030691964285714285 0.00920648838228847
189 0.373046875 0.11343708899605436 0.006417410714285714 0.021262604120999562
189 0.3729771205357143 0.1570583077597545 0.0068359375 0.021262604120999562
191 0.373046875 0.18960982025427445 0.007254464285714286 0.011398509425690487
189 0.3729771205357143 0.24167032003507233 0.007672991071428571 0.021262604120999562
192 0.3729771205357143 0.2839763261727313 0.012137276785714286 0.019070583077597545
181 0.37290736607142855 0.3280359491451118 0.005859375 0.013371328364752301
176 0.17082868303571427 0.8112669881630864 0.007952008928571428 0.008768084173608066
102 0.21142578125 0.5347435335379219 0.005719866071428571 0.013809732573432706
180 0.21142578125 0.5012056115738711 0.005719866071428571 0.016001753616834723
181 0.21149553571428573 0.4461858833844805 0.005859375 0.015563349408154318
179 0.21030970982142858 0.4170320035072337 0.007952008928571428 0.019070583077597545
187 0.17103794642857142 0.3035949145111793 0.0030691964285714285 0.00920648838228847
176 0.13071986607142858 0.156510302498904 0.005859375 0.012275317843051293
192 0.14474051339285715 0.13448049101271373 0.012137276785714286 0.019070583077597545
119 0.72607421875 0.7461639631740464 0.012137276785714286 0.016659359929855327
195 0.7230747767857143 0.7919772029811486 0.011997767857142858 0.018851380973257344
188 0.7079380580357143 0.8534633932485752 0.004324776785714286 0.011617711530030689
183 0.6568777901785714 0.857628233231039 0.004324776785714286 0.017755370451556333
63 0.62646484375 0.8535729943007453 0.009905133928571428 0.00920648838228847
142 0.6065150669642857 0.8535729943007453 0.005719866071428571 0.00920648838228847
178 0.5768694196428571 0.8535729943007453 0.009765625 0.009644892590968873
176 0.7229352678571429 0.7040771591407278 0.006138392857142857 0.014905743095133712
186 0.7230747767857143 0.6616615519508987 0.006696428571428571 0.011617711530030689
192 0.7230050223214286 0.6194651468654099 0.0126953125 0.01972818939061815
14 0.53466796875 0.791319596668128 0.005719866071428571 0.01578255151249452
192 0.5345982142857143 0.7468215694870671 0.011997767857142858 0.018851380973257344
188 0.5345284598214286 0.6990355107409031 0.0107421875 0.00920648838228847
176 0.5345284598214286 0.8309951775537046 0.005719866071428571 0.017536168347216132
192 0.5345982142857143 0.5361683472161333 0.01171875 0.018851380973257344
183 0.5788922991071429 0.6462078035949145 0.004324776785714286 0.01797457255589654
142 0.5474330357142857 0.6420429636124507 0.005580357142857143 0.00920648838228847
184 0.6111188616071429 0.6299868478737396 0.014369419642857142 0.0070144673388864535
195 0.6153041294642857 0.49320473476545373 0.012416294642857142 0.019289785181937746
60 0.6153041294642857 0.37516440157825515 0.005719866071428571 0.013371328364752301
179 0.07798549107142858 0.24134151687856203 0.008091517857142858 0.01709776413853573
63 0.07672991071428571 0.28233231039017975 0.005859375 0.0131521262604121
196 0.07679966517857142 0.3677115300306883 0.012137276785714286 0.019070583077597545
184 0.12060546875 0.466352476983779 0.004603794642857143 0.023016220955721176
176 0.14285714285714285 0.472818939061815 0.008649553571428572 0.008768084173608066
186 0.17327008928571427 0.472818939061815 0.007254464285714286 0.010960105217010083
25 0.22300502232142858 0.4716133274879439 0.008231026785714286 0.011179307321350284
181 0.22621372767857142 0.09217448487505481 0.0087890625 0.00898728627794827
180 0.23849051339285715 0.7504384042086804 0.005998883928571429 0.015563349408154318
193 0.23842075892857142 0.7036387549320473 0.012276785714285714 0.019289785181937746
186 0.7498604910714286 0.6242875931608943 0.006975446428571429 0.01183691363437089
60 0.7498604910714286 0.49243752740026303 0.006138392857142857 0.015563349408154318
182 0.75 0.44103463393248576 0.005859375 0.008768084173608066
192 0.7499302455357143 0.4085927224901359 0.012137276785714286 0.018851380973257344
181 0.7501395089285714 0.32156948706707583 0.005859375 0.0131521262604121
176 0.6872907366071429 0.30370451556334943 0.009347098214285714 0.00898728627794827
194 0.70849609375 0.43062253397632616 0.012137276785714286 0.019070583077597545
60 0.6843610491071429 0.430403331871986 0.010184151785714286 0.00898728627794827
195 0.29227120535714285 0.11332748794388427 0.012276785714285714 0.019289785181937746
192 0.29227120535714285 0.24046470846120122 0.012834821428571428 0.020166593599298552
142 0.2865513392857143 0.2611793073213503 0.006138392857142857 0.009425690486628672
189 0.25146484375 0.26128890837352037 0.013532366071428572 0.010083296799649276
192 0.6296037946428571 0.5574309513371328 0.011997767857142858 0.018851380973257344
183 0.24086216517857142 0.5482244629548444 0.011579241071428572 0.0070144673388864535
191 0.23842075892857142 0.4907935116177115 0.0078125 0.012275317843051293
190 0.23842075892857142 0.4262384918895221 0.005580357142857143 0.0076720736519070585
186 0.25341796875 0.6843489697501096 0.007393973214285714 0.01052170100832968
192 0.27957589285714285 0.6843489697501096 0.012276785714285714 0.019289785181937746
185 0.7540457589285714 0.2947172292854011 0.014508928571428572 0.006795265234546251
193 0.6820591517857143 0.472818939061815 0.012276785714285714 0.019289785181937746
185 0.6575753348214286 0.47950460324419114 0.004324776785714286 0.02257781674704077
176 0.6265345982142857 0.472818939061815 0.008928571428571428 0.008768084173608066
178 0.6005161830357143 0.472818939061815 0.008231026785714286 0.008768084173608066
142 0.10372488839285714 0.19465146865409907 0.005998883928571429 0.00920648838228847
14 0.10386439732142858 0.23443665059184568 0.005998883928571429 0.014248136782113108
196 0.10379464285714286 0.28255151249451993 0.011997767857142858 0.018851380973257344
195 0.19838169642857142 0.21909250328803156 0.011997767857142858 0.018632178868917142
191 0.22593470982142858 0.21898290223586148 0.007952008928571428 0.012275317843051293
192 0.27894810267857145 0.21898290223586148 0.0126953125 0.01972818939061815
14 0.5076032366071429 0.6976106970626919 0.005719866071428571 0.015563349408154318
176 0.5075334821428571 0.8256247259973696 0.006138392857142857 0.013809732573432706
187 0.5076729910714286 0.5363875493204735 0.005859375 0.004822446295484437
32 0.5080217633928571 0.4884918895221394 0.006556919642857143 0.015563349408154318
181 0.43673270089285715 0.5575405523893029 0.007114955357142857 0.009425690486628672
102 0.3999720982142857 0.49484875054800526 0.005859375 0.015563349408154318