187 0.25990513392857145 0.11299868478737396 0.007533482142857143 0.006356861025865849
187 0.20493861607142858 0.6547566856641823 0.00390625 0.01183691363437089
187 0.36495535714285715 0.9071679088119246 0.007533482142857143 0.006356861025865849
187 0.09800502232142858 0.8747259973695748 0.004045758928571429 0.012056115738711091
187 0.5004185267857143 0.37976764576939936 0.00390625 0.012056115738711091
187 0.5539202008928571 0.5997369574747917 0.004045758928571429 0.01183691363437089
187 0.43491908482142855 0.2514248136782113 0.007672991071428571 0.006137658921525646
185 0.5454799107142857 0.1180403331871986 0.018415178571428572 0.00898728627794827
102 0.5267159598214286 0.159798334064007 0.012416294642857142 0.012275317843051293
193 0.55859375 0.159798334064007 0.016183035714285716 0.025427444103463395
60 0.5926339285714286 0.159798334064007 0.012276785714285714 0.01183691363437089
176 0.5539899553571429 0.21470846120122752 0.012555803571428572 0.012056115738711091
190 0.4428013392857143 0.6547566856641823 0.008370535714285714 0.010083296799649276
25 0.47091238839285715 0.7287373958790004 0.009347098214285714 0.016001753616834723
190 0.46993582589285715 0.8068829460762823 0.007952008928571428 0.010083296799649276
179 0.42333984375 0.8222270933800965 0.015485491071428572 0.016659359929855327
192 0.3819056919642857 0.8197062691801841 0.0166015625 0.026085050416484
195 0.34584263392857145 0.8197062691801841 0.015904017857142856 0.025208241999123193
196 0.46993582589285715 0.5702542744410346 0.015485491071428572 0.024331433581762384
195 0.2779017857142857 0.21481806225339764 0.015625 0.024112231477422183
182 0.14146205357142858 0.2698377904427883 0.0078125 0.012275317843051293
194 0.22495814732142858 0.3542306006137659 0.016322544642857144 0.025865848312143797
195 0.22495814732142858 0.4096887330118369 0.015206473214285714 0.024550635686102586
189 0.2060546875 0.43478737395879 0.017578125 0.015124945199473916
196 0.17201450892857142 0.43478737395879 0.015904017857142856 0.025208241999123193
189 0.22488839285714285 0.6814993423936869 0.007254464285714286 0.02761946514686541
192 0.22495814732142858 0.7387110916264796 0.016043526785714284 0.02498903989478299
176 0.28111049107142855 0.8200350723366945 0.010323660714285714 0.01183691363437089
181 0.22453962053571427 0.5798991670320035 0.007672991071428571 0.022139412538360367
185 0.21944754464285715 0.5231258220078913 0.018694196428571428 0.009425690486628672
186 0.36460658482142855 0.7364094695309075 0.007952008928571428 0.016001753616834723
142 0.4193638392857143 0.7647961420429636 0.007533482142857143 0.01183691363437089
186 0.48953683035714285 0.7647961420429636 0.009486607142857142 0.014028934677772907
191 0.5049525669642857 0.7419991231915827 0.009905133928571428 0.01578255151249452
181 0.5187639508928571 0.709776413853573 0.0126953125 0.01183691363437089
185 0.3496791294642857 0.866286716352477 0.005998883928571429 0.029373081981587022
119 0.38706752232142855 0.7034195528277072 0.012974330357142858 0.024550635686102586
177 0.20570591517857142 0.8746163963174046 0.012974330357142858 0.01183691363437089
142 0.18003627232142858 0.8747259973695748 0.007393973214285714 0.012056115738711091
194 0.13602120535714285 0.8747259973695748 0.015625 0.02345462516440158
183 0.50146484375 0.3428320911880754 0.0146484375 0.008768084173608066
182 0.47963169642857145 0.324967119684349 0.007533482142857143 0.012494519947391494
194 0.5237165178571429 0.37976764576939936 0.015904017857142856 0.025208241999123193
183 0.5874720982142857 0.31948706707584396 0.005580357142857143 0.02345462516440158
177 0.5239955357142857 0.6548662867163525 0.013113839285714286 0.012494519947391494
177 0.5544782366071429 0.6546470846120123 0.012974330357142858 0.012056115738711091
14 0.595703125 0.6548662867163525 0.011439732142857142 0.011617711530030689
32 0.26039341517857145 0.4582419991231916 0.0087890625 0.016878562034195528
119 0.4740513392857143 0.3023893029373082 0.015625 0.019508987286277948
177 0.44942801339285715 0.21492766330556773 0.011300223214285714 0.011617711530030689
178 0.41964285714285715 0.21481806225339764 0.013113839285714286 0.01183691363437089
180 0.3530970982142857 0.21514686540990793 0.011160714285714286 0.012056115738711091
32 0.435546875 0.4113327487943884 0.008928571428571428 0.019508987286277948
102 0.45333426339285715 0.4350065760631302 0.011579241071428572 0.012056115738711091
189 0.11990792410714286 0.40925032880315654 0.0087890625 0.02761946514686541
182 0.13692801339285715 0.43478737395879 0.007393973214285714 0.012056115738711091
185 0.16622488839285715 0.20615957913195967 0.005719866071428571 0.02915387987724682
183 0.20333426339285715 0.2093380096448926 0.005719866071428571 0.022797018851380975
179 0.5992606026785714 0.3822884699693117 0.015206473214285714 0.016220955721174924
176 0.6102120535714286 0.19213064445418676 0.007533482142857143 0.015124945199473916
194 0.0849609375 0.516330556773345 0.016462053571428572 0.025646646207803596
184 0.07952008928571429 0.460872424375274 0.018694196428571428 0.00898728627794827
194 0.10386439732142858 0.43478737395879 0.016043526785714284 0.025208241999123193
192 0.0849609375 0.7394782989916703 0.016462053571428572 0.025646646207803596
175 0.10009765625 0.7647961420429636 0.009068080357142858 0.01183691363437089
175 0.13755580357142858 0.7644673388864534 0.013113839285714286 0.012056115738711091
184 0.19998604910714285 0.7562472599736958 0.005998883928571429 0.029373081981587022
182 0.10456194196428571 0.3796580447172293 0.007393973214285714 0.012275317843051293
175 0.13204520089285715 0.3795484436650592 0.013253348214285714 0.012056115738711091
175 0.18994140625 0.5134809294169224 0.007393973214285714 0.01994739149495835
184 0.23695591517857142 0.535949145111793 0.005719866071428571 0.02893467777290662
25 0.6807338169642857 0.23301183691363436 0.009905133928571428 0.020604997807978958
119 0.5897739955357143 0.44070583077597547 0.012137276785714286 0.024769837790442787
60 0.5397600446428571 0.2981148619026743 0.007533482142857143 0.01578255151249452
119 0.5361328125 0.24156071898290224 0.015625 0.024112231477422183
142 0.5260184151785714 0.10488820692678649 0.007672991071428571 0.012056115738711091
185 0.31026785714285715 0.3160894344585708 0.005859375 0.02893467777290662
189 0.3477260044642857 0.3248575186321789 0.017717633928571428 0.0131521262604121
189 0.41873604910714285 0.3248575186321789 0.017717633928571428 0.011398509425690487
102 0.3300083705357143 0.23399824638316527 0.007952008928571428 0.021262604120999562
195 0.27615792410714285 0.37976764576939936 0.013532366071428572 0.021262604120999562
175 0.64501953125 0.7316966242875932 0.007672991071428571 0.016659359929855327
176 0.5748465401785714 0.6371109162647961 0.007672991071428571 0.020385795703638757
193 0.11990792410714286 0.8452433143358177 0.015206473214285714 0.024550635686102586
195 0.11990792410714286 0.7344366505918457 0.015764508928571428 0.024769837790442787
186 0.11962890625 0.6263700131521263 0.009068080357142858 0.015563349408154318
191 0.10623604910714286 0.5997369574747917 0.008510044642857142 0.013590530469092503
194 0.11990792410714286 0.5158921525646646 0.016043526785714284 0.025208241999123193
193 0.17313058035714285 0.48980710214818063 0.017299107142857144 0.026961858833844804
185 0.6268833705357143 0.6085050416483998 0.005719866071428571 0.02893467777290662
187 0.5924246651785714 0.5997369574747917 0.004045758928571429 0.01183691363437089
186 0.6800362723214286 0.6801841297676458 0.008510044642857142 0.014905743095133712
195 0.6798967633928571 0.7376150811047786 0.015206473214285714 0.024550635686102586
189 0.6619698660714286 0.8198158702323542 0.017578125 0.011398509425690487
32 0.5754045758928571 0.7861683472161333 0.0087890625 0.017755370451556333
194 0.5749162946428571 0.736957474791758 0.015904017857142856 0.02498903989478299
185 0.5694056919642857 0.697829899167032 0.0185546875 0.00898728627794827
183 0.6764090401785714 0.642371766768961 0.0146484375 0.00898728627794827
32 0.6806640625 0.5233450241122315 0.008649553571428572 0.019070583077597545
191 0.6270926339285714 0.4896975010960105 0.010602678571428572 0.016659359929855327
189 0.43491908482142855 0.1319596668128014 0.008510044642857142 0.02761946514686541
177 0.48807198660714285 0.10477860587461639 0.011021205357142858 0.01183691363437089
177 0.22516741071428573 0.8514905743095134 0.0078125 0.016878562034195528
193 0.24204799107142858 0.6547566856641823 0.015904017857142856 0.02498903989478299
177 0.25997488839285715 0.7960324419114424 0.007393973214285714 0.017755370451556333
181 0.6451590401785714 0.4144015782551512 0.007672991071428571 0.015563349408154318
194 0.6449497767857143 0.35028496273564225 0.015625 0.024550635686102586
181 0.5560128348214286 0.4893686979395002 0.011300223214285714 0.012494519947391494
180 0.6448800223214286 0.7915387987724682 0.007393973214285714 0.020166593599298552