187 0.59423828125 0.29993422495066874 0.004603794642857143 0.013593510195132646
187 0.6376255580357143 0.424906818680114 0.004603794642857143 0.013593510195132646
187 0.24874441964285715 0.7935759701819777 0.008649553571428572 0.00723525542644157
187 0.7119838169642857 0.11247533435650077 0.004603794642857143 0.013593510195132646
187 0.16922433035714285 0.4410217057662793 0.008649553571428572 0.00723525542644157
187 0.6263950892857143 0.1749616312212234 0.004464285714285714 0.013593510195132646
187 0.20417131696428573 0.36242052181539136 0.004603794642857143 0.013593510195132646
187 0.6862444196428571 0.25290506467879853 0.008649553571428572 0.00723525542644157
187 0.33279854910714285 0.7375575531681648 0.004603794642857143 0.013593510195132646
175 0.5072544642857143 0.11247533435650077 0.013392857142857142 0.014032010524007894
196 0.466796875 0.11247533435650077 0.018415178571428572 0.02894102170576628
192 0.5272042410714286 0.1465687349265512 0.017857142857142856 0.028283271212453408
177 0.5274832589285714 0.20477965358474018 0.008649553571428572 0.020609515457136594
192 0.6656668526785714 0.924906818680114 0.017717633928571428 0.027844770883578163
176 0.6663643973214286 0.5499890374917781 0.013811383928571428 0.013374260030695024
63 0.6464146205357143 0.5225827669370752 0.008510044642857142 0.01907476430607323
190 0.646484375 0.44299495724621796 0.008649553571428572 0.015566761675071256
185 0.24253627232142858 0.7140977855733391 0.021065848214285716 0.010085507564130673
195 0.2705078125 0.6749616312212234 0.018415178571428572 0.028721771541328656
177 0.31117466517857145 0.6747423810567857 0.011021205357142858 0.013374260030695024
25 0.23493303571428573 0.5522911642183732 0.013950892857142858 0.017978513483885114
184 0.12325613839285714 0.530804648103486 0.021065848214285716 0.010085507564130673
185 0.12339564732142858 0.4568077176057882 0.021344866071428572 0.010304757728568297
195 0.12946428571428573 0.39147116860337644 0.017857142857142856 0.028283271212453408
183 0.6267438616071429 0.618723964042973 0.006277901785714286 0.02587151940363955
180 0.5040457589285714 0.48717386538039903 0.011997767857142858 0.013593510195132646
63 0.34263392857142855 0.17463275597456698 0.014508928571428572 0.013374260030695024
192 0.40785435267857145 0.3333698750274063 0.017717633928571428 0.027844770883578163
32 0.30698939732142855 0.36132427099320324 0.012974330357142858 0.016663012497259374
63 0.40799386160714285 0.38094716071037055 0.008510044642857142 0.021267265950449463
191 0.4302455357142857 0.48739311554483666 0.011439732142857142 0.017978513483885114
192 0.6465541294642857 0.14349923262442446 0.017438616071428572 0.027844770883578163
190 0.6664341517857143 0.11247533435650077 0.006417410714285714 0.01710151282613462
63 0.5528041294642857 0.11192720894540671 0.011300223214285714 0.013374260030695024
183 0.6342075892857143 0.24391580793685597 0.006417410714285714 0.02565226923920193
182 0.5357142857142857 0.23722867792150845 0.008091517857142858 0.01447051085288314
196 0.11021205357142858 0.29993422495066874 0.018415178571428572 0.02894102170576628
175 0.15401785714285715 0.2997149747862311 0.013950892857142858 0.013593510195132646
175 0.08949497767857142 0.45077833808375356 0.0087890625 0.01841701381276036
119 0.11097935267857142 0.6678360008770007 0.014369419642857142 0.02762552071914054
187 0.14934430803571427 0.6749616312212234 0.004603794642857143 0.013374260030695024
178 0.3902064732142857 0.23733830300372724 0.013392857142857142 0.013374260030695024
184 0.45375279017857145 0.32931374698531024 0.021344866071428572 0.01052400789300592
181 0.42898995535714285 0.36209164656873494 0.014229910714285714 0.013374260030695024
102 0.5829380580357143 0.8623108967331725 0.013253348214285714 0.013593510195132646
195 0.5850306919642857 0.6749616312212234 0.015485491071428572 0.023898267923700943
102 0.46407645089285715 0.6750712563034422 0.013532366071428572 0.013593510195132646
181 0.39481026785714285 0.6748520061390046 0.013950892857142858 0.013593510195132646
142 0.32840401785714285 0.20883578162683622 0.008649553571428572 0.012935759701819776
187 0.32833426339285715 0.26869107651830737 0.008510044642857142 0.00723525542644157
187 0.32833426339285715 0.33117737338303005 0.008510044642857142 0.00723525542644157
182 0.15736607142857142 0.17507125630344222 0.008649553571428572 0.01381276035957027
32 0.3906947544642857 0.9233720675290507 0.015206473214285714 0.017320762990572242
190 0.33754185267857145 0.924906818680114 0.0068359375 0.010743258057443543
183 0.44384765625 0.8263538697654024 0.016880580357142856 0.01052400789300592
142 0.37925502232142855 0.7998245998684499 0.0087890625 0.014032010524007894
179 0.15004185267857142 0.4277570708178031 0.016880580357142856 0.018855514141635606
180 0.12946428571428573 0.2049989037491778 0.008370535714285714 0.017540013155009866
176 0.6865931919642857 0.39793904845428635 0.0087890625 0.021925016443762334
192 0.26904296875 0.36242052181539136 0.017717633928571428 0.026748520061390047
185 0.20291573660714285 0.27187020390265293 0.021344866071428572 0.010085507564130673
14 0.20884486607142858 0.19940802455601842 0.008649553571428572 0.022144266608199955
188 0.6862444196428571 0.5900021925016444 0.014508928571428572 0.013593510195132646
182 0.6863839285714286 0.6933786450339837 0.008928571428571428 0.012058759044069283
191 0.6862444196428571 0.7662793247094936 0.012276785714285714 0.019294014470510854
189 0.6862444196428571 0.8944310458232844 0.008649553571428572 0.031352773514580136
195 0.6067243303571429 0.577943433457575 0.018136160714285716 0.02850252137689103
142 0.6383928571428571 0.5497697873273405 0.008649553571428572 0.014689761017320764
119 0.6022600446428571 0.5197325147993861 0.017299107142857144 0.02302126726595045
195 0.6465541294642857 0.3930059197544398 0.015485491071428572 0.02433676825257619
32 0.6868024553571429 0.33468537601403203 0.009765625 0.023898267923700943
180 0.16929408482142858 0.1937075202806402 0.008510044642857142 0.01775926331944749
180 0.16936383928571427 0.26529269896952423 0.008649553571428572 0.017978513483885114
186 0.38846261160714285 0.8625301468976102 0.011300223214285714 0.015786011839508878
177 0.35037667410714285 0.8624205218153914 0.0146484375 0.013374260030695024
177 0.20905412946428573 0.7693488270116202 0.008510044642857142 0.02499451874588906
190 0.20905412946428573 0.6957903968427976 0.0068359375 0.012058759044069283
196 0.5851702008928571 0.7374479280859461 0.017717633928571428 0.027406270554702915
185 0.7197963169642857 0.1898706424029818 0.021065848214285716 0.010085507564130673
188 0.72607421875 0.2557553168164876 0.014090401785714286 0.012935759701819776
189 0.7056361607142857 0.36242052181539136 0.020089285714285716 0.014909011181758386
194 0.72607421875 0.45724621793466347 0.018275669642857144 0.028721771541328656
183 0.3641880580357143 0.6363736022802017 0.0166015625 0.00986625739969305
179 0.36635044642857145 0.3926770445077834 0.012276785714285714 0.021486516114887087
186 0.27176339285714285 0.29993422495066874 0.010602678571428572 0.014909011181758386
187 0.22893415178571427 0.29993422495066874 0.004464285714285714 0.013593510195132646
181 0.3032924107142857 0.9250164437623328 0.015904017857142856 0.013593510195132646
195 0.28857421875 0.5789300591975444 0.019112723214285716 0.030037272527954396
180 0.5426897321428571 0.6123657092742819 0.012834821428571428 0.013593510195132646
182 0.5884486607142857 0.6123657092742819 0.008649553571428572 0.013593510195132646
185 0.49351283482142855 0.586165314623986 0.021344866071428572 0.010304757728568297
186 0.48751395089285715 0.7120149090111818 0.0107421875 0.016882262661696998