187 0.2885044642857143 0.21935978951984214 0.008649553571428572 0.00723525542644157
187 0.7004045758928571 0.6123657092742819 0.004603794642857143 0.013593510195132646
187 0.16922433035714285 0.9146020609515457 0.008649553571428572 0.00723525542644157
187 0.32833426339285715 0.18362201271650955 0.008510044642857142 0.00723525542644157
187 0.6193498883928571 0.424906818680114 0.004603794642857143 0.013593510195132646
178 0.5272739955357143 0.3295329971497479 0.008510044642857142 0.02367901775926332
119 0.26834542410714285 0.29291821968866477 0.0146484375 0.02718702039026529
192 0.2689732142857143 0.48739311554483666 0.018415178571428572 0.02894102170576628
63 0.4872349330357143 0.6448147336110502 0.0087890625 0.01841701381276036
194 0.48744419642857145 0.7069721552291164 0.017299107142857144 0.027844770883578163
183 0.5184151785714286 0.6061170795878097 0.006417410714285714 0.026090769568077175
183 0.6106305803571429 0.7030256522692392 0.016741071428571428 0.00986625739969305
14 0.6067940848214286 0.5199517649638237 0.008510044642857142 0.019951764963823723
190 0.5964704241071429 0.48739311554483666 0.0068359375 0.014909011181758386
191 0.5403180803571429 0.424906818680114 0.013671875 0.021486516114887087
175 0.6861746651785714 0.8244902433676825 0.008510044642857142 0.02433676825257619
32 0.6868722098214286 0.7128919096689322 0.009626116071428572 0.022144266608199955
180 0.6221400669642857 0.862639771979829 0.014927455357142858 0.013374260030695024
185 0.5209263392857143 0.8401666301249726 0.021205357142857144 0.01052400789300592
190 0.4990234375 0.7999342249506687 0.010044642857142858 0.010743258057443543
176 0.5546177455357143 0.8001534751151064 0.013532366071428572 0.01381276035957027
183 0.32435825892857145 0.7502740627055471 0.016462053571428572 0.010085507564130673
184 0.3456333705357143 0.7276912957684718 0.006277901785714286 0.03332602499451875
179 0.38134765625 0.7349265511949133 0.0166015625 0.018855514141635606
193 0.4282924107142857 0.7375575531681648 0.018415178571428572 0.02894102170576628
63 0.35037667410714285 0.9251260688445516 0.014927455357142858 0.013374260030695024
60 0.5011858258928571 0.924906818680114 0.013253348214285714 0.013374260030695024
32 0.5070452008928571 0.2987283490462618 0.014090401785714286 0.016005262003946502
176 0.44761439732142855 0.33819337864503396 0.008510044642857142 0.022582766937075203
190 0.4994419642857143 0.36242052181539136 0.009486607142857142 0.012278009208506906
180 0.5435267857142857 0.362639771979829 0.014787946428571428 0.013593510195132646
183 0.44356863839285715 0.2511510633632975 0.0166015625 0.00986625739969305
119 0.4278041294642857 0.24468318351238763 0.013253348214285714 0.028064021048015787
182 0.34242466517857145 0.23700942775707082 0.008510044642857142 0.014032010524007894
175 0.6463448660714286 0.14229335672001753 0.008649553571428572 0.022802017101512827
190 0.6769670758928571 0.2998245998684499 0.006277901785714286 0.01644376233282175
179 0.6635044642857143 0.3595702696777023 0.013671875 0.01841701381276036
102 0.6864536830357143 0.40144705108528833 0.009068080357142858 0.02367901775926332
102 0.7262137276785714 0.14700723525542644 0.008510044642857142 0.021267265950449463
193 0.6250697544642857 0.29993422495066874 0.017717633928571428 0.02718702039026529
178 0.5670340401785714 0.4019951764963824 0.0087890625 0.019951764963823723
177 0.5668247767857143 0.26792370094277573 0.008928571428571428 0.02455601841701381
195 0.6279994419642857 0.23733830300372724 0.017996651785714284 0.028283271212453408
185 0.6005161830357143 0.1983117737338303 0.021065848214285716 0.010304757728568297
191 0.6067243303571429 0.14218373163779874 0.013113839285714286 0.020828765621574215
196 0.646484375 0.3915807936855953 0.018415178571428572 0.02894102170576628
179 0.5895647321428571 0.364941898706424 0.015904017857142856 0.01907476430607323
25 0.6473911830357143 0.5138127603595702 0.0107421875 0.02170576627932471
195 0.24874441964285715 0.3328217496163122 0.018415178571428572 0.02894102170576628
60 0.5272739955357143 0.639114229335672 0.008510044642857142 0.020171015128261346
32 0.44838169642857145 0.5821091865818899 0.009765625 0.0197325147993861
180 0.47119140625 0.424906818680114 0.013253348214285714 0.014032010524007894
182 0.4970005580357143 0.4247971935978952 0.0087890625 0.01381276035957027
193 0.19001116071428573 0.8625301468976102 0.018694196428571428 0.029379522034641527
181 0.2689732142857143 0.8624205218153914 0.012276785714285714 0.013374260030695024
119 0.16469029017857142 0.7749397062047797 0.017438616071428572 0.023459767594825695
60 0.16908482142857142 0.7016005262003947 0.008649553571428572 0.022802017101512827
192 0.19098772321428573 0.6749616312212234 0.018415178571428572 0.028721771541328656
192 0.23060825892857142 0.6749616312212234 0.017857142857142856 0.027844770883578163
196 0.34926060267857145 0.5498794124095593 0.017717633928571428 0.026748520061390047
181 0.38902064732142855 0.5499890374917781 0.011021205357142858 0.013374260030695024
193 0.3680943080357143 0.580903310677483 0.017717633928571428 0.027844770883578163
183 0.3721400669642857 0.7117956588467441 0.0166015625 0.010304757728568297
183 0.3721400669642857 0.8355623766717825 0.0166015625 0.010085507564130673
187 0.3482142857142857 0.8625301468976102 0.004464285714285714 0.013593510195132646
142 0.30580357142857145 0.8624205218153914 0.008091517857142858 0.01381276035957027
180 0.38657924107142855 0.6750712563034422 0.011997767857142858 0.013593510195132646
186 0.42745535714285715 0.6743038807279106 0.010602678571428572 0.01644376233282175
192 0.5451311383928571 0.6749616312212234 0.017717633928571428 0.027844770883578163
142 0.56689453125 0.8794124095593072 0.0087890625 0.01447051085288314
192 0.5669642857142857 0.5800263100197325 0.017299107142857144 0.027844770883578163
183 0.7061244419642857 0.6812102609076957 0.006556919642857143 0.02587151940363955
184 0.7322823660714286 0.7643060732295549 0.021205357142857144 0.010085507564130673
195 0.72607421875 0.8339180004385003 0.015485491071428572 0.02433676825257619
176 0.646484375 0.6394431045823284 0.008649553571428572 0.01907476430607323
60 0.6247209821428571 0.5498794124095593 0.014787946428571428 0.0131550098662574
119 0.30601283482142855 0.6053497040122781 0.015485491071428572 0.028064021048015787
181 0.2885044642857143 0.714207410655558 0.008649553571428572 0.022582766937075203
194 0.28857421875 0.8333698750274062 0.017996651785714284 0.028064021048015787
102 0.28871372767857145 0.583205437404078 0.009068080357142858 0.0197325147993861
142 0.28843470982142855 0.3139662354746766 0.0087890625 0.013593510195132646
195 0.4873744419642857 0.8343565007673756 0.017717633928571428 0.027844770883578163
119 0.33286830357142855 0.2601403201052401 0.017857142857142856 0.027406270554702915
181 0.32833426339285715 0.31846086384564787 0.008510044642857142 0.020828765621574215
180 0.3106166294642857 0.362639771979829 0.011300223214285714 0.0131550098662574
193 0.32833426339285715 0.4583424687568516 0.017717633928571428 0.027844770883578163
195 0.7042410714285714 0.424906818680114 0.018415178571428572 0.02894102170576628
178 0.5272042410714286 0.88653803990353 0.008370535714285714 0.01907476430607323
102 0.62353515625 0.9250164437623328 0.013811383928571428 0.0131550098662574
182 0.16922433035714285 0.324819118614339 0.008649553571428572 0.01381276035957027
190 0.16922433035714285 0.26189432142074104 0.008091517857142858 0.011620258715194036
191 0.23325892857142858 0.48739311554483666 0.013671875 0.021486516114887087
102 0.6675502232142857 0.424906818680114 0.012834821428571428 0.014032010524007894
192 0.7053571428571429 0.3622012716509537 0.018136160714285716 0.02850252137689103
194 0.72607421875 0.45746546809910105 0.017996651785714284 0.028283271212453408
194 0.72607421875 0.521486516114887 0.017438616071428572 0.027844770883578163
142 0.6941964285714286 0.5496601622451217 0.008370535714285714 0.013593510195132646