187 0.2988978794642857 0.8000438500328875 0.004603794642857143 0.013593510195132646
187 0.16922433035714285 0.4444200833150625 0.008649553571428572 0.007016005262003947
187 0.4476841517857143 0.18636263977197984 0.008649553571428572 0.007016005262003947
187 0.08970424107142858 0.16487612365709275 0.008649553571428572 0.007016005262003947
187 0.208984375 0.7569611927208946 0.008649553571428572 0.00723525542644157
187 0.08970424107142858 0.4472703354527516 0.008649553571428572 0.007016005262003947
182 0.6066545758928571 0.7168384126288094 0.0087890625 0.013374260030695024
193 0.5463169642857143 0.5499890374917781 0.018694196428571428 0.029160271870203903
190 0.6067243303571429 0.5140320105240079 0.008091517857142858 0.010743258057443543
195 0.6067243303571429 0.45472484104363076 0.015904017857142856 0.02499451874588906
142 0.626953125 0.424906818680114 0.008928571428571428 0.013593510195132646
25 0.12841796875 0.6510633632975225 0.0107421875 0.022582766937075203
190 0.13971819196428573 0.5499890374917781 0.009068080357142858 0.014251260688445516
178 0.18401227678571427 0.5499890374917781 0.015345982142857142 0.013374260030695024
60 0.12967354910714285 0.4661258495943872 0.0087890625 0.018855514141635606
180 0.14494977678571427 0.675180881385661 0.011997767857142858 0.01381276035957027
102 0.24881417410714285 0.7030256522692392 0.008510044642857142 0.01907476430607323
183 0.5060686383928571 0.18066213549660162 0.006277901785714286 0.02718702039026529
185 0.5731724330357143 0.19864064898048672 0.021344866071428572 0.010085507564130673
176 0.5671735491071429 0.3217496163122122 0.0087890625 0.017320762990572242
185 0.5503627232142857 0.4347730760798071 0.006696428571428571 0.03332602499451875
190 0.6245814732142857 0.36242052181539136 0.009207589285714286 0.01447051085288314
179 0.7056361607142857 0.4221661916246437 0.016183035714285716 0.018636263977197982
192 0.40785435267857145 0.8293137469853102 0.018833705357142856 0.029598772199079148
60 0.3842075892857143 0.7998245998684499 0.014787946428571428 0.0131550098662574
63 0.46519252232142855 0.9247971935978953 0.011300223214285714 0.014032010524007894
182 0.5367606026785714 0.9247971935978953 0.008231026785714286 0.01447051085288314
180 0.6315569196428571 0.9247971935978953 0.015066964285714286 0.013593510195132646
185 0.20291573660714285 0.3297522473141855 0.021344866071428572 0.010085507564130673
178 0.32833426339285715 0.6975443981582986 0.008510044642857142 0.022582766937075203
32 0.35128348214285715 0.6738653803990353 0.013671875 0.015566761675071256
193 0.42947823660714285 0.6749616312212234 0.018275669642857144 0.028721771541328656
177 0.4476841517857143 0.6459109844332384 0.008370535714285714 0.02367901775926332
192 0.3076869419642857 0.6749616312212234 0.017996651785714284 0.028283271212453408
60 0.27462332589285715 0.6749616312212234 0.0146484375 0.013374260030695024
119 0.16489955357142858 0.6482131111598334 0.017578125 0.022582766937075203
25 0.7030552455357143 0.4887086165314624 0.010463169642857142 0.016663012497259374
195 0.72607421875 0.5190747643060732 0.015485491071428572 0.02433676825257619
195 0.72607421875 0.5836439377329533 0.015764508928571428 0.02455601841701381
180 0.7258649553571429 0.6328655996491998 0.008649553571428572 0.019951764963823723
32 0.7267020089285714 0.7002850252137689 0.009765625 0.02236351677263758
179 0.7032645089285714 0.8023459767594826 0.012555803571428572 0.01907476430607323
180 0.23011997767857142 0.4247971935978952 0.015206473214285714 0.013374260030695024
195 0.24874441964285715 0.39048454286340717 0.015904017857142856 0.02499451874588906
193 0.24881417410714285 0.2684718263538698 0.017438616071428572 0.027844770883578163
142 0.6863839285714286 0.518636263977198 0.008928571428571428 0.012058759044069283
175 0.6697823660714286 0.5499890374917781 0.013113839285714286 0.013374260030695024
178 0.68603515625 0.8956369217276913 0.0087890625 0.022802017101512827
192 0.6649693080357143 0.924906818680114 0.017996651785714284 0.028283271212453408
181 0.6862444196428571 0.8362201271650954 0.008370535714285714 0.020171015128261346
191 0.6863141741071429 0.699627274720456 0.012137276785714286 0.018855514141635606
193 0.6863141741071429 0.5804648103486078 0.017438616071428572 0.027844770883578163
181 0.6863839285714286 0.4641525981144486 0.008649553571428572 0.020609515457136594
196 0.6658063616071429 0.424906818680114 0.017717633928571428 0.02718702039026529
196 0.44761439732142855 0.5181977636483227 0.017996651785714284 0.028283271212453408
175 0.505859375 0.4247971935978952 0.014508928571428572 0.013374260030695024
176 0.46372767857142855 0.6749616312212234 0.012276785714285714 0.013374260030695024
186 0.6286969866071429 0.6123657092742819 0.011021205357142858 0.015347511510633634
180 0.5269252232142857 0.5935101951326464 0.008649553571428572 0.020171015128261346
187 0.5272042410714286 0.45614996711247535 0.008649553571428572 0.00723525542644157
60 0.38755580357142855 0.7374479280859461 0.011439732142857142 0.01381276035957027
194 0.34633091517857145 0.7374479280859461 0.017717633928571428 0.026529269896952423
193 0.40785435267857145 0.1439377329532997 0.017996651785714284 0.028283271212453408
185 0.31033761160714285 0.18471826353869766 0.006556919642857143 0.03310677483008112
196 0.26792689732142855 0.17485200613900462 0.017717633928571428 0.027844770883578163
186 0.35086495535714285 0.3001534751151063 0.011439732142857142 0.014909011181758386
191 0.26771763392857145 0.29993422495066874 0.012276785714285714 0.019294014470510854
102 0.23193359375 0.2998245998684499 0.011300223214285714 0.013374260030695024
119 0.3402622767857143 0.10545932909449682 0.012834821428571428 0.02762552071914054
176 0.19419642857142858 0.36209164656873494 0.014787946428571428 0.01381276035957027
194 0.208984375 0.5806840605130453 0.018694196428571428 0.029160271870203903
32 0.39481026785714285 0.11105020828765622 0.015345982142857142 0.01644376233282175
119 0.09437779017857142 0.1944748958561719 0.017717633928571428 0.0263100197325148
196 0.08970424107142858 0.26989695242271433 0.018694196428571428 0.029379522034641527
194 0.08970424107142858 0.33227362420521817 0.018694196428571428 0.029160271870203903
142 0.36788504464285715 0.7174961631221224 0.008649553571428572 0.013374260030695024
119 0.32373046875 0.5848498136373602 0.017717633928571428 0.026090769568077175
14 0.2645786830357143 0.5496601622451217 0.012137276785714286 0.013593510195132646
178 0.646484375 0.7093839070379303 0.008370535714285714 0.022144266608199955
189 0.646484375 0.8948695461521596 0.010044642857142858 0.031352773514580136
183 0.6688058035714286 0.6061170795878097 0.006417410714285714 0.026090769568077175
187 0.16922433035714285 0.20620477965358475 0.008649553571428572 0.00723525542644157
60 0.40785435267857145 0.4630563472922605 0.008510044642857142 0.021925016443762334
177 0.5109514508928571 0.6120368340276255 0.012137276785714286 0.013374260030695024
193 0.6678989955357143 0.48750274062705545 0.017996651785714284 0.028283271212453408
183 0.6426478794642857 0.4717167287875466 0.016880580357142856 0.010304757728568297
187 0.646484375 0.33117737338303005 0.008649553571428572 0.00723525542644157
195 0.6465541294642857 0.2678140758605569 0.0166015625 0.026090769568077175
177 0.6291155133928571 0.1747423810567858 0.012416294642857142 0.0131550098662574
176 0.40799386160714285 0.3897171672878755 0.008510044642857142 0.018636263977197982
119 0.20431082589285715 0.7067529050646788 0.017717633928571428 0.026529269896952423
102 0.24867466517857142 0.6422933567200175 0.009068080357142858 0.017320762990572242
188 0.35232979910714285 0.6124753343565008 0.0068359375 0.022144266608199955
196 0.08970424107142858 0.39180004385003286 0.018415178571428572 0.02894102170576628
181 0.14976283482142858 0.36242052181539136 0.011579241071428572 0.0131550098662574