187 0.32833426339285715 0.5100855075641306 0.008510044642857142 0.00723525542644157
187 0.6862444196428571 0.16290287217715413 0.008649553571428572 0.007016005262003947
187 0.3467494419642857 0.8625301468976102 0.004603794642857143 0.013593510195132646
187 0.2885044642857143 0.3947599210699408 0.008649553571428572 0.00723525542644157
187 0.16922433035714285 0.5653365490024117 0.008649553571428572 0.00723525542644157
187 0.48744419642857145 0.9037491778118834 0.008649553571428572 0.007016005262003947
187 0.5127650669642857 0.11247533435650077 0.004603794642857143 0.013593510195132646
187 0.3681640625 0.16761675071256305 0.008649553571428572 0.00723525542644157
187 0.7260044642857143 0.13363297522473142 0.008649553571428572 0.00723525542644157
187 0.4476841517857143 0.25290506467879853 0.008649553571428572 0.00723525542644157
187 0.4476841517857143 0.883578162683622 0.008649553571428572 0.007016005262003947
183 0.5140206473214286 0.18121026090769568 0.006556919642857143 0.026090769568077175
183 0.47377232142857145 0.18110063582547686 0.006417410714285714 0.0263100197325148
181 0.52734375 0.19425564569173426 0.008649553571428572 0.025433019074764307
32 0.52783203125 0.2669370752028064 0.009626116071428572 0.02039026529269897
179 0.5508510044642857 0.4846524884893664 0.017717633928571428 0.018636263977197982
102 0.47314453125 0.3001534751151063 0.012974330357142858 0.0131550098662574
186 0.208984375 0.5181977636483227 0.009765625 0.018197763648322735
187 0.208984375 0.45614996711247535 0.008649553571428572 0.00723525542644157
60 0.208984375 0.40078930059197543 0.008370535714285714 0.021925016443762334
196 0.18875558035714285 0.36242052181539136 0.018136160714285716 0.02850252137689103
183 0.22321428571428573 0.7937952203464153 0.006417410714285714 0.026090769568077175
185 0.27553013392857145 0.7901775926331944 0.006417410714285714 0.03332602499451875
190 0.30336216517857145 0.7999342249506687 0.009068080357142858 0.014251260688445516
102 0.32840401785714285 0.38763429072571803 0.008649553571428572 0.020609515457136594
177 0.30838448660714285 0.36231089673317257 0.012974330357142858 0.013374260030695024
180 0.42494419642857145 0.48717386538039903 0.011439732142857142 0.013593510195132646
179 0.6480887276785714 0.32931374698531024 0.012137276785714286 0.02499451874588906
102 0.6466238839285714 0.46283709712782284 0.008649553571428572 0.024117518088138567
189 0.20905412946428573 0.20423152817364612 0.010463169642857142 0.031352773514580136
177 0.19168526785714285 0.1747423810567858 0.012276785714285714 0.013593510195132646
32 0.10951450892857142 0.17364613023459768 0.014508928571428572 0.016663012497259374
184 0.17550223214285715 0.5319008989256742 0.021205357142857144 0.01052400789300592
188 0.48744419642857145 0.25981144485858365 0.012276785714285714 0.013593510195132646
179 0.48570033482142855 0.21037053277789958 0.011858258928571428 0.02170576627932471
186 0.5053013392857143 0.36231089673317257 0.010881696428571428 0.016005262003946502
192 0.6271623883928571 0.424906818680114 0.017717633928571428 0.02762552071914054
176 0.3681640625 0.8266827450120587 0.008649553571428572 0.02170576627932471
119 0.38399832589285715 0.7928085946064459 0.014927455357142858 0.02762552071914054
196 0.4278041294642857 0.6749616312212234 0.017717633928571428 0.027406270554702915
194 0.46902901785714285 0.6749616312212234 0.018973214285714284 0.029598772199079148
192 0.3680943080357143 0.7053277789958342 0.0185546875 0.029379522034641527
119 0.36349051339285715 0.6436088577066433 0.017438616071428572 0.02696777022582767
63 0.5271344866071429 0.45998684499013376 0.009068080357142858 0.020171015128261346
119 0.5625 0.6997368998026748 0.017578125 0.02433676825257619
195 0.5059291294642857 0.7374479280859461 0.017717633928571428 0.027844770883578163
176 0.5467354910714286 0.6748520061390046 0.014787946428571428 0.0131550098662574
179 0.4857700892857143 0.6404297303222978 0.011997767857142858 0.02718702039026529
191 0.3911830357142857 0.8624205218153914 0.012834821428571428 0.02039026529269897
181 0.44740513392857145 0.5825476869107652 0.008649553571428572 0.020171015128261346
196 0.44761439732142855 0.5157860118395089 0.017717633928571428 0.027844770883578163
185 0.5334821428571429 0.6529269896952423 0.021205357142857144 0.010085507564130673
191 0.5670340401785714 0.5166630124972593 0.011579241071428572 0.018197763648322735
188 0.5669642857142857 0.4579039684279763 0.016462053571428572 0.010743258057443543
14 0.6681082589285714 0.675180881385661 0.012834821428571428 0.013374260030695024
25 0.5902622767857143 0.6763867572900679 0.011439732142857142 0.016224512168384126
192 0.6067940848214286 0.45505371629028724 0.017717633928571428 0.027844770883578163
32 0.28934151785714285 0.33315062486296865 0.009765625 0.022582766937075203
181 0.3143833705357143 0.17518088138566104 0.012974330357142858 0.013593510195132646
177 0.39188058035714285 0.17485200613900462 0.011160714285714286 0.013374260030695024
186 0.3055943080357143 0.48739311554483666 0.011858258928571428 0.017540013155009866
186 0.12925502232142858 0.20072352554264417 0.009626116071428572 0.01644376233282175
177 0.12946428571428573 0.2678140758605569 0.008928571428571428 0.021267265950449463
186 0.24853515625 0.3272308704231528 0.010184151785714286 0.016882262661696998
195 0.08970424107142858 0.39136154352115765 0.016183035714285716 0.025433019074764307
185 0.109375 0.3525542644156983 0.006417410714285714 0.03332602499451875
195 0.08970424107142858 0.20379302784477088 0.017578125 0.027844770883578163
25 0.09075055803571429 0.4641525981144486 0.0107421875 0.019294014470510854
102 0.14864676339285715 0.48706424029818024 0.014369419642857142 0.013374260030695024
25 0.6077706473214286 0.5791493093619821 0.010463169642857142 0.022144266608199955
183 0.6824079241071429 0.8461960096470073 0.016880580357142856 0.00986625739969305
181 0.6669224330357143 0.8625301468976102 0.011300223214285714 0.0131550098662574
188 0.6465541294642857 0.6352773514580136 0.0126953125 0.012058759044069283
142 0.6462751116071429 0.5190747643060732 0.009068080357142858 0.01381276035957027
186 0.3872767857142857 0.6123657092742819 0.011160714285714286 0.015347511510633634
176 0.3680943080357143 0.4053935540451655 0.0087890625 0.019294014470510854
186 0.36781529017857145 0.33315062486296865 0.009347098214285714 0.017320762990572242
194 0.42822265625 0.424906818680114 0.017717633928571428 0.02762552071914054
180 0.46609933035714285 0.42501644376233283 0.010881696428571428 0.013374260030695024
192 0.72607421875 0.26759482569611925 0.018833705357142856 0.029598772199079148
177 0.72607421875 0.2097127822845867 0.008510044642857142 0.023898267923700943
192 0.7041015625 0.1749616312212234 0.018415178571428572 0.02894102170576628
182 0.6725027901785714 0.36242052181539136 0.008510044642857142 0.013593510195132646
184 0.6403459821428571 0.12716509537382154 0.021205357142857144 0.01052400789300592
187 0.5868443080357143 0.11247533435650077 0.004603794642857143 0.013593510195132646
195 0.5455496651785714 0.11247533435650077 0.017717633928571428 0.02718702039026529
180 0.3470982142857143 0.2997149747862311 0.012834821428571428 0.013593510195132646
182 0.3080357142857143 0.2997149747862311 0.008370535714285714 0.014032010524007894
194 0.5074637276785714 0.7999342249506687 0.017717633928571428 0.027844770883578163
184 0.5404575892857143 0.7901775926331944 0.006417410714285714 0.03332602499451875