187 0.6647600446428571 0.1343708899605436 0.0030691964285714285 0.00920648838228847
187 0.07686941964285714 0.7378342832091188 0.005859375 0.004822446295484437
187 0.6960797991071429 0.15541429197720297 0.005719866071428571 0.004822446295484437
187 0.7230050223214286 0.9204296361245068 0.005719866071428571 0.004822446295484437
187 0.2880859375 0.17667689609820253 0.0030691964285714285 0.00920648838228847
187 0.5124162946428571 0.0920648838228847 0.0030691964285714285 0.00920648838228847
189 0.6691545758928571 0.41034633932485753 0.007672991071428571 0.021481806225339763
188 0.6691545758928571 0.49682156948706707 0.009626116071428572 0.0076720736519070585
187 0.6691545758928571 0.5363875493204735 0.005719866071428571 0.004822446295484437
32 0.6608537946428571 0.556444541867602 0.010323660714285714 0.010740903112669882
14 0.6058175223214286 0.5575405523893029 0.010184151785714286 0.009425690486628672
176 0.5508510044642857 0.38809732573432704 0.009347098214285714 0.009425690486628672
196 0.5614536830357143 0.32343270495396753 0.0126953125 0.01994739149495835
178 0.5991908482142857 0.30370451556334943 0.009486607142857142 0.00898728627794827
25 0.6303013392857143 0.3023893029373082 0.0078125 0.011617711530030689
191 0.5614536830357143 0.417360806663744 0.007393973214285714 0.011398509425690487
192 0.5614536830357143 0.45320035072336695 0.012137276785714286 0.019070583077597545
14 0.5614536830357143 0.4900263042525208 0.005719866071428571 0.013371328364752301
63 0.5345982142857143 0.11365629110039456 0.005859375 0.011179307321350284
193 0.5345284598214286 0.15683910565541428 0.012416294642857142 0.019508987286277948
32 0.5350864955357143 0.19333625602805787 0.0068359375 0.014028934677772907
192 0.5345284598214286 0.24123191582639195 0.0126953125 0.01994739149495835
195 0.5487583705357143 0.13448049101271373 0.012416294642857142 0.019508987286277948
176 0.6251395089285714 0.13459009206488382 0.008091517857142858 0.00920648838228847
188 0.5345982142857143 0.27849627356422624 0.008649553571428572 0.008110477860587462
14 0.5343889508928571 0.36080666374397197 0.005719866071428571 0.012713722051731697
192 0.13071986607142858 0.15431828145550197 0.012555803571428572 0.01972818939061815
181 0.13065011160714285 0.11354669004822446 0.005719866071428571 0.012713722051731697
191 0.16622488839285715 0.09217448487505481 0.008510044642857142 0.013371328364752301
60 0.13065011160714285 0.19519947391494957 0.005719866071428571 0.016001753616834723
191 0.13071986607142858 0.2778386672512056 0.008091517857142858 0.012494519947391494
183 0.13330078125 0.3712187637001315 0.011300223214285714 0.006795265234546251
60 0.14083426339285715 0.430403331871986 0.008510044642857142 0.00898728627794827
191 0.21149553571428573 0.4560499780797896 0.008091517857142858 0.012932924156071899
196 0.22495814732142858 0.4729285401139851 0.012137276785714286 0.019070583077597545
182 0.32847377232142855 0.43051293292415604 0.005998883928571429 0.010083296799649276
193 0.3461216517857143 0.45287154756685666 0.011439732142857142 0.018851380973257344
190 0.23835100446428573 0.540223586146427 0.007114955357142857 0.0076720736519070585
195 0.23842075892857142 0.6222051731696624 0.012555803571428572 0.01994739149495835
191 0.24665178571428573 0.6843489697501096 0.0078125 0.012275317843051293
63 0.11349051339285714 0.7263261727312582 0.009905133928571428 0.00898728627794827
177 0.14341517857142858 0.7264357737834283 0.010044642857142858 0.00920648838228847
175 0.16713169642857142 0.7265453748355984 0.010602678571428572 0.00898728627794827
189 0.22579520089285715 0.7266549758877685 0.013532366071428572 0.01052170100832968
25 0.09186662946428571 0.6830337571240684 0.009068080357142858 0.01052170100832968
177 0.2001953125 0.6844585708022797 0.008928571428571428 0.00898728627794827
193 0.22537667410714285 0.6843489697501096 0.012137276785714286 0.019289785181937746
179 0.07568359375 0.6644015782551512 0.008231026785714286 0.015344147303814117
175 0.08468191964285714 0.6419333625602806 0.008091517857142858 0.00898728627794827
178 0.16908482142857142 0.6419333625602806 0.008649553571428572 0.00898728627794827
63 0.19426618303571427 0.6421525646646208 0.008510044642857142 0.009425690486628672
184 0.23158482142857142 0.6352476983779044 0.004464285714285714 0.02235861464270057
189 0.29227120535714285 0.7479175800087681 0.006138392857142857 0.021481806225339763
195 0.29220145089285715 0.7915387987724682 0.012416294642857142 0.01972818939061815
63 0.29234095982142855 0.8696843489697501 0.005719866071428571 0.015563349408154318
176 0.29213169642857145 0.6196843489697501 0.005859375 0.0131521262604121
63 0.29213169642857145 0.4961639631740465 0.005859375 0.014686540990793511
186 0.2772739955357143 0.47303814116615517 0.007393973214285714 0.01052170100832968
189 0.6552036830357143 0.8535729943007453 0.013532366071428572 0.010083296799649276
32 0.6336495535714286 0.8529153879877247 0.008370535714285714 0.010083296799649276
195 0.6817801339285714 0.6843489697501096 0.012555803571428572 0.01972818939061815
184 0.6275111607142857 0.6909250328803157 0.004464285714285714 0.022797018851380975
195 0.5884486607142857 0.6616615519508987 0.010323660714285714 0.016440157825515125
175 0.5796595982142857 0.6420429636124507 0.009207589285714286 0.00920648838228847
179 0.5175083705357143 0.6861025865848313 0.011021205357142858 0.012713722051731697
188 0.4413364955357143 0.6843489697501096 0.004603794642857143 0.012275317843051293
60 0.3192661830357143 0.15322227093380097 0.005998883928571429 0.014028934677772907
179 0.31801060267857145 0.10697062691801841 0.008231026785714286 0.015344147303814117
188 0.28445870535714285 0.09217448487505481 0.005859375 0.016440157825515125
63 0.25669642857142855 0.09217448487505481 0.008649553571428572 0.00898728627794827
14 0.22307477678571427 0.092393686979395 0.010044642857142858 0.00898728627794827
188 0.31919642857142855 0.19508987286277948 0.008649553571428572 0.00789127575624726
187 0.31919642857142855 0.28255151249451993 0.005859375 0.004822446295484437
102 0.31905691964285715 0.32047347654537484 0.005859375 0.012275317843051293
60 0.31919642857142855 0.4572555896536607 0.005859375 0.012713722051731697
192 0.33314732142857145 0.2613985094256905 0.011997767857142858 0.018632178868917142
177 0.3593052455357143 0.2611793073213503 0.010184151785714286 0.00898728627794827
195 0.44105747767857145 0.2613985094256905 0.012137276785714286 0.019070583077597545
178 0.4677734375 0.2613985094256905 0.009765625 0.00898728627794827
195 0.494140625 0.26128890837352037 0.010881696428571428 0.01709776413853573
177 0.5076032366071429 0.285839544059623 0.005719866071428571 0.013590530469092503
180 0.24714006696428573 0.8960982025427444 0.008231026785714286 0.00920648838228847
186 0.28076171875 0.8956597983340641 0.007393973214285714 0.010960105217010083
32 0.6157924107142857 0.6985971065322227 0.006696428571428571 0.01446733888645331
180 0.6153738839285714 0.7426567295046033 0.005859375 0.01446733888645331
186 0.6153041294642857 0.7864971503726436 0.006556919642857143 0.011398509425690487
185 0.67333984375 0.8398728627794827 0.014369419642857142 0.007233669443226655
177 0.4267578125 0.7926348092941692 0.005859375 0.0131521262604121
189 0.42689732142857145 0.7041867601928978 0.006417410714285714 0.021262604120999562
193 0.35825892857142855 0.7266549758877685 0.011997767857142858 0.018851380973257344
196 0.33133370535714285 0.7266549758877685 0.011997767857142858 0.018851380973257344
187 0.25181361607142855 0.7266549758877685 0.0030691964285714285 0.00920648838228847
25 0.44029017857142855 0.8522577816747041 0.0078125 0.010960105217010083
189 0.46742466517857145 0.8535729943007453 0.013532366071428572 0.00789127575624726
181 0.4912806919642857 0.8539017974572556 0.007672991071428571 0.009425690486628672
183 0.6064453125 0.8494081543182814 0.004464285714285714 0.01797457255589654
188 0.6153738839285714 0.6116834721613328 0.008928571428571428 0.007233669443226655
192 0.5615234375 0.6192459447610698 0.01171875 0.018851380973257344
191 0.5614536830357143 0.5709118807540552 0.007393973214285714 0.011617711530030689
183 0.6127232142857143 0.5718982902235862 0.011439732142857142 0.0070144673388864535
175 0.6531808035714286 0.34612012275317844 0.008928571428571428 0.00920648838228847
176 0.22628348214285715 0.5997369574747917 0.0078125 0.008768084173608066
192 0.25279017857142855 0.5997369574747917 0.012276785714285714 0.019289785181937746
180 0.25460379464285715 0.5573213502849628 0.008649553571428572 0.00898728627794827
14 0.33384486607142855 0.5575405523893029 0.010044642857142858 0.00898728627794827
184 0.3418666294642857 0.49715037264357737 0.014369419642857142 0.0070144673388864535
191 0.31912667410714285 0.4909031126698816 0.007393973214285714 0.011617711530030689
185 0.32338169642857145 0.5306882946076282 0.014229910714285714 0.0070144673388864535
195 0.31919642857142855 0.6214379658044717 0.011997767857142858 0.018851380973257344
186 0.31919642857142855 0.6640727750986409 0.006975446428571429 0.012494519947391494
189 0.38650948660714285 0.6843489697501096 0.013532366071428572 0.01052170100832968
187 0.41336495535714285 0.6843489697501096 0.0030691964285714285 0.00920648838228847
190 0.31312779017857145 0.472818939061815 0.004324776785714286 0.01052170100832968
183 0.18715122767857142 0.5424156071898291 0.011300223214285714 0.006795265234546251
196 0.1845703125 0.5797895659798334 0.012276785714285714 0.019289785181937746
63 0.18450055803571427 0.6147523016220956 0.005719866071428571 0.015563349408154318
178 0.1845703125 0.6995835160017536 0.005859375 0.014686540990793511
192 0.5076729910714286 0.32332310390179747 0.011997767857142858 0.018851380973257344
188 0.5191824776785714 0.26128890837352037 0.004324776785714286 0.01446733888645331
188 0.5475027901785714 0.26128890837352037 0.004603794642857143 0.01446733888645331
191 0.5705915178571429 0.26128890837352037 0.008091517857142858 0.012713722051731697
179 0.5895647321428571 0.279373081981587 0.008091517857142858 0.016878562034195528
176 0.5885184151785714 0.32507672073651905 0.005998883928571429 0.016220955721174924
195 0.34605189732142855 0.6213283647523016 0.0107421875 0.016878562034195528
186 0.6959402901785714 0.23936869793950022 0.006277901785714286 0.012275317843051293
142 0.5283203125 0.30370451556334943 0.006138392857142857 0.009425690486628672
192 0.58837890625 0.6223147742218326 0.012416294642857142 0.019289785181937746
32 0.5888671875 0.5790223586146427 0.006696428571428571 0.013371328364752301
195 0.58837890625 0.4927663305567733 0.011579241071428572 0.018851380973257344
182 0.5884486607142857 0.45089872862779484 0.005859375 0.008768084173608066
195 0.57470703125 0.43051293292415604 0.011021205357142858 0.01709776413853573
182 0.5266462053571429 0.43029373081981587 0.005859375 0.00920648838228847
188 0.5076032366071429 0.36190267426567296 0.009626116071428572 0.00920648838228847
102 0.42696707589285715 0.6224243752740026 0.005719866071428571 0.013809732573432706
25 0.4263392857142857 0.5832967996492766 0.007254464285714286 0.016220955721174924
188 0.4268275669642857 0.5324419114423499 0.009626116071428572 0.00789127575624726
188 0.4268275669642857 0.5007672073651908 0.007952008928571428 0.008548882069267865
195 0.41329520089285715 0.4729285401139851 0.010463169642857142 0.016440157825515125
177 0.7229352678571429 0.877137220517317 0.005859375 0.015124945199473916
184 0.7087053571428571 0.8601490574309514 0.004464285714285714 0.022797018851380975
32 0.7236328125 0.8286935554581324 0.006696428571428571 0.016878562034195528
193 0.7230050223214286 0.789127575624726 0.012416294642857142 0.019289785181937746
182 0.6422293526785714 0.7947172292854011 0.005998883928571429 0.00898728627794827
60 0.48074776785714285 0.3688075405523893 0.005859375 0.016878562034195528
182 0.48074776785714285 0.39993423936869793 0.005859375 0.008548882069267865
175 0.48074776785714285 0.4466242875931609 0.005859375 0.016001753616834723
189 0.46714564732142855 0.472818939061815 0.013532366071428572 0.01052170100832968
176 0.43917410714285715 0.472818939061815 0.008370535714285714 0.008768084173608066
179 0.64111328125 0.28529153879877245 0.008231026785714286 0.01819377466023674
60 0.2490234375 0.17656729504603244 0.008370535714285714 0.009425690486628672
196 0.23842075892857142 0.32551512494519946 0.012276785714285714 0.019289785181937746
194 0.2529994419642857 0.3035949145111793 0.0126953125 0.020166593599298552
195 0.27992466517857145 0.30370451556334943 0.0107421875 0.016878562034195528
175 0.3041294642857143 0.3034853134590092 0.008928571428571428 0.009425690486628672
195 0.33370535714285715 0.3035949145111793 0.010602678571428572 0.016659359929855327
187 0.44029017857142855 0.3035949145111793 0.0030691964285714285 0.00920648838228847