187 0.6960797991071429 0.7124068391056554 0.005719866071428571 0.004822446295484437
187 0.6886160714285714 0.5574309513371328 0.0030691964285714285 0.00920648838228847
187 0.5386439732142857 0.17667689609820253 0.0030691964285714285 0.00920648838228847
187 0.6501116071428571 0.3459009206488382 0.0030691964285714285 0.00920648838228847
187 0.74169921875 0.8112669881630864 0.003208705357142857 0.00920648838228847
187 0.5884486607142857 0.2099956159579132 0.005859375 0.004822446295484437
187 0.31919642857142855 0.9153879877246821 0.005859375 0.004822446295484437
187 0.13071986607142858 0.09732573432704954 0.005859375 0.004822446295484437
187 0.48074776785714285 0.5940377027619466 0.005859375 0.004822446295484437
187 0.1845703125 0.6510302498903989 0.005859375 0.004822446295484437
187 0.6422991071428571 0.8908373520385796 0.005859375 0.004822446295484437
175 0.21135602678571427 0.49101271372205174 0.005859375 0.012275317843051293
60 0.21142578125 0.4458570802279702 0.005719866071428571 0.011398509425690487
195 0.22565569196428573 0.38831652783866727 0.010463169642857142 0.016440157825515125
119 0.27553013392857145 0.3834940815431828 0.01171875 0.018632178868917142
183 0.30936104910714285 0.3841516878562034 0.004324776785714286 0.017755370451556333
193 0.21142578125 0.36519070583077595 0.011579241071428572 0.018851380973257344
196 0.21142578125 0.3229943007452872 0.012137276785714286 0.019070583077597545
32 0.2119140625 0.24473914949583517 0.006696428571428571 0.013371328364752301
102 0.21128627232142858 0.1993643138974134 0.005719866071428571 0.016001753616834723
188 0.21149553571428573 0.1462078035949145 0.008928571428571428 0.00920648838228847
176 0.22300502232142858 0.13448049101271373 0.007672991071428571 0.009425690486628672
196 0.251953125 0.1343708899605436 0.013113839285714286 0.020604997807978958
180 0.19789341517857142 0.6421525646646208 0.008231026785714286 0.009425690486628672
142 0.21875 0.5575405523893029 0.005859375 0.009425690486628672
178 0.25509207589285715 0.5573213502849628 0.007952008928571428 0.00898728627794827
195 0.30587332589285715 0.5575405523893029 0.010463169642857142 0.016440157825515125
189 0.31919642857142855 0.49243752740026303 0.006417410714285714 0.021262604120999562
102 0.27783203125 0.8958790004384042 0.008231026785714286 0.00920648838228847
183 0.3135463169642857 0.8916045594037703 0.004324776785714286 0.017755370451556333
177 0.7105189732142857 0.68478737395879 0.010602678571428572 0.00920648838228847
183 0.693359375 0.6660455940377028 0.011160714285714286 0.006795265234546251
192 0.6960797991071429 0.5784743533537922 0.011579241071428572 0.018851380973257344
14 0.6839425223214286 0.5150153441473038 0.009347098214285714 0.00898728627794827
188 0.6691545758928571 0.4563787812362999 0.011021205357142858 0.008329679964927663
60 0.6593191964285714 0.430403331871986 0.008370535714285714 0.00898728627794827
185 0.40415736607142855 0.2495615957913196 0.014229910714285714 0.006795265234546251
119 0.40304129464285715 0.28496273564226215 0.011997767857142858 0.018851380973257344
190 0.40415736607142855 0.21909250328803156 0.005022321428571429 0.0076720736519070585
187 0.44029017857142855 0.21898290223586148 0.0030691964285714285 0.00920648838228847
181 0.4642857142857143 0.21909250328803156 0.008091517857142858 0.00898728627794827
179 0.52197265625 0.21733888645330995 0.009347098214285714 0.012932924156071899
183 0.49267578125 0.17273125822007893 0.004324776785714286 0.01797457255589654
32 0.45424107142857145 0.20287154756685663 0.006696428571428571 0.016440157825515125
181 0.45382254464285715 0.3280359491451118 0.005859375 0.012932924156071899
188 0.45375279017857145 0.35916264796142044 0.010184151785714286 0.0076720736519070585
14 0.4628208705357143 0.43018412976764575 0.009347098214285714 0.009425690486628672
184 0.6282087053571429 0.3393248575186322 0.004464285714285714 0.02235861464270057
25 0.7237025669642857 0.6672512056115739 0.007114955357142857 0.013590530469092503
142 0.7229352678571429 0.6964050854888207 0.005859375 0.00920648838228847
187 0.5749162946428571 0.21898290223586148 0.0030691964285714285 0.00920648838228847
32 0.5465959821428571 0.2604120999561596 0.010602678571428572 0.011398509425690487
192 0.49288504464285715 0.30370451556334943 0.011997767857142858 0.018632178868917142
32 0.46714564732142855 0.3028277071459886 0.009068080357142858 0.011179307321350284
195 0.6153738839285714 0.2839763261727313 0.010323660714285714 0.016440157825515125
187 0.6153738839285714 0.36716352476983777 0.005859375 0.004822446295484437
142 0.6690848214285714 0.41834721613327486 0.005859375 0.008548882069267865
183 0.6755719866071429 0.42634809294169224 0.004603794642857143 0.017536168347216132
192 0.31912667410714285 0.8319815870232354 0.012416294642857142 0.019508987286277948
176 0.31919642857142855 0.7970188513809733 0.005859375 0.0131521262604121
190 0.31912667410714285 0.7392590968873302 0.0068359375 0.010740903112669882
196 0.2236328125 0.6420429636124507 0.012555803571428572 0.01972818939061815
195 0.31912667410714285 0.5768303375712407 0.012416294642857142 0.019508987286277948
191 0.35874720982142855 0.5574309513371328 0.008231026785714286 0.012713722051731697
179 0.43861607142857145 0.5555677334502411 0.010602678571428572 0.012494519947391494
179 0.2933872767857143 0.5278386672512057 0.008091517857142858 0.016659359929855327
179 0.7218889508928571 0.5734327049539676 0.007952008928571428 0.01446733888645331
32 0.7121930803571429 0.5142481367821131 0.010881696428571428 0.011398509425690487
184 0.13490513392857142 0.1980491012713722 0.014229910714285714 0.006795265234546251
25 0.14006696428571427 0.2598640946953091 0.007254464285714286 0.012056115738711091
191 0.17333984375 0.26128890837352037 0.0068359375 0.010960105217010083
63 0.17229352678571427 0.472818939061815 0.009486607142857142 0.008768084173608066
193 0.22565569196428573 0.4729285401139851 0.012137276785714286 0.019070583077597545
188 0.6246512276785714 0.6843489697501096 0.004603794642857143 0.017536168347216132
25 0.6160714285714286 0.7919772029811486 0.007254464285714286 0.01183691363437089
177 0.6270926339285714 0.8110477860587462 0.008928571428571428 0.00920648838228847
196 0.6828264508928571 0.8112669881630864 0.0126953125 0.01972818939061815
14 0.6153738839285714 0.6583735203857957 0.005859375 0.013371328364752301
195 0.615234375 0.6194651468654099 0.011160714285714286 0.017536168347216132
193 0.6153041294642857 0.4923279263480929 0.012416294642857142 0.01972818939061815
183 0.6127232142857143 0.4510083296799649 0.011439732142857142 0.006795265234546251
196 0.6297433035714286 0.43062253397632616 0.011997767857142858 0.018632178868917142
194 0.5614536830357143 0.23991670320035072 0.0126953125 0.01994739149495835
189 0.48074776785714285 0.5345243314335818 0.005859375 0.021262604120999562
195 0.48074776785714285 0.49210872424375274 0.012276785714285714 0.019289785181937746
176 0.48081752232142855 0.452213941253836 0.005719866071428571 0.014028934677772907
179 0.4423828125 0.47457255589653663 0.011439732142857142 0.012713722051731697
187 0.41336495535714285 0.472818939061815 0.0030691964285714285 0.00920648838228847
177 0.4808872767857143 0.4053046909250329 0.006138392857142857 0.015344147303814117
187 0.44029017857142855 0.38820692678649715 0.0030691964285714285 0.00920648838228847
186 0.41552734375 0.38820692678649715 0.007393973214285714 0.01052170100832968
180 0.3877650669642857 0.38842612889083733 0.009626116071428572 0.00920648838228847
189 0.31912667410714285 0.407606313020605 0.007114955357142857 0.021262604120999562
32 0.31961495535714285 0.2817843051293292 0.006696428571428571 0.014248136782113108
178 0.31912667410714285 0.24627356422621657 0.005719866071428571 0.016440157825515125
186 0.31898716517857145 0.1970626918018413 0.0068359375 0.011398509425690487
182 0.33426339285714285 0.17656729504603244 0.005859375 0.009425690486628672
190 0.6691545758928571 0.7365190705830776 0.0048828125 0.00920648838228847
32 0.5618024553571429 0.3248575186321789 0.006696428571428571 0.0131521262604121
178 0.5771484375 0.38831652783866727 0.008649553571428572 0.00898728627794827
180 0.6423688616071429 0.4938623410784744 0.005719866071428571 0.01578255151249452
179 0.6434151785714286 0.5350723366944322 0.008091517857142858 0.01709776413853573
63 0.6422293526785714 0.61957474791758 0.005719866071428571 0.015124945199473916
191 0.6422293526785714 0.6657167908811925 0.008510044642857142 0.0131521262604121
191 0.24762834821428573 0.0920648838228847 0.008928571428571428 0.014028934677772907
183 0.2679966517857143 0.16681280140289348 0.011160714285714286 0.00657606313020605
195 0.28006417410714285 0.17667689609820253 0.010463169642857142 0.01578255151249452
175 0.26527622767857145 0.24386234107847435 0.005719866071428571 0.015124945199473916
175 0.26541573660714285 0.4468434896975011 0.005719866071428571 0.015563349408154318
195 0.23835100446428573 0.11497150372643578 0.012416294642857142 0.019508987286277948
175 0.2538364955357143 0.17700569925471285 0.009068080357142858 0.00898728627794827
32 0.23876953125 0.20276194651468654 0.006556919642857143 0.014905743095133712
186 0.23849051339285715 0.2396975010960105 0.0068359375 0.011617711530030689
178 0.23828125 0.28803156510302497 0.005859375 0.01578255151249452
119 0.24651227678571427 0.29877246821569486 0.010044642857142858 0.018851380973257344
32 0.28006417410714285 0.3026085050416484 0.011021205357142858 0.011179307321350284
187 0.48074776785714285 0.3248575186321789 0.005859375 0.004822446295484437
193 0.45375279017857145 0.8762604120999562 0.012137276785714286 0.019070583077597545
186 0.4536830357142857 0.7877027619465147 0.006696428571428571 0.011179307321350284
187 0.45382254464285715 0.7055019728189391 0.005859375 0.005041648399824638
60 0.45375279017857145 0.6599079351161771 0.005719866071428571 0.012494519947391494
63 0.45389229910714285 0.6192459447610698 0.005719866071428571 0.016659359929855327
195 0.6422293526785714 0.3690267426567295 0.012416294642857142 0.019508987286277948
188 0.6242327008928571 0.21909250328803156 0.004603794642857143 0.016001753616834723
176 0.6011439732142857 0.21909250328803156 0.008370535714285714 0.00898728627794827
176 0.5989815848214286 0.4307321350284963 0.0087890625 0.00920648838228847
192 0.5740792410714286 0.43051293292415604 0.012555803571428572 0.01972818939061815
192 0.5477120535714286 0.43051293292415604 0.011997767857142858 0.018851380973257344
196 0.18450055803571427 0.11223147742218326 0.011858258928571428 0.018851380973257344
32 0.19914899553571427 0.5567733450241122 0.008231026785714286 0.010083296799649276
184 0.19210379464285715 0.5084392810170978 0.004464285714285714 0.02257781674704077
192 0.22502790178571427 0.515234546251644 0.011997767857142858 0.018632178868917142
178 0.23842075892857142 0.40300306882946074 0.005859375 0.013371328364752301
177 0.6550641741071429 0.7689609820254274 0.010463169642857142 0.00920648838228847
195 0.6422293526785714 0.7463831652783867 0.011021205357142858 0.01709776413853573
188 0.5960518973214286 0.5574309513371328 0.004324776785714286 0.01578255151249452
182 0.5740094866071429 0.5574309513371328 0.005719866071428571 0.00920648838228847
192 0.5472237723214286 0.5574309513371328 0.012416294642857142 0.01972818939061815
176 0.5228097098214286 0.5574309513371328 0.010184151785714286 0.009644892590968873
184 0.12653459821428573 0.798991670320035 0.014508928571428572 0.0070144673388864535
187 0.13071986607142858 0.7055019728189391 0.005859375 0.005041648399824638
14 0.13071986607142858 0.6606751424813678 0.005859375 0.014028934677772907
184 0.17229352678571427 0.6354669004822446 0.004464285714285714 0.022797018851380975
193 0.14529854910714285 0.8957693993862341 0.012137276785714286 0.019070583077597545
191 0.17564174107142858 0.8956597983340641 0.007254464285714286 0.011398509425690487
175 0.19342912946428573 0.8958790004384042 0.010184151785714286 0.008768084173608066
102 0.23814174107142858 0.623849188952214 0.005859375 0.01578255151249452
195 0.373046875 0.7900043840420868 0.012555803571428572 0.01972818939061815
14 0.33203125 0.6419333625602806 0.0078125 0.00898728627794827
60 0.373046875 0.6284524331433582 0.005859375 0.013590530469092503
183 0.37046595982142855 0.5886672512056116 0.011579241071428572 0.006795265234546251