187 0.46561104910714285 0.8625301468976102 0.004603794642857143 0.013593510195132646
187 0.6067243303571429 0.6528173646130234 0.008649553571428572 0.00723525542644157
187 0.6862444196428571 0.8492655119491339 0.008649553571428572 0.00723525542644157
187 0.2885044642857143 0.49978074983556237 0.008649553571428572 0.00723525542644157
187 0.3846958705357143 0.8000438500328875 0.004603794642857143 0.013593510195132646
187 0.08970424107142858 0.8392896294672221 0.008649553571428572 0.007016005262003947
187 0.16922433035714285 0.6569831177373383 0.008649553571428572 0.00723525542644157
187 0.3799525669642857 0.9250164437623328 0.004603794642857143 0.013593510195132646
177 0.5080217633928571 0.5499890374917781 0.014927455357142858 0.013374260030695024
192 0.5484095982142857 0.5498794124095593 0.018136160714285716 0.02850252137689103
192 0.6067243303571429 0.5157860118395089 0.017020089285714284 0.027844770883578163
191 0.48744419642857145 0.6340714755536067 0.013392857142857142 0.02104801578601184
193 0.6863141741071429 0.3936636702477527 0.017717633928571428 0.027844770883578163
176 0.6337890625 0.23711905283928963 0.015345982142857142 0.01381276035957027
180 0.5881696428571429 0.23722867792150845 0.014787946428571428 0.014032010524007894
194 0.54541015625 0.23744792808594606 0.017717633928571428 0.02718702039026529
189 0.54541015625 0.36242052181539136 0.019949776785714284 0.014909011181758386
185 0.20298549107142858 0.5095373821530366 0.021484375 0.010085507564130673
25 0.20779854910714285 0.387086165314624 0.0107421875 0.018636263977197982
179 0.30691964285714285 0.6098443323832493 0.017299107142857144 0.018636263977197982
181 0.32847377232142855 0.5117298837974128 0.008510044642857142 0.02455601841701381
182 0.32826450892857145 0.4513264634948476 0.008649553571428572 0.01381276035957027
179 0.5811244419642857 0.6152159614119711 0.017717633928571428 0.018855514141635606
185 0.5482700892857143 0.622231966673975 0.006417410714285714 0.03332602499451875
175 0.6863141741071429 0.7658408243806183 0.008510044642857142 0.025433019074764307
180 0.7002650669642857 0.7376671782503836 0.014090401785714286 0.013374260030695024
191 0.6863141741071429 0.6399912299934225 0.012416294642857142 0.0197325147993861
184 0.6801060267857143 0.59778557333918 0.021205357142857144 0.010304757728568297
119 0.6654575892857143 0.557005042753782 0.014787946428571428 0.027844770883578163
192 0.6260463169642857 0.5499890374917781 0.017717633928571428 0.027406270554702915
184 0.5839146205357143 0.7473141854856391 0.006277901785714286 0.03310677483008112
63 0.56689453125 0.7132207849155887 0.0087890625 0.017978513483885114
185 0.5085797991071429 0.6848278886209165 0.006277901785714286 0.03310677483008112
142 0.44754464285714285 0.6255207191405393 0.008928571428571428 0.014032010524007894
187 0.7061941964285714 0.8000438500328875 0.004464285714285714 0.013593510195132646
183 0.7220284598214286 0.5946064459548345 0.0166015625 0.010085507564130673
193 0.72607421875 0.4557114667836001 0.017159598214285716 0.027844770883578163
176 0.5667550223214286 0.5745450559087919 0.008510044642857142 0.017320762990572242
32 0.14327566964285715 0.4237009427757071 0.015066964285714286 0.01644376233282175
187 0.08970424107142858 0.518636263977198 0.008649553571428572 0.00723525542644157
182 0.14543805803571427 0.5498794124095593 0.008231026785714286 0.013593510195132646
32 0.19510323660714285 0.54889278666959 0.013811383928571428 0.016005262003946502
183 0.08572823660714286 0.3806182854637141 0.0166015625 0.010085507564130673
190 0.08970424107142858 0.34466125849594387 0.008649553571428572 0.01710151282613462
187 0.14934430803571427 0.29993422495066874 0.004603794642857143 0.013593510195132646
195 0.646484375 0.520938390703793 0.015904017857142856 0.02499451874588906
183 0.6189313616071429 0.6183950887963165 0.006277901785714286 0.026529269896952423
14 0.646484375 0.45428634071475554 0.008370535714285714 0.021486516114887087
181 0.6334402901785714 0.4247971935978952 0.013253348214285714 0.013374260030695024
190 0.6067940848214286 0.4131769348827012 0.0068359375 0.01512826134619601
119 0.6021205357142857 0.32777899583424686 0.017857142857142856 0.02587151940363955
184 0.20298549107142858 0.21903091427318572 0.021484375 0.01052400789300592
191 0.22279575892857142 0.1749616312212234 0.011160714285714286 0.017540013155009866
183 0.13323102678571427 0.3909230431922824 0.017020089285714284 0.010085507564130673
190 0.208984375 0.15194036395527297 0.010044642857142858 0.015786011839508878
142 0.3031529017857143 0.11225608419206315 0.009486607142857142 0.014032010524007894
191 0.19084821428571427 0.23744792808594606 0.011160714285714286 0.017540013155009866
25 0.27573939732142855 0.1767156325367244 0.012974330357142858 0.016663012497259374
194 0.3895786830357143 0.29993422495066874 0.018833705357142856 0.029818022363516772
194 0.3680943080357143 0.33227362420521817 0.0185546875 0.029160271870203903
188 0.30008370535714285 0.42501644376233283 0.007254464285714286 0.022144266608199955
63 0.2719029017857143 0.4876123657092743 0.014787946428571428 0.013593510195132646
187 0.22893415178571427 0.48739311554483666 0.004464285714285714 0.013593510195132646
192 0.28857421875 0.39256741942556456 0.017159598214285716 0.027844770883578163
142 0.3179408482142857 0.36242052181539136 0.008370535714285714 0.013593510195132646
191 0.44761439732142855 0.5195132646349485 0.0126953125 0.019951764963823723
193 0.5088588169642857 0.42501644376233283 0.017717633928571428 0.026090769568077175
63 0.22495814732142858 0.36242052181539136 0.015485491071428572 0.0131550098662574
184 0.25502232142857145 0.4615215961411971 0.021205357142857144 0.010085507564130673
179 0.40625 0.8948695461521596 0.012276785714285714 0.02565226923920193
60 0.40771484375 0.7754878316158738 0.009068080357142858 0.024117518088138567
176 0.4082728794642857 0.6995176496382373 0.0087890625 0.023898267923700943
178 0.4677734375 0.8001534751151064 0.013113839285714286 0.01381276035957027
142 0.6187918526785714 0.7996053497040123 0.008510044642857142 0.01447051085288314
180 0.6717354910714286 0.7999342249506687 0.013113839285714286 0.013374260030695024
181 0.5809849330357143 0.48717386538039903 0.0107421875 0.013593510195132646
184 0.5608258928571429 0.45921946941460207 0.021205357142857144 0.00986625739969305
63 0.5669642857142857 0.4019951764963824 0.008370535714285714 0.021267265950449463
180 0.46651785714285715 0.11258495943871957 0.015904017857142856 0.013374260030695024
176 0.42313058035714285 0.11258495943871957 0.012834821428571428 0.013374260030695024
25 0.3427734375 0.11422933567200175 0.015345982142857142 0.017978513483885114
194 0.46707589285714285 0.29993422495066874 0.017857142857142856 0.028064021048015787
196 0.40785435267857145 0.33205437404078053 0.017717633928571428 0.027844770883578163
182 0.08970424107142858 0.7666081999561499 0.009207589285714286 0.01381276035957027
189 0.08970424107142858 0.703683402762552 0.008649553571428572 0.031352773514580136
182 0.19412667410714285 0.3622012716509537 0.0087890625 0.014032010524007894
194 0.5272042410714286 0.20445077833808376 0.017299107142857144 0.027844770883578163
60 0.5269949776785714 0.33051962288971715 0.0087890625 0.018197763648322735
195 0.6067243303571429 0.4564788423591318 0.015625 0.02455601841701381
102 0.26136997767857145 0.4251260688445516 0.012974330357142858 0.013593510195132646
178 0.42354910714285715 0.6124753343565008 0.013113839285714286 0.013374260030695024
178 0.16922433035714285 0.4580135935101951 0.008370535714285714 0.02455601841701381
188 0.43115234375 0.7374479280859461 0.007672991071428571 0.02565226923920193
185 0.29471261160714285 0.19315939486954614 0.021344866071428572 0.010085507564130673
177 0.22921316964285715 0.2376671782503837 0.013392857142857142 0.013593510195132646
142 0.2885044642857143 0.25718044288533215 0.008649553571428572 0.0131550098662574
192 0.24881417410714285 0.20510852883139663 0.017438616071428572 0.027844770883578163
183 0.25265066964285715 0.2743915807936856 0.016741071428571428 0.00986625739969305
183 0.25265066964285715 0.34049550537162904 0.016741071428571428 0.010085507564130673
60 0.44775390625 0.4640429730322298 0.008510044642857142 0.02302126726595045
192 0.5084402901785714 0.48739311554483666 0.0185546875 0.029379522034641527
193 0.4273158482142857 0.9250164437623328 0.018136160714285716 0.02850252137689103