187 0.4476841517857143 0.3854417890813418 0.008649553571428572 0.007016005262003947
187 0.7260044642857143 0.9133961850471388 0.008649553571428572 0.007016005262003947
187 0.08970424107142858 0.7166191624643719 0.008649553571428572 0.00723525542644157
187 0.24239676339285715 0.1749616312212234 0.004603794642857143 0.013593510195132646
187 0.2528599330357143 0.8000438500328875 0.004603794642857143 0.013593510195132646
187 0.5809849330357143 0.23744792808594606 0.004603794642857143 0.013593510195132646
187 0.65576171875 0.9250164437623328 0.004603794642857143 0.013593510195132646
194 0.3496791294642857 0.11236570927428195 0.018833705357142856 0.029598772199079148
179 0.3872767857142857 0.29719359789519845 0.016183035714285716 0.018636263977197982
189 0.40785435267857145 0.3318351238763429 0.011300223214285714 0.031352773514580136
183 0.38406808035714285 0.3685595264196448 0.006417410714285714 0.0263100197325148
181 0.4320591517857143 0.23722867792150845 0.012276785714285714 0.013593510195132646
63 0.35560825892857145 0.23799605349704012 0.014229910714285714 0.01381276035957027
181 0.31215122767857145 0.23755755316816488 0.014927455357142858 0.013374260030695024
194 0.26695033482142855 0.36242052181539136 0.017717633928571428 0.02718702039026529
14 0.3682338169642857 0.5260907695680772 0.008510044642857142 0.018197763648322735
176 0.36795479910714285 0.6387853540890156 0.008510044642857142 0.018636263977197982
177 0.36802455357142855 0.8908134181100635 0.008649553571428572 0.021925016443762334
175 0.72607421875 0.772418329313747 0.008510044642857142 0.0197325147993861
190 0.6660853794642857 0.7375575531681648 0.009905133928571428 0.011401008550756413
63 0.646484375 0.7181539136154352 0.008370535714285714 0.01775926331944749
14 0.7257952008928571 0.712453409340057 0.009068080357142858 0.020828765621574215
14 0.72607421875 0.5724621793466345 0.008510044642857142 0.02104801578601184
193 0.5669642857142857 0.642622231966674 0.017857142857142856 0.028064021048015787
195 0.5468052455357143 0.6124753343565008 0.0166015625 0.026090769568077175
188 0.5120675223214286 0.6124753343565008 0.0068359375 0.02433676825257619
190 0.5909598214285714 0.6124753343565008 0.010044642857142858 0.015566761675071256
176 0.6863839285714286 0.5766279324709493 0.008649553571428572 0.022802017101512827
182 0.5670340401785714 0.5007673755755316 0.009068080357142858 0.014032010524007894
196 0.5056501116071429 0.36242052181539136 0.017717633928571428 0.028064021048015787
179 0.6847795758928571 0.6467879850909888 0.012137276785714286 0.02587151940363955
193 0.6651785714285714 0.6124753343565008 0.017857142857142856 0.028283271212453408
185 0.6800362723214286 0.5356281517211138 0.021065848214285716 0.010085507564130673
176 0.6861746651785714 0.44705108528831394 0.008510044642857142 0.0197325147993861
190 0.6323939732142857 0.6124753343565008 0.010881696428571428 0.01644376233282175
60 0.5887276785714286 0.5504275378206533 0.015066964285714286 0.013374260030695024
195 0.5272042410714286 0.5835343126507345 0.018694196428571428 0.029160271870203903
14 0.08977399553571429 0.45264196448147337 0.008510044642857142 0.022582766937075203
191 0.11363002232142858 0.36242052181539136 0.011579241071428572 0.01841701381276036
191 0.14460100446428573 0.36242052181539136 0.011858258928571428 0.01841701381276036
183 0.49142020089285715 0.779434334575751 0.0166015625 0.01052400789300592
189 0.48744419642857145 0.8333698750274062 0.011439732142857142 0.031572023679017756
176 0.48744419642857145 0.8932251699188775 0.008370535714285714 0.024117518088138567
195 0.46554129464285715 0.9250164437623328 0.018136160714285716 0.02850252137689103
186 0.388671875 0.9250164437623328 0.010881696428571428 0.014909011181758386
192 0.3680943080357143 0.32964262223196666 0.017438616071428572 0.027844770883578163
190 0.28857421875 0.204889278666959 0.0068359375 0.00986625739969305
191 0.11460658482142858 0.424906818680114 0.014369419642857142 0.02236351677263758
186 0.16957310267857142 0.5224731418548564 0.009626116071428572 0.01710151282613462
175 0.16929408482142858 0.6342907257180442 0.008510044642857142 0.02104801578601184
188 0.15534319196428573 0.6749616312212234 0.008231026785714286 0.021267265950449463
25 0.18247767857142858 0.7983994737996053 0.011997767857142858 0.016882262661696998
14 0.22809709821428573 0.8000438500328875 0.014229910714285714 0.013593510195132646
191 0.10442243303571429 0.5499890374917781 0.010463169642857142 0.01644376233282175
176 0.12939453125 0.5184170138127604 0.008510044642857142 0.02039026529269897
178 0.12946428571428573 0.7668274501205876 0.008370535714285714 0.018636263977197982
190 0.13797433035714285 0.7999342249506687 0.006417410714285714 0.014251260688445516
63 0.18777901785714285 0.48750274062705545 0.013950892857142858 0.013374260030695024
32 0.22663225446428573 0.48662573996930497 0.011300223214285714 0.015566761675071256
102 0.5670340401785714 0.7664985748739311 0.008510044642857142 0.020171015128261346
177 0.56689453125 0.7090550317912738 0.008510044642857142 0.02499451874588906
192 0.5452008928571429 0.9250164437623328 0.018136160714285716 0.02850252137689103
196 0.5480608258928571 0.11236570927428195 0.018833705357142856 0.029598772199079148
14 0.40799386160714285 0.2568515676386757 0.008510044642857142 0.020828765621574215
63 0.40799386160714285 0.8278886209164656 0.008510044642857142 0.020171015128261346
194 0.5272042410714286 0.7058759044069283 0.017020089285714284 0.027844770883578163
184 0.5209263392857143 0.6429511072133304 0.021205357142857144 0.00986625739969305
181 0.6463448660714286 0.14492435869326903 0.008649553571428572 0.017978513483885114
182 0.6180943080357143 0.11247533435650077 0.008510044642857142 0.013593510195132646
102 0.39481026785714285 0.11269458452093839 0.013392857142857142 0.0131550098662574
183 0.6505301339285714 0.2743915807936856 0.016462053571428572 0.00986625739969305
189 0.6067940848214286 0.45614996711247535 0.010463169642857142 0.031352773514580136
102 0.24881417410714285 0.8300811225608419 0.0087890625 0.020171015128261346
177 0.24867466517857142 0.8882920412190309 0.008510044642857142 0.023898267923700943
32 0.22670200892857142 0.9235913176934882 0.013950892857142858 0.016005262003946502
119 0.26185825892857145 0.8551852663889498 0.015345982142857142 0.027406270554702915
14 0.20926339285714285 0.8344661258495943 0.008370535714285714 0.02236351677263758
119 0.20445033482142858 0.584411313308485 0.017717633928571428 0.02302126726595045
180 0.18729073660714285 0.550098662573997 0.013253348214285714 0.0131550098662574
175 0.14906529017857142 0.5498794124095593 0.015485491071428572 0.0131550098662574
142 0.39404296875 0.7997149747862311 0.008231026785714286 0.014251260688445516
184 0.45389229910714285 0.8890594167945626 0.021065848214285716 0.010085507564130673
14 0.3511439732142857 0.9251260688445516 0.014508928571428572 0.013374260030695024
119 0.30294363839285715 0.9322516991887744 0.0166015625 0.02762552071914054
14 0.646484375 0.5110721333041 0.008370535714285714 0.01710151282613462
32 0.6472516741071429 0.5699408024556019 0.009905133928571428 0.021267265950449463
25 0.6324637276785714 0.23931155448366587 0.011021205357142858 0.017320762990572242
195 0.12946428571428573 0.5799166849375137 0.017857142857142856 0.028064021048015787
177 0.12918526785714285 0.8281078710809033 0.008928571428571428 0.019294014470510854
180 0.12932477678571427 0.8889497917123438 0.008649553571428572 0.02170576627932471
195 0.14997209821428573 0.9250164437623328 0.018415178571428572 0.02894102170576628
119 0.6909877232142857 0.840495505371629 0.017299107142857144 0.021267265950449463
195 0.6651785714285714 0.8624205218153914 0.017857142857142856 0.028283271212453408
184 0.6363002232142857 0.9346634509975883 0.006696428571428571 0.03332602499451875
181 0.5922154017857143 0.9252356939267704 0.010881696428571428 0.013593510195132646
32 0.24937220982142858 0.2743915807936856 0.009626116071428572 0.02302126726595045
102 0.6464146205357143 0.77768033326025 0.008510044642857142 0.02455601841701381
25 0.6476004464285714 0.8203244902433677 0.010881696428571428 0.017320762990572242
186 0.2670200892857143 0.23744792808594606 0.010881696428571428 0.016224512168384126
176 0.24874441964285715 0.5243367682525761 0.008370535714285714 0.02170576627932471
190 0.20905412946428573 0.4076956807717606 0.0068359375 0.01644376233282175
187 0.24874441964285715 0.1437184827888621 0.008649553571428572 0.00723525542644157
14 0.5418526785714286 0.17507125630344222 0.011160714285714286 0.013374260030695024
102 0.5023018973214286 0.23744792808594606 0.011858258928571428 0.013593510195132646
188 0.46121651785714285 0.23744792808594606 0.007254464285714286 0.020609515457136594
195 0.26688058035714285 0.29993422495066874 0.016183035714285716 0.025433019074764307
191 0.32833426339285715 0.3252576189432142 0.0107421875 0.016882262661696998
191 0.46630859375 0.6124753343565008 0.013532366071428572 0.021267265950449463
142 0.4077845982142857 0.582657311992984 0.008928571428571428 0.013374260030695024