187 0.7499302455357143 0.758658483121438 0.005719866071428571 0.004822446295484437
187 0.6691545758928571 0.5780359491451118 0.005719866071428571 0.004822446295484437
187 0.26534598214285715 0.14248136782113108 0.005859375 0.004822446295484437
187 0.43973214285714285 0.0920648838228847 0.0030691964285714285 0.00920648838228847
187 0.6765485491071429 0.3459009206488382 0.003208705357142857 0.00920648838228847
187 0.08342633928571429 0.3035949145111793 0.0030691964285714285 0.00920648838228847
178 0.35770089285714285 0.2613985094256905 0.009207589285714286 0.00898728627794827
192 0.3325892857142857 0.3459009206488382 0.012276785714285714 0.019289785181937746
195 0.3051060267857143 0.3459009206488382 0.011997767857142858 0.018851380973257344
186 0.19747488839285715 0.3455721174923279 0.007952008928571428 0.010740903112669882
177 0.330078125 0.43062253397632616 0.008649553571428572 0.009425690486628672
190 0.3071986607142857 0.43051293292415604 0.005580357142857143 0.008329679964927663
14 0.14390345982142858 0.43062253397632616 0.007393973214285714 0.009425690486628672
192 0.18450055803571427 0.7059403770276195 0.012137276785714286 0.019070583077597545
182 0.18470982142857142 0.7487943884261289 0.006138392857142857 0.00920648838228847
183 0.18722098214285715 0.8203638754932048 0.011160714285714286 0.006795265234546251
175 0.18450055803571427 0.8733011836913634 0.005719866071428571 0.013590530469092503
195 0.22516741071428573 0.7689609820254274 0.012555803571428572 0.01972818939061815
195 0.279296875 0.7689609820254274 0.011997767857142858 0.018851380973257344
182 0.3106166294642857 0.7689609820254274 0.005719866071428571 0.00920648838228847
183 0.5641043526785714 0.6568391056554143 0.011300223214285714 0.006795265234546251
183 0.5134626116071429 0.7732354230600613 0.004324776785714286 0.017755370451556333
178 0.49281529017857145 0.7690705830775976 0.0087890625 0.00898728627794827
181 0.75 0.7074747917580009 0.005580357142857143 0.014686540990793511
182 0.7499302455357143 0.5660894344585709 0.005719866071428571 0.00898728627794827
195 0.7091936383928571 0.5575405523893029 0.010463169642857142 0.016440157825515125
179 0.6796177455357143 0.5592941692240245 0.012137276785714286 0.012932924156071899
176 0.7341657366071429 0.38820692678649715 0.009626116071428572 0.00920648838228847
186 0.708984375 0.38842612889083733 0.007533482142857143 0.01052170100832968
186 0.6421595982142857 0.3681499342393687 0.007254464285714286 0.012494519947391494
191 0.7499302455357143 0.32167908811924595 0.0087890625 0.013809732573432706
195 0.6691545758928571 0.5355107409031127 0.011021205357142858 0.01709776413853573
190 0.6691545758928571 0.41834721613327486 0.006277901785714286 0.011617711530030689
14 0.65673828125 0.5572117492327926 0.009905133928571428 0.00920648838228847
192 0.6275111607142857 0.5574309513371328 0.011997767857142858 0.01797457255589654
14 0.5744977678571429 0.5575405523893029 0.010044642857142858 0.009425690486628672
119 0.68212890625 0.29910127137220516 0.0107421875 0.019070583077597545
119 0.6722237723214286 0.3689171416045594 0.012137276785714286 0.015344147303814117
194 0.6422293526785714 0.45254274441034636 0.0126953125 0.01994739149495835
188 0.6422293526785714 0.49375274002630426 0.010184151785714286 0.008110477860587462
102 0.07700892857142858 0.4028934677772907 0.005580357142857143 0.011398509425690487
175 0.07679966517857142 0.5306882946076282 0.005719866071428571 0.014028934677772907
193 0.07686941964285714 0.6227531784305129 0.011997767857142858 0.018851380973257344
32 0.08572823660714286 0.6411661551950899 0.008510044642857142 0.010960105217010083
188 0.11474609375 0.6420429636124507 0.005161830357142857 0.01797457255589654
60 0.08998325892857142 0.34612012275317844 0.009486607142857142 0.00920648838228847
142 0.15192522321428573 0.34579131959666815 0.005580357142857143 0.009425690486628672
14 0.15771484375 0.368478737395879 0.005998883928571429 0.01183691363437089
14 0.16901506696428573 0.38809732573432704 0.007114955357142857 0.009425690486628672
183 0.20535714285714285 0.3842612889083735 0.004464285714285714 0.01797457255589654
187 0.21149553571428573 0.36716352476983777 0.005859375 0.004822446295484437
188 0.26527622767857145 0.2469311705392372 0.007393973214285714 0.00898728627794827
175 0.2021484375 0.3034853134590092 0.010602678571428572 0.00898728627794827
14 0.26513671875 0.3672731258220079 0.005998883928571429 0.015124945199473916
192 0.26534598214285715 0.4104559403770276 0.012555803571428572 0.01994739149495835
32 0.47195870535714285 0.09140727750986409 0.008370535714285714 0.010960105217010083
194 0.48074776785714285 0.1981587023235423 0.012276785714285714 0.019289785181937746
193 0.4951171875 0.21909250328803156 0.011997767857142858 0.018632178868917142
178 0.5973074776785714 0.21909250328803156 0.009347098214285714 0.00898728627794827
192 0.6299525669642857 0.21909250328803156 0.012137276785714286 0.019070583077597545
32 0.4810267857142857 0.23498465585269618 0.006696428571428571 0.016220955721174924
185 0.48486328125 0.2909907935116177 0.014369419642857142 0.006795265234546251
187 0.6018415178571429 0.3035949145111793 0.0030691964285714285 0.00920648838228847
102 0.6541573660714286 0.303266111354669 0.008091517857142858 0.00898728627794827
179 0.12946428571428573 0.659798334064007 0.008091517857142858 0.01709776413853573
14 0.13078962053571427 0.7022139412538361 0.005998883928571429 0.015563349408154318
14 0.13051060267857142 0.7475887768522578 0.005719866071428571 0.015124945199473916
32 0.13106863839285715 0.8797676457693994 0.006556919642857143 0.016440157825515125
176 0.13058035714285715 0.9201008329679965 0.005859375 0.011617711530030689
102 0.14271763392857142 0.937965804471723 0.009765625 0.00920648838228847
190 0.19580078125 0.8112669881630864 0.007393973214285714 0.009644892590968873
119 0.27915736607142855 0.8063349408154318 0.012276785714285714 0.019070583077597545
182 0.30245535714285715 0.8112669881630864 0.005580357142857143 0.009644892590968873
184 0.18031529017857142 0.19311705392371767 0.014369419642857142 0.007452871547566856
193 0.1845703125 0.11190267426567295 0.012555803571428572 0.01994739149495835
177 0.18450055803571427 0.3681499342393687 0.005719866071428571 0.013371328364752301
192 0.1845703125 0.4112231477422183 0.01171875 0.018851380973257344
186 0.1845703125 0.49594476106970625 0.006975446428571429 0.011617711530030689
193 0.18450055803571427 0.5373739587900044 0.011858258928571428 0.019070583077597545
180 0.11272321428571429 0.9384042086804033 0.007254464285714286 0.008768084173608066
194 0.10379464285714286 0.9167032003507234 0.012276785714285714 0.019289785181937746
177 0.10379464285714286 0.8364752301622096 0.005859375 0.0131521262604121
142 0.1162109375 0.8109381850065761 0.006138392857142857 0.009425690486628672
177 0.22739955357142858 0.9384042086804033 0.008649553571428572 0.00920648838228847
188 0.27273995535714285 0.9381850065760632 0.005859375 0.012713722051731697
188 0.3037806919642857 0.938075405523893 0.005719866071428571 0.011617711530030689
14 0.38148716517857145 0.938075405523893 0.008510044642857142 0.00898728627794827
196 0.4268275669642857 0.9156071898290223 0.011858258928571428 0.018851380973257344
195 0.15764508928571427 0.4072775098640947 0.011997767857142858 0.018851380973257344
179 0.15869140625 0.5701446733888645 0.008231026785714286 0.015344147303814117
180 0.15771484375 0.2828803156510302 0.005719866071428571 0.015124945199473916
180 0.15764508928571427 0.20528277071459886 0.005859375 0.014248136782113108
185 0.15345982142857142 0.1433581762384919 0.014508928571428572 0.00657606313020605
194 0.15764508928571427 0.11266988163086365 0.011997767857142858 0.018851380973257344
142 0.45389229910714285 0.8388864533099518 0.005998883928571429 0.00920648838228847
177 0.44266183035714285 0.938075405523893 0.008928571428571428 0.00898728627794827
189 0.39990234375 0.9160455940377028 0.007393973214285714 0.021481806225339763
32 0.45424107142857145 0.7484655852696186 0.006696428571428571 0.012932924156071899
189 0.49448939732142855 0.6420429636124507 0.013532366071428572 0.011398509425690487
183 0.5422014508928571 0.595681718544498 0.004324776785714286 0.01819377466023674
177 0.6421595982142857 0.24024550635686104 0.005859375 0.01446733888645331
192 0.6560407366071429 0.21898290223586148 0.012416294642857142 0.01972818939061815
177 0.46728515625 0.17667689609820253 0.009068080357142858 0.00920648838228847
193 0.5614536830357143 0.45243314335817625 0.011858258928571428 0.018851380973257344
194 0.5751953125 0.472818939061815 0.011997767857142858 0.01797457255589654
102 0.6320452008928571 0.472818939061815 0.007672991071428571 0.008768084173608066
187 0.6556919642857143 0.472818939061815 0.0030691964285714285 0.00920648838228847
192 0.5615234375 0.32441911442349847 0.011997767857142858 0.018851380973257344
25 0.66845703125 0.2373958790004384 0.007114955357142857 0.014905743095133712
195 0.45382254464285715 0.11376589215256466 0.010602678571428572 0.016659359929855327
178 0.45375279017857145 0.2856203419552828 0.005719866071428571 0.013590530469092503
176 0.38992745535714285 0.3460105217010083 0.008370535714285714 0.00898728627794827
102 0.6594587053571429 0.17667689609820253 0.009207589285714286 0.00920648838228847
182 0.7497907366071429 0.2881411661551951 0.005998883928571429 0.00898728627794827
180 0.7331891741071429 0.21909250328803156 0.008231026785714286 0.00898728627794827
176 0.34619140625 0.8763700131521263 0.005998883928571429 0.012713722051731697
178 0.38490513392857145 0.8956597983340641 0.010881696428571428 0.009644892590968873
119 0.34305245535714285 0.834721613327488 0.011997767857142858 0.01709776413853573
194 0.35986328125 0.8112669881630864 0.0126953125 0.01972818939061815
193 0.373046875 0.7882507672073652 0.012276785714285714 0.019289785181937746
177 0.3729771205357143 0.7512056115738711 0.005719866071428571 0.014028934677772907
196 0.38706752232142855 0.7266549758877685 0.012137276785714286 0.019289785181937746
180 0.41524832589285715 0.7267645769399387 0.009347098214285714 0.00898728627794827
191 0.42689732142857145 0.7844147303814116 0.008649553571428572 0.013371328364752301
180 0.34605189732142855 0.7845243314335818 0.005719866071428571 0.014905743095133712
187 0.3461216517857143 0.7055019728189391 0.005859375 0.005041648399824638
192 0.30454799107142855 0.6420429636124507 0.012834821428571428 0.020166593599298552
193 0.27845982142857145 0.6420429636124507 0.011997767857142858 0.01841297676457694
186 0.25209263392857145 0.6420429636124507 0.007533482142857143 0.010960105217010083
187 0.6960797991071429 0.24024550635686104 0.005719866071428571 0.004822446295484437
192 0.6960797991071429 0.28255151249451993 0.011858258928571428 0.018851380973257344
191 0.23842075892857142 0.877137220517317 0.0078125 0.012494519947391494
176 0.23835100446428573 0.7497807978956598 0.005719866071428571 0.012056115738711091
195 0.23842075892857142 0.66308636562911 0.012276785714285714 0.019289785181937746
63 0.4268275669642857 0.835817623849189 0.005719866071428571 0.01183691363437089
142 0.4268275669642857 0.708680403331872 0.005998883928571429 0.00920648838228847
181 0.42689732142857145 0.6611135466900482 0.006138392857142857 0.012713722051731697
196 0.4268275669642857 0.6190267426567295 0.0126953125 0.020166593599298552
187 0.44029017857142855 0.5574309513371328 0.0030691964285714285 0.00920648838228847
192 0.3999720982142857 0.8307759754493643 0.01171875 0.018851380973257344
195 0.39990234375 0.7898947829899167 0.012416294642857142 0.019508987286277948
25 0.3994140625 0.6166155195089873 0.007254464285714286 0.016220955721174924
142 0.41427176339285715 0.5572117492327926 0.005719866071428571 0.009644892590968873
192 0.3999720982142857 0.1972818939061815 0.011439732142857142 0.018851380973257344
185 0.39578683035714285 0.16758000876808418 0.014508928571428572 0.006795265234546251
60 0.35567801339285715 0.0922840859272249 0.0087890625 0.00920648838228847
63 0.3369140625 0.0922840859272249 0.010323660714285714 0.00920648838228847
178 0.30615234375 0.0920648838228847 0.007672991071428571 0.009644892590968873
194 0.3999720982142857 0.24079351161771154 0.012276785714285714 0.019508987286277948
178 0.21149553571428573 0.45440596229723806 0.005859375 0.013590530469092503
193 0.21149553571428573 0.4953967558088558 0.011997767857142858 0.018851380973257344
119 0.21456473214285715 0.5739807102148181 0.011997767857142858 0.01819377466023674
186 0.38623046875 0.8112669881630864 0.007393973214285714 0.01052170100832968
185 0.4697265625 0.8468873301183691 0.004464285714285714 0.02257781674704077
180 0.5075334821428571 0.7878123629986847 0.005859375 0.012275317843051293
142 0.5076729910714286 0.7472599736957475 0.005859375 0.00920648838228847
183 0.5049525669642857 0.6625383603682595 0.011300223214285714 0.006795265234546251
176 0.6066545758928571 0.38820692678649715 0.010184151785714286 0.00920648838228847
193 0.6153041294642857 0.3669443226654976 0.011858258928571428 0.018851380973257344
32 0.61572265625 0.32124068391056554 0.006556919642857143 0.012056115738711091
177 0.49337332589285715 0.5998465585269619 0.009626116071428572 0.009425690486628672
192 0.48074776785714285 0.5780359491451118 0.011997767857142858 0.018851380973257344
194 0.48067801339285715 0.49364313897413414 0.011579241071428572 0.018851380973257344
186 0.4810267857142857 0.448925909688733 0.006975446428571429 0.012275317843051293
191 0.48067801339285715 0.6627575624725998 0.008231026785714286 0.012932924156071899
192 0.48067801339285715 0.7063787812362998 0.012416294642857142 0.019508987286277948