187 0.40025111607142855 0.8000438500328875 0.004464285714285714 0.013593510195132646
187 0.37820870535714285 0.1749616312212234 0.004464285714285714 0.013593510195132646
187 0.16922433035714285 0.6354966016224513 0.008649553571428572 0.00723525542644157
187 0.5172991071428571 0.48739311554483666 0.004464285714285714 0.013593510195132646
187 0.08970424107142858 0.21563253672440255 0.008649553571428572 0.00723525542644157
187 0.11753627232142858 0.11247533435650077 0.004603794642857143 0.013593510195132646
187 0.6067243303571429 0.6329752247314185 0.008649553571428572 0.007016005262003947
187 0.66845703125 0.6123657092742819 0.004603794642857143 0.013593510195132646
187 0.08970424107142858 0.8892786669590003 0.008649553571428572 0.007016005262003947
192 0.42836216517857145 0.7374479280859461 0.017717633928571428 0.027406270554702915
25 0.4683314732142857 0.7360228020171015 0.014229910714285714 0.016663012497259374
177 0.52734375 0.583205437404078 0.008649553571428572 0.019294014470510854
188 0.42061941964285715 0.6124753343565008 0.008649553571428572 0.026529269896952423
142 0.45772879464285715 0.8000438500328875 0.008370535714285714 0.013593510195132646
142 0.48751395089285715 0.7028064021048016 0.0087890625 0.01381276035957027
60 0.5470842633928571 0.9250164437623328 0.011300223214285714 0.0131550098662574
192 0.5873325892857143 0.9250164437623328 0.018694196428571428 0.029379522034641527
181 0.6642020089285714 0.6749616312212234 0.010044642857142858 0.013374260030695024
119 0.5071847098214286 0.7446831835123876 0.013811383928571428 0.028283271212453408
193 0.72607421875 0.5802455601841702 0.017996651785714284 0.028283271212453408
195 0.72607421875 0.5160052620039465 0.015764508928571428 0.024775268581451435
184 0.6556222098214286 0.4347730760798071 0.006277901785714286 0.03332602499451875
14 0.40785435267857145 0.27285682964262226 0.008510044642857142 0.018636263977197982
185 0.40171595982142855 0.21300153475115105 0.021344866071428572 0.010304757728568297
175 0.40799386160714285 0.14327998245998685 0.008510044642857142 0.019513264634948475
193 0.38720703125 0.29993422495066874 0.017996651785714284 0.028064021048015787
183 0.31466238839285715 0.30607322955492217 0.006556919642857143 0.0263100197325148
175 0.22440011160714285 0.2998245998684499 0.014927455357142858 0.01381276035957027
175 0.19154575892857142 0.4247971935978952 0.013950892857142858 0.013374260030695024
102 0.2333984375 0.4251260688445516 0.014787946428571428 0.013593510195132646
189 0.16922433035714285 0.3910326682745012 0.010044642857142858 0.031352773514580136
188 0.6863141741071429 0.5293795220346416 0.016322544642857144 0.012058759044069283
185 0.6800362723214286 0.4456259592194694 0.021065848214285716 0.00986625739969305
177 0.6257672991071429 0.48739311554483666 0.015206473214285714 0.0131550098662574
195 0.08970424107142858 0.39454067090550315 0.017299107142857144 0.027844770883578163
102 0.08984375 0.521486516114887 0.008649553571428572 0.01775926331944749
188 0.08970424107142858 0.5802455601841702 0.013113839285714286 0.010743258057443543
195 0.10993303571428571 0.6124753343565008 0.015625 0.024775268581451435
60 0.208984375 0.32547686910765183 0.008649553571428572 0.016005262003946502
189 0.20905412946428573 0.14218373163779874 0.009068080357142858 0.031352773514580136
182 0.19921875 0.11225608419206315 0.008370535714285714 0.013593510195132646
60 0.14718191964285715 0.11236570927428195 0.011439732142857142 0.01381276035957027
191 0.20905412946428573 0.5270773953080464 0.011858258928571428 0.01841701381276036
193 0.18770926339285715 0.6124753343565008 0.017717633928571428 0.027844770883578163
191 0.5272042410714286 0.14360885770664328 0.013392857142857142 0.02104801578601184
102 0.5016043526785714 0.11236570927428195 0.014090401785714286 0.01381276035957027
192 0.5057896205357143 0.23733830300372724 0.017717633928571428 0.027844770883578163
187 0.48744419642857145 0.26869107651830737 0.008649553571428572 0.00723525542644157
186 0.42557198660714285 0.3005919754439816 0.010463169642857142 0.015347511510633634
193 0.5475027901785714 0.23744792808594606 0.017717633928571428 0.02718702039026529
188 0.6067243303571429 0.33030037272527957 0.014508928571428572 0.012935759701819776
14 0.6282087053571429 0.36242052181539136 0.011160714285714286 0.0131550098662574
190 0.646484375 0.40988818241613684 0.009486607142857142 0.01644376233282175
184 0.6526925223214286 0.5123876342907258 0.021344866071428572 0.010085507564130673
186 0.58984375 0.5497697873273405 0.010881696428571428 0.015566761675071256
187 0.5868443080357143 0.6123657092742819 0.004603794642857143 0.013593510195132646
195 0.5669642857142857 0.5790396842797632 0.018415178571428572 0.02894102170576628
192 0.5669642857142857 0.4539574654680991 0.017578125 0.027844770883578163
187 0.10958426339285714 0.5498794124095593 0.004603794642857143 0.013593510195132646
188 0.49839564732142855 0.29993422495066874 0.0068359375 0.02587151940363955
63 0.4077845982142857 0.3851129138346854 0.008928571428571428 0.018197763648322735
177 0.38978794642857145 0.424906818680114 0.013950892857142858 0.013593510195132646
119 0.4033203125 0.7788862091646569 0.017578125 0.021267265950449463
182 0.32840401785714285 0.5873711905283929 0.008649553571428572 0.013593510195132646
187 0.6067243303571429 0.518636263977198 0.008649553571428572 0.00723525542644157
193 0.6658063616071429 0.29993422495066874 0.017996651785714284 0.028064021048015787
187 0.6266043526785714 0.29993422495066874 0.004603794642857143 0.013593510195132646
119 0.5844029017857143 0.30727910545932907 0.016183035714285716 0.027406270554702915
14 0.6864536830357143 0.3270116202587152 0.0087890625 0.022582766937075203
14 0.6672014508928571 0.36231089673317257 0.011021205357142858 0.01381276035957027
14 0.6065848214285714 0.40002192501644374 0.008649553571428572 0.018197763648322735
176 0.44761439732142855 0.20609515457136593 0.0087890625 0.018855514141635606
142 0.6192103794642857 0.4251260688445516 0.0087890625 0.01447051085288314
195 0.6465541294642857 0.5828765621574216 0.017438616071428572 0.027844770883578163
186 0.26708984375 0.42534531900898925 0.011300223214285714 0.015786011839508878
179 0.24720982142857142 0.3900460425345319 0.012555803571428572 0.022802017101512827
180 0.24860491071428573 0.5229116421837317 0.008649553571428572 0.01841701381276036
63 0.18994140625 0.36253014689761015 0.012137276785714286 0.01381276035957027
195 0.5669642857142857 0.26562157421618066 0.017857142857142856 0.028283271212453408
185 0.49881417410714285 0.18460863845647885 0.006277901785714286 0.03332602499451875
185 0.47593470982142855 0.18471826353869766 0.006277901785714286 0.03310677483008112
102 0.6861049107142857 0.7155229116421837 0.008649553571428572 0.021267265950449463
184 0.7041015625 0.4972593729445297 0.006417410714285714 0.03332602499451875
25 0.6711774553571429 0.7389826792370094 0.01171875 0.016882262661696998
177 0.3677455357142857 0.6458013593510196 0.008649553571428572 0.01775926331944749
187 0.3681640625 0.5812321859241394 0.008649553571428572 0.007016005262003947
196 0.3681640625 0.5174303880727911 0.018415178571428572 0.02894102170576628
175 0.3681640625 0.4594387195790397 0.008649553571428572 0.016882262661696998
193 0.22767857142857142 0.6124753343565008 0.017857142857142856 0.028283271212453408
178 0.30287388392857145 0.5497697873273405 0.013113839285714286 0.013374260030695024
180 0.08942522321428571 0.7598114448585837 0.008649553571428572 0.023459767594825695
186 0.08970424107142858 0.7054374040780531 0.010323660714285714 0.016882262661696998
60 0.1484375 0.7375575531681648 0.013950892857142858 0.013593510195132646
186 0.20912388392857142 0.7037930278447709 0.009207589285714286 0.017540013155009866
186 0.6466238839285714 0.6451436088577066 0.010044642857142858 0.017320762990572242