187 0.373046875 0.317404647084612 0.005859375 0.004822446295484437
187 0.4965122767857143 0.1343708899605436 0.0030691964285714285 0.00920648838228847
187 0.15764508928571427 0.6567295046032442 0.005859375 0.004822446295484437
187 0.5615234375 0.12056115738711091 0.005859375 0.004822446295484437
187 0.0966796875 0.0920648838228847 0.0030691964285714285 0.00920648838228847
187 0.31919642857142855 0.8415168785620342 0.005859375 0.004822446295484437
187 0.5345982142857143 0.8811924594476107 0.005859375 0.004822446295484437
187 0.07686941964285714 0.7154756685664182 0.005859375 0.004822446295484437
193 0.5207170758928571 0.6843489697501096 0.012137276785714286 0.019289785181937746
142 0.48995535714285715 0.6839105655414291 0.005859375 0.00920648838228847
180 0.5345284598214286 0.5864752301622096 0.005998883928571429 0.013371328364752301
194 0.5484793526785714 0.5574309513371328 0.012137276785714286 0.019289785181937746
191 0.5797991071428571 0.5574309513371328 0.008370535714285714 0.0131521262604121
184 0.6076311383928571 0.5507452871547567 0.004603794642857143 0.02257781674704077
193 0.6289760044642857 0.5574309513371328 0.012137276785714286 0.019289785181937746
186 0.5345284598214286 0.540223586146427 0.006556919642857143 0.011617711530030689
119 0.5987025669642857 0.4682156948706708 0.011021205357142858 0.018851380973257344
196 0.5475725446428571 0.17678649715037265 0.011997767857142858 0.018632178868917142
179 0.5178571428571429 0.17854011398509426 0.010881696428571428 0.012494519947391494
185 0.501953125 0.1832529592284086 0.004464285714285714 0.022797018851380975
180 0.48074776785714285 0.11661551950898728 0.005859375 0.016220955721174924
63 0.47119140625 0.0922840859272249 0.007952008928571428 0.00920648838228847
195 0.44008091517857145 0.09217448487505481 0.0107421875 0.016878562034195528
60 0.5614536830357143 0.23553266111354668 0.005719866071428571 0.015563349408154318
187 0.5615234375 0.36716352476983777 0.005859375 0.004822446295484437
60 0.5614536830357143 0.41275756247259976 0.005719866071428571 0.0131521262604121
175 0.5614536830357143 0.4442130644454187 0.005719866071428571 0.013371328364752301
142 0.3729771205357143 0.22786058746163962 0.005998883928571429 0.008548882069267865
188 0.3729771205357143 0.1973914949583516 0.008231026785714286 0.006795265234546251
195 0.373046875 0.11256028057869355 0.010323660714285714 0.016440157825515125
181 0.3867885044642857 0.09217448487505481 0.007393973214285714 0.00898728627794827
191 0.41231863839285715 0.13448049101271373 0.007393973214285714 0.011617711530030689
181 0.22837611607142858 0.6843489697501096 0.008928571428571428 0.008768084173608066
191 0.3593052455357143 0.6843489697501096 0.0087890625 0.013590530469092503
184 0.5276925223214286 0.09875054800526085 0.004324776785714286 0.02257781674704077
191 0.38427734375 0.17678649715037265 0.007952008928571428 0.012494519947391494
189 0.33238002232142855 0.17678649715037265 0.013532366071428572 0.0076720736519070585
32 0.6697126116071429 0.6189171416045594 0.0068359375 0.016001753616834723
194 0.6153041294642857 0.5364971503726436 0.012137276785714286 0.019070583077597545
189 0.5076729910714286 0.6211091626479615 0.006138392857142857 0.021262604120999562
195 0.3065708705357143 0.30370451556334943 0.0107421875 0.016878562034195528
177 0.3301478794642857 0.3035949145111793 0.009068080357142858 0.00920648838228847
14 0.36293247767857145 0.3033757124068391 0.009905133928571428 0.008768084173608066
192 0.27783203125 0.3035949145111793 0.0126953125 0.020166593599298552
119 0.19754464285714285 0.3085269618588338 0.008928571428571428 0.019070583077597545
184 0.17640904017857142 0.31028057869355546 0.004324776785714286 0.02257781674704077
191 0.29220145089285715 0.4957255589653661 0.0087890625 0.013809732573432706
119 0.30064174107142855 0.5949145111793073 0.010602678571428572 0.01841297676457694
181 0.33070591517857145 0.5997369574747917 0.009905133928571428 0.008768084173608066
176 0.34605189732142855 0.6134370889960543 0.005719866071428571 0.014248136782113108
14 0.4619140625 0.6841297676457694 0.010044642857142858 0.00920648838228847
180 0.3999720982142857 0.7490135905304691 0.005859375 0.013590530469092503
192 0.39990234375 0.832529592284086 0.012416294642857142 0.01972818939061815
63 0.4268275669642857 0.15081104778605875 0.005719866071428571 0.015344147303814117
119 0.5428989955357143 0.08735203857957037 0.009905133928571428 0.018632178868917142
192 0.4678431919642857 0.8535729943007453 0.012416294642857142 0.019289785181937746
193 0.48067801339285715 0.7040771591407278 0.011300223214285714 0.018851380973257344
14 0.48074776785714285 0.7472599736957475 0.005859375 0.01578255151249452
176 0.48067801339285715 0.6269180184129768 0.005719866071428571 0.012713722051731697
176 0.5242047991071429 0.5573213502849628 0.0107421875 0.00898728627794827
180 0.15757533482142858 0.37286277948268304 0.005719866071428571 0.014905743095133712
180 0.14418247767857142 0.43051293292415604 0.009626116071428572 0.00920648838228847
180 0.15757533482142858 0.24177992108724244 0.005719866071428571 0.0131521262604121
176 0.15743582589285715 0.20396755808855765 0.005998883928571429 0.013809732573432706
185 0.14850725446428573 0.09864094695309075 0.004324776785714286 0.022797018851380975
195 0.19873046875 0.2613985094256905 0.0107421875 0.016878562034195528
189 0.25313895089285715 0.2613985094256905 0.013532366071428572 0.011179307321350284
184 0.6918247767857143 0.5295922840859272 0.014229910714285714 0.0070144673388864535
191 0.6961495535714286 0.5008768084173608 0.007533482142857143 0.01183691363437089
102 0.6828264508928571 0.6841297676457694 0.007672991071428571 0.00920648838228847
181 0.6960797991071429 0.4483779044278825 0.005719866071428571 0.015563349408154318
119 0.6929408482142857 0.4104559403770276 0.01171875 0.014686540990793511
191 0.6960797991071429 0.36168347216133273 0.006556919642857143 0.01052170100832968
14 0.6962193080357143 0.32737834283209116 0.005998883928571429 0.014686540990793511
196 0.6960797991071429 0.28167470407715917 0.012416294642857142 0.019289785181937746
181 0.6548549107142857 0.2613985094256905 0.007533482142857143 0.00898728627794827
191 0.6047712053571429 0.2613985094256905 0.0078125 0.012056115738711091
180 0.5781947544642857 0.26128890837352037 0.007393973214285714 0.00920648838228847
180 0.3017578125 0.8109381850065761 0.007533482142857143 0.00898728627794827
181 0.2767857142857143 0.8113765892152565 0.008928571428571428 0.00898728627794827
192 0.31919642857142855 0.788031565103025 0.011997767857142858 0.018851380973257344
188 0.31912667410714285 0.7503288031565103 0.011021205357142858 0.008768084173608066
193 0.3872767857142857 0.8111573871109162 0.011997767857142858 0.018632178868917142
25 0.43966238839285715 0.8101709776413853 0.007672991071428571 0.011398509425690487
185 0.35030691964285715 0.23092941692240246 0.014229910714285714 0.006795265234546251
63 0.3036411830357143 0.38820692678649715 0.008231026785714286 0.00920648838228847
183 0.5318777901785714 0.7569048662867164 0.011300223214285714 0.0070144673388864535
194 0.5202287946428571 0.7266549758877685 0.011997767857142858 0.018851380973257344
14 0.5345982142857143 0.7092284085927225 0.005859375 0.015124945199473916
190 0.08084542410714286 0.3035949145111793 0.007393973214285714 0.008329679964927663
180 0.14027622767857142 0.30370451556334943 0.010184151785714286 0.00898728627794827
119 0.07986886160714286 0.45594037702761947 0.011858258928571428 0.016659359929855327
181 0.07686941964285714 0.4903551074090311 0.005859375 0.011398509425690487
190 0.07679966517857142 0.5371547566856641 0.004603794642857143 0.011617711530030689
193 0.09109933035714286 0.5997369574747917 0.011997767857142858 0.01841297676457694
175 0.14376395089285715 0.5995177553704516 0.009068080357142858 0.00920648838228847
182 0.07686941964285714 0.6694432266549759 0.005859375 0.008768084173608066
182 0.3461216517857143 0.5766111354669005 0.006138392857142857 0.008548882069267865
195 0.7230050223214286 0.6194651468654099 0.011579241071428572 0.018851380973257344
182 0.7230050223214286 0.5827487943884261 0.005719866071428571 0.00898728627794827
196 0.7087751116071429 0.5574309513371328 0.012137276785714286 0.019289785181937746
192 0.7230050223214286 0.49221832529592285 0.012974330357142858 0.020385795703638757
192 0.7089146205357143 0.4729285401139851 0.012137276785714286 0.019070583077597545
60 0.7230747767857143 0.6691144234984656 0.005859375 0.013371328364752301
63 0.7232142857142857 0.7449583516001753 0.005859375 0.012056115738711091
189 0.5466657366071429 0.8534633932485752 0.013532366071428572 0.011617711530030689
180 0.65283203125 0.5576501534414731 0.010463169642857142 0.00920648838228847
102 0.6540876116071429 0.5998465585269619 0.009068080357142858 0.009425690486628672
119 0.7044503348214286 0.5949145111793073 0.011021205357142858 0.018851380973257344
181 0.49588448660714285 0.6419333625602806 0.009905133928571428 0.00898728627794827
177 0.45375279017857145 0.6601271372205173 0.005719866071428571 0.014248136782113108
63 0.5885184151785714 0.1605655414291977 0.005998883928571429 0.014248136782113108
175 0.5885184151785714 0.19355545813239808 0.005998883928571429 0.012275317843051293
193 0.5884486607142857 0.3248575186321789 0.013392857142857142 0.02104340201665936
181 0.58837890625 0.4545155633494082 0.005719866071428571 0.016440157825515125
175 0.2920619419642857 0.19322665497588776 0.005719866071428571 0.011617711530030689
193 0.22474888392857142 0.43051293292415604 0.011997767857142858 0.018851380973257344
179 0.15876116071428573 0.49441034633932485 0.008091517857142858 0.013809732573432706
63 0.15750558035714285 0.5368259535291539 0.005859375 0.014028934677772907
175 0.15764508928571427 0.5760631302060499 0.005859375 0.01709776413853573
178 0.16845703125 0.17678649715037265 0.007952008928571428 0.009425690486628672
119 0.20103236607142858 0.1720736519070583 0.010323660714285714 0.019289785181937746
102 0.25606863839285715 0.17667689609820253 0.0107421875 0.00920648838228847
25 0.10435267857142858 0.1578255151249452 0.006975446428571429 0.013590530469092503
179 0.10484095982142858 0.28726435773783426 0.008231026785714286 0.014686540990793511
182 0.125 0.43062253397632616 0.005580357142857143 0.009425690486628672
192 0.11774553571428571 0.26128890837352037 0.012276785714285714 0.019289785181937746
191 0.6691545758928571 0.7005699254712845 0.007952008928571428 0.012713722051731697
191 0.6510184151785714 0.7266549758877685 0.008231026785714286 0.012713722051731697
14 0.6311383928571429 0.7265453748355984 0.008928571428571428 0.00898728627794827
192 0.11732700892857142 0.3459009206488382 0.011997767857142858 0.01797457255589654
25 0.18408203125 0.623958790004384 0.0068359375 0.011617711530030689
195 0.1845703125 0.7905523893029373 0.010323660714285714 0.016440157825515125
186 0.22586495535714285 0.8958790004384042 0.007533482142857143 0.01052170100832968
186 0.3051060267857143 0.8955501972818939 0.0078125 0.009864094695309075
181 0.18450055803571427 0.5792415607189829 0.005719866071428571 0.016440157825515125
189 0.31912667410714285 0.6636343708899606 0.005161830357142857 0.021262604120999562
192 0.31919642857142855 0.5344147303814116 0.011997767857142858 0.018851380973257344
182 0.31898716517857145 0.40256466462078033 0.005998883928571429 0.00898728627794827
184 0.19900948660714285 0.7332310390179746 0.004324776785714286 0.022797018851380975
187 0.26534598214285715 0.8323103901797457 0.005859375 0.004822446295484437
194 0.26534598214285715 0.7882507672073652 0.012276785714285714 0.019289785181937746
177 0.14222935267857142 0.6844585708022797 0.008510044642857142 0.00898728627794827
194 0.08942522321428571 0.6843489697501096 0.013113839285714286 0.020604997807978958