187 0.3681640625 0.4540670905503179 0.008649553571428572 0.007016005262003947
187 0.11858258928571429 0.1749616312212234 0.004464285714285714 0.013593510195132646
187 0.5272042410714286 0.4317035737776803 0.008649553571428572 0.007016005262003947
187 0.38120814732142855 0.6123657092742819 0.004603794642857143 0.013593510195132646
187 0.16922433035714285 0.32262661696996275 0.008649553571428572 0.00723525542644157
187 0.10916573660714286 0.23744792808594606 0.004603794642857143 0.013593510195132646
187 0.09605189732142858 0.36242052181539136 0.004603794642857143 0.013593510195132646
60 0.40771484375 0.5890155667616751 0.008510044642857142 0.019513264634948475
175 0.40792410714285715 0.5283928962946722 0.008649553571428572 0.02367901775926332
192 0.3863002232142857 0.5499890374917781 0.018694196428571428 0.029160271870203903
63 0.30740792410714285 0.5498794124095593 0.012974330357142858 0.0131550098662574
196 0.42905970982142855 0.36242052181539136 0.017717633928571428 0.028064021048015787
195 0.4686802455357143 0.36242052181539136 0.017717633928571428 0.02718702039026529
142 0.39760044642857145 0.4247971935978952 0.008649553571428572 0.01381276035957027
196 0.46840122767857145 0.424906818680114 0.017717633928571428 0.02762552071914054
196 0.50732421875 0.424906818680114 0.017717633928571428 0.02762552071914054
190 0.3373325892857143 0.23744792808594606 0.0078125 0.011401008550756413
32 0.13044084821428573 0.20817803113352334 0.010044642857142858 0.023459767594825695
32 0.14997209821428573 0.23624205218153912 0.016183035714285716 0.01644376233282175
189 0.19008091517857142 0.23744792808594606 0.019949776785714284 0.012278009208506906
189 0.15108816964285715 0.29993422495066874 0.020089285714285716 0.014909011181758386
182 0.208984375 0.396952422714317 0.008649553571428572 0.012935759701819776
191 0.23074776785714285 0.424906818680114 0.012276785714285714 0.019294014470510854
25 0.30015345982142855 0.42271431703573775 0.013532366071428572 0.017540013155009866
179 0.3477260044642857 0.42227581670686254 0.015206473214285714 0.01841701381276036
195 0.6465541294642857 0.14042973032229775 0.017438616071428572 0.027844770883578163
176 0.6466238839285714 0.2657311992983995 0.008649553571428572 0.017540013155009866
177 0.6464146205357143 0.3333698750274063 0.008510044642857142 0.021267265950449463
196 0.646484375 0.39454067090550315 0.018136160714285716 0.028721771541328656
175 0.5938197544642857 0.424906818680114 0.013532366071428572 0.0131550098662574
182 0.5530831473214286 0.424906818680114 0.0087890625 0.013593510195132646
178 0.4633091517857143 0.23711905283928963 0.011997767857142858 0.01381276035957027
180 0.40785435267857145 0.21311115983336987 0.008510044642857142 0.01841701381276036
181 0.44775390625 0.33512387634290725 0.008510044642857142 0.023459767594825695
177 0.08970424107142858 0.7707739530804648 0.008370535714285714 0.018197763648322735
191 0.15457589285714285 0.8000438500328875 0.011160714285714286 0.017540013155009866
187 0.22893415178571427 0.8000438500328875 0.004464285714285714 0.013593510195132646
60 0.2637416294642857 0.8001534751151064 0.0126953125 0.013374260030695024
183 0.30517578125 0.7937952203464153 0.006277901785714286 0.026090769568077175
177 0.345703125 0.8000438500328875 0.014508928571428572 0.0131550098662574
63 0.08970424107142858 0.5860556895417671 0.008370535714285714 0.022802017101512827
195 0.08970424107142858 0.4530804648103486 0.017857142857142856 0.028283271212453408
193 0.11042131696428571 0.42501644376233283 0.019112723214285716 0.030037272527954396
182 0.646484375 0.8316158737119053 0.008928571428571428 0.012716509537382154
60 0.646484375 0.703683402762552 0.008649553571428572 0.022582766937075203
192 0.6465541294642857 0.6425126068844552 0.017717633928571428 0.027844770883578163
190 0.6335797991071429 0.5498794124095593 0.009905133928571428 0.01710151282613462
190 0.5875418526785714 0.7999342249506687 0.008231026785714286 0.010743258057443543
60 0.5071847098214286 0.7997149747862311 0.011300223214285714 0.014251260688445516
194 0.4258510044642857 0.7999342249506687 0.017996651785714284 0.028283271212453408
177 0.6067243303571429 0.6462398596798947 0.008370535714285714 0.019513264634948475
181 0.6241629464285714 0.6747423810567857 0.013113839285714286 0.014251260688445516
191 0.6067243303571429 0.5236790177592633 0.011439732142857142 0.01775926331944749
188 0.6067243303571429 0.4606445954834466 0.011439732142857142 0.011401008550756413
190 0.6761997767857143 0.48750274062705545 0.010044642857142858 0.012058759044069283
189 0.6465541294642857 0.4560403420302565 0.011300223214285714 0.031572023679017756
190 0.7210518973214286 0.424906818680114 0.006277901785714286 0.015786011839508878
182 0.7259347098214286 0.3229554922166192 0.0087890625 0.012716509537382154
196 0.72607421875 0.1409778557333918 0.017996651785714284 0.028064021048015787
183 0.6981026785714286 0.3059636044727034 0.006417410714285714 0.026529269896952423
176 0.5888671875 0.2998245998684499 0.013950892857142858 0.013374260030695024
182 0.5421316964285714 0.30026310019732516 0.008370535714285714 0.01512826134619601
179 0.40611049107142855 0.32503836877877657 0.011997767857142858 0.026090769568077175
179 0.42738560267857145 0.29719359789519845 0.016880580357142856 0.018636263977197982
14 0.5270647321428571 0.39256741942556456 0.008370535714285714 0.018636263977197982
177 0.38797433035714285 0.362639771979829 0.011439732142857142 0.013593510195132646
183 0.2847377232142857 0.5349704012278009 0.017020089285714284 0.010085507564130673
14 0.28857421875 0.46009647007235255 0.008510044642857142 0.019513264634948475
192 0.28857421875 0.7091646568734926 0.017717633928571428 0.027844770883578163
119 0.29317801339285715 0.7780092085069064 0.017996651785714284 0.022582766937075203
193 0.26729910714285715 0.6749616312212234 0.018136160714285716 0.028721771541328656
102 0.18756975446428573 0.674632755974567 0.0146484375 0.0131550098662574
182 0.14222935267857142 0.6750712563034422 0.0087890625 0.013593510195132646
192 0.10888671875 0.6749616312212234 0.017996651785714284 0.028283271212453408
186 0.24867466517857142 0.1447051085288314 0.009626116071428572 0.016663012497259374
63 0.18631417410714285 0.11258495943871957 0.013253348214285714 0.013374260030695024
195 0.26925223214285715 0.1749616312212234 0.016183035714285716 0.025433019074764307
14 0.6861746651785714 0.45077833808375356 0.008510044642857142 0.017978513483885114
176 0.6667829241071429 0.550098662573997 0.015206473214285714 0.013593510195132646
181 0.6234654017857143 0.4876123657092743 0.013950892857142858 0.013593510195132646
182 0.5948660714285714 0.48750274062705545 0.008370535714285714 0.014251260688445516
186 0.5669642857142857 0.5816706862530147 0.010044642857142858 0.015786011839508878
196 0.5481305803571429 0.9250164437623328 0.018136160714285716 0.02850252137689103
185 0.5817522321428571 0.915040561280421 0.006696428571428571 0.03310677483008112
183 0.5232282366071429 0.832383249287437 0.0166015625 0.010743258057443543
176 0.5272739955357143 0.7605788204341153 0.0087890625 0.017540013155009866
177 0.5850306919642857 0.6749616312212234 0.013811383928571428 0.013374260030695024
192 0.46602957589285715 0.6123657092742819 0.017717633928571428 0.02718702039026529
25 0.6871512276785714 0.14722648541986408 0.010463169642857142 0.023459767594825695
190 0.6863141741071429 0.25904406928305196 0.007672991071428571 0.012935759701819776
142 0.6779436383928571 0.17485200613900462 0.007952008928571428 0.01381276035957027
63 0.6228376116071429 0.1747423810567858 0.013811383928571428 0.0131550098662574
176 0.5928431919642857 0.17485200613900462 0.011579241071428572 0.013374260030695024
177 0.5486886160714286 0.17507125630344222 0.015345982142857142 0.01381276035957027
196 0.4672154017857143 0.17485200613900462 0.018973214285714284 0.029598772199079148
119 0.16482979910714285 0.14492435869326903 0.017996651785714284 0.02850252137689103
195 0.18952287946428573 0.17485200613900462 0.017717633928571428 0.027406270554702915
63 0.5274135044642857 0.2635386976540232 0.0087890625 0.01710151282613462
25 0.5260184151785714 0.20708178031133523 0.0107421875 0.01907476430607323
184 0.40164620535714285 0.7221004165753124 0.021205357142857144 0.00986625739969305
60 0.39306640625 0.9251260688445516 0.0126953125 0.013374260030695024
185 0.33712332589285715 0.9349923262442447 0.006556919642857143 0.03266827450120587
191 0.3163364955357143 0.924906818680114 0.010463169642857142 0.01644376233282175
187 0.22893415178571427 0.9250164437623328 0.004464285714285714 0.013593510195132646
187 0.5272042410714286 0.6437184827888621 0.008649553571428572 0.007016005262003947
142 0.5272042410714286 0.5857268142951108 0.008928571428571428 0.014251260688445516
187 0.5470842633928571 0.5498794124095593 0.004603794642857143 0.013593510195132646
192 0.5886579241071429 0.5498794124095593 0.018275669642857144 0.02850252137689103
195 0.5065569196428571 0.6123657092742819 0.015904017857142856 0.02499451874588906
178 0.5856584821428571 0.8618723964042974 0.012276785714285714 0.013593510195132646
142 0.15904017857142858 0.1747423810567858 0.008649553571428572 0.013593510195132646
178 0.2885044642857143 0.15172111379083533 0.008649553571428572 0.02455601841701381
185 0.3134765625 0.10260907695680772 0.006417410714285714 0.03332602499451875
186 0.34814453125 0.11247533435650077 0.011021205357142858 0.015786011839508878
189 0.40785435267857145 0.1465687349265512 0.010463169642857142 0.031352773514580136
192 0.08970424107142858 0.39245779434334577 0.017857142857142856 0.028064021048015787
195 0.5886579241071429 0.23733830300372724 0.016322544642857144 0.02565226923920193
176 0.40799386160714285 0.2624424468318351 0.008510044642857142 0.021925016443762334
142 0.7050083705357143 0.36253014689761015 0.008510044642857142 0.01381276035957027
179 0.21058872767857142 0.27570708178031134 0.012137276785714286 0.024775268581451435
195 0.208984375 0.8942117956588468 0.017299107142857144 0.027844770883578163
181 0.20926339285714285 0.7621135715851787 0.008649553571428572 0.01841701381276036
180 0.72607421875 0.8261346196009647 0.0087890625 0.022802017101512827
191 0.72607421875 0.8891690418767814 0.012974330357142858 0.02039026529269897
195 0.7060546875 0.924906818680114 0.017857142857142856 0.028283271212453408
185 0.67333984375 0.9345538259153694 0.007114955357142857 0.03354527515895637
176 0.7261439732142857 0.7603595702696777 0.008370535714285714 0.020171015128261346
182 0.7260044642857143 0.6258495943871958 0.008649553571428572 0.013374260030695024
195 0.6650390625 0.6124753343565008 0.015625 0.024775268581451435
191 0.7260044642857143 0.5165533874150405 0.009765625 0.015347511510633634
179 0.4492885044642857 0.14492435869326903 0.011858258928571428 0.024117518088138567
32 0.43394252232142855 0.1108309581232186 0.015485491071428572 0.01644376233282175