187 0.7260044642857143 0.12848059636044726 0.008649553571428572 0.007016005262003947
187 0.6397181919642857 0.9250164437623328 0.004603794642857143 0.013593510195132646
187 0.29813058035714285 0.8625301468976102 0.004464285714285714 0.013593510195132646
187 0.7260044642857143 0.6261784696338523 0.008649553571428572 0.007016005262003947
187 0.08970424107142858 0.6372506029379522 0.008649553571428572 0.00723525542644157
187 0.18268694196428573 0.23744792808594606 0.004603794642857143 0.013593510195132646
187 0.6862444196428571 0.16761675071256305 0.008649553571428572 0.00723525542644157
187 0.48744419642857145 0.4736899802674852 0.008649553571428572 0.00723525542644157
184 0.21526227678571427 0.5674194255645691 0.021205357142857144 0.010085507564130673
176 0.19475446428571427 0.612913834685376 0.012834821428571428 0.013374260030695024
192 0.208984375 0.4556018417013813 0.018694196428571428 0.029379522034641527
32 0.20940290178571427 0.34093400570050425 0.010044642857142858 0.0197325147993861
194 0.18861607142857142 0.29993422495066874 0.018415178571428572 0.02894102170576628
182 0.16915457589285715 0.2670467002850252 0.0087890625 0.013593510195132646
180 0.08991350446428571 0.1475553606665205 0.008510044642857142 0.017540013155009866
179 0.10609654017857142 0.17244025433019075 0.0166015625 0.01907476430607323
186 0.08970424107142858 0.27143170357377766 0.009207589285714286 0.017540013155009866
25 0.0908203125 0.388840166630125 0.010602678571428572 0.019513264634948475
177 0.08984375 0.4605349704012278 0.008649553571428572 0.022582766937075203
194 0.08970424107142858 0.5203902652926989 0.017857142857142856 0.027844770883578163
187 0.14934430803571427 0.5498794124095593 0.004603794642857143 0.013593510195132646
184 0.3055943080357143 0.5402324051743039 0.006556919642857143 0.03332602499451875
189 0.7260044642857143 0.20752028064021047 0.008649553571428572 0.031352773514580136
119 0.7074497767857143 0.2445735584301688 0.015066964285714286 0.027406270554702915
185 0.6547154017857143 0.2470949353212015 0.006417410714285714 0.03332602499451875
183 0.619140625 0.24369655777241833 0.006696428571428571 0.026090769568077175
25 0.5504324776785714 0.23909230431922823 0.011300223214285714 0.01644376233282175
189 0.6663643973214286 0.7999342249506687 0.019949776785714284 0.01512826134619601
60 0.7112862723214286 0.8000438500328875 0.011021205357142858 0.0131550098662574
181 0.6067940848214286 0.7605788204341153 0.009068080357142858 0.02499451874588906
179 0.60498046875 0.6345099758824819 0.011579241071428572 0.0263100197325148
179 0.5859375 0.6152159614119711 0.016183035714285716 0.018855514141635606
14 0.5464564732142857 0.6124753343565008 0.012276785714285714 0.013374260030695024
142 0.4955357142857143 0.6123657092742819 0.008370535714285714 0.013593510195132646
188 0.71533203125 0.7374479280859461 0.0068359375 0.022144266608199955
119 0.7306082589285714 0.8395088796316598 0.017578125 0.026748520061390047
186 0.6631556919642857 0.8624205218153914 0.011300223214285714 0.016005262003946502
179 0.6320452008928571 0.8651611488708617 0.015764508928571428 0.01841701381276036
186 0.6462751116071429 0.6482131111598334 0.0087890625 0.018636263977197982
177 0.6463448660714286 0.5802455601841702 0.008649553571428572 0.018197763648322735
142 0.6464146205357143 0.5005481254110941 0.0087890625 0.014032010524007894
196 0.646484375 0.45351896513922385 0.018694196428571428 0.029160271870203903
190 0.6228376116071429 0.42501644376233283 0.010463169642857142 0.01644376233282175
177 0.5890764508928571 0.42501644376233283 0.011579241071428572 0.01381276035957027
60 0.5082310267857143 0.4251260688445516 0.012834821428571428 0.013593510195132646
189 0.5062779017857143 0.36242052181539136 0.020089285714285716 0.012716509537382154
183 0.6824776785714286 0.575093181319886 0.017020089285714284 0.010085507564130673
102 0.6730608258928571 0.5498794124095593 0.010463169642857142 0.0131550098662574
63 0.6343470982142857 0.5498794124095593 0.013671875 0.013593510195132646
192 0.6067243303571429 0.5160052620039465 0.017578125 0.027844770883578163
175 0.6644810267857143 0.6124753343565008 0.015904017857142856 0.013374260030695024
142 0.6463448660714286 0.689212891909669 0.008649553571428572 0.01381276035957027
183 0.650390625 0.838193378645034 0.016741071428571428 0.01052400789300592
25 0.47098214285714285 0.3015786011839509 0.015066964285714286 0.016882262661696998
193 0.38706752232142855 0.2998245998684499 0.017717633928571428 0.027844770883578163
185 0.1630859375 0.12859022144266608 0.021205357142857144 0.010304757728568297
176 0.16936383928571427 0.19896952422714317 0.008370535714285714 0.01907476430607323
186 0.22642299107142858 0.29993422495066874 0.010602678571428572 0.016224512168384126
175 0.22084263392857142 0.17518088138566104 0.010323660714285714 0.013593510195132646
191 0.26304408482142855 0.17485200613900462 0.014090401785714286 0.022144266608199955
190 0.3197544642857143 0.23744792808594606 0.008649553571428572 0.01710151282613462
196 0.4296177455357143 0.23744792808594606 0.0185546875 0.029379522034641527
192 0.208984375 0.6437184827888621 0.018415178571428572 0.02894102170576628
188 0.208984375 0.7210041657531243 0.014508928571428572 0.00986625739969305
188 0.27427455357142855 0.7374479280859461 0.0078125 0.026529269896952423
32 0.3060825892857143 0.7358035518526639 0.016462053571428572 0.016663012497259374
25 0.39111328125 0.7359131769348827 0.014090401785714286 0.01644376233282175
194 0.5669642857142857 0.7658408243806183 0.018415178571428572 0.02894102170576628
25 0.5507114955357143 0.7393115544836658 0.014369419642857142 0.01710151282613462
102 0.5105329241071429 0.7375575531681648 0.014369419642857142 0.013593510195132646
60 0.5669642857142857 0.6516114887086165 0.008928571428571428 0.0197325147993861
14 0.44775390625 0.7685814514360886 0.0087890625 0.022582766937075203
32 0.44810267857142855 0.7122341591756194 0.010044642857142858 0.019951764963823723
178 0.3456333705357143 0.8622012716509537 0.012416294642857142 0.01381276035957027
183 0.46470424107142855 0.9188774391580794 0.006696428571428571 0.0263100197325148
192 0.5881696428571429 0.9250164437623328 0.018415178571428572 0.02894102170576628
185 0.32205636160714285 0.5123876342907258 0.021065848214285716 0.010085507564130673
190 0.32833426339285715 0.4747862310896733 0.009068080357142858 0.014251260688445516
142 0.3931361607142857 0.4251260688445516 0.008091517857142858 0.013593510195132646
63 0.24874441964285715 0.261346196009647 0.008649553571428572 0.020609515457136594
189 0.22872488839285715 0.42501644376233283 0.019949776785714284 0.01644376233282175
195 0.3487025669642857 0.17485200613900462 0.017717633928571428 0.027844770883578163
180 0.4208984375 0.17518088138566104 0.012276785714285714 0.013593510195132646
195 0.72607421875 0.5810129357597018 0.015206473214285714 0.024117518088138567
187 0.7061941964285714 0.424906818680114 0.004464285714285714 0.013593510195132646
142 0.6659458705357143 0.4246875685156764 0.0087890625 0.013593510195132646
186 0.6240234375 0.7374479280859461 0.011160714285714286 0.014689761017320764
179 0.34926060267857145 0.6723306292479719 0.016322544642857144 0.018636263977197982
191 0.31103515625 0.6749616312212234 0.013253348214285714 0.020828765621574215
60 0.27036830357142855 0.6749616312212234 0.014787946428571428 0.013374260030695024
188 0.22300502232142858 0.6749616312212234 0.008231026785714286 0.025213768910326683
185 0.6005161830357143 0.3251479938609954 0.021065848214285716 0.010085507564130673
187 0.48744419642857145 0.20620477965358475 0.008649553571428572 0.00723525542644157
188 0.44761439732142855 0.34082438061828546 0.016322544642857144 0.010743258057443543
188 0.5565011160714286 0.1749616312212234 0.008649553571428572 0.01710151282613462
183 0.5936104910714286 0.16871300153475116 0.006417410714285714 0.026090769568077175
189 0.5887974330357143 0.29993422495066874 0.019949776785714284 0.01447051085288314
25 0.4066685267857143 0.2716509537382153 0.011160714285714286 0.024117518088138567
184 0.5545479910714286 0.3525542644156983 0.006417410714285714 0.03332602499451875
176 0.08949497767857142 0.5840824380618286 0.0087890625 0.01841701381276036
186 0.48744419642857145 0.7103705327778996 0.010323660714285714 0.01710151282613462
175 0.43101283482142855 0.5497697873273405 0.015485491071428572 0.013374260030695024
63 0.39139229910714285 0.5498794124095593 0.012974330357142858 0.0131550098662574
142 0.34716796875 0.5505371629028721 0.008231026785714286 0.014032010524007894
14 0.5074637276785714 0.5502082876562158 0.0146484375 0.013374260030695024
191 0.6863141741071429 0.7775707081780311 0.014090401785714286 0.022144266608199955
177 0.6862444196428571 0.8375356281517211 0.008370535714285714 0.0197325147993861
25 0.5923549107142857 0.36395527296645475 0.015066964285714286 0.017540013155009866
184 0.6402064732142857 0.2716509537382153 0.020926339285714284 0.010085507564130673