187 0.373046875 0.9026742656729505 0.005859375 0.004822446295484437
187 0.47335379464285715 0.0920648838228847 0.0030691964285714285 0.00920648838228847
187 0.09877232142857142 0.26128890837352037 0.0030691964285714285 0.00920648838228847
187 0.26157924107142855 0.17667689609820253 0.0030691964285714285 0.00920648838228847
187 0.7110770089285714 0.8112669881630864 0.0030691964285714285 0.00920648838228847
187 0.10379464285714286 0.3187198597106532 0.005859375 0.004822446295484437
187 0.15764508928571427 0.7498903989478299 0.005859375 0.004822446295484437
187 0.10379464285714286 0.7790442788250768 0.005859375 0.004822446295484437
187 0.08510044642857142 0.21898290223586148 0.0030691964285714285 0.00920648838228847
175 0.33154296875 0.8957693993862341 0.0087890625 0.009425690486628672
196 0.3729771205357143 0.8746163963174046 0.0126953125 0.020166593599298552
177 0.33126395089285715 0.8536825953529154 0.007952008928571428 0.00898728627794827
32 0.31947544642857145 0.7863875493204735 0.006696428571428571 0.01731696624287593
181 0.310546875 0.7687417799210873 0.009486607142857142 0.00920648838228847
175 0.37290736607142855 0.7932924156071899 0.006138392857142857 0.01446733888645331
192 0.373046875 0.7038579570363875 0.01171875 0.018851380973257344
193 0.2509068080357143 0.8112669881630864 0.012137276785714286 0.019289785181937746
180 0.22607421875 0.8111573871109162 0.008231026785714286 0.00898728627794827
192 0.31912667410714285 0.7476983779044278 0.011858258928571428 0.018851380973257344
193 0.31919642857142855 0.7045155633494081 0.012834821428571428 0.020166593599298552
186 0.22384207589285715 0.6844585708022797 0.007672991071428571 0.010740903112669882
176 0.21156529017857142 0.8388864533099518 0.005719866071428571 0.01446733888645331
191 0.19817243303571427 0.8112669881630864 0.008231026785714286 0.0131521262604121
193 0.21142578125 0.8747259973695748 0.012416294642857142 0.019508987286277948
194 0.22565569196428573 0.8957693993862341 0.012137276785714286 0.019070583077597545
179 0.2557896205357143 0.8940157825515125 0.010463169642857142 0.012494519947391494
195 0.27908761160714285 0.8958790004384042 0.012416294642857142 0.019289785181937746
63 0.30859375 0.8957693993862341 0.0078125 0.00898728627794827
193 0.19684709821428573 0.21898290223586148 0.012276785714285714 0.019289785181937746
196 0.14285714285714285 0.17678649715037265 0.011997767857142858 0.018632178868917142
195 0.11648995535714286 0.17667689609820253 0.011997767857142858 0.018851380973257344
177 0.28062220982142855 0.3459009206488382 0.009347098214285714 0.00920648838228847
102 0.3280552455357143 0.3459009206488382 0.008510044642857142 0.00920648838228847
175 0.7230050223214286 0.582639193336256 0.005719866071428571 0.016220955721174924
32 0.6806640625 0.556444541867602 0.010881696428571428 0.010740903112669882
189 0.7082170758928571 0.5997369574747917 0.013532366071428572 0.009644892590968873
14 0.6607840401785714 0.5998465585269619 0.008231026785714286 0.00898728627794827
142 0.6273018973214286 0.5997369574747917 0.005719866071428571 0.00920648838228847
191 0.5989815848214286 0.5997369574747917 0.007672991071428571 0.012275317843051293
196 0.57470703125 0.6843489697501096 0.012137276785714286 0.019289785181937746
175 0.7232142857142857 0.6223147742218326 0.005859375 0.012713722051731697
187 0.7230050223214286 0.6631959666812801 0.005719866071428571 0.005041648399824638
180 0.7230050223214286 0.7403551074090311 0.005719866071428571 0.016001753616834723
183 0.7174944196428571 0.7731258220078913 0.004464285714285714 0.01797457255589654
181 0.6960797991071429 0.8330775975449364 0.005719866071428571 0.011617711530030689
192 0.6008649553571429 0.8535729943007453 0.011997767857142858 0.018851380973257344
194 0.5739397321428571 0.8535729943007453 0.012555803571428572 0.01972818939061815
102 0.29227120535714285 0.8285839544059623 0.005859375 0.01183691363437089
25 0.22565569196428573 0.7699473914949584 0.009068080357142858 0.011617711530030689
191 0.29220145089285715 0.7841955282770715 0.007672991071428571 0.012056115738711091
181 0.29220145089285715 0.7459447610697063 0.005998883928571429 0.014028934677772907
192 0.27804129464285715 0.3035949145111793 0.011997767857142858 0.01841297676457694
32 0.13113839285714285 0.28803156510302497 0.006696428571428571 0.013590530469092503
60 0.14613560267857142 0.3034853134590092 0.007672991071428571 0.009425690486628672
183 0.16943359375 0.29953967558088557 0.004324776785714286 0.017755370451556333
142 0.5884486607142857 0.19245944761069705 0.005859375 0.00920648838228847
177 0.5882393973214286 0.1577159140727751 0.005719866071428571 0.012056115738711091
102 0.5883091517857143 0.10773783428320911 0.005859375 0.012056115738711091
179 0.5729631696428571 0.17854011398509426 0.011997767857142858 0.012932924156071899
189 0.5476422991071429 0.17667689609820253 0.013532366071428572 0.008768084173608066
178 0.5238560267857143 0.17678649715037265 0.009207589285714286 0.00898728627794827
180 0.49093191964285715 0.17656729504603244 0.008370535714285714 0.00898728627794827
25 0.4637974330357143 0.17788250767207364 0.009347098214285714 0.011179307321350284
25 0.4111328125 0.17755370451556335 0.010323660714285714 0.011398509425690487
183 0.38929966517857145 0.18084173608066637 0.004603794642857143 0.01797457255589654
192 0.5884486607142857 0.24068391056554142 0.013392857142857142 0.02104340201665936
195 0.58837890625 0.32628233231039017 0.010463169642857142 0.016440157825515125
32 0.43798828125 0.3452433143358176 0.007952008928571428 0.010083296799649276
190 0.42124720982142855 0.3459009206488382 0.004324776785714286 0.010083296799649276
187 0.38643973214285715 0.3459009206488382 0.0030691964285714285 0.00920648838228847
102 0.48074776785714285 0.11179307321350285 0.006138392857142857 0.012713722051731697
119 0.4722377232142857 0.13908373520385794 0.008649553571428572 0.018632178868917142
119 0.3369838169642857 0.13930293730819815 0.011300223214285714 0.018632178868917142
194 0.48074776785714285 0.28309951775537046 0.012276785714285714 0.019508987286277948
189 0.43994140625 0.30370451556334943 0.013532366071428572 0.011617711530030689
190 0.41190011160714285 0.3035949145111793 0.007393973214285714 0.00920648838228847
102 0.39139229910714285 0.3035949145111793 0.008510044642857142 0.00920648838228847
195 0.39990234375 0.28375712406839104 0.010463169642857142 0.016440157825515125
142 0.45396205357142855 0.8872205173169663 0.006138392857142857 0.00898728627794827
63 0.3895786830357143 0.8960982025427444 0.009068080357142858 0.008768084173608066
180 0.45382254464285715 0.7901139850942569 0.005859375 0.015563349408154318
195 0.45375279017857145 0.7470407715914072 0.011021205357142858 0.017536168347216132
177 0.45389229910714285 0.6627575624725998 0.005719866071428571 0.012056115738711091
119 0.43701171875 0.5623629986847873 0.011300223214285714 0.019070583077597545
32 0.4175502232142857 0.5567733450241122 0.008649553571428572 0.010960105217010083
186 0.30643136160714285 0.5574309513371328 0.007393973214285714 0.01052170100832968
32 0.56201171875 0.6648399824638317 0.006556919642857143 0.0131521262604121
196 0.57568359375 0.6420429636124507 0.012137276785714286 0.019289785181937746
142 0.6587611607142857 0.6418237615081105 0.005859375 0.00920648838228847
192 0.6691545758928571 0.6201227531784305 0.012416294642857142 0.019289785181937746
14 0.6691545758928571 0.5865848312143797 0.005719866071428571 0.015344147303814117
181 0.5193917410714286 0.8956597983340641 0.0078125 0.00920648838228847
194 0.49344308035714285 0.8958790004384042 0.011997767857142858 0.018851380973257344
193 0.46609933035714285 0.8957693993862341 0.011997767857142858 0.018632178868917142
14 0.10365513392857142 0.2469311705392372 0.005859375 0.013371328364752301
184 0.16176060267857142 0.2743314335817624 0.014369419642857142 0.006795265234546251
14 0.166015625 0.17700569925471285 0.008649553571428572 0.00898728627794827
179 0.6164202008928571 0.6996931170539237 0.008231026785714286 0.017536168347216132
193 0.6153738839285714 0.7481367821131083 0.011997767857142858 0.018851380973257344
102 0.6263950892857143 0.8113765892152565 0.010323660714285714 0.00898728627794827
175 0.6566685267857143 0.8111573871109162 0.010323660714285714 0.009425690486628672
189 0.6833147321428571 0.8112669881630864 0.013671875 0.00920648838228847
25 0.10295758928571429 0.2783866725120561 0.007533482142857143 0.01446733888645331
195 0.11844308035714286 0.3035949145111793 0.011997767857142858 0.018851380973257344
25 0.31856863839285715 0.5423060061376589 0.0068359375 0.014905743095133712
179 0.31808035714285715 0.45396755808855765 0.008091517857142858 0.01797457255589654
178 0.31919642857142855 0.41725120561157386 0.005859375 0.016440157825515125
178 0.32742745535714285 0.7690705830775976 0.010602678571428572 0.00898728627794827
175 0.23842075892857142 0.32661113546690046 0.005859375 0.015344147303814117
32 0.27504185267857145 0.2603024989039895 0.0107421875 0.011179307321350284
192 0.23842075892857142 0.28342832091188075 0.012555803571428572 0.01972818939061815
119 0.2548828125 0.7640289346777729 0.009486607142857142 0.019070583077597545
14 0.28013392857142855 0.7688513809732573 0.008370535714285714 0.009425690486628672
182 0.29227120535714285 0.928211310828584 0.005859375 0.00898728627794827
102 0.34605189732142855 0.9243752740026304 0.005719866071428571 0.013590530469092503
176 0.7228655133928571 0.23246383165278386 0.005719866071428571 0.012056115738711091
14 0.71484375 0.2613985094256905 0.008370535714285714 0.00898728627794827
25 0.7239815848214286 0.32463831652783864 0.007672991071428571 0.013590530469092503
182 0.7230050223214286 0.40957913195966683 0.005719866071428571 0.009425690486628672
195 0.7230050223214286 0.4957255589653661 0.010463169642857142 0.016440157825515125
182 0.6960797991071429 0.5318939061814993 0.005719866071428571 0.009425690486628672
142 0.6573660714285714 0.17689609820254273 0.005859375 0.00920648838228847
183 0.5959123883928571 0.18095133713283648 0.004603794642857143 0.017755370451556333
175 0.3461216517857143 0.8306663743971943 0.005859375 0.014248136782113108
25 0.3467494419642857 0.8779044278825077 0.007114955357142857 0.015344147303814117
193 0.4146205357142857 0.8535729943007453 0.011997767857142858 0.018851380973257344
188 0.44091796875 0.8535729943007453 0.0048828125 0.012713722051731697
181 0.47021484375 0.8534633932485752 0.007672991071428571 0.00898728627794827
185 0.3418666294642857 0.7916483998246383 0.014369419642857142 0.006795265234546251
188 0.3461216517857143 0.7514248136782113 0.008649553571428572 0.007452871547566856
193 0.3461216517857143 0.5780359491451118 0.012555803571428572 0.01972818939061815
102 0.11544363839285714 0.7687417799210873 0.008231026785714286 0.00920648838228847
195 0.29220145089285715 0.32518632178868917 0.010463169642857142 0.016440157825515125
189 0.30587332589285715 0.21909250328803156 0.013532366071428572 0.011617711530030689
180 0.31905691964285715 0.20056992547128452 0.005859375 0.016659359929855327
60 0.3192661830357143 0.16177115300306882 0.005998883928571429 0.01446733888645331
14 0.7500697544642857 0.7508768084173608 0.005998883928571429 0.016001753616834723
60 0.7500697544642857 0.6682376150811048 0.005998883928571429 0.013371328364752301
193 0.7356305803571429 0.5574309513371328 0.013113839285714286 0.020604997807978958
179 0.6301618303571429 0.7285181937746602 0.011439732142857142 0.012494519947391494
192 0.6006556919642857 0.7266549758877685 0.012416294642857142 0.01972818939061815
189 0.7351422991071429 0.8957693993862341 0.013532366071428572 0.012056115738711091
60 0.7096819196428571 0.8955501972818939 0.009486607142857142 0.00898728627794827
196 0.6812918526785714 0.8958790004384042 0.0126953125 0.020166593599298552
181 0.3729771205357143 0.20396755808855765 0.005719866071428571 0.013371328364752301
186 0.3729771205357143 0.28255151249451993 0.0068359375 0.011398509425690487
193 0.3593052455357143 0.26128890837352037 0.012416294642857142 0.019289785181937746
193 0.6422293526785714 0.6646207803594915 0.011858258928571428 0.018851380973257344
142 0.6423688616071429 0.754384042086804 0.005998883928571429 0.00898728627794827
176 0.6422293526785714 0.7943884261288908 0.005719866071428571 0.012275317843051293
184 0.6380440848214286 0.4609820254274441 0.014369419642857142 0.00657606313020605
194 0.6422293526785714 0.4080447172292854 0.0126953125 0.01994739149495835
176 0.6423688616071429 0.27805786935554583 0.006277901785714286 0.013809732573432706
25 0.23918805803571427 0.4552827707145989 0.007393973214285714 0.012713722051731697
178 0.23835100446428573 0.49605436212187637 0.005719866071428571 0.013590530469092503
189 0.19705636160714285 0.2613985094256905 0.013532366071428572 0.011617711530030689
191 0.14020647321428573 0.26128890837352037 0.0078125 0.012275317843051293
189 0.10379464285714286 0.7462735642262166 0.006417410714285714 0.021262604120999562
186 0.10344587053571429 0.7017755370451556 0.0068359375 0.011617711530030689
187 0.10379464285714286 0.5786935554581324 0.005859375 0.004822446295484437
184 0.19614955357142858 0.5506356861025866 0.004464285714285714 0.02235861464270057