187 0.5669642857142857 0.7667178250383688 0.008649553571428572 0.007016005262003947
187 0.095703125 0.36242052181539136 0.004464285714285714 0.013593510195132646
187 0.09514508928571429 0.23744792808594606 0.004464285714285714 0.013593510195132646
187 0.5064174107142857 0.8625301468976102 0.004464285714285714 0.013593510195132646
187 0.4476841517857143 0.540780530585398 0.008649553571428572 0.00723525542644157
187 0.5046735491071429 0.23744792808594606 0.004603794642857143 0.013593510195132646
187 0.5669642857142857 0.5020828765621574 0.008649553571428572 0.007016005262003947
184 0.12332589285714286 0.5739969304976978 0.021205357142857144 0.010085507564130673
175 0.15443638392857142 0.6124753343565008 0.014787946428571428 0.013374260030695024
195 0.19063895089285715 0.6124753343565008 0.017996651785714284 0.028283271212453408
192 0.12946428571428573 0.5158956369217277 0.018694196428571428 0.029379522034641527
187 0.12946428571428573 0.45614996711247535 0.008649553571428572 0.00723525542644157
182 0.142578125 0.424906818680114 0.0078125 0.013593510195132646
119 0.16469029017857142 0.32306511729883797 0.017717633928571428 0.023898267923700943
119 0.18917410714285715 0.22999342249506688 0.016183035714285716 0.02762552071914054
196 0.5882393973214286 0.7374479280859461 0.017717633928571428 0.02696777022582767
32 0.5797991071428571 0.6113790835343127 0.013113839285714286 0.015566761675071256
191 0.63037109375 0.6124753343565008 0.0107421875 0.016882262661696998
190 0.16929408482142858 0.8217496163122122 0.010463169642857142 0.015786011839508878
181 0.1689453125 0.7162902872177154 0.008649553571428572 0.02499451874588906
191 0.10993303571428571 0.6748520061390046 0.012276785714285714 0.019294014470510854
63 0.16915457589285715 0.5281736461302347 0.009347098214285714 0.01710151282613462
184 0.17815290178571427 0.4776364832273624 0.006417410714285714 0.03310677483008112
119 0.2700892857142857 0.4800482350361763 0.013950892857142858 0.02696777022582767
189 0.3090122767857143 0.48739311554483666 0.020089285714285716 0.017978513483885114
182 0.41636439732142855 0.4877219907914931 0.009068080357142858 0.01381276035957027
195 0.7041015625 0.48739311554483666 0.016183035714285716 0.025433019074764307
63 0.705078125 0.3622012716509537 0.010881696428571428 0.013593510195132646
175 0.6252790178571429 0.36242052181539136 0.013950892857142858 0.0131550098662574
177 0.5870535714285714 0.36253014689761015 0.015345982142857142 0.013374260030695024
14 0.6070033482142857 0.4522034641525981 0.008649553571428572 0.01907476430607323
186 0.6070731026785714 0.3279982459986845 0.009626116071428572 0.016663012497259374
119 0.5449916294642857 0.3070598552948915 0.015485491071428572 0.027406270554702915
193 0.5062779017857143 0.29993422495066874 0.018136160714285716 0.02850252137689103
194 0.22830636160714285 0.11236570927428195 0.017996651785714284 0.028283271212453408
60 0.18575613839285715 0.11225608419206315 0.013253348214285714 0.013593510195132646
184 0.1552734375 0.1221223415917562 0.006696428571428571 0.03332602499451875
14 0.3681640625 0.19809252356939266 0.008649553571428572 0.019513264634948475
142 0.3680943080357143 0.33227362420521817 0.0087890625 0.013374260030695024
63 0.38162667410714285 0.3622012716509537 0.011021205357142858 0.013593510195132646
177 0.4305943080357143 0.36231089673317257 0.012416294642857142 0.013374260030695024
186 0.5083705357142857 0.36242052181539136 0.010881696428571428 0.015347511510633634
190 0.11934988839285714 0.424906818680114 0.009626116071428572 0.015786011839508878
193 0.16922433035714285 0.2046700285025214 0.017299107142857144 0.027844770883578163
193 0.16922433035714285 0.14152598114448586 0.018136160714285716 0.028721771541328656
190 0.12953404017857142 0.2647445735584302 0.0068359375 0.00986625739969305
193 0.15032087053571427 0.1747423810567858 0.018833705357142856 0.029818022363516772
189 0.19063895089285715 0.1749616312212234 0.019949776785714284 0.01710151282613462
181 0.22977120535714285 0.17518088138566104 0.013671875 0.013593510195132646
184 0.32205636160714285 0.15862749397062048 0.021065848214285716 0.00986625739969305
102 0.18303571428571427 0.9247971935978953 0.010881696428571428 0.0131550098662574
195 0.16929408482142858 0.45351896513922385 0.015485491071428572 0.02433676825257619
63 0.54296875 0.4877219907914931 0.013113839285714286 0.01381276035957027
142 0.5271344866071429 0.44310458232843675 0.0087890625 0.01447051085288314
184 0.5002092633928571 0.4347730760798071 0.0068359375 0.03332602499451875
194 0.5272042410714286 0.33030037272527957 0.017857142857142856 0.027844770883578163
192 0.646484375 0.5783819337864503 0.018415178571428572 0.02894102170576628
186 0.62548828125 0.6749616312212234 0.011021205357142858 0.016005262003946502
178 0.12953404017857142 0.1558868669151502 0.008510044642857142 0.019294014470510854
176 0.6289760044642857 0.48739311554483666 0.014090401785714286 0.0131550098662574
192 0.26708984375 0.5499890374917781 0.017996651785714284 0.028283271212453408
119 0.18743024553571427 0.557005042753782 0.016043526785714284 0.027844770883578163
179 0.14508928571428573 0.5525104143828108 0.016462053571428572 0.018855514141635606
182 0.2885044642857143 0.8243806182854637 0.008649553571428572 0.013593510195132646
193 0.28857421875 0.516882262661697 0.018275669642857144 0.028721771541328656
195 0.22858537946428573 0.36242052181539136 0.017717633928571428 0.026748520061390047
195 0.5867047991071429 0.8624205218153914 0.018833705357142856 0.029598772199079148
194 0.5459681919642857 0.8625301468976102 0.018275669642857144 0.02850252137689103
183 0.6028180803571429 0.6357158517868888 0.016741071428571428 0.010304757728568297
175 0.6065150669642857 0.5144705108528831 0.008510044642857142 0.018197763648322735
25 0.109375 0.4894759921069941 0.012834821428571428 0.01775926331944749
182 0.5275530133928571 0.838193378645034 0.009347098214285714 0.0131550098662574
178 0.5270647321428571 0.6966673975005482 0.008928571428571428 0.018197763648322735
182 0.32826450892857145 0.4021048015786012 0.008649553571428572 0.012716509537382154
183 0.6618303571428571 0.5561280420960316 0.006417410714285714 0.026090769568077175
182 0.6861746651785714 0.37711028283271214 0.0087890625 0.013593510195132646
175 0.44754464285714285 0.34005700504275377 0.008370535714285714 0.017540013155009866
193 0.6067243303571429 0.8933347950010962 0.018694196428571428 0.029160271870203903
196 0.6275111607142857 0.9250164437623328 0.018694196428571428 0.029379522034641527
175 0.6707589285714286 0.9250164437623328 0.011160714285714286 0.0131550098662574
142 0.63037109375 0.7377768033326025 0.0087890625 0.014032010524007894
184 0.6614118303571429 0.7276912957684718 0.006417410714285714 0.03332602499451875
187 0.6862444196428571 0.7062047796535847 0.008649553571428572 0.007016005262003947
184 0.6803152901785714 0.6296864722648542 0.021623883928571428 0.010085507564130673
184 0.6402762276785714 0.3915807936855953 0.021065848214285716 0.010085507564130673
178 0.34681919642857145 0.17485200613900462 0.012834821428571428 0.013374260030695024
179 0.46665736607142855 0.23470730103047577 0.016183035714285716 0.018636263977197982
180 0.5274135044642857 0.5812321859241394 0.0087890625 0.01710151282613462
175 0.4873046875 0.3890594167945626 0.008370535714285714 0.020828765621574215
142 0.7259347098214286 0.9122999342249507 0.0087890625 0.01447051085288314
182 0.7261439732142857 0.7080684060513045 0.008928571428571428 0.01249725937294453
182 0.6312779017857143 0.8627493970620478 0.008928571428571428 0.014032010524007894
192 0.72607421875 0.5787108090331068 0.018275669642857144 0.028721771541328656
175 0.6697126116071429 0.424906818680114 0.013811383928571428 0.0131550098662574
14 0.48751395089285715 0.2612365709274282 0.008510044642857142 0.022144266608199955
63 0.6463448660714286 0.3295329971497479 0.008649553571428572 0.02324051743038807
185 0.5607561383928571 0.20664327998246 0.021065848214285716 0.010304757728568297
186 0.5671735491071429 0.14240298180223634 0.010463169642857142 0.017320762990572242
183 0.4697265625 0.11828546371409779 0.006417410714285714 0.02696777022582767
176 0.43191964285714285 0.11236570927428195 0.011160714285714286 0.013374260030695024
25 0.5658482142857143 0.4585617189212892 0.010323660714285714 0.022582766937075203