187 0.10874720982142858 0.6547566856641823 0.004045758928571429 0.01183691363437089
187 0.37423270089285715 0.159798334064007 0.004045758928571429 0.01183691363437089
187 0.13706752232142858 0.10488820692678649 0.004045758928571429 0.012056115738711091
187 0.45179966517857145 0.8747259973695748 0.004045758928571429 0.012056115738711091
187 0.7225167410714286 0.8747259973695748 0.00390625 0.012056115738711091
187 0.11293247767857142 0.709776413853573 0.004045758928571429 0.01183691363437089
187 0.25990513392857145 0.9019070583077597 0.007533482142857143 0.006356861025865849
187 0.11990792410714286 0.6822665497588777 0.007672991071428571 0.006356861025865849
195 0.11997767857142858 0.7937308198158702 0.013392857142857142 0.021481806225339763
179 0.12137276785714286 0.840311266988163 0.010602678571428572 0.019508987286277948
175 0.11990792410714286 0.5649934239368698 0.007672991071428571 0.015563349408154318
176 0.20619419642857142 0.5450460324419114 0.013392857142857142 0.012056115738711091
60 0.23604910714285715 0.5447172292854011 0.010602678571428572 0.01183691363437089
183 0.6646902901785714 0.43993862341078477 0.005998883928571429 0.02367382726874178
188 0.6798967633928571 0.2904427882507672 0.015206473214285714 0.010083296799649276
119 0.6666434151785714 0.22117492327926347 0.012137276785714286 0.024112231477422183
196 0.5557338169642857 0.159798334064007 0.016322544642857144 0.025427444103463395
63 0.6237444196428571 0.4350065760631302 0.013950892857142858 0.012056115738711091
188 0.6099330357142857 0.4607628233231039 0.009486607142857142 0.01183691363437089
193 0.294921875 0.8485313459009206 0.015904017857142856 0.02498903989478299
25 0.29380580357142855 0.6763480929416923 0.010044642857142858 0.015124945199473916
177 0.2948521205357143 0.631521262604121 0.007672991071428571 0.016220955721174924
175 0.7017996651785714 0.8197062691801841 0.013253348214285714 0.011617711530030689
178 0.6570172991071429 0.8197062691801841 0.012416294642857142 0.011617711530030689
186 0.7149832589285714 0.786935554581324 0.008370535714285714 0.014905743095133712
182 0.5989118303571429 0.7650153441473038 0.008091517857142858 0.012713722051731697
60 0.7149832589285714 0.7437527400263042 0.007533482142857143 0.01578255151249452
177 0.7149135044642857 0.6817185444980272 0.007393973214285714 0.021920210434020166
119 0.7107979910714286 0.5220298114861903 0.015625 0.019070583077597545
190 0.6872907366071429 0.48980710214818063 0.0068359375 0.015124945199473916
192 0.48758370535714285 0.3248575186321789 0.016183035714285716 0.025427444103463395
193 0.46993582589285715 0.24068391056554142 0.016322544642857144 0.025427444103463395
142 0.44503348214285715 0.21470846120122752 0.007254464285714286 0.012056115738711091
191 0.46986607142857145 0.17623849188952215 0.011997767857142858 0.018851380973257344
178 0.6798967633928571 0.5180841736080667 0.007393973214285714 0.021262604120999562
195 0.6798967633928571 0.5741999123191582 0.015764508928571428 0.024769837790442787
196 0.6799665178571429 0.6290004384042087 0.015625 0.024331433581762384
176 0.66650390625 0.6550854888206927 0.0107421875 0.012056115738711091
196 0.6799665178571429 0.6841297676457694 0.015625 0.024550635686102586
185 0.4922572544642857 0.5910784743533538 0.006277901785714286 0.02915387987724682
195 0.5587332589285714 0.6547566856641823 0.013671875 0.02104340201665936
185 0.4644252232142857 0.5714598860149057 0.018694196428571428 0.00920648838228847
25 0.44907924107142855 0.5463612450679527 0.011997767857142858 0.014686540990793511
181 0.37974330357142855 0.5448268303375713 0.009486607142857142 0.011617711530030689
196 0.41831752232142855 0.10488820692678649 0.015764508928571428 0.024769837790442787
177 0.38169642857142855 0.10488820692678649 0.010044642857142858 0.011617711530030689
32 0.35093470982142855 0.1036825953529154 0.011858258928571428 0.014028934677772907
180 0.2734375 0.10488820692678649 0.01171875 0.012056115738711091
192 0.5223214285714286 0.8748355984217449 0.015625 0.024550635686102586
183 0.49525669642857145 0.88042525208242 0.005580357142857143 0.02257781674704077
176 0.59619140625 0.7094476106970627 0.011579241071428572 0.012056115738711091
181 0.64501953125 0.6758000876808418 0.007672991071428571 0.015344147303814117
182 0.2948521205357143 0.4471722928540114 0.007952008928571428 0.011398509425690487
176 0.294921875 0.3553266111354669 0.007533482142857143 0.014905743095133712
183 0.3150111607142857 0.26435773783428324 0.005580357142857143 0.022797018851380975
185 0.3457728794642857 0.2611793073213503 0.005998883928571429 0.02915387987724682
188 0.30733816964285715 0.3798772468215695 0.006696428571428571 0.020166593599298552
195 0.22488839285714285 0.46427005699254714 0.015345982142857142 0.024550635686102586
186 0.22516741071428573 0.4096887330118369 0.008649553571428572 0.014905743095133712
195 0.22488839285714285 0.29636124506795264 0.016183035714285716 0.025427444103463395
195 0.2779017857142857 0.2698377904427883 0.013671875 0.021481806225339763
194 0.22488839285714285 0.18610258658483123 0.015345982142857142 0.024550635686102586
142 0.22488839285714285 0.1183691363437089 0.0078125 0.01052170100832968
176 0.5749860491071429 0.6800745287154757 0.007393973214285714 0.016878562034195528
194 0.48814174107142855 0.7647961420429636 0.016462053571428572 0.025865848312143797
188 0.42271205357142855 0.7647961420429636 0.006417410714285714 0.021481806225339763
183 0.3793247767857143 0.7702761946514687 0.005580357142857143 0.022797018851380975
14 0.34605189732142855 0.7650153441473038 0.011021205357142858 0.012275317843051293
193 0.3111049107142857 0.7647961420429636 0.015625 0.024112231477422183
180 0.48507254464285715 0.709776413853573 0.010044642857142858 0.01183691363437089
182 0.5399693080357143 0.5802279701885138 0.007672991071428571 0.011398509425690487
25 0.5408063616071429 0.6322884699693117 0.009347098214285714 0.019070583077597545
102 0.5401088169642857 0.5112889083735204 0.007672991071428571 0.022139412538360367
188 0.5505022321428571 0.48980710214818063 0.007254464285714286 0.01819377466023674
196 0.6277204241071429 0.6547566856641823 0.015764508928571428 0.02498903989478299
180 0.39990234375 0.4067295046032442 0.007393973214285714 0.020385795703638757
119 0.35219029017857145 0.44103463393248576 0.013811383928571428 0.024112231477422183
32 0.4354771205357143 0.23224462954844366 0.008510044642857142 0.01819377466023674
196 0.38197544642857145 0.21481806225339764 0.015625 0.024112231477422183
119 0.36900111607142855 0.24912319158263918 0.015625 0.02345462516440158
179 0.3662806919642857 0.34612012275317844 0.0107421875 0.02498903989478299
189 0.6449497767857143 0.738053485313459 0.008370535714285714 0.02761946514686541
192 0.6799665178571429 0.7946076282332311 0.015345982142857142 0.024550635686102586
177 0.5748465401785714 0.24430074528715476 0.007672991071428571 0.019508987286277948
194 0.5749162946428571 0.29756685664182375 0.015904017857142856 0.024769837790442787
102 0.6643415178571429 0.26994739149495833 0.009486607142857142 0.012056115738711091
189 0.5749162946428571 0.13217886891714162 0.007254464285714286 0.02761946514686541
185 0.5163922991071429 0.11343708899605436 0.005719866071428571 0.02915387987724682
176 0.6448800223214286 0.2878123629986848 0.007393973214285714 0.01446733888645331
189 0.6266741071428571 0.3798772468215695 0.017578125 0.01578255151249452
182 0.56689453125 0.3795484436650592 0.007393973214285714 0.012056115738711091
188 0.6662946428571429 0.5998465585269619 0.005580357142857143 0.02082419991231916
188 0.18994140625 0.7307102148180622 0.014090401785714286 0.012056115738711091
177 0.18987165178571427 0.791209995615958 0.007533482142857143 0.01731696624287593
119 0.22893415178571427 0.6863217886891714 0.015904017857142856 0.020166593599298552
177 0.24225725446428573 0.7647961420429636 0.011021205357142858 0.01183691363437089
184 0.587890625 0.6082858395440596 0.005580357142857143 0.029373081981587022
193 0.6099330357142857 0.5703638754932048 0.016462053571428572 0.025865848312143797
191 0.15492466517857142 0.30797895659798336 0.009905133928571428 0.01578255151249452
32 0.15541294642857142 0.3460105217010083 0.008649553571428572 0.02082419991231916
195 0.15492466517857142 0.4083735203857957 0.015485491071428572 0.024550635686102586
185 0.16043526785714285 0.4465146865409908 0.018694196428571428 0.00920648838228847
63 0.15499441964285715 0.5084392810170978 0.007533482142857143 0.016001753616834723
195 0.5048828125 0.29723805348531346 0.015625 0.024550635686102586
32 0.49400111607142855 0.26852257781674704 0.012834821428571428 0.01446733888645331
63 0.4506138392857143 0.26994739149495833 0.01171875 0.011617711530030689
186 0.5200892857142857 0.26994739149495833 0.008928571428571428 0.013809732573432706
187 0.25990513392857145 0.8473257343270495 0.007533482142857143 0.006356861025865849
185 0.23869977678571427 0.8283647523016221 0.005580357142857143 0.029373081981587022
182 0.17180524553571427 0.7644673388864534 0.007672991071428571 0.012494519947391494
190 0.13141741071428573 0.7646865409907935 0.009486607142857142 0.009425690486628672
178 0.20961216517857142 0.7649057430951337 0.011300223214285714 0.011617711530030689
184 0.21944754464285715 0.615190705830776 0.018694196428571428 0.009425690486628672
32 0.2255859375 0.5807759754493643 0.008649553571428572 0.017755370451556333
184 0.16043526785714285 0.8443665059184569 0.018694196428571428 0.008768084173608066
192 0.15492466517857142 0.7905523893029373 0.014927455357142858 0.024331433581762384