187 0.08970424107142858 0.8161587371190528 0.008649553571428572 0.00723525542644157
187 0.27413504464285715 0.7375575531681648 0.004464285714285714 0.013593510195132646
187 0.3681640625 0.6494189870642403 0.008649553571428572 0.007016005262003947
187 0.6565290178571429 0.6123657092742819 0.004464285714285714 0.013593510195132646
187 0.09891183035714286 0.23744792808594606 0.004464285714285714 0.013593510195132646
195 0.6067243303571429 0.20883578162683622 0.018415178571428572 0.028721771541328656
60 0.5921456473214286 0.29960534970401226 0.014090401785714286 0.01381276035957027
175 0.5090680803571429 0.1749616312212234 0.014229910714285714 0.014032010524007894
25 0.47530691964285715 0.1767156325367244 0.010881696428571428 0.016663012497259374
180 0.5050223214285714 0.2998245998684499 0.013671875 0.013374260030695024
183 0.46763392857142855 0.30618285463714096 0.006417410714285714 0.026090769568077175
183 0.45166015625 0.32427099320324493 0.0166015625 0.010085507564130673
195 0.58642578125 0.11236570927428195 0.016043526785714284 0.025213768910326683
142 0.6067940848214286 0.3299714974786231 0.0087890625 0.0131550098662574
175 0.6067940848214286 0.4492435869326902 0.008510044642857142 0.020171015128261346
60 0.6065848214285714 0.5176496382372286 0.008370535714285714 0.018855514141635606
187 0.5470842633928571 0.5498794124095593 0.004603794642857143 0.013593510195132646
176 0.5071149553571429 0.5497697873273405 0.012276785714285714 0.013374260030695024
25 0.36683872767857145 0.5282832712124534 0.011300223214285714 0.02170576627932471
191 0.32833426339285715 0.45921946941460207 0.014369419642857142 0.022582766937075203
119 0.27490234375 0.3696557772418329 0.016322544642857144 0.02762552071914054
188 0.20905412946428573 0.3816049112036834 0.016322544642857144 0.012935759701819776
185 0.20298549107142858 0.3384126288094716 0.021484375 0.010743258057443543
178 0.34598214285714285 0.36231089673317257 0.012555803571428572 0.013374260030695024
192 0.5272042410714286 0.14437623328217497 0.017299107142857144 0.027844770883578163
188 0.5272042410714286 0.19721552291164218 0.014508928571428572 0.012058759044069283
188 0.5272042410714286 0.2827230870423153 0.012276785714285714 0.010743258057443543
185 0.22970145089285715 0.12223196667397501 0.006277901785714286 0.03310677483008112
193 0.42759486607142855 0.48739311554483666 0.018415178571428572 0.02894102170576628
192 0.08970424107142858 0.7658408243806183 0.017857142857142856 0.028064021048015787
176 0.14383370535714285 0.7375575531681648 0.011997767857142858 0.014032010524007894
195 0.24881417410714285 0.5782723087042315 0.014927455357142858 0.02433676825257619
119 0.24428013392857142 0.4517649638237229 0.017857142857142856 0.02170576627932471
192 0.18722098214285715 0.424906818680114 0.017857142857142856 0.028064021048015787
191 0.15311104910714285 0.424906818680114 0.011858258928571428 0.01841701381276036
177 0.10811941964285714 0.42457794343345756 0.013392857142857142 0.013374260030695024
183 0.56298828125 0.6266169699627274 0.0166015625 0.010085507564130673
119 0.5436662946428571 0.6197105897829424 0.013113839285714286 0.027406270554702915
183 0.5708705357142857 0.7123437842578382 0.016741071428571428 0.010085507564130673
178 0.56689453125 0.4467222100416575 0.008510044642857142 0.023898267923700943
192 0.5669642857142857 0.3931155448366586 0.018694196428571428 0.029379522034641527
178 0.42982700892857145 0.5505371629028721 0.014508928571428572 0.014032010524007894
189 0.3475864955357143 0.6124753343565008 0.019949776785714284 0.01644376233282175
189 0.3071986607142857 0.6124753343565008 0.020089285714285716 0.014251260688445516
178 0.3486328125 0.924906818680114 0.011160714285714286 0.013374260030695024
179 0.2670200892857143 0.9278666959000219 0.017299107142857144 0.01841701381276036
25 0.23263113839285715 0.926660819995615 0.015485491071428572 0.01644376233282175
181 0.36788504464285715 0.7700065775049332 0.008928571428571428 0.02455601841701381
192 0.3470982142857143 0.7374479280859461 0.018694196428571428 0.029160271870203903
195 0.5272042410714286 0.39486954615215963 0.016183035714285716 0.025433019074764307
60 0.5272042410714286 0.5868230651172989 0.008649553571428572 0.018197763648322735
25 0.6268136160714286 0.6107213330409997 0.012276785714285714 0.016882262661696998
142 0.6199776785714286 0.550098662573997 0.008928571428571428 0.014032010524007894
63 0.6467633928571429 0.45340934005700506 0.008928571428571428 0.022802017101512827
60 0.5917271205357143 0.3627493970620478 0.014927455357142858 0.01381276035957027
179 0.7243303571428571 0.33819337864503396 0.011997767857142858 0.022582766937075203
177 0.6238839285714286 0.29960534970401226 0.013950892857142858 0.01381276035957027
185 0.7322823660714286 0.3962946722210042 0.021205357142857144 0.010304757728568297
195 0.72607421875 0.5200613900460426 0.016043526785714284 0.025433019074764307
60 0.7107979910714286 0.5504275378206533 0.013113839285714286 0.013374260030695024
176 0.6683175223214286 0.5497697873273405 0.011300223214285714 0.013374260030695024
188 0.16922433035714285 0.8452093839070379 0.011439732142857142 0.010085507564130673
191 0.16922433035714285 0.7746108309581232 0.014229910714285714 0.02236351677263758
142 0.16936383928571427 0.693817145362859 0.008928571428571428 0.013374260030695024
184 0.18366350446428573 0.6650953738215304 0.006556919642857143 0.03310677483008112
181 0.20884486607142858 0.6347292260469195 0.008649553571428572 0.021925016443762334
181 0.44775390625 0.13834685376014033 0.008510044642857142 0.018855514141635606
176 0.44775390625 0.20280640210480158 0.0087890625 0.02236351677263758
193 0.4476841517857143 0.2695680771760579 0.018694196428571428 0.029160271870203903
185 0.41880580357142855 0.30969085726814294 0.006696428571428571 0.03310677483008112
191 0.38546316964285715 0.29993422495066874 0.012276785714285714 0.019294014470510854
193 0.30991908482142855 0.48750274062705545 0.018833705357142856 0.029598772199079148
178 0.3680943080357143 0.4625082218811664 0.008510044642857142 0.024775268581451435
177 0.3681640625 0.3919096689322517 0.008649553571428572 0.02302126726595045
60 0.2886439732142857 0.33808375356281517 0.008649553571428572 0.021925016443762334
14 0.2704380580357143 0.2998245998684499 0.014927455357142858 0.01381276035957027
180 0.22963169642857142 0.29993422495066874 0.012276785714285714 0.013593510195132646
177 0.3680943080357143 0.32547686910765183 0.0087890625 0.018636263977197982
192 0.3680943080357143 0.2658408243806183 0.017717633928571428 0.027844770883578163
142 0.36795479910714285 0.2206752905064679 0.009068080357142858 0.01381276035957027
63 0.3872767857142857 0.17507125630344222 0.013392857142857142 0.013374260030695024
14 0.42306082589285715 0.1747423810567858 0.011858258928571428 0.013593510195132646
196 0.40792410714285715 0.7055470291602719 0.018136160714285716 0.02850252137689103
192 0.5091378348214286 0.6749616312212234 0.017717633928571428 0.027406270554702915
194 0.5272042410714286 0.6416356062267047 0.017299107142857144 0.027844770883578163
192 0.34744698660714285 0.7999342249506687 0.017996651785714284 0.028283271212453408
175 0.12946428571428573 0.3272308704231528 0.008370535714285714 0.02302126726595045
195 0.12946428571428573 0.39454067090550315 0.017299107142857144 0.027844770883578163
14 0.12932477678571427 0.4625082218811664 0.008649553571428572 0.018636263977197982
187 0.16922433035714285 0.518636263977198 0.008649553571428572 0.00723525542644157
175 0.18443080357142858 0.8625301468976102 0.013392857142857142 0.0131550098662574
119 0.22370256696428573 0.8552948914711686 0.014927455357142858 0.028064021048015787
192 0.30977957589285715 0.8624205218153914 0.018833705357142856 0.029598772199079148
142 0.20884486607142858 0.13187897390923042 0.008928571428571428 0.014689761017320764
142 0.20884486607142858 0.2161806621354966 0.008649553571428572 0.012716509537382154
175 0.208984375 0.2586055689541767 0.008370535714285714 0.01907476430607323
189 0.24881417410714285 0.3333698750274063 0.011300223214285714 0.031352773514580136
182 0.16936383928571427 0.3803990352992765 0.008649553571428572 0.013593510195132646
195 0.08970424107142858 0.45461521596141197 0.017857142857142856 0.027844770883578163
194 0.14997209821428573 0.36242052181539136 0.018415178571428572 0.02894102170576628
192 0.10972377232142858 0.48739311554483666 0.018275669642857144 0.02850252137689103
193 0.18980189732142858 0.48750274062705545 0.017717633928571428 0.027844770883578163
14 0.20912388392857142 0.5213768910326683 0.008649553571428572 0.02104801578601184
25 0.21010044642857142 0.5742161806621355 0.010602678571428572 0.021925016443762334
176 0.20912388392857142 0.7020390265292699 0.008649553571428572 0.021925016443762334
63 0.20891462053571427 0.7593729445297084 0.0087890625 0.021267265950449463
179 0.21051897321428573 0.8970620477965359 0.012276785714285714 0.026090769568077175
14 0.15478515625 0.550098662573997 0.014369419642857142 0.013593510195132646
176 0.12932477678571427 0.520938390703793 0.008649553571428572 0.01841701381276036
192 0.12946428571428573 0.5839728129796098 0.017578125 0.027844770883578163
14 0.12953404017857142 0.7018197763648323 0.008510044642857142 0.017540013155009866
25 0.5283900669642857 0.7110282832712125 0.011300223214285714 0.02367901775926332
177 0.72607421875 0.825367244025433 0.008510044642857142 0.018197763648322735
32 0.7041713169642857 0.7360228020171015 0.016322544642857144 0.016224512168384126
182 0.6666434151785714 0.7375575531681648 0.008510044642857142 0.013593510195132646
181 0.6236746651785714 0.8622012716509537 0.014369419642857142 0.01381276035957027
181 0.5855887276785714 0.8624205218153914 0.011300223214285714 0.013374260030695024
63 0.5425502232142857 0.8619820214865161 0.013392857142857142 0.01381276035957027
181 0.5061383928571429 0.8623108967331725 0.011439732142857142 0.0131550098662574
194 0.46742466517857145 0.8625301468976102 0.017717633928571428 0.02718702039026529
194 0.16922433035714285 0.5795878096908572 0.018415178571428572 0.028721771541328656
102 0.16929408482142858 0.6316597237447928 0.008510044642857142 0.019294014470510854
184 0.11209542410714286 0.3525542644156983 0.006277901785714286 0.03332602499451875
193 0.16922433035714285 0.1427318570488928 0.018136160714285716 0.02850252137689103
195 0.646484375 0.703135277351458 0.018694196428571428 0.029379522034641527
181 0.66357421875 0.6749616312212234 0.014090401785714286 0.013374260030695024
195 0.72607421875 0.5784915588686691 0.015485491071428572 0.02433676825257619