187 0.70263671875 0.11247533435650077 0.004603794642857143 0.013593510195132646
187 0.6603655133928571 0.424906818680114 0.004603794642857143 0.013593510195132646
187 0.2885044642857143 0.7078491558868669 0.008649553571428572 0.00723525542644157
187 0.49979073660714285 0.36242052181539136 0.004603794642857143 0.013593510195132646
187 0.6067243303571429 0.9067090550317912 0.008649553571428572 0.00723525542644157
187 0.32833426339285715 0.8467441350581013 0.008510044642857142 0.007016005262003947
187 0.6862444196428571 0.8399473799605349 0.008649553571428572 0.007016005262003947
187 0.10086495535714286 0.8625301468976102 0.004464285714285714 0.013593510195132646
187 0.48744419642857145 0.7725279543959658 0.008649553571428572 0.00723525542644157
187 0.646484375 0.9106555579916685 0.008649553571428572 0.00723525542644157
142 0.16929408482142858 0.5757509318131988 0.0087890625 0.013593510195132646
191 0.18798828125 0.6124753343565008 0.013253348214285714 0.020828765621574215
179 0.22837611607142858 0.6097347073010305 0.015345982142857142 0.018855514141635606
102 0.26416015625 0.6123657092742819 0.012416294642857142 0.013593510195132646
142 0.16929408482142858 0.2085069063801798 0.009068080357142858 0.014032010524007894
177 0.15283203125 0.11247533435650077 0.015485491071428572 0.014032010524007894
25 0.6451590401785714 0.20379302784477088 0.011300223214285714 0.018636263977197982
180 0.6462751116071429 0.1401008550756413 0.0087890625 0.020609515457136594
14 0.6674107142857143 0.11225608419206315 0.013392857142857142 0.0131550098662574
183 0.650390625 0.252028064021048 0.016741071428571428 0.00986625739969305
142 0.11328125 0.17485200613900462 0.008649553571428572 0.01381276035957027
175 0.23088727678571427 0.11258495943871957 0.01171875 0.013374260030695024
60 0.08970424107142858 0.26748520061390046 0.008370535714285714 0.02104801578601184
177 0.08970424107142858 0.45428634071475554 0.008649553571428572 0.02324051743038807
63 0.10714285714285714 0.6123657092742819 0.015904017857142856 0.013593510195132646
191 0.15234375 0.6123657092742819 0.011160714285714286 0.017540013155009866
193 0.18882533482142858 0.7999342249506687 0.017717633928571428 0.027844770883578163
142 0.72607421875 0.2865599649199737 0.0087890625 0.014032010524007894
188 0.7087053571428571 0.23744792808594606 0.006417410714285714 0.020609515457136594
193 0.6649693080357143 0.23733830300372724 0.017996651785714284 0.028283271212453408
184 0.6267438616071429 0.2473141854856391 0.006556919642857143 0.0328875246656435
142 0.70751953125 0.3622012716509537 0.008231026785714286 0.014032010524007894
185 0.6778738839285714 0.3720675290506468 0.006696428571428571 0.033764525323393996
182 0.5432477678571429 0.36209164656873494 0.008928571428571428 0.01381276035957027
60 0.7259347098214286 0.568734926551195 0.008510044642857142 0.018855514141635606
119 0.3549107142857143 0.18219688664766498 0.015066964285714286 0.02762552071914054
182 0.31270926339285715 0.17518088138566104 0.008510044642857142 0.013593510195132646
183 0.26143973214285715 0.18121026090769568 0.006417410714285714 0.026090769568077175
119 0.30552455357142855 0.11949133961850471 0.016183035714285716 0.02850252137689103
60 0.38462611607142855 0.2998245998684499 0.015625 0.013374260030695024
119 0.4429408482142857 0.2632098224073668 0.017857142857142856 0.024775268581451435
32 0.4697265625 0.23635167726375794 0.016183035714285716 0.015347511510633634
185 0.5461774553571429 0.227581670686253 0.006417410714285714 0.03332602499451875
178 0.56689453125 0.27800920850690636 0.008510044642857142 0.02367901775926332
178 0.6462751116071429 0.6971058978294233 0.0087890625 0.021267265950449463
63 0.66845703125 0.8000438500328875 0.0107421875 0.0131550098662574
188 0.5555943080357143 0.6124753343565008 0.0068359375 0.023459767594825695
196 0.46595982142857145 0.6124753343565008 0.018136160714285716 0.028721771541328656
185 0.12332589285714286 0.2150844113133085 0.021205357142857144 0.010085507564130673
190 0.20075334821428573 0.36242052181539136 0.010881696428571428 0.01447051085288314
184 0.2734375 0.47785573339180004 0.006417410714285714 0.03354527515895637
14 0.32833426339285715 0.5783819337864503 0.008510044642857142 0.020609515457136594
14 0.3281947544642857 0.5246656434992326 0.0087890625 0.02324051743038807
25 0.32693917410714285 0.39530804648103485 0.011300223214285714 0.020609515457136594
179 0.4271763392857143 0.3598991449243587 0.016183035714285716 0.01907476430607323
102 0.40799386160714285 0.4683183512387634 0.008510044642857142 0.02324051743038807
192 0.42905970982142855 0.6124753343565008 0.019112723214285716 0.030037272527954396
187 0.3482142857142857 0.6123657092742819 0.004464285714285714 0.013593510195132646
119 0.29317801339285715 0.2059855294891471 0.017717633928571428 0.021267265950449463
14 0.26346261160714285 0.2377768033326025 0.011300223214285714 0.013374260030695024
186 0.22719029017857142 0.236899802674852 0.011021205357142858 0.016005262003946502
183 0.18673270089285715 0.24358693269019951 0.006277901785714286 0.0263100197325148
178 0.11516462053571429 0.23755755316816488 0.0146484375 0.013374260030695024
14 0.2885044642857143 0.33972812979609734 0.008649553571428572 0.02433676825257619
179 0.44594029017857145 0.7763648322736242 0.011858258928571428 0.02236351677263758
192 0.5876116071428571 0.6123657092742819 0.01953125 0.030695023021267268
102 0.6863839285714286 0.13264634948476212 0.008649553571428572 0.01841701381276036
176 0.6861746651785714 0.2133304099978075 0.008510044642857142 0.0197325147993861
119 0.5886579241071429 0.24490243367682527 0.013811383928571428 0.028064021048015787
63 0.3466796875 0.29993422495066874 0.014787946428571428 0.0131550098662574
142 0.21854073660714285 0.7375575531681648 0.008231026785714286 0.013593510195132646
194 0.2694614955357143 0.7374479280859461 0.017717633928571428 0.027406270554702915
102 0.20905412946428573 0.8220784915588687 0.008510044642857142 0.02302126726595045
189 0.5272042410714286 0.3927866695900022 0.0078125 0.031352773514580136
178 0.4873744419642857 0.45823284367463274 0.008510044642857142 0.02499451874588906
190 0.44077845982142855 0.48750274062705545 0.010463169642857142 0.010743258057443543
180 0.5272042410714286 0.4629467222100417 0.008370535714285714 0.022144266608199955
176 0.4478236607142857 0.7059855294891472 0.008649553571428572 0.01841701381276036
178 0.44740513392857145 0.5761894321420741 0.008928571428571428 0.02236351677263758
25 0.43436104910714285 0.5514141635606227 0.013532366071428572 0.017540013155009866
194 0.6278599330357143 0.6749616312212234 0.018833705357142856 0.029598772199079148
188 0.6465541294642857 0.7689103266827451 0.014090401785714286 0.012278009208506906
179 0.470703125 0.864941898706424 0.016741071428571428 0.018855514141635606
60 0.32833426339285715 0.7611269458452093 0.008510044642857142 0.022144266608199955
60 0.3065708705357143 0.7378864284148213 0.016322544642857144 0.01381276035957027
60 0.24895368303571427 0.6471168603376453 0.008510044642857142 0.020828765621574215
182 0.10993303571428571 0.7997149747862311 0.008091517857142858 0.014251260688445516
142 0.13860212053571427 0.8000438500328875 0.008231026785714286 0.013593510195132646
175 0.08970424107142858 0.7121245340934006 0.008370535714285714 0.02236351677263758
194 0.15025111607142858 0.424906818680114 0.018136160714285716 0.02850252137689103
194 0.19091796875 0.48750274062705545 0.017717633928571428 0.027844770883578163
25 0.6851981026785714 0.7594825696119272 0.0107421875 0.02367901775926332
194 0.6862444196428571 0.7049989037491778 0.017020089285714284 0.027844770883578163
175 0.6863839285714286 0.6439377329532997 0.008649553571428572 0.018855514141635606
195 0.6644810267857143 0.6124753343565008 0.015345982142857142 0.023898267923700943
195 0.5272042410714286 0.2660600745450559 0.015345982142857142 0.02433676825257619
192 0.5474330357142857 0.11236570927428195 0.017857142857142856 0.028283271212453408
189 0.19029017857142858 0.8625301468976102 0.020089285714285716 0.015786011839508878
180 0.16915457589285715 0.7688007016005262 0.008510044642857142 0.02170576627932471
192 0.20905412946428573 0.7052181539136154 0.017717633928571428 0.027844770883578163
190 0.20905412946428573 0.6602718702039027 0.0068359375 0.01644376233282175
183 0.20521763392857142 0.5894540670905504 0.017020089285714284 0.00986625739969305
182 0.208984375 0.5370532777899584 0.008649553571428572 0.012935759701819776
183 0.39111328125 0.41865818899364177 0.006556919642857143 0.026090769568077175
191 0.5396205357142857 0.6749616312212234 0.012555803571428572 0.019513264634948475
181 0.46616908482142855 0.29960534970401226 0.012137276785714286 0.014251260688445516
185 0.45396205357142855 0.4691953518965139 0.020926339285714284 0.010085507564130673
142 0.6466238839285714 0.8467441350581013 0.008649553571428572 0.012716509537382154
178 0.24916294642857142 0.7730760798070598 0.008649553571428572 0.020609515457136594
179 0.24700055803571427 0.5112913834685376 0.011858258928571428 0.025433019074764307
184 0.24267578125 0.4688664766498575 0.021344866071428572 0.010304757728568297
14 0.5669642857142857 0.3992545494409121 0.008649553571428572 0.018855514141635606
186 0.5900530133928571 0.4251260688445516 0.011021205357142858 0.015786011839508878