187 0.373046875 0.35225778167470406 0.005859375 0.004822446295484437
187 0.07686941964285714 0.20495396755808856 0.005859375 0.004822446295484437
187 0.29227120535714285 0.12571240683910564 0.005859375 0.005041648399824638
187 0.6921037946428571 0.3035949145111793 0.0030691964285714285 0.00920648838228847
187 0.4476841517857143 0.0920648838228847 0.0030691964285714285 0.00920648838228847
187 0.6422991071428571 0.5197281893906182 0.005859375 0.004822446295484437
192 0.6007952008928571 0.7689609820254274 0.012416294642857142 0.01972818939061815
102 0.6153738839285714 0.7466023673827269 0.005859375 0.013590530469092503
192 0.6153738839285714 0.5361683472161333 0.011997767857142858 0.018851380973257344
119 0.5992606026785714 0.6468654099079351 0.0107421875 0.018851380973257344
192 0.5466657366071429 0.6420429636124507 0.012137276785714286 0.019289785181937746
176 0.5076729910714286 0.580447172292854 0.005859375 0.014905743095133712
185 0.5387834821428571 0.7105436212187637 0.014229910714285714 0.006795265234546251
187 0.6018415178571429 0.7266549758877685 0.0030691964285714285 0.00920648838228847
177 0.5345982142857143 0.533757124068391 0.005859375 0.012275317843051293
193 0.5345284598214286 0.49331433581762385 0.012416294642857142 0.019508987286277948
102 0.5733119419642857 0.43062253397632616 0.008510044642857142 0.00898728627794827
190 0.6077008928571429 0.43051293292415604 0.005580357142857143 0.009644892590968873
191 0.6799665178571429 0.43051293292415604 0.007254464285714286 0.011398509425690487
193 0.46595982142857145 0.2613985094256905 0.011997767857142858 0.018632178868917142
191 0.5076032366071429 0.277181060938185 0.008231026785714286 0.012932924156071899
187 0.4672154017857143 0.3035949145111793 0.0030691964285714285 0.00920648838228847
194 0.41224888392857145 0.3035949145111793 0.012834821428571428 0.020166593599298552
25 0.3910435267857143 0.3050197281893906 0.008928571428571428 0.012056115738711091
119 0.5107421875 0.32354230600613765 0.011997767857142858 0.018851380973257344
183 0.32791573660714285 0.3924813678211311 0.004603794642857143 0.017755370451556333
119 0.3076171875 0.3932485751863218 0.009207589285714286 0.01841297676457694
182 0.37290736607142855 0.4613108285839544 0.005859375 0.00898728627794827
195 0.373046875 0.49408154318281455 0.01171875 0.018851380973257344
176 0.3373325892857143 0.5154537483559842 0.010323660714285714 0.00898728627794827
196 0.6422293526785714 0.2809074967119684 0.012416294642857142 0.019508987286277948
176 0.6821986607142857 0.26128890837352037 0.009207589285714286 0.00920648838228847
178 0.6422991071428571 0.24857518632178868 0.005859375 0.016220955721174924
175 0.6337193080357143 0.21898290223586148 0.010184151785714286 0.00920648838228847
142 0.6095145089285714 0.21920210434020165 0.005859375 0.00920648838228847
181 0.5461774553571429 0.21898290223586148 0.008928571428571428 0.00920648838228847
176 0.5254603794642857 0.21942130644454186 0.008510044642857142 0.009644892590968873
187 0.6422991071428571 0.3248575186321789 0.005859375 0.004822446295484437
63 0.57568359375 0.5573213502849628 0.007952008928571428 0.00898728627794827
32 0.29248046875 0.36212187637001314 0.006556919642857143 0.012713722051731697
191 0.29227120535714285 0.5705830775975449 0.009207589285714286 0.01446733888645331
191 0.29227120535714285 0.6148619026742657 0.008649553571428572 0.013590530469092503
191 0.2836216517857143 0.6420429636124507 0.009486607142857142 0.014905743095133712
179 0.25076729910714285 0.6437965804471723 0.011300223214285714 0.012713722051731697
14 0.22942243303571427 0.6421525646646208 0.009347098214285714 0.00898728627794827
63 0.5884486607142857 0.7958132398071022 0.005859375 0.016440157825515125
189 0.58837890625 0.7052827707145989 0.0048828125 0.021262604120999562
187 0.5884486607142857 0.6631959666812801 0.005859375 0.005041648399824638
189 0.58837890625 0.5773783428320912 0.0068359375 0.021481806225339763
60 0.6291852678571429 0.5575405523893029 0.009207589285714286 0.00898728627794827
187 0.5884486607142857 0.8323103901797457 0.005859375 0.004822446295484437
188 0.4388950892857143 0.8957693993862341 0.005859375 0.011617711530030689
184 0.4175502232142857 0.9024550635686103 0.004743303571428571 0.022797018851380975
32 0.4541713169642857 0.6698816308636563 0.006556919642857143 0.015344147303814117
182 0.45375279017857145 0.6219859710653223 0.005998883928571429 0.00898728627794827
142 0.46212332589285715 0.7266549758877685 0.005440848214285714 0.00920648838228847
188 0.49727957589285715 0.7266549758877685 0.004324776785714286 0.013590530469092503
195 0.34605189732142855 0.577268741779921 0.011300223214285714 0.017755370451556333
195 0.3461216517857143 0.49243752740026303 0.010881696428571428 0.01731696624287593
177 0.33091517857142855 0.47303814116615517 0.008649553571428572 0.00920648838228847
184 0.35023716517857145 0.6561814993423937 0.014369419642857142 0.006795265234546251
176 0.34605189732142855 0.7434239368697939 0.005719866071428571 0.012932924156071899
185 0.39327566964285715 0.7622753178430512 0.004464285714285714 0.02257781674704077
177 0.07679966517857142 0.8748355984217449 0.005719866071428571 0.012713722051731697
32 0.0771484375 0.7451775537045155 0.006975446428571429 0.011617711530030689
179 0.14711216517857142 0.6824857518632179 0.010463169642857142 0.012494519947391494
196 0.15757533482142858 0.6620999561595792 0.012137276785714286 0.019070583077597545
189 0.17166573660714285 0.6420429636124507 0.013532366071428572 0.008329679964927663
181 0.16831752232142858 0.5996273564226217 0.0087890625 0.00898728627794827
179 0.24734933035714285 0.5980929416922403 0.009765625 0.012932924156071899
187 0.3056640625 0.5574309513371328 0.0030691964285714285 0.00920648838228847
102 0.45375279017857145 0.536935554581324 0.005719866071428571 0.015124945199473916
191 0.45375279017857145 0.488053485313459 0.008231026785714286 0.012932924156071899
184 0.44956752232142855 0.40070144673388863 0.014369419642857142 0.0070144673388864535
189 0.65478515625 0.472818939061815 0.013532366071428572 0.009644892590968873
192 0.6691545758928571 0.6635247698377904 0.011300223214285714 0.018851380973257344
179 0.6570172991071429 0.6862121876370013 0.011021205357142858 0.012494519947391494
186 0.6012834821428571 0.6843489697501096 0.007254464285714286 0.010083296799649276
184 0.14976283482142858 0.6353572994300746 0.004324776785714286 0.02257781674704077
195 0.13071986607142858 0.5780359491451118 0.012276785714285714 0.019289785181937746
192 0.14536830357142858 0.5151249451994739 0.012276785714285714 0.019289785181937746
177 0.17278180803571427 0.515234546251644 0.007672991071428571 0.00898728627794827
192 0.22572544642857142 0.5151249451994739 0.012276785714285714 0.019289785181937746
175 0.25265066964285715 0.5153441473038142 0.0078125 0.00920648838228847
177 0.13065011160714285 0.49177992108724244 0.005998883928571429 0.016001753616834723
178 0.17445591517857142 0.43051293292415604 0.009905133928571428 0.008768084173608066
142 0.21149553571428573 0.4210872424375274 0.005859375 0.00920648838228847
32 0.22781808035714285 0.38754932047347657 0.008928571428571428 0.010083296799649276
194 0.21142578125 0.7069267864971504 0.011858258928571428 0.018851380973257344
63 0.21142578125 0.6679088119245945 0.005719866071428571 0.01709776413853573
177 0.21135602678571427 0.7931828145550197 0.005859375 0.013371328364752301
192 0.21149553571428573 0.8340640070144674 0.011997767857142858 0.018851380973257344
102 0.17571149553571427 0.8959886014905744 0.007952008928571428 0.00898728627794827
185 0.3418666294642857 0.3665059184568172 0.014369419642857142 0.0070144673388864535
195 0.34605189732142855 0.28079789565979835 0.012416294642857142 0.01972818939061815
175 0.35414341517857145 0.2611793073213503 0.010184151785714286 0.009425690486628672
193 0.3999720982142857 0.8303375712406839 0.011997767857142858 0.018851380973257344
196 0.3999720982142857 0.7045155633494081 0.011997767857142858 0.018851380973257344
181 0.07686941964285714 0.28452433143358175 0.005859375 0.01709776413853573
192 0.09026227678571429 0.3460105217010083 0.011997767857142858 0.018632178868917142
186 0.11593191964285714 0.3459009206488382 0.0078125 0.010083296799649276
183 0.07952008928571429 0.3683691363437089 0.011160714285714286 0.006795265234546251
177 0.14243861607142858 0.38842612889083733 0.008649553571428572 0.00920648838228847
180 0.17368861607142858 0.38820692678649715 0.008928571428571428 0.00920648838228847
142 0.29227120535714285 0.14270056992547128 0.005859375 0.00920648838228847
184 0.33768136160714285 0.2970188513809733 0.004324776785714286 0.02235861464270057
189 0.27852957589285715 0.21909250328803156 0.013532366071428572 0.011617711530030689
185 0.16350446428571427 0.2255589653660675 0.004464285714285714 0.02235861464270057
181 0.14501953125 0.21909250328803156 0.009347098214285714 0.00898728627794827
25 0.12081473214285714 0.21985971065322227 0.008091517857142858 0.010960105217010083
196 0.2797154017857143 0.5574309513371328 0.011997767857142858 0.018851380973257344
184 0.26109095982142855 0.49287593160894344 0.014369419642857142 0.006795265234546251
190 0.3017578125 0.472818939061815 0.005859375 0.010083296799649276
184 0.26953125 0.6657167908811925 0.014229910714285714 0.0070144673388864535
181 0.26541573660714285 0.7073651907058308 0.005719866071428571 0.014905743095133712
185 0.2569056919642857 0.7332310390179746 0.004324776785714286 0.022797018851380975
195 0.7230050223214286 0.24210872424375274 0.012137276785714286 0.019070583077597545
25 0.6574358258928571 0.22018851380973256 0.008510044642857142 0.011617711530030689
195 0.7230050223214286 0.15355107409031127 0.011300223214285714 0.017755370451556333
14 0.7230050223214286 0.11573871109162648 0.005719866071428571 0.01446733888645331
183 0.6233258928571429 0.09622972380534853 0.004464285714285714 0.01797457255589654
177 0.5763113839285714 0.092393686979395 0.008370535714285714 0.00898728627794827
187 0.494140625 0.0920648838228847 0.0030691964285714285 0.00920648838228847
191 0.46665736607142855 0.0920648838228847 0.009207589285714286 0.01446733888645331
192 0.44070870535714285 0.21898290223586148 0.012834821428571428 0.020166593599298552
193 0.46805245535714285 0.21898290223586148 0.011997767857142858 0.01841297676457694
25 0.49720982142857145 0.21766768960982025 0.0078125 0.011398509425690487
191 0.31912667410714285 0.3666155195089873 0.007393973214285714 0.011617711530030689
196 0.7499302455357143 0.5780359491451118 0.011858258928571428 0.018851380973257344
102 0.7064732142857143 0.5574309513371328 0.008928571428571428 0.008768084173608066
190 0.67626953125 0.5574309513371328 0.004603794642857143 0.01052170100832968
102 0.7501395089285714 0.612998684787374 0.005859375 0.014686540990793511
189 0.6817103794642857 0.7266549758877685 0.013532366071428572 0.01052170100832968
182 0.6539481026785714 0.7268741779921087 0.005440848214285714 0.00920648838228847
32 0.7503487723214286 0.5368259535291539 0.006556919642857143 0.014028934677772907
188 0.7499302455357143 0.4568171854449803 0.007672991071428571 0.008768084173608066
175 0.75 0.37286277948268304 0.005859375 0.01183691363437089
102 0.7500697544642857 0.32430951337132835 0.005719866071428571 0.011617711530030689
32 0.7340959821428571 0.3028277071459886 0.008649553571428572 0.010302498903989479
176 0.21142578125 0.5792415607189829 0.005719866071428571 0.012494519947391494
175 0.21135602678571427 0.5360587461639632 0.005859375 0.015563349408154318
192 0.22530691964285715 0.7689609820254274 0.011997767857142858 0.01841297676457694
142 0.24567522321428573 0.7689609820254274 0.005859375 0.010083296799649276
183 0.4141322544642857 0.3924813678211311 0.004324776785714286 0.017755370451556333
196 0.09033203125 0.8112669881630864 0.012137276785714286 0.019289785181937746
119 0.12039620535714286 0.8063349408154318 0.009765625 0.019070583077597545
182 0.20458984375 0.8111573871109162 0.005719866071428571 0.009425690486628672
187 0.6960797991071429 0.4517755370451556 0.005719866071428571 0.004822446295484437
192 0.6960797991071429 0.36562911003945636 0.012416294642857142 0.019289785181937746
60 0.6960797991071429 0.32606313020605 0.005719866071428571 0.011617711530030689
176 0.6961495535714286 0.4875054800526085 0.005859375 0.01446733888645331
176 0.69580078125 0.7047347654537484 0.005719866071428571 0.013590530469092503
119 0.18143136160714285 0.36245067952652343 0.012137276785714286 0.015563349408154318
182 0.23018973214285715 0.34612012275317844 0.005580357142857143 0.009644892590968873
32 0.2470703125 0.3449145111793073 0.009765625 0.010740903112669882
191 0.31912667410714285 0.28452433143358175 0.008510044642857142 0.0131521262604121
187 0.3325892857142857 0.26128890837352037 0.0030691964285714285 0.00920648838228847
190 0.31919642857142855 0.3371328364752302 0.005859375 0.01052170100832968
176 0.64208984375 0.579351161771153 0.005998883928571429 0.011398509425690487
196 0.6422293526785714 0.6209995615957913 0.012416294642857142 0.019289785181937746