187 0.32833426339285715 0.8932251699188775 0.008510044642857142 0.007016005262003947
187 0.16252790178571427 0.36242052181539136 0.004464285714285714 0.013593510195132646
187 0.3355189732142857 0.29993422495066874 0.004464285714285714 0.013593510195132646
187 0.28152901785714285 0.9250164437623328 0.004464285714285714 0.013593510195132646
187 0.4476841517857143 0.23098004823503618 0.008649553571428572 0.00723525542644157
187 0.6067243303571429 0.8214207410655558 0.008649553571428572 0.00723525542644157
187 0.5521065848214286 0.8625301468976102 0.004603794642857143 0.013593510195132646
190 0.5845424107142857 0.42501644376233283 0.010881696428571428 0.014251260688445516
186 0.30601283482142855 0.7364613023459767 0.010463169642857142 0.015347511510633634
185 0.3369838169642857 0.7901775926331944 0.006277901785714286 0.03332602499451875
192 0.18889508928571427 0.8625301468976102 0.018136160714285716 0.02850252137689103
180 0.10623604910714286 0.8620916465687349 0.011579241071428572 0.014032010524007894
60 0.16922433035714285 0.3229554922166192 0.008370535714285714 0.02236351677263758
193 0.22886439732142858 0.2998245998684499 0.017717633928571428 0.027844770883578163
188 0.5272042410714286 0.6529269896952423 0.01171875 0.013593510195132646
194 0.4662388392857143 0.6749616312212234 0.018415178571428572 0.028721771541328656
191 0.5100446428571429 0.36242052181539136 0.012276785714285714 0.019294014470510854
191 0.4476841517857143 0.5847401885551414 0.010881696428571428 0.01710151282613462
32 0.44838169642857145 0.4531900898925674 0.009765625 0.020171015128261346
175 0.44775390625 0.3935540451655339 0.008510044642857142 0.018855514141635606
184 0.4935825892857143 0.7132207849155887 0.021205357142857144 0.010085507564130673
183 0.6425083705357143 0.3816049112036834 0.0166015625 0.010743258057443543
178 0.6463448660714286 0.4509975882481912 0.008649553571428572 0.0263100197325148
181 0.6282784598214286 0.4876123657092743 0.012974330357142858 0.013593510195132646
187 0.16922433035714285 0.45614996711247535 0.008649553571428572 0.00723525542644157
194 0.16929408482142858 0.521486516114887 0.017717633928571428 0.027844770883578163
185 0.19566127232142858 0.5402324051743039 0.006556919642857143 0.03332602499451875
192 0.42724609375 0.36242052181539136 0.017717633928571428 0.028064021048015787
196 0.44761439732142855 0.3307388730541548 0.017717633928571428 0.027844770883578163
60 0.3828822544642857 0.30026310019732516 0.0146484375 0.01381276035957027
188 0.50390625 0.424906818680114 0.008091517857142858 0.02367901775926332
32 0.09019252232142858 0.8243806182854637 0.009905133928571428 0.018855514141635606
176 0.08984375 0.6376891032668275 0.008649553571428572 0.01775926331944749
177 0.11258370535714286 0.924906818680114 0.013392857142857142 0.013374260030695024
187 0.14934430803571427 0.9250164437623328 0.004603794642857143 0.013593510195132646
190 0.14055524553571427 0.6123657092742819 0.0068359375 0.01710151282613462
25 0.6077706473214286 0.2635386976540232 0.011021205357142858 0.02104801578601184
180 0.6065848214285714 0.33512387634290725 0.008649553571428572 0.02170576627932471
191 0.4750279017857143 0.23744792808594606 0.012555803571428572 0.0197325147993861
175 0.5472237723214286 0.29993422495066874 0.012974330357142858 0.013593510195132646
194 0.40785435267857145 0.3335891251918439 0.017717633928571428 0.027844770883578163
193 0.20905412946428573 0.39256741942556456 0.017996651785714284 0.028283271212453408
195 0.32833426339285715 0.6445954834466125 0.017996651785714284 0.028064021048015787
183 0.33775111607142855 0.6689322516991888 0.006417410714285714 0.0263100197325148
180 0.22509765625 0.5498794124095593 0.011579241071428572 0.0131550098662574
189 0.44761439732142855 0.27099320324490245 0.008231026785714286 0.031572023679017756
189 0.16929408482142858 0.20510852883139663 0.010463169642857142 0.031352773514580136
183 0.09877232142857142 0.30607322955492217 0.006417410714285714 0.0263100197325148
187 0.08970424107142858 0.3936636702477527 0.008649553571428572 0.00723525542644157
182 0.08963448660714286 0.527954395965797 0.0087890625 0.011401008550756413
185 0.11662946428571429 0.5400131550098662 0.006417410714285714 0.0328875246656435
119 0.27085658482142855 0.7303222977417233 0.017996651785714284 0.02762552071914054
180 0.12981305803571427 0.5810129357597018 0.008510044642857142 0.01841701381276036
14 0.28857421875 0.26627932470949356 0.008510044642857142 0.02039026529269897
179 0.2631138392857143 0.30267485200613903 0.016183035714285716 0.018636263977197982
176 0.3046177455357143 0.23733830300372724 0.013811383928571428 0.01381276035957027
32 0.34716796875 0.23602280201710152 0.013532366071428572 0.016005262003946502
185 0.42885044642857145 0.22769129576847183 0.006696428571428571 0.03354527515895637
184 0.29478236607142855 0.3390703793027845 0.021205357142857144 0.010743258057443543
180 0.14613560267857142 0.5497697873273405 0.012416294642857142 0.013374260030695024
193 0.24874441964285715 0.7063144047358035 0.017299107142857144 0.027844770883578163
142 0.43673270089285715 0.5498794124095593 0.008510044642857142 0.013593510195132646
186 0.38881138392857145 0.550098662573997 0.011160714285714286 0.015347511510633634
188 0.3681640625 0.3249287436965578 0.015904017857142856 0.012716509537382154
187 0.3681640625 0.26869107651830737 0.008649553571428572 0.00723525542644157
178 0.3080357142857143 0.11258495943871957 0.015066964285714286 0.013374260030695024
191 0.22579520089285715 0.36242052181539136 0.011579241071428572 0.01841701381276036
195 0.08970424107142858 0.5810129357597018 0.018136160714285716 0.02850252137689103
192 0.18987165178571427 0.48739311554483666 0.018415178571428572 0.02894102170576628
14 0.24860491071428573 0.7732953299714975 0.008370535714285714 0.024117518088138567
178 0.6065848214285714 0.7719798289848717 0.008649553571428572 0.021486516114887087
190 0.5794503348214286 0.7375575531681648 0.009068080357142858 0.013593510195132646
142 0.5358537946428571 0.7378864284148213 0.008649553571428572 0.01381276035957027
60 0.5023018973214286 0.7374479280859461 0.013253348214285714 0.013374260030695024
102 0.6067243303571429 0.6406489804867354 0.008370535714285714 0.02367901775926332
194 0.28857421875 0.5822188116641087 0.017996651785714284 0.028283271212453408
188 0.28857421875 0.6359351019513264 0.014090401785714286 0.010743258057443543
179 0.2901088169642857 0.7149747862310897 0.012137276785714286 0.020171015128261346
176 0.5477818080357143 0.42545494409120804 0.015206473214285714 0.013374260030695024
184 0.52099609375 0.317803113352335 0.021344866071428572 0.00986625739969305
185 0.5209263392857143 0.2635386976540232 0.021205357142857144 0.010085507564130673
32 0.7023577008928571 0.6109405832054374 0.014369419642857142 0.01644376233282175
32 0.6868722098214286 0.5198421398816049 0.009626116071428572 0.02455601841701381
184 0.46505301339285715 0.7276912957684718 0.006277901785714286 0.03332602499451875
184 0.45772879464285715 0.8526638894979172 0.006417410714285714 0.03332602499451875
179 0.11202566964285714 0.4221661916246437 0.013950892857142858 0.018197763648322735
190 0.40785435267857145 0.39333479500109625 0.007672991071428571 0.010085507564130673
180 0.40792410714285715 0.45702696777022583 0.008649553571428572 0.01644376233282175
195 0.72607421875 0.5155667616750712 0.017159598214285716 0.027844770883578163
142 0.7164481026785714 0.4867353650515238 0.008231026785714286 0.013593510195132646
189 0.6662946428571429 0.48750274062705545 0.020089285714285716 0.012058759044069283
184 0.70703125 0.7473141854856391 0.006975446428571429 0.03310677483008112
182 0.6249302455357143 0.7375575531681648 0.008510044642857142 0.013593510195132646