187 0.6099330357142857 0.9036606751424814 0.007533482142857143 0.006356861025865849
187 0.6967075892857143 0.48980710214818063 0.00390625 0.012056115738711091
187 0.11125837053571429 0.9297457255589654 0.004045758928571429 0.012056115738711091
187 0.0849609375 0.8300087680841736 0.007533482142857143 0.006356861025865849
187 0.36495535714285715 0.6403989478298991 0.007533482142857143 0.006356861025865849
187 0.5398995535714286 0.36223147742218326 0.007533482142857143 0.006356861025865849
188 0.18994140625 0.1457693993862341 0.011300223214285714 0.008768084173608066
176 0.19001116071428573 0.2370670758439281 0.0078125 0.019070583077597545
196 0.18994140625 0.46317404647084615 0.015206473214285714 0.024550635686102586
195 0.24253627232142858 0.48980710214818063 0.014090401785714286 0.022139412538360367
60 0.32986886160714285 0.5765015344147304 0.007393973214285714 0.01709776413853573
142 0.34751674107142855 0.5998465585269619 0.007533482142857143 0.012494519947391494
189 0.34849330357142855 0.48980710214818063 0.017578125 0.011179307321350284
186 0.36495535714285715 0.4585708022797019 0.008649553571428572 0.015344147303814117
180 0.36502511160714285 0.5223586146427006 0.007672991071428571 0.020166593599298552
192 0.27650669642857145 0.2698377904427883 0.015625 0.024550635686102586
63 0.22495814732142858 0.2507672073651907 0.007672991071428571 0.018851380973257344
185 0.19942801339285715 0.2233669443226655 0.005719866071428571 0.029373081981587022
178 0.6099330357142857 0.8453529153879877 0.007533482142857143 0.01994739149495835
14 0.6273018973214286 0.8193774660236738 0.0107421875 0.01183691363437089
175 0.62890625 0.7647961420429636 0.013671875 0.01183691363437089
178 0.6799665178571429 0.7418895221394125 0.007533482142857143 0.02082419991231916
178 0.5749860491071429 0.6279044278825077 0.007672991071428571 0.022139412538360367
142 0.25997488839285715 0.5321131082858396 0.007672991071428571 0.012056115738711091
63 0.3154994419642857 0.6003945637878123 0.010463169642857142 0.01183691363437089
60 0.3496791294642857 0.5447172292854011 0.011021205357142858 0.012275317843051293
192 0.4183872767857143 0.5997369574747917 0.015625 0.02367382726874178
142 0.5048130580357143 0.5768303375712407 0.007952008928571428 0.012494519947391494
176 0.5050223214285714 0.5135905304690925 0.007533482142857143 0.017536168347216132
102 0.5049525669642857 0.4723805348531346 0.007393973214285714 0.01972818939061815
178 0.49232700892857145 0.5996273564226217 0.01171875 0.012056115738711091
63 0.4891880580357143 0.4351161771153003 0.010184151785714286 0.01183691363437089
142 0.43505859375 0.34765453748355984 0.007952008928571428 0.012713722051731697
63 0.43484933035714285 0.2897851819377466 0.007533482142857143 0.016220955721174924
25 0.6287667410714286 0.876041209995616 0.010602678571428572 0.014686540990793511
183 0.6414620535714286 0.8027181060938186 0.014787946428571428 0.008768084173608066
192 0.6960100446428571 0.3248575186321789 0.016183035714285716 0.025427444103463395
119 0.7109375 0.12911003945637878 0.015345982142857142 0.021920210434020166
179 0.6342075892857143 0.10729943007452872 0.014787946428571428 0.016001753616834723
25 0.7161690848214286 0.4128671635247698 0.009905133928571428 0.016878562034195528
63 0.70068359375 0.4350065760631302 0.011858258928571428 0.012056115738711091
192 0.6799665178571429 0.5181937746602368 0.015345982142857142 0.024550635686102586
119 0.6839425223214286 0.5796799649276633 0.015485491071428572 0.02345462516440158
14 0.7149832589285714 0.6811705392371766 0.0078125 0.01731696624287593
32 0.7311662946428571 0.708680403331872 0.010323660714285714 0.014028934677772907
181 0.6799665178571429 0.6276852257781674 0.007533482142857143 0.020385795703638757
195 0.6967075892857143 0.7647961420429636 0.015625 0.02367382726874178
177 0.4896763392857143 0.3798772468215695 0.013113839285714286 0.01183691363437089
179 0.5034877232142857 0.29712845243314334 0.010602678571428572 0.018632178868917142
191 0.5228097098214286 0.3248575186321789 0.010463169642857142 0.016220955721174924
184 0.5487583705357143 0.3161990355107409 0.005998883928571429 0.02915387987724682
194 0.5934012276785714 0.32474791758000876 0.016043526785714284 0.025208241999123193
186 0.6251395089285714 0.32507672073651905 0.009486607142857142 0.0131521262604121
14 0.6587611607142857 0.3252959228408593 0.009765625 0.01183691363437089
175 0.4697265625 0.45418676019289783 0.007533482142857143 0.016659359929855327
142 0.4697265625 0.5016440157825515 0.007533482142857143 0.011617711530030689
188 0.46993582589285715 0.5780359491451118 0.013253348214285714 0.008768084173608066
191 0.31919642857142855 0.4348969750109601 0.010602678571428572 0.016659359929855327
180 0.5750558035714286 0.40201665935992986 0.007533482142857143 0.015344147303814117
184 0.5500837053571429 0.443445857080228 0.005580357142857143 0.029373081981587022
193 0.5749162946428571 0.5743095133713284 0.015904017857142856 0.02498903989478299
176 0.5751255580357143 0.29526523454625164 0.007672991071428571 0.017536168347216132
195 0.6290457589285714 0.21481806225339764 0.016462053571428572 0.025865848312143797
142 0.7499302455357143 0.5680622533976326 0.007672991071428571 0.011179307321350284
25 0.7486746651785714 0.4572555896536607 0.010184151785714286 0.018851380973257344
191 0.7499302455357143 0.4040990793511618 0.011579241071428572 0.01819377466023674
194 0.7321428571428571 0.21481806225339764 0.016462053571428572 0.025865848312143797
183 0.6928013392857143 0.22018851380973256 0.005580357142857143 0.023016220955721176
186 0.08482142857142858 0.24660236738272687 0.008091517857142858 0.015344147303814117
175 0.08482142857142858 0.12626041209995617 0.007533482142857143 0.017536168347216132
142 0.0849609375 0.29307321350284965 0.007533482142857143 0.011398509425690487
180 0.08503069196428571 0.34535291538798774 0.007672991071428571 0.019508987286277948
102 0.23688616071428573 0.5442788250767208 0.010602678571428572 0.01183691363437089
180 0.15485491071428573 0.8409688733011836 0.007533482142857143 0.02082419991231916
175 0.15499441964285715 0.8986190267426567 0.007533482142857143 0.017755370451556333
185 0.16378348214285715 0.6463174046470846 0.005580357142857143 0.029592284085927224
180 0.2949916294642857 0.6208899605436212 0.007393973214285714 0.020385795703638757
188 0.15492466517857142 0.6167251205611574 0.0107421875 0.011179307321350284
188 0.15499441964285715 0.4731477422183253 0.011997767857142858 0.009425690486628672
142 0.15492466517857142 0.36179307321350285 0.007672991071428571 0.011617711530030689
188 0.09828404017857142 0.709776413853573 0.005998883928571429 0.01709776413853573
183 0.14725167410714285 0.704296361245068 0.005719866071428571 0.022797018851380975
178 0.08517020089285714 0.6764576939938624 0.007672991071428571 0.021920210434020166
179 0.09793526785714286 0.65223586146427 0.012276785714285714 0.016440157825515125
186 0.08482142857142858 0.6250548005260851 0.008370535714285714 0.014686540990793511
119 0.10170200892857142 0.4285401139850943 0.012276785714285714 0.024550635686102586
175 0.13106863839285715 0.4345681718544498 0.013253348214285714 0.012056115738711091
180 0.20472935267857142 0.4348969750109601 0.011300223214285714 0.012275317843051293
63 0.24644252232142858 0.43478737395879 0.012137276785714286 0.012056115738711091
183 0.7533482142857143 0.6403989478298991 0.014787946428571428 0.00898728627794827
119 0.6952427455357143 0.7161332748794389 0.012137276785714286 0.02498903989478299
63 0.6644810267857143 0.709776413853573 0.011439732142857142 0.01183691363437089
32 0.7324916294642857 0.5432924156071899 0.014090401785714286 0.014686540990793511
63 0.6800362723214286 0.2530688294607628 0.007672991071428571 0.016001753616834723
192 0.5399693080357143 0.6285620341955283 0.016043526785714284 0.025208241999123193
192 0.5399693080357143 0.6840201665935993 0.014369419642857142 0.024331433581762384
14 0.10714285714285714 0.26972818939061816 0.013113839285714286 0.011617711530030689
194 0.10365513392857142 0.48980710214818063 0.015625 0.02345462516440158
14 0.13232421875 0.48947829899167034 0.011021205357142858 0.01183691363437089
194 0.24393136160714285 0.21481806225339764 0.015764508928571428 0.02498903989478299
186 0.16887555803571427 0.21492766330556773 0.009626116071428572 0.013809732573432706
194 0.22495814732142858 0.3531345900920649 0.016043526785714284 0.02498903989478299
25 0.22607421875 0.4686540990793512 0.009626116071428572 0.016659359929855327
190 0.5399693080357143 0.1693336256028058 0.007952008928571428 0.013809732573432706
194 0.5399693080357143 0.298882069267865 0.0146484375 0.024331433581762384
180 0.5265764508928571 0.21459886014905744 0.0107421875 0.01183691363437089
196 0.48660714285714285 0.21481806225339764 0.017020089285714284 0.026742656729504603
175 0.4512416294642857 0.21503726435773785 0.012974330357142858 0.012275317843051293
179 0.38023158482142855 0.21711968434896975 0.014090401785714286 0.016001753616834723
184 0.30538504464285715 0.2232573432704954 0.005580357142857143 0.029592284085927224
178 0.27525111607142855 0.21448925909688732 0.010323660714285714 0.011617711530030689
188 0.5399693080357143 0.7472599736957475 0.014369419642857142 0.008768084173608066
175 0.29520089285714285 0.24101271372205174 0.007533482142857143 0.016001753616834723
188 0.2949916294642857 0.35718982902235863 0.012416294642857142 0.012056115738711091
119 0.6408342633928571 0.6812801402893468 0.015485491071428572 0.02235861464270057
184 0.6584821428571429 0.6460982025427444 0.005580357142857143 0.02915387987724682
189 0.5913783482142857 0.8198158702323542 0.017578125 0.01578255151249452
63 0.5560128348214286 0.8199254712845243 0.013532366071428572 0.012056115738711091
25 0.6087472098214286 0.5187417799210873 0.010463169642857142 0.01994739149495835
192 0.591796875 0.4348969750109601 0.015625 0.023235423060061378