187 0.6691545758928571 0.8658483121437965 0.005719866071428571 0.004822446295484437
187 0.23842075892857142 0.10631302060499781 0.005859375 0.004822446295484437
187 0.5502232142857143 0.8958790004384042 0.0030691964285714285 0.00920648838228847
187 0.29227120535714285 0.6275756247259974 0.005859375 0.004822446295484437
187 0.48074776785714285 0.9226216571679088 0.005859375 0.004822446295484437
187 0.3461216517857143 0.7832091188075405 0.005859375 0.004822446295484437
187 0.45982142857142855 0.3035949145111793 0.0030691964285714285 0.00920648838228847
187 0.5345982142857143 0.26742656729504605 0.005859375 0.004822446295484437
187 0.19642857142857142 0.0920648838228847 0.0030691964285714285 0.00920648838228847
187 0.6294642857142857 0.3035949145111793 0.0030691964285714285 0.00920648838228847
187 0.5076729910714286 0.6966242875931609 0.005859375 0.004822446295484437
60 0.29220145089285715 0.28616834721613327 0.005719866071428571 0.014248136782113108
194 0.29220145089285715 0.409798334064007 0.012137276785714286 0.019070583077597545
193 0.29220145089285715 0.4946295484436651 0.012137276785714286 0.019070583077597545
32 0.2831333705357143 0.3024989039894783 0.009347098214285714 0.010960105217010083
187 0.25181361607142855 0.3035949145111793 0.0030691964285714285 0.00920648838228847
181 0.22621372767857142 0.30370451556334943 0.009068080357142858 0.00898728627794827
189 0.29220145089285715 0.5801183691363437 0.007114955357142857 0.021262604120999562
193 0.7098214285714286 0.8111573871109162 0.011997767857142858 0.018632178868917142
191 0.6691545758928571 0.7889083735203858 0.008231026785714286 0.0131521262604121
14 0.6691545758928571 0.7484655852696186 0.005719866071428571 0.015563349408154318
14 0.6833147321428571 0.7266549758877685 0.009486607142857142 0.008768084173608066
184 0.7094029017857143 0.7199693117053924 0.004464285714285714 0.02257781674704077
193 0.6007254464285714 0.6843489697501096 0.012276785714285714 0.019289785181937746
184 0.5459681919642857 0.6910346339324858 0.004324776785714286 0.02257781674704077
119 0.42982700892857145 0.8691363437088996 0.011997767857142858 0.017536168347216132
14 0.46470424107142855 0.8956597983340641 0.008928571428571428 0.00920648838228847
14 0.42689732142857145 0.7943884261288908 0.005859375 0.016220955721174924
14 0.45382254464285715 0.6167251205611574 0.005859375 0.014248136782113108
119 0.4634486607142857 0.5946953090749671 0.010323660714285714 0.01841297676457694
14 0.7356305803571429 0.6419333625602806 0.0078125 0.00898728627794827
192 0.7499302455357143 0.7479175800087681 0.012137276785714286 0.018851380973257344
119 0.6291852678571429 0.7735642262165717 0.010602678571428572 0.018851380973257344
193 0.5736607142857143 0.7689609820254274 0.012276785714285714 0.019289785181937746
189 0.7499302455357143 0.6189171416045594 0.007672991071428571 0.021262604120999562
178 0.75 0.5347435335379219 0.006138392857142857 0.015563349408154318
193 0.7087751116071429 0.472818939061815 0.012416294642857142 0.019289785181937746
181 0.6790597098214286 0.4724901359053047 0.010184151785714286 0.00898728627794827
194 0.6010044642857143 0.472818939061815 0.012555803571428572 0.01972818939061815
60 0.57861328125 0.4725997369574748 0.009347098214285714 0.00920648838228847
186 0.23835100446428573 0.15607189829022358 0.0068359375 0.011398509425690487
188 0.23835100446428573 0.20407715914072774 0.007672991071428571 0.008329679964927663
193 0.27901785714285715 0.21898290223586148 0.011997767857142858 0.018851380973257344
187 0.23842075892857142 0.24024550635686104 0.005859375 0.004822446295484437
193 0.23842075892857142 0.3261727312582201 0.012276785714285714 0.019289785181937746
181 0.23842075892857142 0.36212187637001314 0.005859375 0.015344147303814117
182 0.19098772321428573 0.4307321350284963 0.005859375 0.00920648838228847
25 0.17068917410714285 0.4318281455501973 0.009905133928571428 0.012275317843051293
185 0.12444196428571429 0.43719859710653225 0.004464285714285714 0.02257781674704077
63 0.23821149553571427 0.4494739149495835 0.005998883928571429 0.013809732573432706
192 0.25209263392857145 0.472818939061815 0.012276785714285714 0.019289785181937746
179 0.3011997767857143 0.4709557211749233 0.010044642857142858 0.012494519947391494
63 0.5769391741071429 0.8535729943007453 0.007952008928571428 0.008768084173608066
178 0.6285574776785714 0.8536825953529154 0.009068080357142858 0.00898728627794827
175 0.6558314732142857 0.8535729943007453 0.010044642857142858 0.00920648838228847
188 0.5811941964285714 0.8110477860587462 0.005301339285714286 0.014028934677772907
184 0.24665178571428573 0.6062034195528277 0.004464285714285714 0.023016220955721176
190 0.19587053571428573 0.5997369574747917 0.005580357142857143 0.008768084173608066
188 0.177734375 0.5997369574747917 0.005859375 0.0131521262604121
119 0.14899553571428573 0.6047786058746164 0.011160714285714286 0.018851380973257344
189 0.4668666294642857 0.8535729943007453 0.013532366071428572 0.008329679964927663
178 0.48074776785714285 0.7856203419552827 0.005859375 0.014028934677772907
178 0.5214146205357143 0.8533537921964051 0.0087890625 0.00920648838228847
195 0.373046875 0.579351161771153 0.010602678571428572 0.016659359929855327
196 0.3729771205357143 0.665168785620342 0.012137276785714286 0.019070583077597545
185 0.4077845982142857 0.5084392810170978 0.004185267857142857 0.02257781674704077
178 0.44015066964285715 0.5149057430951337 0.008370535714285714 0.00920648838228847
186 0.45375279017857145 0.5357299430074529 0.0068359375 0.01183691363437089
142 0.4536830357142857 0.579351161771153 0.005859375 0.00920648838228847
180 0.42696707589285715 0.584721613327488 0.005998883928571429 0.013371328364752301
119 0.41845703125 0.5624725997369575 0.010184151785714286 0.018851380973257344
14 0.38895089285714285 0.5572117492327926 0.009207589285714286 0.009644892590968873
32 0.3861607142857143 0.5987505480052608 0.010323660714285714 0.010740903112669882
14 0.30782645089285715 0.600065760631302 0.009347098214285714 0.009425690486628672
181 0.07686941964285714 0.3718763700131521 0.005859375 0.012056115738711091
194 0.11802455357142858 0.3035949145111793 0.012555803571428572 0.01972818939061815
193 0.14467075892857142 0.3035949145111793 0.012834821428571428 0.020166593599298552
182 0.11070033482142858 0.3460105217010083 0.005719866071428571 0.009425690486628672
186 0.14404296875 0.34568171854449803 0.007672991071428571 0.010083296799649276
186 0.16838727678571427 0.3459009206488382 0.007254464285714286 0.010960105217010083
196 0.22502790178571427 0.3459009206488382 0.012555803571428572 0.01972818939061815
190 0.25306919642857145 0.3459009206488382 0.005859375 0.010960105217010083
182 0.2764369419642857 0.3460105217010083 0.005998883928571429 0.009425690486628672
183 0.07945033482142858 0.4179088119245945 0.011300223214285714 0.006795265234546251
181 0.07672991071428571 0.4915607189829022 0.005859375 0.015563349408154318
180 0.14195033482142858 0.5150153441473038 0.008510044642857142 0.009425690486628672
190 0.19559151785714285 0.5151249451994739 0.006138392857142857 0.010960105217010083
192 0.22523716517857142 0.5151249451994739 0.012137276785714286 0.018851380973257344
188 0.25620814732142855 0.5151249451994739 0.004324776785714286 0.01797457255589654
195 0.3602818080357143 0.6842393686979396 0.010463169642857142 0.016440157825515125
102 0.34605189732142855 0.6248355984217449 0.005719866071428571 0.014686540990793511
191 0.35909598214285715 0.5574309513371328 0.008928571428571428 0.014028934677772907
25 0.5621512276785714 0.5805567733450241 0.007114955357142857 0.014248136782113108
183 0.5453404017857143 0.6040113985094256 0.004743303571428571 0.017755370451556333
193 0.5206473214285714 0.5997369574747917 0.011997767857142858 0.01841297676457694
25 0.5620814732142857 0.6157387110916265 0.006975446428571429 0.016220955721174924
192 0.5614536830357143 0.45056992547128455 0.012137276785714286 0.019070583077597545
184 0.5530831473214286 0.31028057869355546 0.004324776785714286 0.02257781674704077
195 0.5198800223214286 0.3035949145111793 0.010463169642857142 0.01578255151249452
184 0.5003487723214286 0.31028057869355546 0.004324776785714286 0.02257781674704077
191 0.23842075892857142 0.5762823323103902 0.0078125 0.012275317843051293
182 0.23849051339285715 0.6286716352476984 0.005998883928571429 0.009644892590968873
196 0.23842075892857142 0.6635247698377904 0.011997767857142858 0.018851380973257344
183 0.24107142857142858 0.7551512494519947 0.011160714285714286 0.0070144673388864535
60 0.30154854910714285 0.7687417799210873 0.010184151785714286 0.00920648838228847
188 0.32924107142857145 0.7689609820254274 0.005301339285714286 0.0131521262604121
190 0.5345982142857143 0.3123629986847874 0.005859375 0.009644892590968873
178 0.5345982142857143 0.36025865848312144 0.005859375 0.016878562034195528
192 0.5488978794642857 0.4729285401139851 0.012137276785714286 0.019070583077597545
187 0.5210658482142857 0.472818939061815 0.0030691964285714285 0.00920648838228847
63 0.46519252232142855 0.4729285401139851 0.007952008928571428 0.00898728627794827
194 0.3863002232142857 0.472818939061815 0.012276785714285714 0.019289785181937746
175 0.6551339285714286 0.3460105217010083 0.008928571428571428 0.009425690486628672
194 0.6961495535714286 0.5381411661551951 0.011997767857142858 0.018851380973257344
181 0.7077985491071429 0.6421525646646208 0.007672991071428571 0.00898728627794827
189 0.6818498883928571 0.38820692678649715 0.013532366071428572 0.008329679964927663
193 0.6545758928571429 0.38820692678649715 0.011997767857142858 0.018851380973257344
192 0.7230050223214286 0.6207803594914512 0.012974330357142858 0.020166593599298552
196 0.7230050223214286 0.5777071459886015 0.012137276785714286 0.019070583077597545
193 0.7230050223214286 0.4083735203857957 0.011858258928571428 0.018851380973257344
178 0.7229352678571429 0.36716352476983777 0.005859375 0.0131521262604121
63 0.6851981026785714 0.8533537921964051 0.007672991071428571 0.00920648838228847
195 0.7230050223214286 0.8319815870232354 0.0107421875 0.016878562034195528
187 0.5076729910714286 0.8746163963174046 0.005859375 0.004822446295484437
183 0.18184988839285715 0.274989039894783 0.011300223214285714 0.006795265234546251
180 0.18429129464285715 0.2484655852696186 0.006138392857142857 0.011617711530030689
181 0.18450055803571427 0.20604997807978956 0.005719866071428571 0.01446733888645331
60 0.1845703125 0.15059184568171854 0.005859375 0.014028934677772907
181 0.30538504464285715 0.3034853134590092 0.007254464285714286 0.009425690486628672
195 0.31919642857142855 0.32540552389302935 0.010323660714285714 0.016440157825515125
189 0.13065011160714285 0.6189171416045594 0.007672991071428571 0.021262604120999562
25 0.13002232142857142 0.5835160017536168 0.006975446428571429 0.0131521262604121
183 0.15087890625 0.5531565103024989 0.004324776785714286 0.017755370451556333
181 0.16755022321428573 0.5575405523893029 0.008370535714285714 0.00898728627794827
181 0.20075334821428573 0.5574309513371328 0.008370535714285714 0.008768084173608066
25 0.13148716517857142 0.6560718982902236 0.007393973214285714 0.012713722051731697
32 0.14083426339285715 0.6835817623849189 0.009626116071428572 0.011179307321350284
180 0.22160993303571427 0.6842393686979396 0.007393973214285714 0.00898728627794827
102 0.19761439732142858 0.7690705830775976 0.010184151785714286 0.00898728627794827
190 0.23011997767857142 0.7689609820254274 0.004603794642857143 0.01052170100832968
189 0.62939453125 0.3459009206488382 0.013532366071428572 0.008329679964927663
192 0.6153041294642857 0.4105655414291977 0.0126953125 0.01972818939061815
195 0.6153041294642857 0.4949583516001754 0.0107421875 0.01709776413853573
194 0.6153738839285714 0.579351161771153 0.011997767857142858 0.018851380973257344
193 0.39990234375 0.6188075405523893 0.012416294642857142 0.01972818939061815
192 0.3871372767857143 0.8535729943007453 0.011997767857142858 0.018851380973257344
192 0.41357421875 0.8534633932485752 0.012137276785714286 0.019070583077597545
25 0.4800502232142857 0.2862779482683034 0.007533482142857143 0.014905743095133712
119 0.4776088169642857 0.24101271372205174 0.011858258928571428 0.01731696624287593
196 0.49532645089285715 0.21898290223586148 0.012416294642857142 0.01972818939061815
185 0.4847935267857143 0.3125822007891276 0.014508928571428572 0.0070144673388864535
179 0.38525390625 0.22084612012275318 0.010463169642857142 0.012494519947391494
188 0.6422293526785714 0.28353792196405087 0.010184151785714286 0.008110477860587462
102 0.6421595982142857 0.24320473476545376 0.005580357142857143 0.015124945199473916
102 0.6421595982142857 0.41560718982902234 0.005859375 0.0131521262604121
186 0.6422293526785714 0.5743095133713284 0.006556919642857143 0.01183691363437089
187 0.6287667410714286 0.5997369574747917 0.0030691964285714285 0.00920648838228847
25 0.5064871651785714 0.6259316089434459 0.007952008928571428 0.012494519947391494
183 0.47105189732142855 0.5617053923717668 0.004324776785714286 0.017755370451556333
119 0.4404296875 0.5622533976326173 0.011439732142857142 0.018851380973257344
195 0.5076032366071429 0.5360587461639632 0.009905133928571428 0.016440157825515125
179 0.40108816964285715 0.4490355107409031 0.0078125 0.01819377466023674
194 0.3999720982142857 0.3658483121437966 0.01171875 0.018851380973257344
179 0.3633510044642857 0.34765453748355984 0.009626116071428572 0.012713722051731697
188 0.33935546875 0.3460105217010083 0.004603794642857143 0.012056115738711091
14 0.39990234375 0.4991231915826392 0.005719866071428571 0.013590530469092503
186 0.5618024553571429 0.7941692240245506 0.006696428571428571 0.01183691363437089
179 0.5603376116071429 0.7422183252959228 0.007952008928571428 0.016220955721174924
190 0.5615234375 0.7166812801402893 0.005859375 0.0076720736519070585
186 0.48067801339285715 0.49430074528715473 0.006277901785714286 0.01183691363437089