187 0.6067243303571429 0.20817803113352334 0.008649553571428572 0.00723525542644157
187 0.2885044642857143 0.1447051085288314 0.008649553571428572 0.007016005262003947
187 0.39718191964285715 0.11247533435650077 0.004464285714285714 0.013593510195132646
187 0.5199497767857143 0.8625301468976102 0.004464285714285714 0.013593510195132646
187 0.7260044642857143 0.8953080464810349 0.008649553571428572 0.00723525542644157
25 0.5926339285714286 0.2396404297303223 0.014229910714285714 0.017540013155009866
182 0.5404575892857143 0.23700942775707082 0.008928571428571428 0.014032010524007894
191 0.5901227678571429 0.36242052181539136 0.012276785714285714 0.019294014470510854
180 0.5669642857142857 0.3989256741942556 0.008649553571428572 0.019513264634948475
188 0.47230747767857145 0.424906818680114 0.006277901785714286 0.019294014470510854
175 0.5133928571428571 0.29993422495066874 0.010881696428571428 0.0131550098662574
184 0.42347935267857145 0.30969085726814294 0.006556919642857143 0.03310677483008112
175 0.3851841517857143 0.2998245998684499 0.014508928571428572 0.014251260688445516
119 0.29310825892857145 0.20719140539355405 0.017857142857142856 0.028064021048015787
195 0.18777901785714285 0.1749616312212234 0.016183035714285716 0.025433019074764307
178 0.30154854910714285 0.23679017759263318 0.014927455357142858 0.014032010524007894
191 0.38595145089285715 0.23744792808594606 0.012416294642857142 0.0197325147993861
176 0.7057059151785714 0.4251260688445516 0.011021205357142858 0.0131550098662574
195 0.72607421875 0.5835343126507345 0.015764508928571428 0.024775268581451435
32 0.7266322544642857 0.7772418329313747 0.009905133928571428 0.021486516114887087
102 0.70361328125 0.8000438500328875 0.012974330357142858 0.0131550098662574
192 0.18959263392857142 0.8000438500328875 0.018415178571428572 0.02894102170576628
195 0.12953404017857142 0.7049989037491778 0.017717633928571428 0.027844770883578163
192 0.12946428571428573 0.6418548563911423 0.017857142857142856 0.028283271212453408
119 0.12479073660714286 0.4671124753343565 0.017717633928571428 0.025213768910326683
60 0.12939453125 0.4030914273185705 0.008510044642857142 0.022144266608199955
63 0.12967354910714285 0.8345757509318132 0.008510044642857142 0.016882262661696998
186 0.12946428571428573 0.8903749177811884 0.009765625 0.017540013155009866
189 0.15115792410714285 0.9250164437623328 0.019949776785714284 0.015786011839508878
179 0.59228515625 0.6099539574654681 0.012974330357142858 0.019294014470510854
25 0.6227678571428571 0.67342688007016 0.010323660714285714 0.01644376233282175
119 0.47265625 0.4946283709712782 0.014229910714285714 0.028064021048015787
191 0.3041294642857143 0.36242052181539136 0.012834821428571428 0.020171015128261346
195 0.28857421875 0.32942337206752903 0.017996651785714284 0.028283271212453408
185 0.27964564732142855 0.30969085726814294 0.0068359375 0.03310677483008112
191 0.32833426339285715 0.39837754878316156 0.012137276785714286 0.018855514141635606
175 0.3130580357142857 0.42523569392677046 0.011439732142857142 0.013374260030695024
190 0.263671875 0.424906818680114 0.009486607142857142 0.015786011839508878
186 0.44789341517857145 0.1475553606665205 0.009347098214285714 0.017978513483885114
63 0.43491908482142855 0.11236570927428195 0.011579241071428572 0.013374260030695024
178 0.40785435267857145 0.3202148651611489 0.008510044642857142 0.018197763648322735
25 0.19022042410714285 0.3646130234597676 0.012974330357142858 0.01710151282613462
191 0.20905412946428573 0.2777899583424688 0.0126953125 0.020171015128261346
25 0.6873604910714286 0.8937732953299715 0.010602678571428572 0.02170576627932471
195 0.6253487723214286 0.8624205218153914 0.017717633928571428 0.027406270554702915
180 0.5894252232142857 0.8623108967331725 0.013392857142857142 0.013593510195132646
176 0.6862444196428571 0.8388511291383468 0.008649553571428572 0.017540013155009866
14 0.6863141741071429 0.5155667616750712 0.008510044642857142 0.021267265950449463
195 0.6863141741071429 0.4532997149747862 0.018275669642857144 0.028721771541328656
188 0.5272042410714286 0.827121245340934 0.01171875 0.011620258715194036
192 0.5272042410714286 0.7045604034203026 0.017857142857142856 0.028283271212453408
187 0.5868443080357143 0.9250164437623328 0.004603794642857143 0.013593510195132646
175 0.6229073660714286 0.9246875685156764 0.012555803571428572 0.01381276035957027
188 0.6465541294642857 0.7098224073668056 0.016322544642857144 0.012058759044069283
189 0.6247907366071429 0.6124753343565008 0.019949776785714284 0.012935759701819776
181 0.6465541294642857 0.5781626836220127 0.008510044642857142 0.01841701381276036
181 0.6463448660714286 0.5219250164437623 0.008649553571428572 0.019951764963823723
192 0.48744419642857145 0.2677044507783381 0.018415178571428572 0.02894102170576628
187 0.48744419642857145 0.20620477965358475 0.008649553571428572 0.00723525542644157
182 0.5179966517857143 0.17419425564569174 0.009207589285714286 0.014689761017320764
102 0.28857421875 0.2622231966673975 0.008510044642857142 0.02104801578601184
182 0.3973911830357143 0.6123657092742819 0.0087890625 0.013593510195132646
177 0.3452845982142857 0.6752905064678798 0.013671875 0.0131550098662574
191 0.31215122767857145 0.6749616312212234 0.011579241071428572 0.018197763648322735
194 0.3680943080357143 0.45439596579697433 0.017438616071428572 0.027844770883578163
187 0.3681640625 0.3936636702477527 0.008649553571428572 0.00723525542644157
187 0.7061941964285714 0.6123657092742819 0.004464285714285714 0.013593510195132646
25 0.34940011160714285 0.7359131769348827 0.015764508928571428 0.017320762990572242
32 0.46700613839285715 0.7363516772637579 0.014090401785714286 0.015566761675071256
177 0.4873744419642857 0.7082876562157422 0.008510044642857142 0.02170576627932471
178 0.12946428571428573 0.3251479938609954 0.008649553571428572 0.024117518088138567
192 0.12946428571428573 0.2678140758605569 0.017857142857142856 0.028283271212453408
183 0.12555803571428573 0.21168603376452533 0.016741071428571428 0.010743258057443543
193 0.15018136160714285 0.23733830300372724 0.017996651785714284 0.028283271212453408
189 0.19035993303571427 0.23744792808594606 0.019949776785714284 0.017978513483885114
175 0.22726004464285715 0.23733830300372724 0.013950892857142858 0.013374260030695024
14 0.3125697544642857 0.7998245998684499 0.015485491071428572 0.013593510195132646
187 0.3681640625 0.7686910765183074 0.008649553571428572 0.007016005262003947
102 0.47237723214285715 0.6126945845209384 0.014787946428571428 0.01381276035957027
184 0.45382254464285715 0.786340714755536 0.021205357142857144 0.010304757728568297
195 0.4476841517857143 0.8329313746985311 0.015904017857142856 0.02499451874588906
184 0.25502232142857145 0.5106336329752247 0.021205357142857144 0.010085507564130673
190 0.24881417410714285 0.5654461740846306 0.008231026785714286 0.01710151282613462
184 0.29771205357142855 0.29028721771541327 0.006417410714285714 0.033764525323393996
190 0.16929408482142858 0.2170576627932471 0.010463169642857142 0.01447051085288314
181 0.40792410714285715 0.2660600745450559 0.008928571428571428 0.02433676825257619
190 0.23800223214285715 0.424906818680114 0.008091517857142858 0.010085507564130673
193 0.18743024553571427 0.42501644376233283 0.017717633928571428 0.027844770883578163
14 0.6067940848214286 0.7682525761894321 0.0087890625 0.01710151282613462
25 0.6078404017857143 0.5705985529489147 0.010881696428571428 0.023898267923700943
196 0.6067243303571429 0.4531900898925674 0.018136160714285716 0.02850252137689103
195 0.6067940848214286 0.3910326682745012 0.017717633928571428 0.027844770883578163
183 0.49951171875 0.3685595264196448 0.0068359375 0.0263100197325148
188 0.46261160714285715 0.36242052181539136 0.008649553571428572 0.01841701381276036