187 0.27650669642857145 0.3459009206488382 0.0030691964285714285 0.00920648838228847
187 0.5958426339285714 0.0920648838228847 0.0030691964285714285 0.00920648838228847
187 0.37960379464285715 0.7689609820254274 0.0030691964285714285 0.00920648838228847
187 0.49497767857142855 0.472818939061815 0.0030691964285714285 0.00920648838228847
187 0.12332589285714286 0.1343708899605436 0.0030691964285714285 0.00920648838228847
187 0.6153738839285714 0.16659359929855327 0.005859375 0.004822446295484437
187 0.10379464285714286 0.8022797018851381 0.005859375 0.004822446295484437
187 0.5884486607142857 0.5806663743971943 0.005859375 0.004822446295484437
187 0.6422991071428571 0.6646207803594915 0.005859375 0.004822446295484437
187 0.6960797991071429 0.1292196405085489 0.005719866071428571 0.005041648399824638
187 0.09709821428571429 0.9381850065760632 0.0030691964285714285 0.00920648838228847
187 0.13071986607142858 0.9261288908373521 0.005859375 0.004822446295484437
195 0.3729771205357143 0.11475230162209557 0.010463169642857142 0.016440157825515125
185 0.37723214285714285 0.1873081981587023 0.014229910714285714 0.007233669443226655
175 0.373046875 0.24616396317404646 0.005859375 0.01446733888645331
181 0.373046875 0.2772906619903551 0.005859375 0.012713722051731697
182 0.373046875 0.3171854449802718 0.006138392857142857 0.008768084173608066
175 0.3086635044642857 0.34612012275317844 0.009347098214285714 0.00920648838228847
195 0.44140625 0.0920648838228847 0.011160714285714286 0.017536168347216132
194 0.5219029017857143 0.0920648838228847 0.012834821428571428 0.020166593599298552
196 0.5752650669642857 0.09217448487505481 0.012137276785714286 0.019070583077597545
190 0.43310546875 0.2613985094256905 0.0048828125 0.011617711530030689
180 0.46400669642857145 0.2613985094256905 0.008370535714285714 0.00898728627794827
195 0.49428013392857145 0.26128890837352037 0.011997767857142858 0.01841297676457694
14 0.5239955357142857 0.26128890837352037 0.008649553571428572 0.00920648838228847
182 0.5495954241071429 0.26128890837352037 0.005998883928571429 0.00920648838228847
60 0.6042131696428571 0.26128890837352037 0.009765625 0.00920648838228847
14 0.626953125 0.2615081104778606 0.0078125 0.00920648838228847
196 0.45382254464285715 0.7490135905304691 0.01171875 0.018851380973257344
32 0.52490234375 0.6408373520385796 0.010463169642857142 0.011179307321350284
186 0.5738699776785714 0.5576501534414731 0.007952008928571428 0.01052170100832968
183 0.45640345982142855 0.8208022797018851 0.011300223214285714 0.006795265234546251
184 0.4981166294642857 0.9313897413415169 0.004324776785714286 0.02235861464270057
175 0.52294921875 0.938075405523893 0.009626116071428572 0.009425690486628672
184 0.5751255580357143 0.4238272687417799 0.004324776785714286 0.02257781674704077
186 0.5880998883928571 0.4506795265234546 0.005998883928571429 0.011398509425690487
179 0.5896344866071429 0.539127575624726 0.007952008928571428 0.016878562034195528
142 0.5345982142857143 0.48290223586146425 0.005859375 0.008768084173608066
184 0.5272042410714286 0.5217010083296799 0.004464285714285714 0.022797018851380975
180 0.5076729910714286 0.533757124068391 0.005859375 0.015344147303814117
189 0.5076032366071429 0.6226435773783429 0.006556919642857143 0.021262604120999562
182 0.5804966517857143 0.6420429636124507 0.006138392857142857 0.00920648838228847
191 0.6301618303571429 0.6420429636124507 0.0078125 0.012275317843051293
186 0.13065011160714285 0.7937308198158702 0.006277901785714286 0.012275317843051293
142 0.14027622767857142 0.8537921964050855 0.005719866071428571 0.010083296799649276
196 0.17180524553571427 0.8535729943007453 0.0126953125 0.020166593599298552
181 0.19287109375 0.853244191144235 0.009068080357142858 0.00898728627794827
177 0.19677734375 0.8958790004384042 0.009626116071428572 0.008768084173608066
192 0.279296875 0.8958790004384042 0.011997767857142858 0.01797457255589654
178 0.6579938616071429 0.21920210434020165 0.009068080357142858 0.00920648838228847
179 0.6434151785714286 0.24506795265234546 0.008091517857142858 0.01797457255589654
63 0.6421595982142857 0.28331871985971063 0.005859375 0.016878562034195528
190 0.6422293526785714 0.3585050416483998 0.004324776785714286 0.009864094695309075
180 0.6422293526785714 0.40201665935992986 0.005719866071428571 0.013590530469092503
194 0.6422293526785714 0.4537483559842174 0.0126953125 0.020166593599298552
192 0.29220145089285715 0.4089215256466462 0.012137276785714286 0.019070583077597545
177 0.25 0.599956159579132 0.008370535714285714 0.00920648838228847
192 0.22474888392857142 0.5997369574747917 0.011997767857142858 0.01841297676457694
191 0.17173549107142858 0.5997369574747917 0.009207589285714286 0.01446733888645331
195 0.1845703125 0.11420429636124507 0.010602678571428572 0.016659359929855327
189 0.16999162946428573 0.13448049101271373 0.013532366071428572 0.012056115738711091
194 0.1845703125 0.15563349408154317 0.01171875 0.018851380973257344
194 0.6960797991071429 0.49188952213941256 0.0126953125 0.01972818939061815
63 0.6960797991071429 0.446733888645331 0.005719866071428571 0.014905743095133712
119 0.6551339285714286 0.47764138535729944 0.009207589285714286 0.018851380973257344
194 0.6817801339285714 0.5151249451994739 0.011997767857142858 0.018851380973257344
190 0.6037248883928571 0.5151249451994739 0.007114955357142857 0.010960105217010083
190 0.5076729910714286 0.5106313020604998 0.005859375 0.0076720736519070585
184 0.17829241071428573 0.6908154318281455 0.004464285714285714 0.023016220955721176
191 0.1845703125 0.7067075843928101 0.009486607142857142 0.014905743095133712
32 0.18512834821428573 0.7519728189390618 0.006975446428571429 0.016878562034195528
177 0.18464006696428573 0.8784524331433582 0.005719866071428571 0.014686540990793511
14 0.62744140625 0.5574309513371328 0.010184151785714286 0.00920648838228847
182 0.6623883928571429 0.5573213502849628 0.005580357142857143 0.009864094695309075
178 0.6691545758928571 0.18971942130644454 0.005719866071428571 0.016878562034195528
63 0.6690848214285714 0.27772906619903553 0.005859375 0.014905743095133712
196 0.6691545758928571 0.324967119684349 0.012137276785714286 0.019070583077597545
191 0.6691545758928571 0.35949145111793074 0.008510044642857142 0.0131521262604121
183 0.671875 0.45089872862779484 0.011160714285714286 0.0070144673388864535
183 0.7473493303571429 0.19092503288031565 0.011439732142857142 0.0070144673388864535
178 0.7497907366071429 0.3704515563349408 0.005998883928571429 0.0131521262604121
180 0.7499302455357143 0.4058526961858834 0.005719866071428571 0.016001753616834723
178 0.7497907366071429 0.4481587023235423 0.005998883928571429 0.012932924156071899
194 0.73583984375 0.4729285401139851 0.012137276785714286 0.019070583077597545
194 0.6153041294642857 0.28277071459886016 0.012416294642857142 0.019289785181937746
189 0.6153041294642857 0.3267207365190706 0.005161830357142857 0.021262604120999562
193 0.5475725446428571 0.38820692678649715 0.012276785714285714 0.019289785181937746
185 0.5118582589285714 0.4199912319158264 0.014229910714285714 0.0070144673388864535
178 0.10379464285714286 0.665278386672512 0.005859375 0.014905743095133712
32 0.12067522321428571 0.64138535729943 0.0078125 0.010960105217010083
189 0.14446149553571427 0.6420429636124507 0.013532366071428572 0.009644892590968873
176 0.10372488839285714 0.6249451994739149 0.005719866071428571 0.01183691363437089
25 0.11893136160714286 0.556554142919772 0.007952008928571428 0.01183691363437089
178 0.14683314732142858 0.5574309513371328 0.008231026785714286 0.008768084173608066
188 0.22251674107142858 0.5574309513371328 0.005580357142857143 0.014028934677772907
32 0.28111049107142855 0.556554142919772 0.008370535714285714 0.01052170100832968
196 0.27748325892857145 0.8535729943007453 0.011997767857142858 0.018851380973257344
188 0.24783761160714285 0.8534633932485752 0.004603794642857143 0.016440157825515125
186 0.22474888392857142 0.8536825953529154 0.007254464285714286 0.010740903112669882
191 0.31912667410714285 0.8373520385795704 0.007952008928571428 0.012713722051731697
182 0.3192661830357143 0.7884699693117054 0.005998883928571429 0.00920648838228847
183 0.3164760044642857 0.6958570802279702 0.011300223214285714 0.006795265234546251
179 0.31801060267857145 0.6614423498465585 0.007952008928571428 0.014248136782113108
185 0.31494140625 0.6302060499780798 0.014369419642857142 0.00657606313020605
60 0.3037109375 0.7267645769399387 0.008649553571428572 0.00898728627794827
189 0.22426060267857142 0.7266549758877685 0.013532366071428572 0.011398509425690487
187 0.17103794642857142 0.7266549758877685 0.0030691964285714285 0.00920648838228847
176 0.39990234375 0.7531784305129329 0.005998883928571429 0.01578255151249452
180 0.39990234375 0.7096668128014029 0.005719866071428571 0.013371328364752301
191 0.43798828125 0.6843489697501096 0.009068080357142858 0.01446733888645331
181 0.3999720982142857 0.7960324419114424 0.005859375 0.016001753616834723
196 0.38623046875 0.8112669881630864 0.0126953125 0.01972818939061815
181 0.3285435267857143 0.8112669881630864 0.0078125 0.009644892590968873
182 0.29213169642857145 0.8259535291538799 0.005859375 0.008768084173608066
189 0.3999720982142857 0.8335160017536168 0.005580357142857143 0.021262604120999562
60 0.3998325892857143 0.9113327487943884 0.005859375 0.014686540990793511
192 0.6028878348214286 0.43051293292415604 0.012416294642857142 0.01972818939061815
181 0.6574358258928571 0.43051293292415604 0.009068080357142858 0.008768084173608066
63 0.6853376116071429 0.430403331871986 0.009905133928571428 0.00898728627794827
119 0.5315290178571429 0.5766111354669005 0.011997767857142858 0.014248136782113108
119 0.5376674107142857 0.621766768960982 0.011997767857142858 0.017755370451556333
32 0.5348772321428571 0.7518632178868917 0.006696428571428571 0.013590530469092503
192 0.5345284598214286 0.7903331871985971 0.0126953125 0.01994739149495835
195 0.6422293526785714 0.6207803594914512 0.0107421875 0.01709776413853573
184 0.6380440848214286 0.5024112231477422 0.014369419642857142 0.007452871547566856
183 0.24100167410714285 0.88042525208242 0.011300223214285714 0.007233669443226655
102 0.23828125 0.8256247259973696 0.005859375 0.011179307321350284
176 0.23835100446428573 0.7041867601928978 0.005719866071428571 0.014686540990793511
178 0.23828125 0.6185883384480491 0.005859375 0.012713722051731697
175 0.29220145089285715 0.3329679964927663 0.005719866071428571 0.015344147303814117
192 0.29227120535714285 0.28233231039017975 0.011997767857142858 0.018851380973257344
175 0.2920619419642857 0.23914949583516001 0.005998883928571429 0.014905743095133712
190 0.29227120535714285 0.2094476106970627 0.005859375 0.007233669443226655
142 0.23284040178571427 0.0922840859272249 0.005859375 0.00920648838228847
63 0.19594029017857142 0.09217448487505481 0.008510044642857142 0.00898728627794827
102 0.17417689732142858 0.0920648838228847 0.009626116071428572 0.00920648838228847
178 0.27601841517857145 0.515234546251644 0.008510044642857142 0.00898728627794827
184 0.2694614955357143 0.5796799649276633 0.014369419642857142 0.006795265234546251
32 0.25634765625 0.64138535729943 0.010463169642857142 0.010960105217010083
187 0.22488839285714285 0.6420429636124507 0.0030691964285714285 0.00920648838228847
185 0.5574079241071429 0.8308855765015344 0.0146484375 0.006795265234546251
191 0.5614536830357143 0.7943884261288908 0.008231026785714286 0.0131521262604121
182 0.5440150669642857 0.7686321788689171 0.005998883928571429 0.009425690486628672
195 0.5198102678571429 0.7689609820254274 0.010602678571428572 0.016659359929855327
176 0.4951171875 0.7689609820254274 0.010044642857142858 0.008768084173608066
175 0.4951171875 0.8956597983340641 0.010323660714285714 0.00920648838228847
60 0.44545200892857145 0.8959886014905744 0.008928571428571428 0.00898728627794827
32 0.41371372767857145 0.8948925909688733 0.009905133928571428 0.010740903112669882
192 0.3603515625 0.43051293292415604 0.012276785714285714 0.019289785181937746
191 0.4720982142857143 0.43051293292415604 0.009207589285714286 0.01446733888645331
193 0.3461216517857143 0.4946295484436651 0.012555803571428572 0.01994739149495835
102 0.34605189732142855 0.5374835598421744 0.005998883928571429 0.012275317843051293
32 0.43533761160714285 0.556444541867602 0.010184151785714286 0.010740903112669882
176 0.4903041294642857 0.5574309513371328 0.009905133928571428 0.008768084173608066
188 0.5160435267857143 0.5574309513371328 0.005859375 0.01797457255589654
175 0.5614536830357143 0.7513152126260412 0.005719866071428571 0.011179307321350284
184 0.5572684151785714 0.716352476983779 0.014369419642857142 0.0070144673388864535
102 0.6961495535714286 0.4068391056554143 0.005859375 0.014905743095133712
191 0.6961495535714286 0.3654099079351162 0.007533482142857143 0.01183691363437089
14 0.14041573660714285 0.09217448487505481 0.010184151785714286 0.00898728627794827
180 0.13058035714285715 0.146755808855765 0.005859375 0.013371328364752301
60 0.13092912946428573 0.28035949145111794 0.005719866071428571 0.014905743095133712
188 0.13071986607142858 0.36179307321350285 0.009765625 0.007233669443226655
183 0.13323102678571427 0.4117711530030688 0.011439732142857142 0.007233669443226655
190 0.13071986607142858 0.43906181499342395 0.005301339285714286 0.010083296799649276
32 0.13113839285714285 0.5822007891275757 0.006696428571428571 0.01797457255589654
187 0.6960797991071429 0.15563349408154317 0.005719866071428571 0.004822446295484437
63 0.6958705357142857 0.19640508548882069 0.005859375 0.014905743095133712
60 0.6825474330357143 0.38809732573432704 0.008231026785714286 0.00898728627794827
188 0.6691545758928571 0.5016440157825515 0.009626116071428572 0.007233669443226655
192 0.08970424107142858 0.7266549758877685 0.012276785714285714 0.019289785181937746
176 0.07693917410714286 0.9156071898290223 0.005998883928571429 0.01183691363437089
142 0.11495535714285714 0.7267645769399387 0.005859375 0.009425690486628672
119 0.11781529017857142 0.773893029373082 0.009347098214285714 0.019070583077597545
189 0.14529854910714285 0.7689609820254274 0.013532366071428572 0.010960105217010083
180 0.15757533482142858 0.7526304252520825 0.005998883928571429 0.012932924156071899