187 0.28794642857142855 0.8198158702323542 0.00390625 0.01183691363437089
187 0.19942801339285715 0.159798334064007 0.004045758928571429 0.01183691363437089
187 0.43491908482142855 0.2519728189390618 0.007672991071428571 0.006356861025865849
187 0.6799665178571429 0.7320254274441035 0.007533482142857143 0.006356861025865849
187 0.6099330357142857 0.33592722490135907 0.007533482142857143 0.006356861025865849
187 0.6978934151785714 0.21481806225339764 0.004045758928571429 0.01183691363437089
187 0.6138392857142857 0.2698377904427883 0.00390625 0.01183691363437089
60 0.3648158482142857 0.8022797018851381 0.008091517857142858 0.017536168347216132
32 0.31215122767857145 0.6537702761946514 0.011300223214285714 0.013809732573432706
195 0.34702845982142855 0.7646865409907935 0.0166015625 0.026085050416484
190 0.30357142857142855 0.7647961420429636 0.009207589285714286 0.0131521262604121
63 0.24497767857142858 0.7647961420429636 0.012555803571428572 0.012275317843051293
183 0.10784040178571429 0.7702761946514687 0.005580357142857143 0.022797018851380975
178 0.11990792410714286 0.7444103463393249 0.007393973214285714 0.021920210434020166
176 0.11997767857142858 0.6862121876370013 0.0078125 0.014248136782113108
179 0.11844308035714286 0.6277948268303376 0.010602678571428572 0.023235423060061378
194 0.11997767857142858 0.4616396317404647 0.016183035714285716 0.025427444103463395
32 0.33042689732142855 0.35883384480491015 0.008510044642857142 0.022797018851380975
60 0.32986886160714285 0.3039237176676896 0.007393973214285714 0.015563349408154318
102 0.3076171875 0.48991670320035074 0.009486607142857142 0.012275317843051293
182 0.244140625 0.48980710214818063 0.007533482142857143 0.012056115738711091
179 0.22635323660714285 0.5173169662428759 0.0107421875 0.02367382726874178
60 0.32986886160714285 0.1855545813239807 0.007393973214285714 0.020385795703638757
32 0.33056640625 0.1302060499780798 0.0087890625 0.020604997807978958
178 0.3075474330357143 0.10488820692678649 0.011300223214285714 0.011617711530030689
176 0.25990513392857145 0.3419552827707146 0.007533482142857143 0.016659359929855327
194 0.24072265625 0.21481806225339764 0.015764508928571428 0.02498903989478299
194 0.20619419642857142 0.21481806225339764 0.016183035714285716 0.025427444103463395
32 0.29541015625 0.12143796580447172 0.008510044642857142 0.02235861464270057
178 0.3115234375 0.15968873301183692 0.012555803571428572 0.012056115738711091
102 0.17292131696428573 0.10488820692678649 0.0126953125 0.011617711530030689
175 0.13853236607142858 0.1044498027181061 0.013671875 0.011617711530030689
185 0.6504603794642857 0.727202981148619 0.0185546875 0.00898728627794827
142 0.65478515625 0.7095572117492328 0.007393973214285714 0.012275317843051293
192 0.6448800223214286 0.6809513371328365 0.015764508928571428 0.024769837790442787
63 0.6447405133928571 0.5741999123191582 0.007672991071428571 0.015563349408154318
182 0.5308314732142857 0.5446076282332311 0.008091517857142858 0.012056115738711091
186 0.22530691964285715 0.46503726435773785 0.008370535714285714 0.016001753616834723
14 0.22488839285714285 0.417360806663744 0.007533482142857143 0.016220955721174924
189 0.22495814732142858 0.3505041648399825 0.009626116071428572 0.02761946514686541
192 0.22495814732142858 0.2970188513809733 0.016043526785714284 0.02498903989478299
181 0.3999720982142857 0.6793073213502849 0.0078125 0.020604997807978958
60 0.39955357142857145 0.6295484436650591 0.007533482142857143 0.01709776413853573
63 0.40004185267857145 0.5734327049539676 0.007672991071428571 0.01578255151249452
184 0.3944614955357143 0.46810609381850066 0.0185546875 0.00898728627794827
190 0.39990234375 0.39127575624725996 0.007952008928571428 0.01052170100832968
179 0.38344029017857145 0.3272687417799211 0.015206473214285714 0.016659359929855327
119 0.08893694196428571 0.3575186321788689 0.015485491071428572 0.020166593599298552
175 0.08510044642857142 0.40278386672512057 0.007533482142857143 0.015124945199473916
14 0.10288783482142858 0.3796580447172293 0.011858258928571428 0.01183691363437089
195 0.20870535714285715 0.3798772468215695 0.015625 0.024112231477422183
191 0.5048828125 0.6896098202542744 0.009207589285714286 0.01446733888645331
142 0.48549107142857145 0.7096668128014029 0.007533482142857143 0.012056115738711091
142 0.5048828125 0.4186760192897852 0.0078125 0.012275317843051293
180 0.4937220982142857 0.3795484436650592 0.009486607142857142 0.012056115738711091
192 0.4520786830357143 0.37976764576939936 0.017159598214285716 0.026961858833844804
32 0.34814453125 0.37856203419552825 0.014090401785714286 0.014028934677772907
192 0.5048828125 0.29658044717229287 0.016183035714285716 0.025427444103463395
194 0.5048828125 0.1863217886891714 0.015625 0.024550635686102586
192 0.27622767857142855 0.5448268303375713 0.016462053571428572 0.025646646207803596
186 0.29513113839285715 0.5161113546690048 0.008231026785714286 0.016001753616834723
176 0.27587890625 0.4348969750109601 0.012974330357142858 0.01183691363437089
119 0.13344029017857142 0.6060938185006576 0.013811383928571428 0.02498903989478299
192 0.10086495535714286 0.6547566856641823 0.016183035714285716 0.025427444103463395
181 0.42103794642857145 0.2695089872862779 0.010881696428571428 0.012056115738711091
180 0.3775111607142857 0.26972818939061816 0.01171875 0.011617711530030689
195 0.34619140625 0.2698377904427883 0.013811383928571428 0.021481806225339763
187 0.43491908482142855 0.3523673827268742 0.007672991071428571 0.006356861025865849
175 0.43484933035714285 0.4615300306882946 0.007533482142857143 0.015563349408154318
195 0.43491908482142855 0.518412976764577 0.016043526785714284 0.02498903989478299
177 0.45298549107142855 0.5448268303375713 0.010044642857142858 0.011617711530030689
181 0.08475167410714286 0.6751424813678212 0.007672991071428571 0.017536168347216132
180 0.08489118303571429 0.5693774660236738 0.007393973214285714 0.016001753616834723
32 0.13783482142857142 0.5439500219202105 0.010323660714285714 0.013371328364752301
181 0.7150530133928571 0.5156729504603245 0.007672991071428571 0.020385795703638757
182 0.71484375 0.566308636562911 0.007533482142857143 0.011179307321350284
184 0.23025948660714285 0.18358176238491888 0.018833705357142856 0.00898728627794827
193 0.294921875 0.29866286716352475 0.015904017857142856 0.024769837790442787
194 0.34779575892857145 0.3248575186321789 0.016183035714285716 0.025427444103463395
175 0.6798270089285714 0.509754493643139 0.007533482142857143 0.016001753616834723
142 0.6875 0.4348969750109601 0.0078125 0.012275317843051293
189 0.6281389508928571 0.3798772468215695 0.017717633928571428 0.0131521262604121
192 0.6632254464285714 0.3798772468215695 0.016183035714285716 0.025427444103463395
192 0.6099330357142857 0.517426567295046 0.016462053571428572 0.025646646207803596
190 0.6703404017857143 0.5448268303375713 0.009486607142857142 0.012494519947391494
190 0.6921037946428571 0.5447172292854011 0.008370535714285714 0.008768084173608066
196 0.6618303571428571 0.9297457255589654 0.016183035714285716 0.025646646207803596
188 0.0849609375 0.5299210872424376 0.013950892857142858 0.012056115738711091
175 0.15499441964285715 0.7308198158702324 0.0078125 0.01841297676457694
181 0.15492466517857142 0.6770056992547129 0.007393973214285714 0.01731696624287593
187 0.15492466517857142 0.6272468215694871 0.007672991071428571 0.006356861025865849
189 0.15492466517857142 0.5146865409907935 0.007952008928571428 0.02761946514686541
60 0.15492466517857142 0.45385795703638754 0.007393973214285714 0.016001753616834723
175 0.6100725446428571 0.9131959666812801 0.0078125 0.020166593599298552
192 0.6099330357142857 0.8454625164401578 0.015625 0.024550635686102586
192 0.6099330357142857 0.7919772029811486 0.016183035714285716 0.025427444103463395
14 0.6100725446428571 0.6303156510302499 0.0078125 0.019508987286277948
63 0.36509486607142855 0.3039237176676896 0.0078125 0.021262604120999562
175 0.36488560267857145 0.19443226654975887 0.007393973214285714 0.018851380973257344
14 0.35379464285714285 0.1049978079789566 0.012834821428571428 0.01183691363437089
192 0.345703125 0.21481806225339764 0.016462053571428572 0.025865848312143797
191 0.3080357142857143 0.21492766330556773 0.010881696428571428 0.01731696624287593
25 0.7509765625 0.19114423498465585 0.009765625 0.019289785181937746
186 0.7306780133928571 0.21481806225339764 0.009626116071428572 0.013590530469092503
176 0.75 0.3430512932924156 0.007533482142857143 0.019289785181937746
186 0.7497209821428571 0.4128671635247698 0.008649553571428572 0.015124945199473916
192 0.7314453125 0.48980710214818063 0.015904017857142856 0.025208241999123193
178 0.7020786830357143 0.4895879000438404 0.012974330357142858 0.011617711530030689
177 0.6990094866071429 0.37943884261288907 0.013253348214285714 0.012275317843051293
102 0.6648995535714286 0.8749451994739149 0.012555803571428572 0.012056115738711091
119 0.5901227678571429 0.7711530030688295 0.013113839285714286 0.024550635686102586
186 0.7149135044642857 0.18960982025427445 0.008231026785714286 0.015344147303814117
188 0.7149832589285714 0.12527400263042526 0.015625 0.009425690486628672
60 0.7151227678571429 0.3050197281893906 0.007533482142857143 0.01994739149495835
181 0.7008928571428571 0.32474791758000876 0.010602678571428572 0.011617711530030689
14 0.6448800223214286 0.35335379219640506 0.007672991071428571 0.016659359929855327
192 0.6449497767857143 0.4077159140727751 0.014787946428571428 0.024550635686102586
185 0.6504603794642857 0.45320035072336695 0.0185546875 0.00898728627794827
25 0.7490234375 0.5789127575624726 0.009486607142857142 0.01972818939061815
177 0.7327008928571429 0.5448268303375713 0.011160714285714286 0.011617711530030689
177 0.7501395089285714 0.7885795703638755 0.007533482142857143 0.01994739149495835