187 0.11600167410714286 0.9297457255589654 0.004045758928571429 0.012056115738711091
187 0.25990513392857145 0.3553266111354669 0.007533482142857143 0.006137658921525646
187 0.10846819196428571 0.43478737395879 0.004045758928571429 0.012056115738711091
187 0.7224469866071429 0.37976764576939936 0.004045758928571429 0.012056115738711091
187 0.10002790178571429 0.5997369574747917 0.00390625 0.01183691363437089
187 0.36495535714285715 0.5516220955721175 0.007533482142857143 0.006356861025865849
187 0.6261160714285714 0.6547566856641823 0.00390625 0.01183691363437089
25 0.50390625 0.35105217010083295 0.010044642857142858 0.01994739149495835
14 0.48849051339285715 0.32518632178868917 0.011579241071428572 0.011617711530030689
178 0.5594308035714286 0.32463831652783864 0.014508928571428572 0.01183691363437089
188 0.5048828125 0.5038360368259536 0.012834821428571428 0.010740903112669882
192 0.4868861607142857 0.5447172292854011 0.016183035714285716 0.025427444103463395
191 0.4468470982142857 0.5447172292854011 0.010602678571428572 0.016659359929855327
184 0.4188755580357143 0.5533757124068391 0.005719866071428571 0.02915387987724682
25 0.12144252232142858 0.5154537483559842 0.010463169642857142 0.015124945199473916
180 0.17717633928571427 0.3796580447172293 0.012834821428571428 0.01183691363437089
194 0.20751953125 0.3798772468215695 0.015485491071428572 0.024550635686102586
186 0.22495814732142858 0.3529153879877247 0.0087890625 0.014028934677772907
178 0.22467912946428573 0.2908811924594476 0.007672991071428571 0.022797018851380975
186 0.24093191964285715 0.26994739149495833 0.009486607142857142 0.014248136782113108
187 0.17243303571428573 0.5997369574747917 0.00390625 0.01183691363437089
142 0.22488839285714285 0.6377685225778168 0.0078125 0.010740903112669882
179 0.20633370535714285 0.7120780359491451 0.013671875 0.016440157825515125
196 0.17194475446428573 0.709776413853573 0.0166015625 0.025865848312143797
185 0.12541852678571427 0.6190267426567295 0.018694196428571428 0.008768084173608066
14 0.12025669642857142 0.6770056992547129 0.007533482142857143 0.019508987286277948
177 0.11962890625 0.7365190705830776 0.007393973214285714 0.014905743095133712
194 0.11997767857142858 0.7937308198158702 0.015625 0.024550635686102586
190 0.11990792410714286 0.8958790004384042 0.009626116071428572 0.01446733888645331
178 0.27685546875 0.3796580447172293 0.013811383928571428 0.01183691363437089
192 0.25990513392857145 0.40925032880315654 0.015066964285714286 0.024550635686102586
60 0.25990513392857145 0.5141385357299431 0.007533482142857143 0.014686540990793511
185 0.25244140625 0.553266111354669 0.005719866071428571 0.029373081981587022
195 0.20661272321428573 0.5448268303375713 0.013671875 0.02082419991231916
196 0.6798967633928571 0.7387110916264796 0.016043526785714284 0.02498903989478299
190 0.5004185267857143 0.7647961420429636 0.006417410714285714 0.010083296799649276
195 0.6798967633928571 0.5712406839105656 0.015206473214285714 0.024550635686102586
102 0.6798967633928571 0.4096887330118369 0.007393973214285714 0.01841297676457694
191 0.6603655133928571 0.3248575186321789 0.010463169642857142 0.016220955721174924
102 0.75 0.24002630425252083 0.007533482142857143 0.01797457255589654
190 0.7499302455357143 0.28342832091188075 0.008510044642857142 0.010083296799649276
192 0.7149135044642857 0.24090311266988162 0.015485491071428572 0.024550635686102586
60 0.19001116071428573 0.5670758439281017 0.007533482142857143 0.01709776413853573
179 0.17068917410714285 0.6571679088119246 0.012416294642857142 0.016220955721174924
178 0.18973214285714285 0.45572117492327924 0.007533482142857143 0.021920210434020166
25 0.18896484375 0.40344147303814115 0.010184151785714286 0.01731696624287593
192 0.6449497767857143 0.1852257781674704 0.015066964285714286 0.024550635686102586
179 0.4178989955357143 0.8725339763261727 0.013811383928571428 0.016440157825515125
184 0.37353515625 0.7563568610258659 0.005719866071428571 0.029592284085927224
186 0.45431082589285715 0.7646865409907935 0.010463169642857142 0.012932924156071899
63 0.3095703125 0.9295265234546252 0.013392857142857142 0.011617711530030689
177 0.27957589285714285 0.9296361245067952 0.013113839285714286 0.01183691363437089
180 0.23911830357142858 0.9295265234546252 0.012555803571428572 0.012056115738711091
195 0.20633370535714285 0.9297457255589654 0.013671875 0.021701008329679965
184 0.14955357142857142 0.7455063568610258 0.018973214285714284 0.008768084173608066
180 0.24372209821428573 0.7650153441473038 0.013392857142857142 0.012275317843051293
195 0.15492466517857142 0.6254932047347654 0.015764508928571428 0.024769837790442787
176 0.22474888392857142 0.5823103901797457 0.007533482142857143 0.01819377466023674
194 0.22495814732142858 0.4617492327926348 0.015764508928571428 0.024769837790442787
192 0.20570591517857142 0.43478737395879 0.016322544642857144 0.025646646207803596
182 0.1630859375 0.4348969750109601 0.007533482142857143 0.012275317843051293
189 0.7149135044642857 0.1299868478737396 0.0087890625 0.02761946514686541
181 0.7040318080357143 0.1046690048224463 0.013253348214285714 0.012056115738711091
32 0.6630161830357143 0.10379219640508548 0.011858258928571428 0.013809732573432706
25 0.40101841517857145 0.5243314335817624 0.009626116071428572 0.02104340201665936
176 0.40018136160714285 0.5800087680841736 0.007672991071428571 0.02104340201665936
142 0.39990234375 0.6411661551950899 0.007672991071428571 0.011398509425690487
188 0.3999720982142857 0.7395879000438405 0.014787946428571428 0.008768084173608066
32 0.12053571428571429 0.5647742218325296 0.008649553571428572 0.017755370451556333
182 0.36474609375 0.5039456378781236 0.007672991071428571 0.012713722051731697
63 0.36509486607142855 0.34875054800526084 0.007533482142857143 0.020604997807978958
178 0.28369140625 0.5447172292854011 0.013811383928571428 0.01183691363437089
186 0.3648158482142857 0.13601490574309513 0.008091517857142858 0.014686540990793511
191 0.3090122767857143 0.10477860587461639 0.012555803571428572 0.01972818939061815
187 0.24239676339285715 0.10488820692678649 0.004045758928571429 0.012056115738711091
60 0.103515625 0.21503726435773785 0.010602678571428572 0.01183691363437089
189 0.17299107142857142 0.21481806225339764 0.017578125 0.01578255151249452
185 0.23032924107142858 0.25558965366067515 0.018694196428571428 0.008768084173608066
176 0.15492466517857142 0.4071679088119246 0.007672991071428571 0.017755370451556333
25 0.15590122767857142 0.46722928540113984 0.009626116071428572 0.02082419991231916
196 0.32993861607142855 0.4073871109162648 0.015904017857142856 0.025208241999123193
185 0.33530970982142855 0.5223586146427006 0.018833705357142856 0.00920648838228847
14 0.5048828125 0.7906619903551074 0.0078125 0.020166593599298552
190 0.48409598214285715 0.8747259973695748 0.009207589285714286 0.013809732573432706
179 0.45724051339285715 0.8770276194651468 0.013532366071428572 0.016220955721174924
182 0.5051618303571429 0.7213941253836037 0.0078125 0.011398509425690487
32 0.5053013392857143 0.6188075405523893 0.008649553571428572 0.017536168347216132
189 0.24386160714285715 0.709776413853573 0.017578125 0.011398509425690487
184 0.6153738839285714 0.19256904866286717 0.018694196428571428 0.009864094695309075
179 0.6113978794642857 0.36025865848312144 0.010463169642857142 0.019508987286277948
184 0.5257393973214286 0.38842612889083733 0.005719866071428571 0.029373081981587022
187 0.25990513392857145 0.7923060061376589 0.007533482142857143 0.006356861025865849
195 0.2787388392857143 0.8747259973695748 0.014508928571428572 0.02257781674704077
180 0.3095005580357143 0.8746163963174046 0.011579241071428572 0.01183691363437089
181 0.34549386160714285 0.8751644015782551 0.010463169642857142 0.011617711530030689
179 0.25844029017857145 0.6808417360806663 0.0107421875 0.01972818939061815
195 0.27615792410714285 0.7647961420429636 0.013532366071428572 0.021481806225339763
182 0.29506138392857145 0.6144234984655853 0.0078125 0.012275317843051293
178 0.2949916294642857 0.5745287154756685 0.007393973214285714 0.021920210434020166
177 0.29513113839285715 0.5203857957036387 0.007672991071428571 0.020604997807978958
190 0.6799665178571429 0.12099956159579132 0.005580357142857143 0.01183691363437089
183 0.6834542410714286 0.17306006137658922 0.014508928571428572 0.00898728627794827
195 0.18994140625 0.1338228846996931 0.016043526785714284 0.025208241999123193
142 0.18952287946428573 0.25745287154756685 0.007672991071428571 0.011179307321350284
178 0.18987165178571427 0.29756685664182375 0.007533482142857143 0.020385795703638757
187 0.20744977678571427 0.159798334064007 0.00390625 0.01183691363437089
195 0.46993582589285715 0.8454625164401578 0.015485491071428572 0.024550635686102586
189 0.46993582589285715 0.7362998684787374 0.007952008928571428 0.02761946514686541
192 0.46993582589285715 0.6817185444980272 0.016322544642857144 0.025427444103463395
196 0.46993582589285715 0.5710214818062254 0.015764508928571428 0.02498903989478299
195 0.4511021205357143 0.48980710214818063 0.016043526785714284 0.025208241999123193
194 0.20884486607142858 0.26972818939061816 0.015625 0.02389302937308198
192 0.13636997767857142 0.15990793511617712 0.015764508928571428 0.024769837790442787
193 0.6273716517857143 0.2698377904427883 0.015625 0.024550635686102586
177 0.6620396205357143 0.3798772468215695 0.011300223214285714 0.012275317843051293
190 0.46142578125 0.3798772468215695 0.008510044642857142 0.0131521262604121
60 0.43484933035714285 0.35258658483121436 0.0078125 0.02082419991231916
185 0.34912109375 0.16834721613327489 0.005719866071428571 0.029373081981587022
175 0.5186244419642857 0.2698377904427883 0.014090401785714286 0.01183691363437089