187 0.10428292410714286 0.8625301468976102 0.004603794642857143 0.013593510195132646
187 0.08970424107142858 0.7458890594167945 0.008649553571428572 0.007016005262003947
187 0.11160714285714286 0.9250164437623328 0.004464285714285714 0.013593510195132646
187 0.09709821428571429 0.11247533435650077 0.004464285714285714 0.013593510195132646
187 0.2940150669642857 0.1749616312212234 0.004603794642857143 0.013593510195132646
187 0.646484375 0.15742161806621355 0.008649553571428572 0.007016005262003947
187 0.4476841517857143 0.747971935978952 0.008649553571428572 0.00723525542644157
185 0.3443080357142857 0.6221223415917562 0.006696428571428571 0.03354527515895637
181 0.31556919642857145 0.6123657092742819 0.013671875 0.013593510195132646
192 0.3680943080357143 0.7070817803113353 0.018275669642857144 0.02850252137689103
63 0.42919921875 0.7373383030037273 0.014090401785714286 0.013593510195132646
195 0.32833426339285715 0.45439596579697433 0.015764508928571428 0.024775268581451435
181 0.3495396205357143 0.36231089673317257 0.013532366071428572 0.013374260030695024
14 0.3680943080357143 0.46393334795001095 0.008510044642857142 0.021486516114887087
191 0.40785435267857145 0.40002192501644374 0.011579241071428572 0.018197763648322735
192 0.40792410714285715 0.45812321859241395 0.018694196428571428 0.029160271870203903
119 0.2534877232142857 0.20719140539355405 0.017578125 0.021925016443762334
183 0.23074776785714285 0.2434773076079807 0.006696428571428571 0.026529269896952423
32 0.24923270089285715 0.2734049550537163 0.009905133928571428 0.02499451874588906
194 0.24881417410714285 0.33117737338303005 0.018275669642857144 0.028721771541328656
186 0.2885044642857143 0.7662793247094936 0.009765625 0.017540013155009866
175 0.12946428571428573 0.8894979171234378 0.008370535714285714 0.022802017101512827
195 0.16929408482142858 0.8285463714097786 0.015206473214285714 0.024117518088138567
186 0.18980189732142858 0.8000438500328875 0.011300223214285714 0.015786011839508878
190 0.24881417410714285 0.9071475553606665 0.009068080357142858 0.00986625739969305
180 0.2709263392857143 0.9250164437623328 0.011160714285714286 0.014032010524007894
183 0.12562779017857142 0.7694584520938391 0.016880580357142856 0.00986625739969305
192 0.12946428571428573 0.7058759044069283 0.017578125 0.027844770883578163
142 0.12946428571428573 0.5288313966235475 0.008649553571428572 0.014032010524007894
191 0.16922433035714285 0.46316597237447926 0.010602678571428572 0.016882262661696998
195 0.19070870535714285 0.424906818680114 0.016183035714285716 0.025433019074764307
25 0.42654854910714285 0.5517430388072792 0.012416294642857142 0.016882262661696998
191 0.5109514508928571 0.5499890374917781 0.013253348214285714 0.020828765621574215
119 0.18401227678571427 0.7301030475772857 0.017578125 0.02718702039026529
180 0.08977399553571429 0.703135277351458 0.009068080357142858 0.01710151282613462
186 0.111328125 0.6128042096031572 0.010881696428571428 0.014909011181758386
177 0.19252232142857142 0.6123657092742819 0.010881696428571428 0.013593510195132646
142 0.08970424107142858 0.5793685595264196 0.009207589285714286 0.01381276035957027
14 0.08963448660714286 0.5215961411971058 0.008510044642857142 0.01710151282613462
181 0.2314453125 0.4877219907914931 0.011997767857142858 0.01381276035957027
179 0.14599609375 0.8651611488708617 0.017159598214285716 0.01841701381276036
32 0.32896205357142855 0.6437184827888621 0.009765625 0.01841701381276036
63 0.6862444196428571 0.8966235474676606 0.008370535714285714 0.01907476430607323
102 0.6702706473214286 0.8625301468976102 0.011021205357142858 0.013593510195132646
178 0.5870535714285714 0.862639771979829 0.013671875 0.013374260030695024
63 0.6863141741071429 0.7113571585178688 0.0087890625 0.02170576627932471
25 0.6851981026785714 0.636812102609077 0.011021205357142858 0.023898267923700943
32 0.6870814732142857 0.5754220565665424 0.009765625 0.02302126726595045
179 0.62060546875 0.5527296645472484 0.015764508928571428 0.018855514141635606
63 0.59130859375 0.5499890374917781 0.013253348214285714 0.01381276035957027
102 0.6637137276785714 0.6123657092742819 0.011300223214285714 0.013593510195132646
180 0.6256277901785714 0.6125849594387196 0.013253348214285714 0.014032010524007894
192 0.5866350446428571 0.6124753343565008 0.018136160714285716 0.028721771541328656
192 0.5465959821428571 0.6124753343565008 0.018694196428571428 0.029160271870203903
195 0.46602957589285715 0.6123657092742819 0.017717633928571428 0.026748520061390047
196 0.42578125 0.6123657092742819 0.018415178571428572 0.02894102170576628
183 0.3871372767857143 0.6186143389607542 0.006417410714285714 0.026090769568077175
191 0.5272042410714286 0.5735584301688226 0.012555803571428572 0.0197325147993861
176 0.5053013392857143 0.4872834904626179 0.012555803571428572 0.013374260030695024
187 0.5272042410714286 0.6437184827888621 0.008649553571428572 0.007016005262003947
63 0.5271344866071429 0.7746108309581232 0.0087890625 0.02324051743038807
192 0.6252092633928571 0.42501644376233283 0.017717633928571428 0.027844770883578163
183 0.6028878348214286 0.39136154352115765 0.016880580357142856 0.01052400789300592
193 0.5272042410714286 0.2659504494628371 0.018694196428571428 0.029379522034641527
60 0.5427594866071429 0.48750274062705545 0.012416294642857142 0.013374260030695024
192 0.208984375 0.14284148213111159 0.017299107142857144 0.027844770883578163
179 0.19280133928571427 0.11521596141197106 0.013950892857142858 0.018197763648322735
184 0.21526227678571427 0.28535408901556675 0.021205357142857144 0.010304757728568297
195 0.18833705357142858 0.2998245998684499 0.017857142857142856 0.027844770883578163
195 0.16922433035714285 0.39421179565884673 0.017578125 0.028064021048015787
60 0.20905412946428573 0.8345757509318132 0.0087890625 0.022582766937075203
102 0.208984375 0.764854198640649 0.008370535714285714 0.022582766937075203
102 0.20891462053571427 0.8982679237009428 0.008510044642857142 0.019294014470510854
188 0.208984375 0.6574216180662136 0.015904017857142856 0.012058759044069283
181 0.20884486607142858 0.5895636921727692 0.008649553571428572 0.022802017101512827
183 0.20493861607142858 0.5019732514799387 0.016462053571428572 0.010304757728568297
184 0.6006556919642857 0.3229554922166192 0.021344866071428572 0.010085507564130673
192 0.5857282366071429 0.2998245998684499 0.017717633928571428 0.027844770883578163
193 0.6067940848214286 0.26792370094277573 0.017996651785714284 0.028064021048015787
194 0.12946428571428573 0.39136154352115765 0.018136160714285716 0.02850252137689103
195 0.15004185267857142 0.36242052181539136 0.017717633928571428 0.028064021048015787
185 0.17926897321428573 0.35277351458013595 0.006417410714285714 0.033764525323393996
189 0.12946428571428573 0.3283271212453409 0.010044642857142858 0.031352773514580136
190 0.12946428571428573 0.292808594606446 0.009486607142857142 0.012935759701819776
185 0.12339564732142858 0.20050427537820653 0.021344866071428572 0.010304757728568297
178 0.6863141741071429 0.33808375356281517 0.008510044642857142 0.022802017101512827
179 0.6843610491071429 0.26562157421618066 0.011579241071428572 0.022144266608199955
191 0.6862444196428571 0.5202806402104801 0.010881696428571428 0.01710151282613462
194 0.28857421875 0.3949791712343784 0.016880580357142856 0.027844770883578163
195 0.2675083705357143 0.42501644376233283 0.019112723214285716 0.030037272527954396
192 0.28857421875 0.2681429511072133 0.018275669642857144 0.02850252137689103
180 0.28857421875 0.1467879850909888 0.008510044642857142 0.02039026529269897
182 0.1015625 0.23744792808594606 0.008370535714285714 0.014032010524007894
25 0.10302734375 0.298618723964043 0.014927455357142858 0.01710151282613462
193 0.11097935267857142 0.1749616312212234 0.0185546875 0.029379522034641527
179 0.15129743303571427 0.17222100416575312 0.013811383928571428 0.018636263977197982
142 0.22879464285714285 0.1747423810567858 0.008649553571428572 0.01447051085288314
196 0.40785435267857145 0.5155667616750712 0.017717633928571428 0.027844770883578163
63 0.4317103794642857 0.4876123657092743 0.011021205357142858 0.014032010524007894
178 0.40792410714285715 0.5860556895417671 0.008370535714285714 0.0197325147993861
102 0.6291155133928571 0.9245779434334576 0.014090401785714286 0.014032010524007894
194 0.6067243303571429 0.6414163560622671 0.018136160714285716 0.028721771541328656
191 0.6067243303571429 0.5807936855952642 0.011160714285714286 0.017540013155009866
186 0.72607421875 0.767704450778338 0.0107421875 0.018636263977197982
60 0.72607421875 0.7116860337645253 0.008510044642857142 0.017978513483885114
187 0.5868443080357143 0.7375575531681648 0.004603794642857143 0.013593510195132646
178 0.5451311383928571 0.7371190528392896 0.012974330357142858 0.013593510195132646
185 0.45919363839285715 0.7473141854856391 0.0068359375 0.03310677483008112
188 0.44761439732142855 0.6522692392019294 0.017717633928571428 0.011401008550756413
183 0.34891183035714285 0.11839508879631659 0.006417410714285714 0.026748520061390047
63 0.3062220982142857 0.11225608419206315 0.011160714285714286 0.0131550098662574
32 0.36879185267857145 0.20839728129796098 0.009905133928571428 0.023898267923700943
178 0.3281947544642857 0.8978294233720675 0.0087890625 0.02587151940363955
195 0.32833426339285715 0.8310677483008112 0.017996651785714284 0.028283271212453408
179 0.32666015625 0.772418329313747 0.011858258928571428 0.02236351677263758
190 0.3115234375 0.8624205218153914 0.009486607142857142 0.010743258057443543
196 0.18798828125 0.8625301468976102 0.017717633928571428 0.02718702039026529