187 0.08970424107142858 0.4725937294452971 0.008649553571428572 0.00723525542644157
187 0.26778738839285715 0.6749616312212234 0.004603794642857143 0.013374260030695024
187 0.11739676339285714 0.9250164437623328 0.004603794642857143 0.013593510195132646
187 0.55712890625 0.9250164437623328 0.004603794642857143 0.013593510195132646
187 0.6906389508928571 0.11247533435650077 0.004603794642857143 0.013593510195132646
187 0.10846819196428571 0.36242052181539136 0.004603794642857143 0.013593510195132646
187 0.6067243303571429 0.6608199956149967 0.008649553571428572 0.007016005262003947
187 0.24393136160714285 0.11247533435650077 0.004603794642857143 0.013593510195132646
187 0.2885044642857143 0.7748300811225608 0.008649553571428572 0.007016005262003947
32 0.09005301339285714 0.5141416356062267 0.009905133928571428 0.02324051743038807
177 0.10658482142857142 0.5502082876562158 0.013392857142857142 0.01381276035957027
193 0.18966238839285715 0.5499890374917781 0.017717633928571428 0.027844770883578163
142 0.22056361607142858 0.5497697873273405 0.008649553571428572 0.01381276035957027
119 0.13406808035714285 0.5794781846086384 0.017578125 0.025433019074764307
176 0.12932477678571427 0.6409778557333918 0.008649553571428572 0.02170576627932471
25 0.13058035714285715 0.8920192940144706 0.010602678571428572 0.021267265950449463
182 0.5861467633928571 0.7373383030037273 0.009068080357142858 0.014032010524007894
177 0.5499441964285714 0.6749616312212234 0.013113839285714286 0.013374260030695024
195 0.546875 0.5499890374917781 0.017857142857142856 0.028283271212453408
182 0.4873744419642857 0.8830300372725279 0.0087890625 0.01381276035957027
14 0.43289620535714285 0.8623108967331725 0.011439732142857142 0.0131550098662574
186 0.3881138392857143 0.8623108967331725 0.010881696428571428 0.015347511510633634
195 0.30712890625 0.8624205218153914 0.015485491071428572 0.02433676825257619
119 0.4829799107142857 0.836987502740627 0.017578125 0.022144266608199955
190 0.5398297991071429 0.7999342249506687 0.009068080357142858 0.00986625739969305
188 0.5669642857142857 0.7688007016005262 0.016462053571428572 0.010743258057443543
189 0.34842354910714285 0.7374479280859461 0.019949776785714284 0.01775926331944749
183 0.42075892857142855 0.6689322516991888 0.006417410714285714 0.0263100197325148
32 0.26492745535714285 0.798618723964043 0.015625 0.01644376233282175
193 0.18722098214285715 0.6124753343565008 0.017857142857142856 0.028283271212453408
142 0.23095703125 0.6128042096031572 0.0087890625 0.013593510195132646
179 0.2504185267857143 0.6434992326244244 0.011997767857142858 0.02455601841701381
32 0.23430524553571427 0.7982898487173865 0.015485491071428572 0.015786011839508878
180 0.3681640625 0.7115764086823065 0.008649553571428572 0.017320762990572242
180 0.3682338169642857 0.7572900679675509 0.009068080357142858 0.024117518088138567
179 0.34730747767857145 0.5527296645472484 0.015485491071428572 0.01841701381276036
181 0.3081752232142857 0.5498794124095593 0.014787946428571428 0.014032010524007894
193 0.26708984375 0.5498794124095593 0.018275669642857144 0.02850252137689103
25 0.39285714285714285 0.6736461302345976 0.015066964285714286 0.01775926331944749
195 0.40785435267857145 0.7709932032449024 0.017717633928571428 0.027844770883578163
180 0.4873046875 0.7718702039026529 0.008649553571428572 0.020828765621574215
25 0.486328125 0.7105897829423372 0.010881696428571428 0.021925016443762334
195 0.5272042410714286 0.33347950010962507 0.015625 0.02455601841701381
195 0.5478515625 0.11236570927428195 0.018694196428571428 0.029160271870203903
187 0.5868443080357143 0.11247533435650077 0.004603794642857143 0.013593510195132646
195 0.66748046875 0.11247533435650077 0.017717633928571428 0.02718702039026529
183 0.3408900669642857 0.3062924797193598 0.006556919642857143 0.02587151940363955
177 0.40792410714285715 0.3973909230431923 0.008649553571428572 0.018197763648322735
184 0.5020926339285714 0.4151501863626398 0.006417410714285714 0.03310677483008112
193 0.5475027901785714 0.424906818680114 0.017996651785714284 0.028064021048015787
175 0.48751395089285715 0.6406489804867354 0.0087890625 0.021486516114887087
181 0.4873046875 0.5744354308265731 0.008370535714285714 0.016663012497259374
102 0.5899832589285714 0.4872834904626179 0.012276785714285714 0.013374260030695024
182 0.5271344866071429 0.6992983994737996 0.0087890625 0.012935759701819776
175 0.5274135044642857 0.8210918658188994 0.0087890625 0.02455601841701381
192 0.5272042410714286 0.8962946722210041 0.018415178571428572 0.02894102170576628
184 0.556640625 0.7276912957684718 0.006417410714285714 0.03332602499451875
175 0.6647600446428571 0.6126945845209384 0.013950892857142858 0.014251260688445516
180 0.5272042410714286 0.4509975882481912 0.008370535714285714 0.017978513483885114
195 0.5272042410714286 0.5190747643060732 0.017857142857142856 0.027844770883578163
189 0.5479213169642857 0.6124753343565008 0.019949776785714284 0.01775926331944749
187 0.4476841517857143 0.7062047796535847 0.008649553571428572 0.007016005262003947
14 0.4476841517857143 0.7670467002850252 0.008370535714285714 0.02170576627932471
184 0.37437220982142855 0.32273624205218154 0.021065848214285716 0.010085507564130673
183 0.38462611607142855 0.2313089234816926 0.006417410714285714 0.0263100197325148
178 0.3837890625 0.36253014689761015 0.012276785714285714 0.013374260030695024
180 0.2886439732142857 0.5765183073887306 0.008649553571428572 0.018636263977197982
142 0.34207589285714285 0.6124753343565008 0.008928571428571428 0.01381276035957027
119 0.21351841517857142 0.5235693926770445 0.017996651785714284 0.02236351677263758
195 0.6256277901785714 0.424906818680114 0.015485491071428572 0.02324051743038807
176 0.16922433035714285 0.6497478623108968 0.008370535714285714 0.019513264634948475
183 0.16538783482142858 0.44661258495943873 0.016880580357142856 0.010962508221881167
142 0.16929408482142858 0.40561280420960316 0.009068080357142858 0.013593510195132646
195 0.15087890625 0.7374479280859461 0.015485491071428572 0.02433676825257619
192 0.19056919642857142 0.8625301468976102 0.018136160714285716 0.02850252137689103
186 0.23081752232142858 0.8622012716509537 0.011300223214285714 0.01644376233282175
176 0.6201869419642857 0.6124753343565008 0.011579241071428572 0.013374260030695024
182 0.6066545758928571 0.5662135496601622 0.0087890625 0.013374260030695024
189 0.3680943080357143 0.14613023459767596 0.009905133928571428 0.031352773514580136
193 0.40785435267857145 0.26989695242271433 0.018833705357142856 0.029818022363516772
63 0.4297572544642857 0.2998245998684499 0.012137276785714286 0.013374260030695024
190 0.7260044642857143 0.6881166410874808 0.010881696428571428 0.01644376233282175
63 0.7260044642857143 0.6421837316377987 0.008649553571428572 0.02324051743038807
142 0.7010323660714286 0.6124753343565008 0.008928571428571428 0.01381276035957027
178 0.6861746651785714 0.2603595702696777 0.008510044642857142 0.021267265950449463
184 0.6259765625 0.30958123218592415 0.006417410714285714 0.03332602499451875
184 0.5819614955357143 0.3098004823503618 0.006277901785714286 0.0328875246656435
184 0.6734793526785714 0.4348827011620259 0.006277901785714286 0.03310677483008112
194 0.4667271205357143 0.11236570927428195 0.017717633928571428 0.027844770883578163
193 0.28857421875 0.8313966235474677 0.017159598214285716 0.028064021048015787
184 0.49637276785714285 0.871957903968428 0.006417410714285714 0.033764525323393996
180 0.56689453125 0.32547686910765183 0.008510044642857142 0.017320762990572242
195 0.5068359375 0.23744792808594606 0.016183035714285716 0.025433019074764307
195 0.48744419642857145 0.3955272966454725 0.015625 0.02455601841701381
195 0.48744419642857145 0.518636263977198 0.015345982142857142 0.02433676825257619
102 0.24881417410714285 0.13670247752685816 0.0087890625 0.017320762990572242
60 0.35421316964285715 0.23744792808594606 0.011160714285714286 0.0131550098662574
195 0.24881417410714285 0.3947599210699408 0.014927455357142858 0.02433676825257619