187 0.7230050223214286 0.9059622972380534 0.005719866071428571 0.004822446295484437
187 0.14285714285714285 0.9381850065760632 0.0030691964285714285 0.00920648838228847
187 0.10002790178571429 0.0920648838228847 0.0030691964285714285 0.00920648838228847
187 0.7230050223214286 0.46317404647084615 0.005719866071428571 0.004822446295484437
187 0.48074776785714285 0.8417360806663744 0.005859375 0.004822446295484437
187 0.07686941964285714 0.15892152564664622 0.005859375 0.004822446295484437
187 0.12716238839285715 0.3035949145111793 0.003208705357142857 0.00920648838228847
187 0.7137276785714286 0.38820692678649715 0.0030691964285714285 0.00920648838228847
187 0.3461216517857143 0.8450241122314774 0.005859375 0.004822446295484437
119 0.3221958705357143 0.7506576063130206 0.012137276785714286 0.015124945199473916
32 0.4135044642857143 0.6835817623849189 0.009207589285714286 0.010740903112669882
192 0.44056919642857145 0.6843489697501096 0.011997767857142858 0.018851380973257344
183 0.6395089285714286 0.6686760192897852 0.011160714285714286 0.006795265234546251
25 0.5877511160714286 0.5790223586146427 0.006975446428571429 0.013371328364752301
181 0.6598074776785714 0.5996273564226217 0.010463169642857142 0.00898728627794827
188 0.6838727678571429 0.5574309513371328 0.005859375 0.01841297676457694
25 0.7222377232142857 0.49375274002630426 0.007254464285714286 0.014686540990793511
25 0.6428571428571429 0.7490135905304691 0.006975446428571429 0.01446733888645331
187 0.6422991071428571 0.7900043840420868 0.005859375 0.004822446295484437
176 0.6563895089285714 0.8954405962297238 0.007254464285714286 0.00920648838228847
195 0.68310546875 0.8958790004384042 0.0107421875 0.01709776413853573
176 0.7230050223214286 0.7860587461639632 0.005719866071428571 0.016220955721174924
188 0.7230050223214286 0.7526304252520825 0.009626116071428572 0.006795265234546251
119 0.7107979910714286 0.646755808855765 0.010323660714285714 0.018632178868917142
193 0.6819196428571429 0.6420429636124507 0.011997767857142858 0.018851380973257344
190 0.7230050223214286 0.6165059184568172 0.006277901785714286 0.011179307321350284
183 0.6628766741071429 0.5615957913195967 0.004324776785714286 0.01797457255589654
189 0.62841796875 0.5574309513371328 0.013532366071428572 0.009644892590968873
179 0.6056082589285714 0.6861025865848313 0.010602678571428572 0.012713722051731697
32 0.5211356026785714 0.6834721613327488 0.010463169642857142 0.010960105217010083
179 0.19294084821428573 0.9363217886891714 0.011160714285714286 0.012494519947391494
193 0.15764508928571427 0.8309951775537046 0.01171875 0.018851380973257344
182 0.2294921875 0.8112669881630864 0.005859375 0.00920648838228847
187 0.3056640625 0.8112669881630864 0.0030691964285714285 0.00920648838228847
186 0.2777622767857143 0.7264357737834283 0.007533482142857143 0.01052170100832968
195 0.3329380580357143 0.7266549758877685 0.012137276785714286 0.019289785181937746
185 0.34193638392857145 0.6581543182814555 0.014508928571428572 0.006795265234546251
189 0.3729771205357143 0.7059403770276195 0.0068359375 0.021262604120999562
14 0.2518833705357143 0.7267645769399387 0.009068080357142858 0.00898728627794827
195 0.7090541294642857 0.5151249451994739 0.012416294642857142 0.01972818939061815
196 0.7084263392857143 0.472818939061815 0.011997767857142858 0.01797457255589654
192 0.6960797991071429 0.4502411223147742 0.011858258928571428 0.018851380973257344
60 0.6960797991071429 0.2896755808855765 0.005719866071428571 0.012056115738711091
176 0.6959402901785714 0.24342393686979394 0.005998883928571429 0.014686540990793511
181 0.6522739955357143 0.21898290223586148 0.009905133928571428 0.00920648838228847
176 0.6268136160714286 0.21898290223586148 0.008649553571428572 0.00920648838228847
119 0.6990792410714286 0.6194651468654099 0.01171875 0.014028934677772907
193 0.27992466517857145 0.6420429636124507 0.012416294642857142 0.01972818939061815
14 0.23835100446428573 0.8715475668566418 0.005719866071428571 0.012713722051731697
193 0.22419084821428573 0.8958790004384042 0.011997767857142858 0.01797457255589654
191 0.1845703125 0.9224024550635687 0.007533482142857143 0.01183691363437089
188 0.29994419642857145 0.5574309513371328 0.005022321428571429 0.01797457255589654
190 0.42689732142857145 0.3781236299868479 0.005580357142857143 0.009644892590968873
185 0.4471958705357143 0.42393686979395 0.004324776785714286 0.022797018851380975
192 0.4683314732142857 0.13448049101271373 0.011997767857142858 0.01819377466023674
32 0.4940708705357143 0.1338228846996931 0.007952008928571428 0.010740903112669882
183 0.5265066964285714 0.1303156510302499 0.004464285714285714 0.017755370451556333
193 0.4268275669642857 0.452213941253836 0.011858258928571428 0.018851380973257344
187 0.42689732142857145 0.5363875493204735 0.005859375 0.004822446295484437
188 0.41538783482142855 0.5574309513371328 0.005440848214285714 0.017536168347216132
186 0.38546316964285715 0.5575405523893029 0.006975446428571429 0.010740903112669882
186 0.10400390625 0.7044059622972381 0.006556919642857143 0.012494519947391494
196 0.10372488839285714 0.6611135466900482 0.011858258928571428 0.018851380973257344
192 0.10372488839285714 0.6196843489697501 0.011858258928571428 0.018851380973257344
195 0.10379464285714286 0.7908811924594477 0.012276785714285714 0.019289785181937746
25 0.1123046875 0.8950021920210434 0.008091517857142858 0.010960105217010083
60 0.14188058035714285 0.8955501972818939 0.010323660714285714 0.00898728627794827
182 0.16845703125 0.5575405523893029 0.005998883928571429 0.009425690486628672
102 0.224609375 0.938075405523893 0.007533482142857143 0.00898728627794827
181 0.2534877232142857 0.8959886014905744 0.008091517857142858 0.00898728627794827
185 0.28292410714285715 0.8893029373081982 0.004185267857142857 0.022797018851380975
195 0.3729771205357143 0.8731915826391934 0.010463169642857142 0.016440157825515125
192 0.373046875 0.8303375712406839 0.011997767857142858 0.018851380973257344
102 0.38685825892857145 0.8113765892152565 0.007254464285714286 0.00898728627794827
180 0.41420200892857145 0.8113765892152565 0.010044642857142858 0.00898728627794827
177 0.4805385044642857 0.7517536168347216 0.005719866071428571 0.013809732573432706
193 0.48074776785714285 0.7041867601928978 0.012276785714285714 0.019508987286277948
189 0.48067801339285715 0.66297676457694 0.007393973214285714 0.021262604120999562
189 0.48074776785714285 0.6186979395002192 0.005580357142857143 0.021262604120999562
178 0.48067801339285715 0.5862560280578694 0.005719866071428571 0.016001753616834723
180 0.49658203125 0.5576501534414731 0.007114955357142857 0.00920648838228847
176 0.5451311383928571 0.5573213502849628 0.008231026785714286 0.00898728627794827
179 0.47105189732142855 0.7282989916703201 0.011579241071428572 0.012932924156071899
186 0.41162109375 0.7264357737834283 0.007952008928571428 0.01052170100832968
182 0.38204520089285715 0.7264357737834283 0.005719866071428571 0.00920648838228847
194 0.7499302455357143 0.2809074967119684 0.012416294642857142 0.019508987286277948
190 0.7499302455357143 0.2096668128014029 0.004603794642857143 0.006795265234546251
185 0.73046875 0.1833625602805787 0.004185267857142857 0.02257781674704077
60 0.7498604910714286 0.15146865409907936 0.006138392857142857 0.015344147303814117
177 0.7108677455357143 0.13448049101271373 0.010463169642857142 0.00898728627794827
175 0.6569475446428571 0.1343708899605436 0.009486607142857142 0.00920648838228847
183 0.6322544642857143 0.13875493204734765 0.004464285714285714 0.017536168347216132
182 0.5733816964285714 0.13448049101271373 0.005859375 0.009425690486628672
184 0.15345982142857142 0.22972380534853135 0.014508928571428572 0.0070144673388864535
179 0.15645926339285715 0.20100832967996493 0.008231026785714286 0.014905743095133712
192 0.14404296875 0.09217448487505481 0.012137276785714286 0.019070583077597545
192 0.15764508928571427 0.3265015344147304 0.012834821428571428 0.01994739149495835
192 0.15757533482142858 0.3683691363437089 0.012137276785714286 0.019070583077597545
63 0.15750558035714285 0.4093599298553266 0.005859375 0.013809732573432706
189 0.15757533482142858 0.49594476106970625 0.007114955357142857 0.021262604120999562
14 0.15764508928571427 0.5355107409031127 0.005859375 0.013590530469092503
187 0.15764508928571427 0.6208899605436212 0.005859375 0.005041648399824638
185 0.16169084821428573 0.6542086804033319 0.014508928571428572 0.006795265234546251
190 0.14104352678571427 0.6843489697501096 0.006417410714285714 0.008768084173608066
195 0.3461216517857143 0.5802279701885138 0.01171875 0.018851380973257344
183 0.34340122767857145 0.5295922840859272 0.011300223214285714 0.0070144673388864535
184 0.41043526785714285 0.46624287593160896 0.004464285714285714 0.022797018851380975
177 0.43882533482142855 0.4731477422183253 0.008510044642857142 0.009425690486628672
14 0.599609375 0.5575405523893029 0.010044642857142858 0.00898728627794827
102 0.49044363839285715 0.6421525646646208 0.007672991071428571 0.00898728627794827
179 0.5243443080357143 0.6401797457255589 0.0087890625 0.012494519947391494
188 0.07686941964285714 0.2505480052608505 0.008928571428571428 0.00920648838228847
186 0.07686941964285714 0.28035949145111794 0.007254464285714286 0.011398509425690487
177 0.09040178571428571 0.30370451556334943 0.010881696428571428 0.00898728627794827
194 0.07686941964285714 0.3261727312582201 0.012276785714285714 0.019289785181937746
190 0.07679966517857142 0.354340201665936 0.007393973214285714 0.0076720736519070585
181 0.11781529017857142 0.38820692678649715 0.009347098214285714 0.00920648838228847
183 0.13922991071428573 0.38404208680403334 0.004743303571428571 0.017536168347216132
60 0.16831752232142858 0.38820692678649715 0.0087890625 0.00920648838228847
195 0.22600446428571427 0.38831652783866727 0.012276785714285714 0.019070583077597545
185 0.3232421875 0.18610258658483123 0.014508928571428572 0.0070144673388864535
175 0.35923549107142855 0.21909250328803156 0.009765625 0.00898728627794827
185 0.32338169642857145 0.24364313897413414 0.014229910714285714 0.0076720736519070585
63 0.31919642857142855 0.2775098640946953 0.005859375 0.012713722051731697
25 0.33579799107142855 0.3446953090749671 0.010323660714285714 0.011617711530030689
192 0.35986328125 0.43051293292415604 0.012416294642857142 0.019289785181937746
175 0.38267299107142855 0.43051293292415604 0.009765625 0.00920648838228847
32 0.31947544642857145 0.10916264796142043 0.006696428571428571 0.01709776413853573
32 0.74072265625 0.5566637439719422 0.010184151785714286 0.011617711530030689
180 0.45375279017857145 0.5330995177553705 0.005719866071428571 0.016220955721174924
60 0.36397879464285715 0.5996273564226217 0.010323660714285714 0.00898728627794827
193 0.31912667410714285 0.4084831214379658 0.012416294642857142 0.019508987286277948
102 0.11579241071428571 0.6420429636124507 0.007254464285714286 0.00920648838228847
191 0.14048549107142858 0.6420429636124507 0.0078125 0.012275317843051293
180 0.58837890625 0.6579351161771153 0.005998883928571429 0.014248136782113108
182 0.5265066964285714 0.4729285401139851 0.005859375 0.009425690486628672
180 0.5613839285714286 0.15289346777729065 0.005859375 0.015124945199473916
63 0.5615234375 0.24221832529592285 0.005859375 0.010960105217010083
182 0.5614536830357143 0.27126260412099956 0.005998883928571429 0.009425690486628672
14 0.6279994419642857 0.3035949145111793 0.007114955357142857 0.00920648838228847
175 0.6513671875 0.3035949145111793 0.010323660714285714 0.00920648838228847
14 0.71240234375 0.30370451556334943 0.009347098214285714 0.00898728627794827
119 0.5645926339285714 0.3199254712845243 0.011997767857142858 0.01819377466023674
190 0.5740094866071429 0.38820692678649715 0.0048828125 0.00920648838228847
60 0.6245814732142857 0.38820692678649715 0.010044642857142858 0.00920648838228847
183 0.5855887276785714 0.22873739587900044 0.011300223214285714 0.006795265234546251
179 0.5873325892857143 0.1980491012713722 0.008091517857142858 0.016440157825515125
185 0.6041434151785714 0.17021043402016658 0.004324776785714286 0.02257781674704077
176 0.6314174107142857 0.17700569925471285 0.0078125 0.00898728627794827
194 0.6564592633928571 0.17667689609820253 0.0126953125 0.01972818939061815
194 0.6829659598214286 0.17678649715037265 0.012416294642857142 0.019508987286277948
119 0.7127511160714286 0.1721832529592284 0.009486607142857142 0.019070583077597545
182 0.5883091517857143 0.2866067514248137 0.005859375 0.008548882069267865
25 0.5890764508928571 0.4117711530030688 0.007114955357142857 0.011617711530030689
32 0.5777762276785714 0.4296361245067953 0.009905133928571428 0.011398509425690487
183 0.5240652901785714 0.43478737395879 0.004324776785714286 0.017755370451556333
14 0.4678431919642857 0.430403331871986 0.008231026785714286 0.00898728627794827
187 0.44029017857142855 0.6420429636124507 0.0030691964285714285 0.00920648838228847
193 0.3863002232142857 0.6420429636124507 0.011997767857142858 0.018851380973257344
178 0.6552734375 0.5151249451994739 0.010881696428571428 0.008768084173608066
195 0.6422293526785714 0.49342393686979397 0.012416294642857142 0.019289785181937746
187 0.6153738839285714 0.5363875493204735 0.005859375 0.004822446295484437
182 0.5789620535714286 0.5151249451994739 0.005859375 0.00920648838228847
192 0.5614536830357143 0.5381411661551951 0.011579241071428572 0.018851380973257344
185 0.3418666294642857 0.7526304252520825 0.014369419642857142 0.006795265234546251