187 0.12946428571428573 0.8822626616969963 0.008649553571428572 0.007016005262003947
187 0.10016741071428571 0.8625301468976102 0.004464285714285714 0.013593510195132646
187 0.26834542410714285 0.8625301468976102 0.004603794642857143 0.013593510195132646
187 0.6862444196428571 0.4104363078272309 0.008649553571428572 0.007016005262003947
187 0.08970424107142858 0.1673975005481254 0.008649553571428572 0.00723525542644157
187 0.12946428571428573 0.14919973689980268 0.008649553571428572 0.00723525542644157
187 0.7107282366071429 0.11247533435650077 0.004603794642857143 0.013593510195132646
187 0.6180943080357143 0.424906818680114 0.004603794642857143 0.013593510195132646
193 0.28857421875 0.5160052620039465 0.017717633928571428 0.027844770883578163
179 0.26583426339285715 0.4275378206533655 0.016880580357142856 0.019294014470510854
60 0.30398995535714285 0.6749616312212234 0.013392857142857142 0.013374260030695024
25 0.5462472098214286 0.7397500548125411 0.014090401785714286 0.017978513483885114
178 0.5272042410714286 0.7029160271870204 0.008370535714285714 0.021486516114887087
183 0.5910295758928571 0.8686691515018636 0.006556919642857143 0.0263100197325148
191 0.5006277901785714 0.7999342249506687 0.012416294642857142 0.019513264634948475
196 0.46602957589285715 0.7999342249506687 0.017717633928571428 0.027844770883578163
182 0.4227818080357143 0.7993860995395746 0.008231026785714286 0.014032010524007894
181 0.6064453125 0.6361543521157641 0.008370535714285714 0.018636263977197982
182 0.5909598214285714 0.5498794124095593 0.009207589285714286 0.013593510195132646
176 0.4296177455357143 0.5497697873273405 0.0107421875 0.013374260030695024
181 0.18470982142857142 0.6124753343565008 0.012555803571428572 0.013374260030695024
142 0.24895368303571427 0.44573558430168825 0.009068080357142858 0.013593510195132646
185 0.21519252232142858 0.7646349484762114 0.021344866071428572 0.010304757728568297
189 0.12946428571428573 0.8282174961631221 0.007254464285714286 0.031352773514580136
178 0.12925502232142858 0.7736242052181539 0.008510044642857142 0.022144266608199955
25 0.16817801339285715 0.21113790835343127 0.011021205357142858 0.016663012497259374
176 0.14801897321428573 0.1749616312212234 0.015625 0.013593510195132646
192 0.16929408482142858 0.33315062486296865 0.017996651785714284 0.028283271212453408
25 0.18694196428571427 0.36022802017101513 0.013392857142857142 0.017540013155009866
183 0.17333984375 0.3757947818460864 0.016322544642857144 0.010085507564130673
25 0.17041015625 0.518636263977198 0.0107421875 0.02039026529269897
186 0.15178571428571427 0.5499890374917781 0.010881696428571428 0.016005262003946502
119 0.08523995535714286 0.7684718263538698 0.018136160714285716 0.022802017101512827
188 0.08970424107142858 0.7096031572023679 0.013671875 0.010743258057443543
187 0.10958426339285714 0.5498794124095593 0.004603794642857143 0.013593510195132646
195 0.46609933035714285 0.8625301468976102 0.018136160714285716 0.02850252137689103
102 0.4243861607142857 0.8627493970620478 0.013950892857142858 0.013593510195132646
196 0.48744419642857145 0.7659504494628371 0.017578125 0.027844770883578163
178 0.48765345982142855 0.5853979390484543 0.008510044642857142 0.02499451874588906
191 0.12946428571428573 0.5924139443104582 0.011997767857142858 0.018855514141635606
186 0.12911551339285715 0.5241175180881386 0.010184151785714286 0.018197763648322735
179 0.5116489955357143 0.6773733830300372 0.012974330357142858 0.01907476430607323
192 0.46665736607142855 0.6749616312212234 0.018694196428571428 0.029160271870203903
175 0.44775390625 0.2647445735584302 0.0087890625 0.016882262661696998
192 0.4476841517857143 0.20477965358474018 0.018136160714285716 0.02850252137689103
186 0.3848353794642857 0.17583863187897392 0.0107421875 0.015347511510633634
184 0.4388950892857143 0.43466345099758824 0.006417410714285714 0.03354527515895637
196 0.38734654017857145 0.42501644376233283 0.017717633928571428 0.027844770883578163
180 0.24881417410714285 0.8264634948476212 0.0087890625 0.023459767594825695
180 0.265625 0.8000438500328875 0.013113839285714286 0.0131550098662574
175 0.15352957589285715 0.8623108967331725 0.013253348214285714 0.014032010524007894
193 0.18812779017857142 0.23744792808594606 0.018275669642857144 0.02850252137689103
63 0.20891462053571427 0.4474895856171892 0.008510044642857142 0.020171015128261346
63 0.24867466517857142 0.7112475334356501 0.008510044642857142 0.016663012497259374
183 0.24490792410714285 0.5693926770445078 0.016880580357142856 0.010085507564130673
181 0.3680943080357143 0.8197763648322737 0.008510044642857142 0.02367901775926332
63 0.6301618303571429 0.29993422495066874 0.013950892857142858 0.01447051085288314
194 0.58642578125 0.29993422495066874 0.018275669642857144 0.02850252137689103
14 0.5491768973214286 0.29993422495066874 0.011858258928571428 0.013593510195132646
188 0.62353515625 0.11236570927428195 0.0068359375 0.019951764963823723
180 0.5940987723214286 0.11258495943871957 0.011858258928571428 0.013374260030695024
14 0.5439453125 0.11258495943871957 0.012834821428571428 0.013374260030695024
189 0.5064174107142857 0.11236570927428195 0.020089285714285716 0.01775926331944749
195 0.5067661830357143 0.23733830300372724 0.015485491071428572 0.02433676825257619
25 0.5681501116071429 0.5194036395527296 0.0107421875 0.018855514141635606
185 0.5732421875 0.5816706862530147 0.021205357142857144 0.010085507564130673
14 0.42613002232142855 0.7374479280859461 0.011579241071428572 0.013374260030695024
185 0.31619698660714285 0.7469853102389826 0.006556919642857143 0.033764525323393996
193 0.19015066964285715 0.17485200613900462 0.017857142857142856 0.028283271212453408
192 0.23011997767857142 0.17485200613900462 0.017717633928571428 0.027844770883578163
32 0.08991350446428571 0.20631440473580356 0.009626116071428572 0.018855514141635606
181 0.12939453125 0.32547686910765183 0.0087890625 0.017320762990572242
176 0.12953404017857142 0.39563692172769127 0.0087890625 0.02302126726595045
25 0.2900390625 0.21069940802455603 0.010881696428571428 0.02104801578601184
142 0.28048270089285715 0.36242052181539136 0.0087890625 0.013593510195132646
142 0.2885044642857143 0.14821311115983338 0.008649553571428572 0.013593510195132646
195 0.31040736607142855 0.11247533435650077 0.015904017857142856 0.02499451874588906
191 0.35581752232142855 0.11236570927428195 0.011579241071428572 0.018197763648322735
180 0.42417689732142855 0.11247533435650077 0.013811383928571428 0.0131550098662574
187 0.40792410714285715 0.5812321859241394 0.008649553571428572 0.007016005262003947
195 0.42933872767857145 0.6124753343565008 0.015764508928571428 0.024775268581451435
179 0.6612025669642857 0.10962508221881166 0.014090401785714286 0.01841701381276036
192 0.26778738839285715 0.11236570927428195 0.017717633928571428 0.027844770883578163
192 0.22844587053571427 0.11236570927428195 0.017996651785714284 0.028283271212453408
192 0.6262555803571429 0.1749616312212234 0.018415178571428572 0.02894102170576628
187 0.46756417410714285 0.1749616312212234 0.004603794642857143 0.013593510195132646
192 0.5272042410714286 0.3335891251918439 0.017020089285714284 0.027844770883578163
175 0.52734375 0.39212891909668934 0.008649553571428572 0.022582766937075203
178 0.5428989955357143 0.42501644376233283 0.013811383928571428 0.013374260030695024