187 0.107421875 0.21898290223586148 0.0030691964285714285 0.00920648838228847
187 0.5345982142857143 0.2367382726874178 0.005859375 0.004822446295484437
187 0.49720982142857145 0.8112669881630864 0.0030691964285714285 0.00920648838228847
187 0.6657366071428571 0.1343708899605436 0.0030691964285714285 0.00920648838228847
187 0.7499302455357143 0.1571679088119246 0.005719866071428571 0.004822446295484437
187 0.5563616071428571 0.8535729943007453 0.0030691964285714285 0.00920648838228847
187 0.10379464285714286 0.2687417799210872 0.005859375 0.004822446295484437
187 0.31919642857142855 0.7463831652783867 0.005859375 0.004822446295484437
25 0.3617466517857143 0.5585269618588339 0.006975446428571429 0.011398509425690487
178 0.390625 0.5577597544936431 0.011160714285714286 0.009425690486628672
178 0.4681919642857143 0.5573213502849628 0.008091517857142858 0.00898728627794827
192 0.3729771205357143 0.5355107409031127 0.011858258928571428 0.018851380973257344
180 0.3729771205357143 0.4886014905743095 0.005719866071428571 0.01446733888645331
186 0.3882533482142857 0.38787812362998686 0.007533482142857143 0.010740903112669882
179 0.41441127232142855 0.38634370889960545 0.011858258928571428 0.012932924156071899
184 0.47098214285714285 0.3816308636562911 0.004464285714285714 0.022797018851380975
63 0.5250418526785714 0.38820692678649715 0.007393973214285714 0.00920648838228847
194 0.07679966517857142 0.36716352476983777 0.011858258928571428 0.018851380973257344
192 0.09033203125 0.43062253397632616 0.012137276785714286 0.019070583077597545
175 0.07686941964285714 0.32507672073651905 0.005859375 0.012275317843051293
176 0.08984375 0.30370451556334943 0.010323660714285714 0.00898728627794827
119 0.09263392857142858 0.13930293730819815 0.010881696428571428 0.019070583077597545
195 0.2529296875 0.3460105217010083 0.010881696428571428 0.016878562034195528
60 0.30733816964285715 0.34612012275317844 0.008649553571428572 0.00920648838228847
178 0.35721261160714285 0.3459009206488382 0.009905133928571428 0.00920648838228847
182 0.34619140625 0.3240903112669882 0.005998883928571429 0.009425690486628672
185 0.4473353794642857 0.29712845243314334 0.004324776785714286 0.02257781674704077
194 0.3325892857142857 0.5151249451994739 0.011997767857142858 0.01797457255589654
184 0.32338169642857145 0.5237834283209118 0.014229910714285714 0.006795265234546251
181 0.34598214285714285 0.19202104340201667 0.005859375 0.013590530469092503
178 0.3036411830357143 0.13448049101271373 0.009905133928571428 0.00898728627794827
176 0.2758091517857143 0.1343708899605436 0.009486607142857142 0.00920648838228847
176 0.22746930803571427 0.13448049101271373 0.009626116071428572 0.009425690486628672
142 0.20207868303571427 0.13415168785620343 0.005719866071428571 0.00920648838228847
192 0.17006138392857142 0.13448049101271373 0.011997767857142858 0.018632178868917142
195 0.2236328125 0.21909250328803156 0.011997767857142858 0.018632178868917142
196 0.19768415178571427 0.21898290223586148 0.011997767857142858 0.018851380973257344
191 0.17299107142857142 0.21898290223586148 0.008091517857142858 0.012713722051731697
195 0.22481863839285715 0.3035949145111793 0.012416294642857142 0.01972818939061815
191 0.20172991071428573 0.3035949145111793 0.0078125 0.012275317843051293
180 0.17515345982142858 0.30370451556334943 0.009347098214285714 0.00898728627794827
193 0.07679966517857142 0.8308855765015344 0.012137276785714286 0.019070583077597545
142 0.09165736607142858 0.8110477860587462 0.005859375 0.009644892590968873
179 0.08489118303571429 0.9363217886891714 0.009347098214285714 0.012494519947391494
179 0.11363002232142858 0.9363217886891714 0.009347098214285714 0.012494519947391494
181 0.14195033482142858 0.9381850065760632 0.009626116071428572 0.00920648838228847
177 0.07693917410714286 0.7906619903551074 0.005998883928571429 0.01446733888645331
183 0.07414899553571429 0.7559184568171854 0.011300223214285714 0.006795265234546251
25 0.07631138392857142 0.45341955282770713 0.006975446428571429 0.016440157825515125
189 0.26534598214285715 0.832529592284086 0.005301339285714286 0.021481806225339763
32 0.24874441964285715 0.8525865848312144 0.010044642857142858 0.011179307321350284
187 0.22488839285714285 0.8535729943007453 0.0030691964285714285 0.00920648838228847
192 0.22377232142857142 0.937965804471723 0.011997767857142858 0.018851380973257344
183 0.2626953125 0.7939500219202105 0.011439732142857142 0.0070144673388864535
188 0.26527622767857145 0.747807978956598 0.007393973214285714 0.00898728627794827
186 0.3041294642857143 0.5576501534414731 0.007254464285714286 0.010960105217010083
188 0.18450055803571427 0.20396755808855765 0.010463169642857142 0.0076720736519070585
192 0.1845703125 0.24177992108724244 0.012276785714285714 0.019289785181937746
185 0.22963169642857142 0.25471284524331433 0.004464285714285714 0.02235861464270057
194 0.25258091517857145 0.2613985094256905 0.012137276785714286 0.019070583077597545
193 0.27915736607142855 0.26128890837352037 0.012555803571428572 0.01972818939061815
119 0.18770926339285715 0.27959228408592723 0.012137276785714286 0.016440157825515125
175 0.12158203125 0.43062253397632616 0.010463169642857142 0.00898728627794827
187 0.42689732142857145 0.3248575186321789 0.005859375 0.004822446295484437
184 0.41964285714285715 0.3524769837790443 0.004464285714285714 0.022797018851380975
188 0.38162667410714285 0.3460105217010083 0.004603794642857143 0.016878562034195528
178 0.42696707589285715 0.2763042525208242 0.005998883928571429 0.016001753616834723
188 0.337890625 0.26128890837352037 0.005859375 0.015344147303814117
176 0.42696707589285715 0.37023235423060064 0.005719866071428571 0.0131521262604121
194 0.4268275669642857 0.4093599298553266 0.012137276785714286 0.019070583077597545
183 0.42947823660714285 0.45341955282770713 0.011300223214285714 0.006795265234546251
32 0.35972377232142855 0.5141385357299431 0.009068080357142858 0.010740903112669882
192 0.31919642857142855 0.5769399386234108 0.012276785714285714 0.019289785181937746
196 0.31919642857142855 0.6227531784305129 0.012555803571428572 0.01972818939061815
187 0.29227120535714285 0.6631959666812801 0.005859375 0.005041648399824638
176 0.29227120535714285 0.7485751863217887 0.006417410714285714 0.012275317843051293
193 0.27769252232142855 0.7689609820254274 0.012416294642857142 0.019289785181937746
190 0.24790736607142858 0.7689609820254274 0.005859375 0.00657606313020605
186 0.22321428571428573 0.7689609820254274 0.007533482142857143 0.01052170100832968
192 0.19747488839285715 0.7689609820254274 0.012974330357142858 0.020166593599298552
183 0.17501395089285715 0.8153222270933801 0.004324776785714286 0.017755370451556333
177 0.1845703125 0.8328583954405963 0.005859375 0.013371328364752301
194 0.19838169642857142 0.8111573871109162 0.011997767857142858 0.018632178868917142
181 0.22272600446428573 0.8111573871109162 0.008510044642857142 0.009425690486628672
184 0.24260602678571427 0.8363656291100394 0.014229910714285714 0.006795265234546251
142 0.2850864955357143 0.8956597983340641 0.005719866071428571 0.009644892590968873
25 0.30517578125 0.894563787812363 0.008231026785714286 0.011398509425690487
195 0.4937220982142857 0.3035949145111793 0.011997767857142858 0.018851380973257344
189 0.5480608258928571 0.26128890837352037 0.013532366071428572 0.010083296799649276
102 0.5732421875 0.26128890837352037 0.009765625 0.00920648838228847
60 0.5182059151785714 0.2611793073213503 0.007393973214285714 0.009425690486628672
60 0.46547154017857145 0.2613985094256905 0.008510044642857142 0.00898728627794827
178 0.17006138392857142 0.8534633932485752 0.010323660714285714 0.00898728627794827
60 0.15757533482142858 0.8399824638316528 0.005719866071428571 0.015344147303814117
186 0.5477120535714286 0.8113765892152565 0.007533482142857143 0.010740903112669882
192 0.5614536830357143 0.789127575624726 0.012137276785714286 0.019289785181937746
119 0.5582449776785714 0.6691144234984656 0.011858258928571428 0.016001753616834723
191 0.5526646205357143 0.5997369574747917 0.0087890625 0.013590530469092503
175 0.5255301339285714 0.5997369574747917 0.008091517857142858 0.008768084173608066
196 0.49330357142857145 0.5997369574747917 0.011997767857142858 0.017536168347216132
189 0.5205775669642857 0.7266549758877685 0.013532366071428572 0.00920648838228847
185 0.47049386160714285 0.7333406400701447 0.004324776785714286 0.02257781674704077
32 0.4423828125 0.683691363437089 0.008091517857142858 0.01052170100832968
185 0.41629464285714285 0.6910346339324858 0.004464285714285714 0.02257781674704077
60 0.23835100446428573 0.9131959666812801 0.005998883928571429 0.016220955721174924
32 0.22251674107142858 0.8948925909688733 0.009207589285714286 0.010740903112669882
183 0.10107421875 0.868478737395879 0.011300223214285714 0.0070144673388864535
194 0.10379464285714286 0.8303375712406839 0.012834821428571428 0.020166593599298552
175 0.6859654017857143 0.1343708899605436 0.007533482142857143 0.00920648838228847
14 0.6962193080357143 0.2345462516440158 0.005998883928571429 0.01183691363437089
190 0.6960797991071429 0.31126698816308634 0.005719866071428571 0.010083296799649276
182 0.6958705357142857 0.3688075405523893 0.005859375 0.00898728627794827
194 0.68212890625 0.38831652783866727 0.012137276785714286 0.019070583077597545
193 0.6545061383928571 0.38831652783866727 0.012137276785714286 0.019070583077597545
176 0.6066545758928571 0.38831652783866727 0.007952008928571428 0.00898728627794827
175 0.5797991071428571 0.38831652783866727 0.009765625 0.00898728627794827
25 0.69677734375 0.41451117930732134 0.007393973214285714 0.011398509425690487
63 0.6959402901785714 0.49397194213064444 0.005719866071428571 0.012932924156071899
176 0.6960797991071429 0.540223586146427 0.005719866071428571 0.011617711530030689
102 0.7089146205357143 0.6419333625602806 0.007393973214285714 0.00898728627794827
193 0.7370256696428571 0.6420429636124507 0.011997767857142858 0.01841297676457694
60 0.7499302455357143 0.23377904427882507 0.005719866071428571 0.016001753616834723
184 0.71240234375 0.26808417360806663 0.004324776785714286 0.02235861464270057
119 0.7061244419642857 0.3930293730819816 0.009905133928571428 0.018851380973257344
142 0.7499302455357143 0.4084831214379658 0.006277901785714286 0.00898728627794827
63 0.09095982142857142 0.17656729504603244 0.008649553571428572 0.00898728627794827
63 0.13071986607142858 0.3300087680841736 0.005859375 0.016878562034195528
193 0.5204380580357143 0.6420429636124507 0.012416294642857142 0.01972818939061815
183 0.5910295758928571 0.7118588338448049 0.011300223214285714 0.007233669443226655
14 0.5885881696428571 0.8371328364752302 0.006138392857142857 0.012275317843051293
175 0.578125 0.8534633932485752 0.008928571428571428 0.00898728627794827
102 0.5528738839285714 0.5575405523893029 0.009765625 0.00898728627794827
177 0.494140625 0.5573213502849628 0.008370535714285714 0.00898728627794827
60 0.46791294642857145 0.6422621657167908 0.009207589285714286 0.009644892590968873
188 0.4170619419642857 0.5997369574747917 0.0048828125 0.012713722051731697
176 0.45382254464285715 0.4514467338886453 0.005859375 0.013371328364752301
192 0.13071986607142858 0.8318719859710654 0.012276785714285714 0.019289785181937746
192 0.13071986607142858 0.9179088119245945 0.012555803571428572 0.019508987286277948
14 0.4711216517857143 0.6843489697501096 0.007533482142857143 0.00920648838228847
178 0.45382254464285715 0.8377904427882508 0.005859375 0.01578255151249452
32 0.44015066964285715 0.7677553704515563 0.010044642857142858 0.011617711530030689
192 0.4130859375 0.7689609820254274 0.012555803571428572 0.01972818939061815
188 0.39034598214285715 0.7689609820254274 0.005580357142857143 0.014905743095133712
195 0.3593052455357143 0.7689609820254274 0.0126953125 0.020166593599298552
176 0.10358537946428571 0.40157825515124945 0.005998883928571429 0.01578255151249452
186 0.5343889508928571 0.44980271810609385 0.0068359375 0.012275317843051293
188 0.5345982142857143 0.5014248136782113 0.011997767857142858 0.007233669443226655
181 0.5345284598214286 0.41648399824638316 0.005998883928571429 0.013590530469092503
60 0.5343889508928571 0.362012275317843 0.005719866071428571 0.015124945199473916
181 0.5251116071428571 0.34579131959666815 0.008928571428571428 0.009425690486628672
191 0.49253627232142855 0.3459009206488382 0.007114955357142857 0.010960105217010083
178 0.4384765625 0.3459009206488382 0.010881696428571428 0.00920648838228847
195 0.7082170758928571 0.5574309513371328 0.012137276785714286 0.019289785181937746
195 0.6818498883928571 0.5575405523893029 0.010463169642857142 0.016440157825515125
179 0.6330217633928571 0.5591845681718545 0.009905133928571428 0.012713722051731697
192 0.7499302455357143 0.7905523893029373 0.012137276785714286 0.019070583077597545
187 0.7095424107142857 0.8112669881630864 0.0030691964285714285 0.00920648838228847
194 0.6277204241071429 0.8112669881630864 0.012416294642857142 0.01972818939061815
192 0.57470703125 0.8112669881630864 0.012974330357142858 0.020166593599298552
63 0.31912667410714285 0.7934020166593599 0.005719866071428571 0.012932924156071899
195 0.31912667410714285 0.8757124068391057 0.011858258928571428 0.018851380973257344
192 0.33224051339285715 0.9381850065760632 0.012416294642857142 0.01972818939061815
193 0.3461216517857143 0.9153879877246821 0.011997767857142858 0.018851380973257344
192 0.34605189732142855 0.831543182814555 0.012137276785714286 0.019070583077597545
186 0.34619140625 0.7864971503726436 0.005998883928571429 0.012713722051731697
184 0.3418666294642857 0.7045155633494081 0.014369419642857142 0.0070144673388864535
193 0.6692243303571429 0.1981587023235423 0.011997767857142858 0.018851380973257344
14 0.6691545758928571 0.2752082419991232 0.005719866071428571 0.012932924156071899
183 0.671875 0.3160894344585708 0.011160714285714286 0.0070144673388864535
183 0.5685686383928571 0.35028496273564225 0.004324776785714286 0.017536168347216132
192 0.5478515625 0.3459009206488382 0.011997767857142858 0.018851380973257344