187 0.10595703125 0.709776413853573 0.004045758928571429 0.01183691363437089
187 0.5398995535714286 0.8306663743971943 0.007533482142857143 0.006356861025865849
187 0.7499302455357143 0.8806444541867602 0.007672991071428571 0.006356861025865849
187 0.10665457589285714 0.6547566856641823 0.004045758928571429 0.01183691363437089
187 0.38441685267857145 0.159798334064007 0.004045758928571429 0.01183691363437089
187 0.49044363839285715 0.48980710214818063 0.004045758928571429 0.012056115738711091
187 0.3848353794642857 0.10488820692678649 0.004045758928571429 0.012056115738711091
187 0.44015066964285715 0.43478737395879 0.00390625 0.012056115738711091
187 0.5749162946428571 0.8511617711530031 0.007533482142857143 0.006137658921525646
187 0.294921875 0.3311047786058746 0.007533482142857143 0.006356861025865849
187 0.6449497767857143 0.8988382288469969 0.007533482142857143 0.006356861025865849
190 0.7410714285714286 0.3248575186321789 0.009207589285714286 0.0131521262604121
184 0.7444196428571429 0.2263261727312582 0.018694196428571428 0.00898728627794827
175 0.7308175223214286 0.21492766330556773 0.013532366071428572 0.011617711530030689
63 0.6683872767857143 0.21492766330556773 0.010044642857142858 0.011617711530030689
195 0.7499302455357143 0.3542306006137659 0.015764508928571428 0.02498903989478299
60 0.7499302455357143 0.5788031565103025 0.007393973214285714 0.016001753616834723
177 0.6951729910714286 0.600065760631302 0.010602678571428572 0.012056115738711091
191 0.6626674107142857 0.5997369574747917 0.010602678571428572 0.016659359929855327
183 0.6134207589285714 0.6405085488820693 0.014508928571428572 0.00920648838228847
179 0.7134486607142857 0.7883603682595353 0.010323660714285714 0.022139412538360367
63 0.7149135044642857 0.747807978956598 0.007672991071428571 0.021262604120999562
102 0.7015206473214286 0.8747259973695748 0.009905133928571428 0.011617711530030689
102 0.6974051339285714 0.709776413853573 0.01171875 0.01183691363437089
186 0.6612025669642857 0.709776413853573 0.009626116071428572 0.013590530469092503
60 0.6272321428571429 0.7101052170100833 0.013113839285714286 0.012056115738711091
179 0.5931222098214286 0.7121876370013153 0.011858258928571428 0.016659359929855327
194 0.17333984375 0.43478737395879 0.015485491071428572 0.024331433581762384
195 0.08489118303571429 0.29570363875493205 0.015206473214285714 0.024550635686102586
14 0.14006696428571427 0.26972818939061816 0.010044642857142858 0.011617711530030689
176 0.16608537946428573 0.27005699254712845 0.012416294642857142 0.01183691363437089
190 0.23988560267857142 0.2698377904427883 0.0087890625 0.01183691363437089
190 0.0849609375 0.5039456378781236 0.006417410714285714 0.014905743095133712
194 0.10379464285714286 0.5997369574747917 0.016183035714285716 0.025427444103463395
179 0.13623046875 0.5976545374835598 0.012137276785714286 0.016878562034195528
63 0.17410714285714285 0.6550854888206927 0.010881696428571428 0.012056115738711091
191 0.22495814732142858 0.6822665497588777 0.009347098214285714 0.014686540990793511
180 0.22502790178571427 0.7337790442788251 0.008091517857142858 0.020385795703638757
184 0.23702566964285715 0.7562472599736958 0.005580357142857143 0.029373081981587022
186 0.20633370535714285 0.7101052170100833 0.009486607142857142 0.014686540990793511
189 0.27852957589285715 0.709776413853573 0.017717633928571428 0.012713722051731697
193 0.18994140625 0.6254932047347654 0.015764508928571428 0.024769837790442787
180 0.18987165178571427 0.5803375712406839 0.0078125 0.01994739149495835
192 0.17173549107142858 0.48980710214818063 0.016183035714285716 0.025646646207803596
60 0.15506417410714285 0.47106532222709335 0.007393973214285714 0.017536168347216132
60 0.15492466517857142 0.3557650153441473 0.007672991071428571 0.01841297676457694
183 0.20382254464285715 0.7700569925471284 0.005859375 0.023235423060061378
180 0.13218470982142858 0.7646865409907935 0.013253348214285714 0.011617711530030689
184 0.2896205357142857 0.6751424813678212 0.018973214285714284 0.008768084173608066
192 0.27664620535714285 0.43478737395879 0.015904017857142856 0.025208241999123193
181 0.21233258928571427 0.4346777729066199 0.012834821428571428 0.01183691363437089
185 0.5647321428571429 0.8111573871109162 0.005580357142857143 0.02915387987724682
175 0.5865652901785714 0.8197062691801841 0.011579241071428572 0.011617711530030689
184 0.5343889508928571 0.6421525646646208 0.0185546875 0.00898728627794827
179 0.5185546875 0.602148180622534 0.013950892857142858 0.016220955721174924
187 0.48744419642857145 0.5997369574747917 0.00390625 0.01183691363437089
186 0.6449497767857143 0.7359710653222271 0.009207589285714286 0.015124945199473916
102 0.64501953125 0.798882069267865 0.007672991071428571 0.017755370451556333
60 0.6673409598214286 0.819596668128014 0.011300223214285714 0.012275317843051293
60 0.60986328125 0.6889522139412538 0.007672991071428571 0.02235861464270057
182 0.732421875 0.8198158702323542 0.007533482142857143 0.01183691363437089
195 0.11990792410714286 0.46120122753178433 0.013532366071428572 0.021481806225339763
185 0.11446707589285714 0.4204296361245068 0.0185546875 0.008768084173608066
175 0.11983816964285714 0.35138097325734324 0.007533482142857143 0.020604997807978958
196 0.17299107142857142 0.5997369574747917 0.015625 0.02367382726874178
196 0.20912388392857142 0.5996273564226217 0.015625 0.024331433581762384
189 0.24288504464285715 0.5997369574747917 0.017578125 0.01446733888645331
191 0.30991908482142855 0.5998465585269619 0.012137276785714286 0.019070583077597545
32 0.400390625 0.13765892152564665 0.008649553571428572 0.017536168347216132
192 0.3999720982142857 0.18785620341955284 0.015345982142857142 0.024550635686102586
142 0.41476004464285715 0.21492766330556773 0.007533482142857143 0.012056115738711091
181 0.45619419642857145 0.21492766330556773 0.013392857142857142 0.011617711530030689
63 0.49058314732142855 0.21492766330556773 0.011579241071428572 0.011617711530030689
183 0.5179268973214286 0.2094476106970627 0.005719866071428571 0.023016220955721176
188 0.5927036830357143 0.21481806225339764 0.0068359375 0.020166593599298552
184 0.40541294642857145 0.4182376150811048 0.018694196428571428 0.008768084173608066
192 0.39990234375 0.4624068391056554 0.015764508928571428 0.024769837790442787
196 0.41761997767857145 0.48980710214818063 0.015764508928571428 0.024769837790442787
102 0.45570591517857145 0.48980710214818063 0.011021205357142858 0.012056115738711091
186 0.7150530133928571 0.23728627794826831 0.008510044642857142 0.015563349408154318
195 0.6448800223214286 0.4082639193336256 0.015764508928571428 0.024769837790442787
119 0.64892578125 0.577159140727751 0.015485491071428572 0.020604997807978958
177 0.4697963169642857 0.4571459886014906 0.007393973214285714 0.017755370451556333
187 0.4174107142857143 0.5448268303375713 0.00390625 0.012056115738711091
195 0.3818359375 0.5997369574747917 0.014229910714285714 0.02235861464270057
175 0.46986607142857145 0.4124287593160894 0.007533482142857143 0.01994739149495835
182 0.47007533482142855 0.33625602805786936 0.007952008928571428 0.01183691363437089
183 0.46644810267857145 0.29592284085927223 0.0146484375 0.009644892590968873
183 0.46644810267857145 0.13459009206488382 0.0146484375 0.008768084173608066
181 0.41796875 0.1049978079789566 0.011997767857142858 0.01183691363437089
175 0.30991908482142855 0.4348969750109601 0.012137276785714286 0.012275317843051293
175 0.484375 0.1046690048224463 0.010881696428571428 0.011617711530030689
195 0.5234375 0.10488820692678649 0.013671875 0.02082419991231916
196 0.6281389508928571 0.10488820692678649 0.016043526785714284 0.025208241999123193
32 0.3304966517857143 0.6855545813239807 0.008649553571428572 0.021262604120999562
184 0.32449776785714285 0.585817623849189 0.018694196428571428 0.00898728627794827
180 0.32993861607142855 0.41231915826391935 0.007533482142857143 0.015344147303814117
175 0.6656668526785714 0.15990793511617712 0.012974330357142858 0.011617711530030689
192 0.6258370535714286 0.159798334064007 0.015625 0.024550635686102586
14 0.5939592633928571 0.1600175361683472 0.011858258928571428 0.01183691363437089
185 0.5532924107142857 0.16845681718544497 0.005580357142857143 0.02915387987724682
193 0.5398995535714286 0.46120122753178433 0.014787946428571428 0.024550635686102586
176 0.4911411830357143 0.4350065760631302 0.0126953125 0.012056115738711091
194 0.5398995535714286 0.5179745725558965 0.015345982142857142 0.024550635686102586
193 0.5399693080357143 0.5744191144234985 0.016043526785714284 0.025208241999123193
142 0.7149135044642857 0.3549978079789566 0.007672991071428571 0.012056115738711091
182 0.7147042410714286 0.4021262604121 0.008091517857142858 0.012056115738711091
184 0.7203543526785714 0.47117492327926347 0.018833705357142856 0.00898728627794827
181 0.71484375 0.5794607628233231 0.007533482142857143 0.022139412538360367
184 0.7204241071428571 0.6314116615519509 0.018694196428571428 0.00898728627794827
178 0.6649693080357143 0.6546470846120123 0.011858258928571428 0.012056115738711091
32 0.34305245535714285 0.6533318719859711 0.012834821428571428 0.014686540990793511
185 0.39453125 0.6177115300306883 0.018694196428571428 0.008768084173608066
187 0.4174107142857143 0.5997369574747917 0.00390625 0.01183691363437089
188 0.3812779017857143 0.8198158702323542 0.006417410714285714 0.01578255151249452
32 0.47049386160714285 0.5774879438842613 0.0087890625 0.018632178868917142
193 0.46993582589285715 0.6296580447172293 0.015206473214285714 0.024331433581762384
191 0.5521763392857143 0.6547566856641823 0.011160714285714286 0.017536168347216132
32 0.47049386160714285 0.7943884261288908 0.0087890625 0.02104340201665936
186 0.6097935267857143 0.7882507672073652 0.008649553571428572 0.01446733888645331
181 0.6097935267857143 0.7329022358614643 0.0078125 0.019070583077597545
188 0.6449497767857143 0.6742656729504604 0.014787946428571428 0.011398509425690487
176 0.22488839285714285 0.4081543182814555 0.0078125 0.01578255151249452
190 0.22495814732142858 0.3549978079789566 0.007952008928571428 0.015124945199473916
192 0.22488839285714285 0.29526523454625164 0.015345982142857142 0.024550635686102586
195 0.7149135044642857 0.1302060499780798 0.016322544642857144 0.025865848312143797
190 0.6798967633928571 0.23169662428759316 0.007952008928571428 0.0131521262604121
195 0.6799665178571429 0.29953967558088557 0.013950892857142858 0.022139412538360367
179 0.6113978794642857 0.8420648838228847 0.010463169642857142 0.024331433581762384
25 0.6321847098214286 0.8730819815870232 0.010184151785714286 0.014905743095133712
176 0.6798967633928571 0.6799649276633055 0.007393973214285714 0.01972818939061815
63 0.6449497767857143 0.2360806663743972 0.0078125 0.016220955721174924
102 0.6449497767857143 0.2890179745725559 0.007533482142857143 0.02082419991231916
188 0.5592912946428571 0.43478737395879 0.006417410714285714 0.01994739149495835
187 0.6099330357142857 0.5173169662428759 0.007533482142857143 0.006137658921525646
60 0.294921875 0.4112231477422183 0.007533482142857143 0.01578255151249452
186 0.7499302455357143 0.7371766768960982 0.009068080357142858 0.015344147303814117