187 0.5197405133928571 0.1749616312212234 0.004603794642857143 0.013593510195132646
187 0.32833426339285715 0.45242271431703573 0.008510044642857142 0.00723525542644157
187 0.48744419642857145 0.6502959877219908 0.008649553571428572 0.007016005262003947
195 0.7061244419642857 0.29993422495066874 0.017717633928571428 0.02762552071914054
193 0.72607421875 0.33424687568515676 0.017996651785714284 0.028283271212453408
184 0.7321428571428571 0.46733172549879415 0.021484375 0.010304757728568297
195 0.7260044642857143 0.2058759044069283 0.018415178571428572 0.02894102170576628
183 0.6594587053571429 0.18121026090769568 0.006417410714285714 0.026090769568077175
196 0.6265345982142857 0.1749616312212234 0.018415178571428572 0.02894102170576628
185 0.55224609375 0.18449901337426003 0.006556919642857143 0.03354527515895637
119 0.4033203125 0.8848936636702478 0.017857142857142856 0.02499451874588906
183 0.41671316964285715 0.6811006358254769 0.006417410714285714 0.026090769568077175
187 0.38797433035714285 0.6749616312212234 0.004464285714285714 0.013374260030695024
119 0.34556361607142855 0.9324709493532121 0.013950892857142858 0.028064021048015787
179 0.5255998883928571 0.15106336329752248 0.012137276785714286 0.026748520061390047
186 0.5862862723214286 0.30026310019732516 0.011021205357142858 0.015566761675071256
25 0.5281808035714286 0.3993641745231309 0.010881696428571428 0.01775926331944749
188 0.5272042410714286 0.4517649638237229 0.017299107142857144 0.012935759701819776
185 0.38058035714285715 0.12234159175619382 0.006417410714285714 0.0328875246656435
178 0.35044642857142855 0.11236570927428195 0.014787946428571428 0.013374260030695024
179 0.43038504464285715 0.10973470730103048 0.013392857142857142 0.018636263977197982
187 0.46756417410714285 0.11247533435650077 0.004603794642857143 0.013593510195132646
181 0.5119280133928571 0.11247533435650077 0.0126953125 0.0131550098662574
184 0.6527622767857143 0.38182416136812103 0.021205357142857144 0.010304757728568297
102 0.6297433035714286 0.4246875685156764 0.014229910714285714 0.013593510195132646
189 0.6249302455357143 0.36242052181539136 0.019949776785714284 0.011401008550756413
191 0.5670340401785714 0.2715413286559965 0.011579241071428572 0.018197763648322735
184 0.5606166294642857 0.14426660819995615 0.020786830357142856 0.01052400789300592
186 0.5495954241071429 0.11258495943871957 0.011300223214285714 0.01512826134619601
185 0.09591238839285714 0.5203902652926989 0.021344866071428572 0.010743258057443543
185 0.10846819196428571 0.29028721771541327 0.006277901785714286 0.033764525323393996
142 0.08963448660714286 0.21168603376452533 0.0087890625 0.013374260030695024
184 0.08342633928571429 0.139114229335672 0.021205357142857144 0.010304757728568297
187 0.10958426339285714 0.11247533435650077 0.004603794642857143 0.013593510195132646
25 0.19259207589285715 0.1108309581232186 0.014090401785714286 0.016882262661696998
175 0.3514927455357143 0.7374479280859461 0.015206473214285714 0.013374260030695024
177 0.40785435267857145 0.6455821091865819 0.0087890625 0.018197763648322735
195 0.40785435267857145 0.5787108090331068 0.017996651785714284 0.028283271212453408
176 0.40799386160714285 0.521486516114887 0.008510044642857142 0.023898267923700943
180 0.3892299107142857 0.424906818680114 0.012834821428571428 0.0131550098662574
194 0.2675083705357143 0.5499890374917781 0.019112723214285716 0.030037272527954396
193 0.34974888392857145 0.8000438500328875 0.018136160714285716 0.02850252137689103
196 0.6465541294642857 0.5179785134838851 0.017996651785714284 0.028283271212453408
178 0.6463448660714286 0.4587809690857268 0.008649553571428572 0.02039026529269897
63 0.6462751116071429 0.5828765621574216 0.008510044642857142 0.018636263977197982
184 0.6527622767857143 0.6310019732514799 0.021205357142857144 0.01052400789300592
60 0.6465541294642857 0.7055470291602719 0.008510044642857142 0.020171015128261346
182 0.6463448660714286 0.7737338303003727 0.008649553571428572 0.013593510195132646
179 0.6482282366071429 0.8343565007673756 0.011858258928571428 0.022582766937075203
32 0.6473214285714286 0.9013374260030695 0.010323660714285714 0.022802017101512827
191 0.623046875 0.9250164437623328 0.012276785714285714 0.019294014470510854
190 0.5830078125 0.9250164437623328 0.007254464285714286 0.012716509537382154
188 0.24881417410714285 0.5304757728568297 0.016322544642857144 0.011620258715194036
196 0.24881417410714285 0.4552729664547248 0.017438616071428572 0.027844770883578163
195 0.22712053571428573 0.424906818680114 0.016183035714285716 0.025433019074764307
14 0.23367745535714285 0.5499890374917781 0.01171875 0.013374260030695024
189 0.18889508928571427 0.5498794124095593 0.020089285714285716 0.015786011839508878
179 0.2505580357142857 0.6486516114887086 0.011997767857142858 0.023898267923700943
181 0.27392578125 0.6749616312212234 0.012974330357142858 0.013374260030695024
176 0.3120814732142857 0.6749616312212234 0.013113839285714286 0.013374260030695024
196 0.3495396205357143 0.6749616312212234 0.017717633928571428 0.027844770883578163
25 0.3671177455357143 0.7102609076956807 0.0107421875 0.02170576627932471
119 0.33279854910714285 0.7732953299714975 0.017438616071428572 0.02324051743038807
181 0.36767578125 0.6562157421618067 0.0087890625 0.02455601841701381
142 0.416015625 0.5502082876562158 0.008649553571428572 0.014251260688445516
191 0.46791294642857145 0.5498794124095593 0.013392857142857142 0.02104801578601184
63 0.39243861607142855 0.1747423810567858 0.011160714285714286 0.0131550098662574
193 0.44761439732142855 0.20861653146239859 0.0166015625 0.027844770883578163
190 0.32833426339285715 0.18208726156544616 0.007393973214285714 0.014251260688445516
25 0.32938058035714285 0.2731857048892787 0.010323660714285714 0.017978513483885114
193 0.32833426339285715 0.3315062486296865 0.017996651785714284 0.028064021048015787
180 0.32833426339285715 0.38478403858802895 0.008510044642857142 0.022802017101512827
192 0.5879603794642857 0.48739311554483666 0.017717633928571428 0.02762552071914054
193 0.6279994419642857 0.48739311554483666 0.018275669642857144 0.02894102170576628
192 0.5669642857142857 0.45439596579697433 0.018136160714285716 0.028721771541328656
178 0.6866629464285714 0.32427099320324493 0.008370535714285714 0.0197325147993861
193 0.4476841517857143 0.1427318570488928 0.018415178571428572 0.02894102170576628
179 0.44935825892857145 0.2695680771760579 0.01171875 0.023898267923700943
187 0.16922433035714285 0.8312869984652489 0.008649553571428572 0.00723525542644157
25 0.16810825892857142 0.4482569611927209 0.010323660714285714 0.01907476430607323
194 0.19098772321428573 0.424906818680114 0.018136160714285716 0.02850252137689103
60 0.40792410714285715 0.7773514580135935 0.008649553571428572 0.02039026529269897
193 0.40785435267857145 0.8312869984652489 0.017438616071428572 0.027844770883578163
194 0.4476841517857143 0.8966235474676606 0.017299107142857144 0.027844770883578163
193 0.4683314732142857 0.9250164437623328 0.018415178571428572 0.02894102170576628
192 0.24881417410714285 0.8321639991229993 0.017996651785714284 0.028283271212453408
177 0.24888392857142858 0.8935540451655338 0.008649553571428572 0.017320762990572242
191 0.30482700892857145 0.7374479280859461 0.013113839285714286 0.020828765621574215
194 0.24874441964285715 0.706095154571366 0.017299107142857144 0.027844770883578163
178 0.2671595982142857 0.36253014689761015 0.012834821428571428 0.01381276035957027
175 0.23570033482142858 0.3622012716509537 0.0146484375 0.0131550098662574
189 0.30824497767857145 0.29993422495066874 0.019949776785714284 0.013593510195132646
14 0.23109654017857142 0.29993422495066874 0.0107421875 0.01447051085288314
186 0.24853515625 0.32580574435430826 0.010184151785714286 0.017540013155009866
142 0.24895368303571427 0.26090769568077177 0.009068080357142858 0.0131550098662574
119 0.29317801339285715 0.21519403639552728 0.017717633928571428 0.024775268581451435
142 0.2885044642857143 0.27680333260249945 0.008649553571428572 0.01249725937294453
189 0.30894252232142855 0.424906818680114 0.019949776785714284 0.017978513483885114
192 0.12946428571428573 0.45538259153694366 0.018415178571428572 0.02894102170576628
192 0.12946428571428573 0.3923481692611269 0.017578125 0.027844770883578163
189 0.14983258928571427 0.36242052181539136 0.020089285714285716 0.014909011181758386
186 0.12939453125 0.890594167945626 0.010184151785714286 0.017540013155009866
186 0.12981305803571427 0.8283271212453409 0.009347098214285714 0.01710151282613462
187 0.12946428571428573 0.7686910765183074 0.008649553571428572 0.007016005262003947
178 0.15450613839285715 0.6124753343565008 0.014090401785714286 0.01381276035957027
190 0.14697265625 0.9250164437623328 0.008231026785714286 0.014909011181758386
142 0.462890625 0.6748520061390046 0.008091517857142858 0.013593510195132646
32 0.48814174107142855 0.7754878316158738 0.009765625 0.020609515457136594
32 0.3857421875 0.7988379741284806 0.014229910714285714 0.015566761675071256
178 0.4873046875 0.836987502740627 0.008649553571428572 0.021267265950449463
194 0.48744419642857145 0.8942117956588468 0.017578125 0.027844770883578163
142 0.556640625 0.8625301468976102 0.008649553571428572 0.013593510195132646
188 0.45765904017857145 0.8624205218153914 0.008231026785714286 0.022144266608199955
191 0.5669642857142857 0.7127822845867134 0.012555803571428572 0.0197325147993861
192 0.5669642857142857 0.6414163560622671 0.018136160714285716 0.028721771541328656
191 0.5669642857142857 0.5845209383907038 0.013671875 0.021486516114887087
192 0.42738560267857145 0.7374479280859461 0.017717633928571428 0.027844770883578163
60 0.35274832589285715 0.862639771979829 0.011300223214285714 0.013374260030695024
102 0.31473214285714285 0.8000438500328875 0.010602678571428572 0.0131550098662574
187 0.24874441964285715 0.20620477965358475 0.008649553571428572 0.00723525542644157
32 0.26869419642857145 0.1739750054812541 0.014787946428571428 0.016005262003946502
63 0.208984375 0.40188555141416354 0.008370535714285714 0.020171015128261346
14 0.20891462053571427 0.5167726375794782 0.008510044642857142 0.02455601841701381
196 0.208984375 0.5816706862530147 0.018136160714285716 0.02850252137689103
179 0.23102678571428573 0.7975224731418549 0.013671875 0.019513264634948475
192 0.2704380580357143 0.7999342249506687 0.017717633928571428 0.027844770883578163