187 0.36844308035714285 0.43478737395879 0.00390625 0.012056115738711091
187 0.7149135044642857 0.2484655852696186 0.007672991071428571 0.006356861025865849
187 0.25990513392857145 0.8856861025865849 0.007533482142857143 0.006356861025865849
187 0.39990234375 0.13294607628233232 0.007672991071428571 0.006356861025865849
187 0.35121372767857145 0.21481806225339764 0.004045758928571429 0.01183691363437089
187 0.25990513392857145 0.6781017097764138 0.007533482142857143 0.006356861025865849
187 0.6449497767857143 0.46394125383603685 0.007533482142857143 0.006356861025865849
187 0.0849609375 0.9234984655852696 0.007533482142857143 0.006137658921525646
187 0.36495535714285715 0.12549320473476544 0.007533482142857143 0.006356861025865849
187 0.39990234375 0.7975668566418238 0.007672991071428571 0.006356861025865849
187 0.11418805803571429 0.7647961420429636 0.004045758928571429 0.01183691363437089
187 0.15492466517857142 0.23860149057430952 0.007672991071428571 0.006356861025865849
187 0.13462611607142858 0.43478737395879 0.00390625 0.012056115738711091
187 0.6799665178571429 0.4411442349846558 0.007533482142857143 0.006356861025865849
25 0.57373046875 0.40957913195966683 0.009068080357142858 0.01731696624287593
60 0.5751255580357143 0.30063568610258656 0.007393973214285714 0.021262604120999562
184 0.5234375 0.27849627356422624 0.005580357142857143 0.02915387987724682
60 0.48758370535714285 0.26994739149495833 0.012555803571428572 0.011617711530030689
183 0.5597098214285714 0.44004822446295483 0.005580357142857143 0.02345462516440158
25 0.4829799107142857 0.3807540552389303 0.011439732142857142 0.014905743095133712
183 0.4624720982142857 0.3852476983779044 0.005580357142857143 0.023016220955721176
175 0.4227818080357143 0.3796580447172293 0.010184151785714286 0.01183691363437089
196 0.20710100446428573 0.5998465585269619 0.016043526785714284 0.025208241999123193
119 0.17236328125 0.6058746163963175 0.011579241071428572 0.02498903989478299
14 0.22488839285714285 0.6287812362998685 0.007533482142857143 0.020385795703638757
194 0.22495814732142858 0.682704953967558 0.016322544642857144 0.025646646207803596
180 0.2373046875 0.709776413853573 0.012834821428571428 0.01183691363437089
188 0.22495814732142858 0.522797018851381 0.013253348214285714 0.011398509425690487
180 0.24455915178571427 0.4896975010960105 0.01171875 0.01183691363437089
196 0.27866908482142855 0.48980710214818063 0.016043526785714284 0.025208241999123193
181 0.7149135044642857 0.19443226654975887 0.007952008928571428 0.01797457255589654
190 0.6799665178571429 0.2757562472599737 0.006417410714285714 0.010083296799649276
181 0.6796875 0.3508329679964928 0.007533482142857143 0.01819377466023674
196 0.6616908482142857 0.3798772468215695 0.015625 0.024550635686102586
142 0.6798270089285714 0.4222928540113985 0.0078125 0.011617711530030689
119 0.5974469866071429 0.44103463393248576 0.0126953125 0.024550635686102586
196 0.6612025669642857 0.15990793511617712 0.015764508928571428 0.024769837790442787
195 0.6449497767857143 0.13217886891714162 0.013113839285714286 0.021481806225339763
178 0.5578962053571429 0.15990793511617712 0.011439732142857142 0.011617711530030689
194 0.6449497767857143 0.18950021920210433 0.017299107142857144 0.026961858833844804
194 0.27901785714285715 0.8197062691801841 0.015904017857142856 0.024769837790442787
195 0.25990513392857145 0.7919772029811486 0.014229910714285714 0.02235861464270057
178 0.25997488839285715 0.736957474791758 0.007393973214285714 0.01709776413853573
188 0.45814732142857145 0.48980710214818063 0.006417410714285714 0.024331433581762384
175 0.38846261160714285 0.4900263042525208 0.011858258928571428 0.012056115738711091
193 0.46993582589285715 0.7923060061376589 0.0166015625 0.026085050416484
189 0.45228794642857145 0.8197062691801841 0.017578125 0.012494519947391494
195 0.45138113839285715 0.709776413853573 0.013811383928571428 0.021481806225339763
194 0.39990234375 0.18873301183691363 0.016043526785714284 0.02498903989478299
180 0.4185267857142857 0.2702761946514686 0.010323660714285714 0.01183691363437089
183 0.4033900669642857 0.2901139850942569 0.0146484375 0.00898728627794827
186 0.38099888392857145 0.3798772468215695 0.009207589285714286 0.0131521262604121
179 0.3516322544642857 0.3821788689171416 0.0126953125 0.016440157825515125
182 0.32972935267857145 0.45594037702761947 0.007672991071428571 0.012275317843051293
193 0.24072265625 0.7647961420429636 0.015485491071428572 0.024112231477422183
191 0.21268136160714285 0.7646865409907935 0.0087890625 0.013809732573432706
189 0.17229352678571427 0.7647961420429636 0.017578125 0.01578255151249452
176 0.6450892857142857 0.3448049101271372 0.0078125 0.01797457255589654
180 0.5975167410714286 0.26994739149495833 0.010323660714285714 0.011617711530030689
192 0.4522181919642857 0.21481806225339764 0.015485491071428572 0.024550635686102586
192 0.4164341517857143 0.21492766330556773 0.015625 0.02389302937308198
14 0.486328125 0.21481806225339764 0.013113839285714286 0.01183691363437089
188 0.5049525669642857 0.2353134590092065 0.010463169642857142 0.009425690486628672
177 0.5048828125 0.29581323980710217 0.0078125 0.01819377466023674
25 0.5059988839285714 0.34754493643138973 0.009765625 0.019070583077597545
176 0.08503069196428571 0.8485313459009206 0.007672991071428571 0.020604997807978958
192 0.10295758928571429 0.8198158702323542 0.016183035714285716 0.025427444103463395
177 0.20542689732142858 0.8747259973695748 0.011858258928571428 0.011617711530030689
175 0.37625558035714285 0.159798334064007 0.013671875 0.01183691363437089
119 0.42117745535714285 0.15344147303814118 0.015625 0.024550635686102586
190 0.36488560267857145 0.3046909250328803 0.0087890625 0.01183691363437089
195 0.46993582589285715 0.29537483559842176 0.016043526785714284 0.025208241999123193
179 0.31312779017857145 0.8770276194651468 0.013253348214285714 0.016659359929855327
188 0.32986886160714285 0.89138535729943 0.012416294642857142 0.009425690486628672
195 0.39990234375 0.4602148180622534 0.016043526785714284 0.025208241999123193
191 0.38134765625 0.5998465585269619 0.012137276785714286 0.019070583077597545
25 0.27427455357142855 0.6013809732573433 0.009765625 0.014686540990793511
183 0.2915736607142857 0.6676896098202543 0.014787946428571428 0.00920648838228847
184 0.30029296875 0.8601490574309514 0.018833705357142856 0.00920648838228847
186 0.39990234375 0.90223586146427 0.0087890625 0.015344147303814117
180 0.3436802455357143 0.8746163963174046 0.013253348214285714 0.01183691363437089
181 0.46986607142857145 0.4069487067075844 0.007533482142857143 0.020385795703638757
177 0.46986607142857145 0.3558746163963174 0.007533482142857143 0.014686540990793511
185 0.4483119419642857 0.6083954405962297 0.005719866071428571 0.02915387987724682
63 0.5048130580357143 0.19421306444541866 0.007672991071428571 0.017536168347216132
188 0.5048828125 0.13897413415168786 0.011997767857142858 0.011398509425690487
177 0.5894252232142857 0.1049978079789566 0.012276785714285714 0.01183691363437089
179 0.1884765625 0.7444103463393249 0.010602678571428572 0.021481806225339763
195 0.15492466517857142 0.29844366505918457 0.016043526785714284 0.025208241999123193
63 0.15499441964285715 0.35379219640508547 0.007533482142857143 0.019289785181937746
195 0.24302455357142858 0.5998465585269619 0.013671875 0.02082419991231916
192 0.11990792410714286 0.7365190705830776 0.015485491071428572 0.024550635686102586
187 0.11990792410714286 0.6822665497588777 0.007672991071428571 0.006356861025865849
60 0.19001116071428573 0.7833187198597107 0.007533482142857143 0.019070583077597545
176 0.48974609375 0.8198158702323542 0.012416294642857142 0.01183691363437089
102 0.48353794642857145 0.9298553266111355 0.009486607142857142 0.01183691363437089
142 0.30880301339285715 0.9296361245067952 0.007672991071428571 0.012275317843051293
193 0.294921875 0.900043840420868 0.016183035714285716 0.025427444103463395
14 0.5048828125 0.7343270495396755 0.007533482142857143 0.015344147303814117
102 0.5046735491071429 0.6755808855765015 0.007393973214285714 0.016659359929855327
194 0.18994140625 0.5169881630863656 0.016322544642857144 0.025646646207803596
192 0.22488839285714285 0.7948268303375713 0.016183035714285716 0.025427444103463395
176 0.15471540178571427 0.8488601490574309 0.007533482142857143 0.019070583077597545
182 0.17801339285714285 0.5451556334940816 0.0078125 0.01183691363437089
195 0.20842633928571427 0.5447172292854011 0.015625 0.024550635686102586