187 0.3379603794642857 0.11247533435650077 0.004603794642857143 0.013593510195132646
187 0.6339285714285714 0.9250164437623328 0.004464285714285714 0.013593510195132646
187 0.5221121651785714 0.36242052181539136 0.004603794642857143 0.013593510195132646
187 0.38943917410714285 0.29993422495066874 0.004603794642857143 0.013593510195132646
187 0.19447544642857142 0.8000438500328875 0.004464285714285714 0.013593510195132646
187 0.13636997767857142 0.36242052181539136 0.004603794642857143 0.013593510195132646
187 0.12946428571428573 0.7883139662354747 0.008649553571428572 0.00723525542644157
187 0.17857142857142858 0.11247533435650077 0.004464285714285714 0.013593510195132646
181 0.16908482142857142 0.45505371629028724 0.008649553571428572 0.018636263977197982
195 0.18952287946428573 0.5498794124095593 0.015485491071428572 0.02324051743038807
142 0.16922433035714285 0.22253891690418767 0.008649553571428572 0.0131550098662574
189 0.23074776785714285 0.17485200613900462 0.020089285714285716 0.012058759044069283
181 0.22370256696428573 0.5503179127384346 0.015206473214285714 0.0131550098662574
60 0.38497488839285715 0.5498794124095593 0.014927455357142858 0.013593510195132646
195 0.40792410714285715 0.5156763867572901 0.015904017857142856 0.02499451874588906
187 0.40792410714285715 0.45614996711247535 0.008649553571428572 0.00723525542644157
142 0.38267299107142855 0.424906818680114 0.008370535714285714 0.013593510195132646
192 0.44761439732142855 0.7078491558868669 0.017996651785714284 0.028283271212453408
194 0.3680943080357143 0.5160052620039465 0.017438616071428572 0.027844770883578163
25 0.36690848214285715 0.4491339618504714 0.010881696428571428 0.022144266608199955
119 0.3433314732142857 0.6196009647007236 0.015345982142857142 0.028064021048015787
60 0.27211216517857145 0.6123657092742819 0.015485491071428572 0.013593510195132646
179 0.3153599330357143 0.1775926331944749 0.014369419642857142 0.018855514141635606
102 0.4292689732142857 0.3622012716509537 0.011997767857142858 0.0131550098662574
176 0.4476841517857143 0.334137250602938 0.008649553571428572 0.021486516114887087
184 0.6925223214285714 0.9096689322516992 0.021205357142857144 0.010085507564130673
182 0.6628069196428571 0.9253453190089893 0.008649553571428572 0.014251260688445516
181 0.5934709821428571 0.8624205218153914 0.013113839285714286 0.013374260030695024
185 0.6800362723214286 0.7559745669809252 0.021065848214285716 0.010085507564130673
183 0.6823381696428571 0.7178250383687788 0.016741071428571428 0.010085507564130673
195 0.6862444196428571 0.45549221661916245 0.017299107142857144 0.027844770883578163
102 0.28878348214285715 0.5836439377329533 0.008370535714285714 0.021486516114887087
175 0.5272739955357143 0.3186801140100855 0.008510044642857142 0.020828765621574215
189 0.5474330357142857 0.424906818680114 0.020089285714285716 0.012278009208506906
142 0.24888392857142858 0.7247314185485639 0.008649553571428572 0.014251260688445516
177 0.23074776785714285 0.8002631001973252 0.013113839285714286 0.013593510195132646
196 0.4476841517857143 0.4545055908791932 0.018415178571428572 0.02894102170576628
184 0.421875 0.43466345099758824 0.006417410714285714 0.03354527515895637
188 0.4476841517857143 0.5303661477746109 0.017299107142857144 0.010085507564130673
25 0.44649832589285715 0.3891690418767814 0.0107421875 0.017540013155009866
196 0.208984375 0.14459548344661258 0.017299107142857144 0.027844770883578163
186 0.23235212053571427 0.23744792808594606 0.012137276785714286 0.015786011839508878
179 0.19321986607142858 0.36527077395308044 0.017578125 0.01841701381276036
32 0.46400669642857145 0.1738653803990353 0.011997767857142858 0.015347511510633634
178 0.4218052455357143 0.11258495943871957 0.012974330357142858 0.013374260030695024
196 0.646484375 0.3308484981363736 0.018415178571428572 0.02894102170576628
191 0.6203962053571429 0.29993422495066874 0.011997767857142858 0.018855514141635606
192 0.5860072544642857 0.29993422495066874 0.017717633928571428 0.02718702039026529
194 0.46651785714285715 0.424906818680114 0.017857142857142856 0.028064021048015787
175 0.3280552455357143 0.5880289410217058 0.008510044642857142 0.0197325147993861
192 0.6657366071428571 0.23733830300372724 0.017857142857142856 0.028283271212453408
196 0.6260463169642857 0.23733830300372724 0.017717633928571428 0.027844770883578163
178 0.6674107142857143 0.3627493970620478 0.013113839285714286 0.01381276035957027
191 0.6243722098214286 0.36242052181539136 0.0107421875 0.016663012497259374
184 0.5529436383928571 0.3720675290506468 0.0068359375 0.033764525323393996
63 0.6469029017857143 0.2707739530804648 0.008649553571428572 0.022802017101512827
187 0.5868443080357143 0.23744792808594606 0.004603794642857143 0.013593510195132646
188 0.5669642857142857 0.8305196228897171 0.015345982142857142 0.010085507564130673
175 0.5482700892857143 0.8000438500328875 0.015066964285714286 0.0131550098662574
190 0.5669642857142857 0.7499451874588906 0.009486607142857142 0.01512826134619601
142 0.5669642857142857 0.6962288971716729 0.008649553571428572 0.01381276035957027
183 0.5630580357142857 0.6499671124753343 0.016741071428571428 0.010304757728568297
60 0.56689453125 0.5924139443104582 0.008510044642857142 0.02367901775926332
14 0.5671037946428571 0.5295987721990791 0.008649553571428572 0.01907476430607323
194 0.5272042410714286 0.2659504494628371 0.018136160714285716 0.02850252137689103
190 0.40792410714285715 0.28184608638456476 0.008649553571428572 0.010743258057443543
185 0.40164620535714285 0.22440254330190748 0.021205357142857144 0.010743258057443543
182 0.2885044642857143 0.19008989256741943 0.008649553571428572 0.013593510195132646
60 0.12953404017857142 0.5914273185704889 0.008510044642857142 0.02170576627932471
60 0.14955357142857142 0.5497697873273405 0.012276785714285714 0.013374260030695024
195 0.12946428571428573 0.5165533874150405 0.015345982142857142 0.024117518088138567
196 0.12946428571428573 0.4532997149747862 0.018136160714285716 0.028721771541328656
60 0.15178571428571427 0.424906818680114 0.015345982142857142 0.0131550098662574
178 0.23263113839285715 0.42501644376233283 0.011858258928571428 0.013374260030695024
176 0.26925223214285715 0.11258495943871957 0.011160714285714286 0.013374260030695024
181 0.22530691964285715 0.11236570927428195 0.01171875 0.013374260030695024
176 0.3837193080357143 0.1749616312212234 0.011021205357142858 0.0131550098662574
182 0.4208286830357143 0.23711905283928963 0.008231026785714286 0.014251260688445516
180 0.72607421875 0.7748300811225608 0.008510044642857142 0.02367901775926332
193 0.7042410714285714 0.7999342249506687 0.018694196428571428 0.029160271870203903
181 0.5480608258928571 0.6123657092742819 0.0107421875 0.013593510195132646
182 0.45912388392857145 0.6123657092742819 0.008091517857142858 0.013593510195132646
175 0.28878348214285715 0.319557114667836 0.008649553571428572 0.022582766937075203
192 0.20905412946428573 0.6433896075422056 0.017717633928571428 0.027844770883578163
102 0.20884486607142858 0.7637579478184608 0.008649553571428572 0.01775926331944749
181 0.16908482142857142 0.5843016882262662 0.008649553571428572 0.024117518088138567
119 0.5226702008928571 0.8339180004385003 0.017159598214285716 0.020828765621574215
142 0.5272739955357143 0.7697873273404955 0.0087890625 0.013593510195132646
188 0.5272042410714286 0.5824380618285464 0.013113839285714286 0.00986625739969305
182 0.5076729910714286 0.5499890374917781 0.008370535714285714 0.01381276035957027
119 0.46205357142857145 0.5571146678360008 0.017020089285714284 0.028064021048015787
192 0.42752511160714285 0.8000438500328875 0.017717633928571428 0.026748520061390047
196 0.38706752232142855 0.7999342249506687 0.017717633928571428 0.027844770883578163
190 0.3008510044642857 0.7999342249506687 0.010463169642857142 0.00986625739969305
179 0.44607979910714285 0.7763648322736242 0.012137276785714286 0.0263100197325148
187 0.5272042410714286 0.1437184827888621 0.008649553571428572 0.00723525542644157
60 0.52734375 0.21267265950449463 0.008370535714285714 0.019294014470510854
177 0.5671735491071429 0.27450120587590443 0.009347098214285714 0.020609515457136594
186 0.6461356026785714 0.8918000438500329 0.010463169642857142 0.018636263977197982
195 0.6663643973214286 0.7999342249506687 0.015485491071428572 0.023898267923700943
32 0.6472516741071429 0.7093839070379303 0.009905133928571428 0.022582766937075203
180 0.6464146205357143 0.5765183073887306 0.008510044642857142 0.019513264634948475
196 0.646484375 0.5174303880727911 0.018136160714285716 0.02850252137689103
181 0.5419224330357143 0.11269458452093839 0.012137276785714286 0.013593510195132646