187 0.5283203125 0.6547566856641823 0.00390625 0.01183691363437089
187 0.13671875 0.48980710214818063 0.00390625 0.012056115738711091
187 0.12653459821428573 0.37976764576939936 0.00390625 0.012056115738711091
187 0.25990513392857145 0.7330118369136344 0.007533482142857143 0.006137658921525646
187 0.28006417410714285 0.159798334064007 0.004045758928571429 0.01183691363437089
187 0.2862025669642857 0.8198158702323542 0.004045758928571429 0.01183691363437089
187 0.7149135044642857 0.18204734765453748 0.007672991071428571 0.006356861025865849
187 0.7149135044642857 0.908702323542306 0.007672991071428571 0.006356861025865849
102 0.6100725446428571 0.580447172292854 0.0078125 0.019289785181937746
177 0.6099330357142857 0.518522577816747 0.0078125 0.01994739149495835
177 0.60986328125 0.6859929855326611 0.007393973214285714 0.01819377466023674
184 0.6153041294642857 0.7262165716790882 0.018833705357142856 0.00920648838228847
175 0.60986328125 0.7998684787373959 0.007672991071428571 0.01578255151249452
60 0.7003348214285714 0.8747259973695748 0.010881696428571428 0.011617711530030689
186 0.36502511160714285 0.5774879438842613 0.008510044642857142 0.015563349408154318
102 0.36488560267857145 0.527181060938185 0.007393973214285714 0.020604997807978958
185 0.34988839285714285 0.4984655852696186 0.005580357142857143 0.029373081981587022
119 0.42215401785714285 0.5937088996054362 0.012555803571428572 0.024769837790442787
25 0.36586216517857145 0.6192459447610698 0.009347098214285714 0.01841297676457694
179 0.4574497767857143 0.6526742656729505 0.014787946428571428 0.016878562034195528
185 0.5695452008928571 0.5141385357299431 0.018833705357142856 0.00898728627794827
63 0.5887276785714286 0.4350065760631302 0.013392857142857142 0.012056115738711091
193 0.5749162946428571 0.6286716352476984 0.015904017857142856 0.02498903989478299
191 0.5928431919642857 0.48980710214818063 0.011300223214285714 0.017755370451556333
142 0.6275111607142857 0.48980710214818063 0.007533482142857143 0.012056115738711091
187 0.6624581473214286 0.48980710214818063 0.004045758928571429 0.012056115738711091
176 0.19008091517857142 0.5686102586584831 0.007393973214285714 0.02104340201665936
193 0.17096819196428573 0.48980710214818063 0.015764508928571428 0.024769837790442787
183 0.23374720982142858 0.4843270495396756 0.005719866071428571 0.023016220955721176
102 0.22495814732142858 0.571679088119246 0.007672991071428571 0.01841297676457694
192 0.22495814732142858 0.4621876370013152 0.016043526785714284 0.025208241999123193
180 0.17912946428571427 0.37976764576939936 0.010323660714285714 0.011617711530030689
186 0.25955636160714285 0.6296580447172293 0.009068080357142858 0.015124945199473916
182 0.25990513392857145 0.5645550197281894 0.007533482142857143 0.011179307321350284
194 0.2783203125 0.5447172292854011 0.016183035714285716 0.025427444103463395
178 0.25990513392857145 0.517426567295046 0.007533482142857143 0.017755370451556333
25 0.2587890625 0.458680403331872 0.009765625 0.019070583077597545
25 0.31082589285714285 0.4332529592284086 0.013113839285714286 0.014686540990793511
60 0.36474609375 0.4112231477422183 0.007672991071428571 0.01578255151249452
180 0.4120396205357143 0.3796580447172293 0.011300223214285714 0.01183691363437089
186 0.32993861607142855 0.5143577378342832 0.008370535714285714 0.016001753616834723
192 0.31138392857142855 0.709776413853573 0.015625 0.024112231477422183
189 0.15492466517857142 0.29482683033757123 0.009626116071428572 0.02761946514686541
180 0.16852678571428573 0.32518632178868917 0.012555803571428572 0.012056115738711091
183 0.20458984375 0.3192678649715037 0.005719866071428571 0.023016220955721176
32 0.14048549107142858 0.21328364752301623 0.013392857142857142 0.014028934677772907
190 0.11997767857142858 0.23147742218325296 0.006417410714285714 0.01446733888645331
102 0.18987165178571427 0.24232792634809294 0.0078125 0.021701008329679965
182 0.19001116071428573 0.29570363875493205 0.007533482142857143 0.01183691363437089
177 0.36488560267857145 0.355436212187637 0.007393973214285714 0.016878562034195528
187 0.34744698660714285 0.3248575186321789 0.004045758928571429 0.01183691363437089
181 0.6946847098214286 0.27005699254712845 0.013811383928571428 0.012275317843051293
191 0.6904994419642857 0.37976764576939936 0.011021205357142858 0.01731696624287593
193 0.626953125 0.3798772468215695 0.015625 0.024550635686102586
179 0.5763113839285714 0.41297676457693994 0.010602678571428572 0.01841297676457694
25 0.2431640625 0.1060938185006576 0.009207589285714286 0.014905743095133712
119 0.17878069196428573 0.11146427005699255 0.011579241071428572 0.024331433581762384
190 0.09102957589285714 0.2698377904427883 0.009068080357142858 0.01446733888645331
190 0.08489118303571429 0.261946514686541 0.007952008928571428 0.008768084173608066
194 0.294921875 0.6807321350284963 0.015904017857142856 0.024769837790442787
181 0.43484933035714285 0.29953967558088557 0.007533482142857143 0.016878562034195528
189 0.43491908482142855 0.3544498027181061 0.009905133928571428 0.02761946514686541
190 0.42557198660714285 0.43478737395879 0.009626116071428572 0.009425690486628672
182 0.3822544642857143 0.43478737395879 0.0078125 0.012056115738711091
188 0.4951869419642857 0.2698377904427883 0.005998883928571429 0.017536168347216132
60 0.5894949776785714 0.26994739149495833 0.0107421875 0.012056115738711091
177 0.7147042410714286 0.2936212187637001 0.007533482142857143 0.018632178868917142
182 0.6797572544642857 0.36793073213502847 0.007672991071428571 0.011617711530030689
142 0.443359375 0.3796580447172293 0.007533482142857143 0.01183691363437089
193 0.46993582589285715 0.35072336694432266 0.014927455357142858 0.024550635686102586
191 0.4488002232142857 0.3248575186321789 0.010602678571428572 0.016659359929855327
196 0.46993582589285715 0.4083735203857957 0.015485491071428572 0.024550635686102586
188 0.46993582589285715 0.45089872862779484 0.009905133928571428 0.010083296799649276
178 0.46986607142857145 0.5176457693993862 0.007533482142857143 0.020385795703638757
194 0.46993582589285715 0.5724462954844366 0.016322544642857144 0.025646646207803596
195 0.3819056919642857 0.3248575186321789 0.013532366071428572 0.02104340201665936
175 0.5931919642857143 0.5998465585269619 0.01171875 0.011617711530030689
14 0.5046037946428571 0.5693774660236738 0.007533482142857143 0.01731696624287593
196 0.41573660714285715 0.5447172292854011 0.015625 0.023235423060061378
178 0.6099330357142857 0.29789565979833404 0.007533482142857143 0.018851380973257344
63 0.15478515625 0.46953090749671195 0.007672991071428571 0.019289785181937746
14 0.15506417410714285 0.5062472599736958 0.007393973214285714 0.021262604120999562
195 0.15492466517857142 0.5729943007452871 0.015206473214285714 0.024550635686102586
102 0.7150530133928571 0.5244410346339324 0.007672991071428571 0.016001753616834723
181 0.6579241071428571 0.5447172292854011 0.009486607142857142 0.01183691363437089
195 0.7149135044642857 0.5731039017974573 0.016322544642857144 0.025646646207803596
192 0.7149135044642857 0.6292196405085488 0.016322544642857144 0.025646646207803596
187 0.6974748883928571 0.709776413853573 0.004045758928571429 0.01183691363437089
182 0.6627371651785714 0.7101052170100833 0.007114955357142857 0.012056115738711091
187 0.5223911830357143 0.43478737395879 0.004045758928571429 0.012056115738711091
181 0.494140625 0.48980710214818063 0.01171875 0.011617711530030689
193 0.45193917410714285 0.48980710214818063 0.016322544642857144 0.025646646207803596
32 0.38643973214285715 0.4886014905743095 0.012276785714285714 0.01446733888645331
187 0.7149135044642857 0.8473257343270495 0.007672991071428571 0.006356861025865849
25 0.7140066964285714 0.7992108724243753 0.009207589285714286 0.01841297676457694
60 0.6572963169642857 0.4348969750109601 0.013532366071428572 0.01183691363437089
63 0.6344866071428571 0.4346777729066199 0.011997767857142858 0.01183691363437089
192 0.6798967633928571 0.5150153441473038 0.016043526785714284 0.025208241999123193
190 0.32993861607142855 0.24671196843489698 0.009207589285714286 0.013809732573432706
186 0.32979910714285715 0.13689171416045595 0.008928571428571428 0.015563349408154318
188 0.32993861607142855 0.36179307321350285 0.010881696428571428 0.009425690486628672
193 0.3480747767857143 0.3798772468215695 0.015625 0.024112231477422183
181 0.29513113839285715 0.19289785181937746 0.007672991071428571 0.01578255151249452
60 0.294921875 0.29679964927663305 0.007533482142857143 0.02235861464270057
32 0.2954799107142857 0.40245506356861027 0.008370535714285714 0.021481806225339763