187 0.4525669642857143 0.1749616312212234 0.004464285714285714 0.013593510195132646
187 0.11279296875 0.8625301468976102 0.004603794642857143 0.013593510195132646
187 0.6862444196428571 0.9023240517430388 0.008649553571428572 0.00723525542644157
187 0.08970424107142858 0.78228458671344 0.008649553571428572 0.007016005262003947
187 0.6242327008928571 0.9250164437623328 0.004603794642857143 0.013593510195132646
182 0.4873744419642857 0.21946941460206096 0.0087890625 0.013593510195132646
63 0.4727260044642857 0.23744792808594606 0.014090401785714286 0.0131550098662574
25 0.34814453125 0.3016882262661697 0.011858258928571428 0.016663012497259374
184 0.4970703125 0.10260907695680772 0.006417410714285714 0.03332602499451875
102 0.5811941964285714 0.1749616312212234 0.010602678571428572 0.014032010524007894
177 0.60693359375 0.20806840605130453 0.009068080357142858 0.0197325147993861
188 0.72607421875 0.22023679017759262 0.016322544642857144 0.00986625739969305
181 0.72607421875 0.14327998245998685 0.008510044642857142 0.022582766937075203
175 0.6862444196428571 0.13725060293795222 0.008370535714285714 0.020171015128261346
191 0.6273716517857143 0.1749616312212234 0.011160714285714286 0.017540013155009866
179 0.7276785714285714 0.32657311992983995 0.011997767857142858 0.021267265950449463
176 0.7259347098214286 0.3863187897390923 0.0087890625 0.021925016443762334
192 0.7066127232142857 0.6124753343565008 0.018136160714285716 0.028721771541328656
14 0.68603515625 0.44781846086384564 0.008510044642857142 0.02302126726595045
189 0.6862444196428571 0.3930059197544398 0.010881696428571428 0.031352773514580136
63 0.6861746651785714 0.332931374698531 0.008510044642857142 0.021267265950449463
188 0.6863141741071429 0.21278228458671344 0.0126953125 0.012935759701819776
194 0.38685825892857145 0.424906818680114 0.017857142857142856 0.028064021048015787
185 0.42564174107142855 0.6848278886209165 0.006417410714285714 0.03310677483008112
102 0.6468331473214286 0.3222977417233063 0.0087890625 0.022802017101512827
181 0.6460658482142857 0.3854417890813418 0.008649553571428572 0.01710151282613462
193 0.5071149553571429 0.6123657092742819 0.018415178571428572 0.02894102170576628
188 0.4291294642857143 0.5498794124095593 0.006696428571428571 0.022802017101512827
181 0.7261439732142857 0.7670467002850252 0.008370535714285714 0.016882262661696998
190 0.17375837053571427 0.29993422495066874 0.008231026785714286 0.01710151282613462
60 0.08956473214285714 0.14064898048673535 0.008649553571428572 0.023898267923700943
187 0.14934430803571427 0.11247533435650077 0.004603794642857143 0.013593510195132646
189 0.19015066964285715 0.11236570927428195 0.020089285714285716 0.01775926331944749
182 0.21923828125 0.11236570927428195 0.008510044642857142 0.01381276035957027
176 0.2294921875 0.2993860995395747 0.012555803571428572 0.01381276035957027
187 0.26869419642857145 0.29993422495066874 0.004464285714285714 0.013593510195132646
14 0.30126953125 0.29993422495066874 0.013253348214285714 0.0131550098662574
60 0.2613002232142857 0.7999342249506687 0.014229910714285714 0.013374260030695024
177 0.18624441964285715 0.862639771979829 0.015625 0.013374260030695024
192 0.26939174107142855 0.8625301468976102 0.018136160714285716 0.02850252137689103
194 0.34898158482142855 0.8625301468976102 0.017717633928571428 0.026748520061390047
181 0.42152622767857145 0.862639771979829 0.014927455357142858 0.013374260030695024
142 0.7053571428571429 0.7377768033326025 0.008370535714285714 0.014032010524007894
195 0.6863141741071429 0.704341153255865 0.017438616071428572 0.027844770883578163
188 0.6863141741071429 0.8309581232185924 0.016880580357142856 0.011401008550756413
14 0.6332310267857143 0.862639771979829 0.013950892857142858 0.013374260030695024
181 0.5465959821428571 0.8622012716509537 0.012276785714285714 0.01381276035957027
189 0.5055106026785714 0.8625301468976102 0.019949776785714284 0.01710151282613462
191 0.46875 0.8625301468976102 0.010044642857142858 0.015786011839508878
194 0.7076590401785714 0.7999342249506687 0.017717633928571428 0.027844770883578163
181 0.6706194196428571 0.7999342249506687 0.012834821428571428 0.013374260030695024
194 0.6247907366071429 0.7374479280859461 0.0185546875 0.029160271870203903
192 0.5452706473214286 0.7374479280859461 0.017717633928571428 0.026529269896952423
183 0.5234375 0.6568734926551195 0.017020089285714284 0.010085507564130673
180 0.26841517857142855 0.5499890374917781 0.011160714285714286 0.013374260030695024
32 0.30398995535714285 0.5483446612584959 0.014508928571428572 0.016224512168384126
188 0.23186383928571427 0.6749616312212234 0.008649553571428572 0.02433676825257619
185 0.25502232142857145 0.7670467002850252 0.021205357142857144 0.010304757728568297
191 0.08970424107142858 0.7059855294891472 0.009765625 0.015347511510633634
186 0.15087890625 0.674632755974567 0.011579241071428572 0.016224512168384126
176 0.08963448660714286 0.5895636921727692 0.008510044642857142 0.0197325147993861
178 0.14871651785714285 0.3627493970620478 0.013392857142857142 0.01381276035957027
177 0.3477260044642857 0.36253014689761015 0.011858258928571428 0.013374260030695024
187 0.30845424107142855 0.36242052181539136 0.004464285714285714 0.013593510195132646
179 0.3666294642857143 0.13703135277351458 0.012276785714285714 0.02455601841701381
191 0.3487025669642857 0.11236570927428195 0.012974330357142858 0.02039026529269897
177 0.31173270089285715 0.11258495943871957 0.016043526785714284 0.013374260030695024
196 0.28857421875 0.7717605788204341 0.017717633928571428 0.028064021048015787
193 0.28857421875 0.7058759044069283 0.017996651785714284 0.028283271212453408
25 0.28738839285714285 0.5242271431703573 0.010881696428571428 0.017978513483885114
180 0.3286830357142857 0.4552729664547248 0.008928571428571428 0.02302126726595045
177 0.34654017857142855 0.42523569392677046 0.014787946428571428 0.013374260030695024
195 0.5272042410714286 0.204889278666959 0.015625 0.024775268581451435
178 0.4478236607142857 0.3275597456698093 0.008649553571428572 0.0197325147993861
63 0.42445591517857145 0.36242052181539136 0.0146484375 0.0131550098662574
142 0.3827427455357143 0.362639771979829 0.008231026785714286 0.013593510195132646
178 0.2885044642857143 0.40002192501644374 0.008649553571428572 0.02039026529269897
196 0.3099888392857143 0.424906818680114 0.018415178571428572 0.02894102170576628
14 0.40806361607142855 0.3816049112036834 0.008649553571428572 0.018636263977197982
25 0.32945033482142855 0.6504056128042096 0.011021205357142858 0.017320762990572242
14 0.38846261160714285 0.6125849594387196 0.015206473214285714 0.013593510195132646
187 0.4278041294642857 0.6123657092742819 0.004603794642857143 0.013593510195132646
60 0.34207589285714285 0.5502082876562158 0.011997767857142858 0.01381276035957027
181 0.38839285714285715 0.5499890374917781 0.014229910714285714 0.013374260030695024
182 0.27901785714285715 0.6123657092742819 0.008370535714285714 0.013593510195132646
187 0.5669642857142857 0.518636263977198 0.008649553571428572 0.00723525542644157
195 0.5670340401785714 0.7705547029160272 0.017717633928571428 0.027844770883578163
119 0.29317801339285715 0.13944310458232845 0.017717633928571428 0.021486516114887087
188 0.42333984375 0.11247533435650077 0.0068359375 0.021486516114887087
179 0.36635044642857145 0.39793904845428635 0.01171875 0.02499451874588906
191 0.24881417410714285 0.4532997149747862 0.011300223214285714 0.01775926331944749
184 0.24253627232142858 0.265402324051743 0.021065848214285716 0.010304757728568297
102 0.15499441964285715 0.4247971935978952 0.011160714285714286 0.013374260030695024
191 0.208984375 0.7748300811225608 0.013392857142857142 0.02104801578601184
102 0.16943359375 0.5847401885551414 0.008510044642857142 0.025433019074764307
182 0.16943359375 0.449353212014909 0.009068080357142858 0.01381276035957027
25 0.16831752232142858 0.385332163999123 0.0107421875 0.018197763648322735
183 0.44370814732142855 0.7525761894321421 0.0166015625 0.010304757728568297
179 0.5041852678571429 0.9223854417890813 0.016741071428571428 0.018855514141635606