187 0.20458984375 0.23744792808594606 0.004603794642857143 0.013593510195132646
187 0.4476841517857143 0.5333260249945188 0.008649553571428572 0.00723525542644157
187 0.08970424107142858 0.9096689322516992 0.008649553571428572 0.007016005262003947
187 0.5669642857142857 0.16564349923262442 0.008649553571428572 0.00723525542644157
187 0.6067243303571429 0.6982021486516115 0.008649553571428572 0.00723525542644157
192 0.5272042410714286 0.8965139223854418 0.018136160714285716 0.02850252137689103
25 0.5458286830357143 0.9233720675290507 0.0146484375 0.017320762990572242
195 0.5272042410714286 0.6433896075422056 0.017578125 0.027844770883578163
179 0.5479213169642857 0.6096250822188116 0.017159598214285716 0.018636263977197982
60 0.6215122767857143 0.6123657092742819 0.010881696428571428 0.013593510195132646
14 0.6462751116071429 0.573887305415479 0.0087890625 0.018636263977197982
177 0.3681640625 0.1465687349265512 0.008649553571428572 0.02302126726595045
180 0.3680943080357143 0.19875027406270554 0.008510044642857142 0.02039026529269897
175 0.3467494419642857 0.36285902214426663 0.0146484375 0.013593510195132646
192 0.4678431919642857 0.11236570927428195 0.018833705357142856 0.029598772199079148
177 0.2886439732142857 0.32657311992983995 0.008370535714285714 0.024775268581451435
181 0.2759486607142857 0.2377768033326025 0.012834821428571428 0.013374260030695024
195 0.22809709821428573 0.23744792808594606 0.015904017857142856 0.02499451874588906
195 0.28857421875 0.4576847182635387 0.017717633928571428 0.027844770883578163
63 0.08970424107142858 0.46777022582766936 0.008649553571428572 0.022144266608199955
60 0.10874720982142858 0.4246875685156764 0.014927455357142858 0.013593510195132646
177 0.15290178571428573 0.424906818680114 0.012555803571428572 0.013593510195132646
189 0.08970424107142858 0.5194036395527296 0.010881696428571428 0.031572023679017756
175 0.08984375 0.5840824380618286 0.008649553571428572 0.021486516114887087
181 0.15555245535714285 0.4880508660381495 0.012276785714285714 0.013593510195132646
190 0.21937779017857142 0.5499890374917781 0.008231026785714286 0.01512826134619601
194 0.28857421875 0.7030256522692392 0.017717633928571428 0.027844770883578163
185 0.26443917410714285 0.6847182635386977 0.0068359375 0.03332602499451875
192 0.18812779017857142 0.6749616312212234 0.018275669642857144 0.028721771541328656
175 0.4750279017857143 0.9253453190089893 0.014787946428571428 0.013374260030695024
63 0.3911830357142857 0.924906818680114 0.010602678571428572 0.013374260030695024
186 0.5669642857142857 0.7664985748739311 0.009207589285714286 0.017540013155009866
178 0.5670340401785714 0.7133304099978075 0.008510044642857142 0.019951764963823723
176 0.5547572544642857 0.6749616312212234 0.015206473214285714 0.013374260030695024
182 0.5005580357142857 0.5497697873273405 0.008649553571428572 0.013374260030695024
14 0.46888950892857145 0.4872834904626179 0.011439732142857142 0.013374260030695024
119 0.08489118303571429 0.8437842578381933 0.017717633928571428 0.027844770883578163
179 0.08796037946428571 0.7099320324490244 0.011858258928571428 0.02236351677263758
192 0.20905412946428573 0.5795878096908572 0.017717633928571428 0.027844770883578163
177 0.16915457589285715 0.6478842359131769 0.0087890625 0.02324051743038807
195 0.18994140625 0.7374479280859461 0.0185546875 0.029160271870203903
181 0.15059988839285715 0.550098662573997 0.0146484375 0.0131550098662574
179 0.12779017857142858 0.4661258495943872 0.01171875 0.02455601841701381
191 0.5006277901785714 0.424906818680114 0.013253348214285714 0.020609515457136594
176 0.38888113839285715 0.3627493970620478 0.011300223214285714 0.013374260030695024
184 0.16322544642857142 0.31999561499671125 0.021484375 0.010743258057443543
196 0.14906529017857142 0.29993422495066874 0.018833705357142856 0.029818022363516772
186 0.12960379464285715 0.26945845209383906 0.009207589285714286 0.017540013155009866
195 0.12946428571428573 0.20477965358474018 0.018136160714285716 0.02850252137689103
176 0.14557756696428573 0.11258495943871957 0.014369419642857142 0.013374260030695024
186 0.6291852678571429 0.5498794124095593 0.011160714285714286 0.015347511510633634
179 0.21079799107142858 0.2678140758605569 0.011997767857142858 0.025213768910326683
181 0.30712890625 0.3619820214865161 0.0126953125 0.014032010524007894
182 0.3109654017857143 0.42501644376233283 0.008928571428571428 0.01381276035957027
189 0.32833426339285715 0.39245779434334577 0.009626116071428572 0.031572023679017756
187 0.5669642857142857 0.5812321859241394 0.008649553571428572 0.007016005262003947
194 0.6863141741071429 0.39147116860337644 0.017996651785714284 0.028283271212453408
180 0.5848911830357143 0.2998245998684499 0.012974330357142858 0.013374260030695024
184 0.4979771205357143 0.3094716071037053 0.006277901785714286 0.03354527515895637
181 0.6067243303571429 0.45889059416794564 0.008370535714285714 0.021925016443762334
190 0.6067243303571429 0.3985967989475992 0.008649553571428572 0.013593510195132646
196 0.2686244419642857 0.17485200613900462 0.017717633928571428 0.027844770883578163
195 0.3090122767857143 0.1749616312212234 0.015625 0.02455601841701381
188 0.32833426339285715 0.2792150844113133 0.011300223214285714 0.011620258715194036
187 0.32833426339285715 0.33117737338303005 0.008510044642857142 0.00723525542644157
186 0.5272042410714286 0.204889278666959 0.009207589285714286 0.01775926331944749
181 0.31298828125 0.23722867792150845 0.0146484375 0.0131550098662574
187 0.4278041294642857 0.8625301468976102 0.004603794642857143 0.013593510195132646
194 0.4677036830357143 0.8625301468976102 0.017717633928571428 0.02718702039026529
191 0.40785435267857145 0.7655119491339618 0.0107421875 0.016882262661696998
63 0.40792410714285715 0.6445954834466125 0.008370535714285714 0.02455601841701381
176 0.34619140625 0.5498794124095593 0.012137276785714286 0.0131550098662574
32 0.3145228794642857 0.5486735365051524 0.015485491071428572 0.01644376233282175
60 0.43101283482142855 0.6124753343565008 0.012137276785714286 0.013374260030695024
195 0.4677734375 0.6123657092742819 0.017857142857142856 0.026748520061390047
178 0.4873744419642857 0.5930716948037711 0.008510044642857142 0.019294014470510854
185 0.5799386160714286 0.35277351458013595 0.006417410714285714 0.033764525323393996
119 0.6511579241071429 0.4021048015786012 0.017717633928571428 0.02455601841701381
192 0.28857421875 0.203135277351458 0.019391741071428572 0.030475772856829644
188 0.26499720982142855 0.11236570927428195 0.0068359375 0.02565226923920193
193 0.26681082589285715 0.29993422495066874 0.018833705357142856 0.029818022363516772
175 0.5804268973214286 0.4877219907914931 0.0126953125 0.013374260030695024
177 0.5667550223214286 0.20653365490024117 0.008510044642857142 0.02236351677263758
191 0.5669642857142857 0.2659504494628371 0.013950892857142858 0.021925016443762334
192 0.5669642857142857 0.3328217496163122 0.018136160714285716 0.02850252137689103
187 0.5272042410714286 0.45614996711247535 0.008649553571428572 0.00723525542644157
187 0.5272042410714286 0.3936636702477527 0.008649553571428572 0.00723525542644157
191 0.6328822544642857 0.42501644376233283 0.0126953125 0.019951764963823723
192 0.6863141741071429 0.7081780311335234 0.017996651785714284 0.028064021048015787
25 0.67333984375 0.9258934444200834 0.011021205357142858 0.016224512168384126
193 0.5860072544642857 0.924906818680114 0.017717633928571428 0.027844770883578163
176 0.20877511160714285 0.39421179565884673 0.0087890625 0.020171015128261346