187 0.46993582589285715 0.917360806663744 0.007672991071428571 0.006137658921525646
187 0.14334542410714285 0.21481806225339764 0.004045758928571429 0.01183691363437089
187 0.22495814732142858 0.7894563787812363 0.007672991071428571 0.006356861025865849
187 0.6759905133928571 0.9297457255589654 0.004045758928571429 0.012056115738711091
187 0.32993861607142855 0.8582858395440596 0.007533482142857143 0.006356861025865849
119 0.40394810267857145 0.5770495396755809 0.015485491071428572 0.02082419991231916
184 0.40541294642857145 0.6945418676019289 0.018694196428571428 0.00898728627794827
196 0.41880580357142855 0.48980710214818063 0.015625 0.024331433581762384
179 0.45577566964285715 0.4872862779482683 0.013392857142857142 0.016659359929855327
176 0.37939453125 0.5998465585269619 0.011579241071428572 0.011617711530030689
181 0.31724330357142855 0.5998465585269619 0.009486607142857142 0.011617711530030689
177 0.22502790178571427 0.626041209995616 0.007533482142857143 0.021481806225339763
191 0.31333705357142855 0.709776413853573 0.010602678571428572 0.016659359929855327
185 0.28724888392857145 0.6634151687856203 0.005580357142857143 0.02915387987724682
187 0.2774135044642857 0.7647961420429636 0.004045758928571429 0.01183691363437089
142 0.25027901785714285 0.7641385357299431 0.006975446428571429 0.01183691363437089
183 0.6900111607142857 0.5501972818939062 0.005580357142857143 0.023235423060061378
60 0.6630161830357143 0.5444980271810609 0.011300223214285714 0.01183691363437089
192 0.6262555803571429 0.5447172292854011 0.015625 0.024550635686102586
175 0.7364676339285714 0.48991670320035074 0.011997767857142858 0.01183691363437089
179 0.6306501116071429 0.4923279263480929 0.014369419642857142 0.016659359929855327
179 0.5992606026785714 0.49177992108724244 0.012137276785714286 0.01731696624287593
177 0.5570591517857143 0.48991670320035074 0.010323660714285714 0.01183691363437089
188 0.7499302455357143 0.46503726435773785 0.013253348214285714 0.009425690486628672
180 0.7267717633928571 0.3799868478737396 0.011021205357142858 0.012056115738711091
142 0.62109375 0.37976764576939936 0.0078125 0.012056115738711091
190 0.5907505580357143 0.3798772468215695 0.007114955357142857 0.01446733888645331
182 0.5543387276785714 0.37976764576939936 0.007672991071428571 0.012056115738711091
193 0.45249720982142855 0.37976764576939936 0.015764508928571428 0.024769837790442787
185 0.5251813616071429 0.37132836475230163 0.005719866071428571 0.029373081981587022
185 0.5694056919642857 0.29723805348531346 0.0185546875 0.008768084173608066
188 0.47928292410714285 0.48980710214818063 0.0068359375 0.02345462516440158
175 0.48876953125 0.5447172292854011 0.010184151785714286 0.01183691363437089
194 0.5399693080357143 0.46043402016659357 0.015764508928571428 0.024769837790442787
182 0.44447544642857145 0.3248575186321789 0.0078125 0.012275317843051293
192 0.34584263392857145 0.709776413853573 0.016462053571428572 0.025865848312143797
119 0.6410435267857143 0.5180841736080667 0.015345982142857142 0.021262604120999562
182 0.6265345982142857 0.7642481367821131 0.008091517857142858 0.012056115738711091
190 0.46993582589285715 0.8476545374835598 0.007114955357142857 0.0131521262604121
189 0.46986607142857145 0.7898947829899167 0.009207589285714286 0.027838667251205613
25 0.4159458705357143 0.7662209557211749 0.009905133928571428 0.014686540990793511
175 0.4349888392857143 0.7846339324857519 0.007533482142857143 0.016001753616834723
176 0.41782924107142855 0.1049978079789566 0.012276785714285714 0.01183691363437089
175 0.46993582589285715 0.13711091626479613 0.007672991071428571 0.017755370451556333
175 0.5168805803571429 0.21503726435773785 0.009765625 0.012275317843051293
184 0.47537667410714285 0.2901139850942569 0.018833705357142856 0.00898728627794827
14 0.4696568080357143 0.46701008329679966 0.007952008928571428 0.019070583077597545
32 0.20340401785714285 0.32365190705830776 0.010881696428571428 0.013809732573432706
142 0.25990513392857145 0.23597106532222709 0.0078125 0.012056115738711091
32 0.34556361607142855 0.10357299430074529 0.013392857142857142 0.014686540990793511
196 0.25990513392857145 0.4079351161771153 0.015345982142857142 0.024550635686102586
60 0.27769252232142855 0.4896975010960105 0.010184151785714286 0.01183691363437089
142 0.34744698660714285 0.49024550635686104 0.007672991071428571 0.012494519947391494
188 0.36495535714285715 0.517426567295046 0.010881696428571428 0.009425690486628672
187 0.18994140625 0.24232792634809294 0.007672991071428571 0.006356861025865849
102 0.18994140625 0.35269618588338447 0.007672991071428571 0.015344147303814117
175 0.19008091517857142 0.40431828145550197 0.007672991071428571 0.021262604120999562
192 0.10086495535714286 0.43478737395879 0.016462053571428572 0.025646646207803596
14 0.2431640625 0.3799868478737396 0.010044642857142858 0.012494519947391494
191 0.2719029017857143 0.3798772468215695 0.010602678571428572 0.016659359929855327
180 0.42110770089285715 0.3248575186321789 0.009347098214285714 0.01183691363437089
176 0.39990234375 0.7991012713722052 0.007952008928571428 0.016001753616834723
180 0.22495814732142858 0.7321350284962735 0.007393973214285714 0.02104340201665936
182 0.24169921875 0.6546470846120123 0.007672991071428571 0.012494519947391494
60 0.22481863839285715 0.5829679964927663 0.007672991071428571 0.016440157825515125
25 0.2821568080357143 0.54351161771153 0.012137276785714286 0.015124945199473916
192 0.5226004464285714 0.5997369574747917 0.015625 0.024112231477422183
25 0.50390625 0.46470846120122755 0.009486607142857142 0.01797457255589654
191 0.5233677455357143 0.2698377904427883 0.011579241071428572 0.01841297676457694
194 0.5574776785714286 0.5448268303375713 0.015625 0.02345462516440158
178 0.5853794642857143 0.5448268303375713 0.013392857142857142 0.011617711530030689
183 0.39174107142857145 0.7044059622972381 0.005580357142857143 0.023016220955721176
186 0.4550083705357143 0.159798334064007 0.009347098214285714 0.013590530469092503
188 0.5242745535714286 0.15968873301183692 0.006417410714285714 0.016440157825515125
187 0.39990234375 0.1873081981587023 0.007672991071428571 0.006356861025865849
63 0.7500697544642857 0.3031565103024989 0.007393973214285714 0.01709776413853573
185 0.6937779017857143 0.2234765453748356 0.005580357142857143 0.02915387987724682
32 0.6227678571428571 0.2135028496273564 0.013113839285714286 0.01446733888645331
184 0.5452706473214286 0.25284962735642263 0.018833705357142856 0.00898728627794827
195 0.08489118303571429 0.4064007014467339 0.015206473214285714 0.024550635686102586
25 0.14041573660714285 0.32365190705830776 0.011579241071428572 0.013809732573432706
187 0.0849609375 0.6272468215694871 0.007533482142857143 0.006356861025865849
102 0.1025390625 0.654427882507672 0.009765625 0.012056115738711091
192 0.17243303571428573 0.6547566856641823 0.015904017857142856 0.02498903989478299
177 0.20458984375 0.6548662867163525 0.013532366071428572 0.011617711530030689
187 0.13741629464285715 0.709776413853573 0.00390625 0.01183691363437089
63 0.20458984375 0.7099956159579132 0.011579241071428572 0.01183691363437089
190 0.7149135044642857 0.5835160017536168 0.0068359375 0.0131521262604121
182 0.7146344866071429 0.7360806663743972 0.007672991071428571 0.012275317843051293
187 0.7149135044642857 0.7923060061376589 0.007672991071428571 0.006356861025865849
192 0.7149135044642857 0.8483121437965805 0.014927455357142858 0.024550635686102586
196 0.7149135044642857 0.9033318719859711 0.015485491071428572 0.024550635686102586
179 0.6932896205357143 0.9321569487067076 0.012416294642857142 0.016440157825515125
190 0.6798967633928571 0.34875054800526084 0.005998883928571429 0.008768084173608066
60 0.6799665178571429 0.29493643138974135 0.007533482142857143 0.021701008329679965
194 0.6614118303571429 0.2698377904427883 0.016183035714285716 0.025427444103463395
194 0.5910993303571429 0.2698377904427883 0.015625 0.024550635686102586
179 0.2963169642857143 0.7376150811047786 0.010602678571428572 0.020166593599298552
119 0.2909458705357143 0.5760631302060499 0.015485491071428572 0.024112231477422183
32 0.37974330357142855 0.8185006576063131 0.011997767857142858 0.014028934677772907
63 0.31396484375 0.8199254712845243 0.011579241071428572 0.012494519947391494
14 0.5749860491071429 0.5100832967996493 0.007393973214285714 0.020166593599298552
175 0.5749860491071429 0.5633494081543183 0.007393973214285714 0.019289785181937746
187 0.5574079241071429 0.5997369574747917 0.004045758928571429 0.01183691363437089
177 0.5749162946428571 0.4648180622533976 0.008091517857142858 0.01994739149495835
102 0.21198381696428573 0.1046690048224463 0.0126953125 0.011617711530030689
176 0.5400390625 0.12987724682156948 0.008091517857142858 0.02082419991231916
60 0.49428013392857145 0.1051074090311267 0.013392857142857142 0.011617711530030689
184 0.20863560267857142 0.20615957913195967 0.005719866071428571 0.02915387987724682
195 0.27880859375 0.21481806225339764 0.015764508928571428 0.02498903989478299
186 0.294921875 0.29603244191144235 0.008370535714285714 0.015124945199473916