187 0.7103794642857143 0.11247533435650077 0.004464285714285714 0.013593510195132646
187 0.37765066964285715 0.29993422495066874 0.004464285714285714 0.013593510195132646
187 0.10163225446428571 0.29993422495066874 0.004603794642857143 0.013593510195132646
187 0.12946428571428573 0.753233939925455 0.008649553571428572 0.00723525542644157
187 0.26876395089285715 0.1749616312212234 0.004603794642857143 0.013593510195132646
187 0.2885044642857143 0.8373163779872835 0.008649553571428572 0.007016005262003947
183 0.3641880580357143 0.46590659942994955 0.0166015625 0.01052400789300592
25 0.47300502232142855 0.36121464591098446 0.0146484375 0.01644376233282175
25 0.12834821428571427 0.6385661039245779 0.010323660714285714 0.02170576627932471
188 0.15450613839285715 0.6124753343565008 0.007672991071428571 0.02302126726595045
195 0.14962332589285715 0.42501644376233283 0.015485491071428572 0.02433676825257619
185 0.16294642857142858 0.5171015128261346 0.020926339285714284 0.010304757728568297
185 0.16301618303571427 0.39333479500109625 0.021065848214285716 0.010085507564130673
188 0.16922433035714285 0.27691295768471824 0.017299107142857144 0.011401008550756413
14 0.14432198660714285 0.23744792808594606 0.0126953125 0.0131550098662574
187 0.6266043526785714 0.11247533435650077 0.004603794642857143 0.013593510195132646
188 0.67626953125 0.11236570927428195 0.008231026785714286 0.022144266608199955
180 0.6068638392857143 0.1362639771979829 0.008649553571428572 0.022144266608199955
192 0.6067940848214286 0.20883578162683622 0.017717633928571428 0.027844770883578163
177 0.6068638392857143 0.3326024994518746 0.008649553571428572 0.02236351677263758
182 0.50537109375 0.36242052181539136 0.008510044642857142 0.013593510195132646
193 0.5465262276785714 0.23733830300372724 0.017996651785714284 0.028283271212453408
182 0.5119977678571429 0.23744792808594606 0.008928571428571428 0.013593510195132646
32 0.5279017857142857 0.2685814514360886 0.009765625 0.02324051743038807
194 0.5272042410714286 0.20357377768033327 0.017299107142857144 0.027844770883578163
195 0.12946428571428573 0.26792370094277573 0.018415178571428572 0.02894102170576628
188 0.20905412946428573 0.32843674632755976 0.013253348214285714 0.011401008550756413
190 0.18812779017857142 0.29993422495066874 0.009905133928571428 0.012716509537382154
178 0.20905412946428573 0.3811664108748082 0.008510044642857142 0.022582766937075203
142 0.208984375 0.5160052620039465 0.008649553571428572 0.013374260030695024
188 0.25962611607142855 0.36242052181539136 0.006417410714285714 0.02587151940363955
63 0.2885044642857143 0.38675729006796755 0.008649553571428572 0.019294014470510854
14 0.3047572544642857 0.4247971935978952 0.015485491071428572 0.013374260030695024
175 0.28857421875 0.21519403639552728 0.008510044642857142 0.018636263977197982
180 0.28857421875 0.2586055689541767 0.008510044642857142 0.02170576627932471
142 0.28822544642857145 0.3494847621135716 0.008649553571428572 0.012716509537382154
192 0.18715122767857142 0.36242052181539136 0.017717633928571428 0.028064021048015787
142 0.25711495535714285 0.3001534751151063 0.008928571428571428 0.014032010524007894
63 0.22579520089285715 0.30026310019732516 0.015485491071428572 0.013374260030695024
193 0.24881417410714285 0.4548344661258496 0.017438616071428572 0.027844770883578163
182 0.24839564732142858 0.34466125849594387 0.009068080357142858 0.013593510195132646
194 0.24881417410714285 0.7056566542424907 0.0166015625 0.027844770883578163
182 0.16043526785714285 0.7371190528392896 0.008370535714285714 0.013593510195132646
186 0.5902622767857143 0.11225608419206315 0.011439732142857142 0.015786011839508878
186 0.6678989955357143 0.23744792808594606 0.0107421875 0.016224512168384126
181 0.5669642857142857 0.8994737996053497 0.008649553571428572 0.023459767594825695
179 0.5101143973214286 0.5526200394650296 0.0166015625 0.018636263977197982
182 0.4716796875 0.550098662573997 0.008649553571428572 0.014032010524007894
14 0.40799386160714285 0.5300372725279544 0.008510044642857142 0.019951764963823723
178 0.38267299107142855 0.4246875685156764 0.015904017857142856 0.013593510195132646
63 0.4081333705357143 0.38642841482131113 0.008510044642857142 0.022144266608199955
195 0.40792410714285715 0.3286559964919974 0.015625 0.02455601841701381
192 0.42857142857142855 0.7374479280859461 0.017857142857142856 0.028283271212453408
195 0.46756417410714285 0.7374479280859461 0.015485491071428572 0.023459767594825695
185 0.2779017857142857 0.7279105459329095 0.006417410714285714 0.033764525323393996
32 0.20947265625 0.6401008550756413 0.009905133928571428 0.025213768910326683
102 0.20863560267857142 0.8354527515895637 0.008510044642857142 0.022582766937075203
180 0.62841796875 0.7374479280859461 0.0126953125 0.013374260030695024
184 0.6690150669642857 0.7279105459329095 0.006556919642857143 0.033764525323393996
193 0.6275111607142857 0.6124753343565008 0.018694196428571428 0.029160271870203903
60 0.5274135044642857 0.7069721552291164 0.0087890625 0.020828765621574215
188 0.5079520089285714 0.6748520061390046 0.008649553571428572 0.019294014470510854
191 0.48744419642857145 0.6340714755536067 0.013113839285714286 0.020609515457136594
186 0.16922433035714285 0.8970620477965359 0.009486607142857142 0.01775926331944749
182 0.2642299107142857 0.7996053497040123 0.008649553571428572 0.014032010524007894
196 0.30880301339285715 0.8000438500328875 0.017717633928571428 0.026748520061390047
196 0.34891183035714285 0.17485200613900462 0.017857142857142856 0.028283271212453408
175 0.32861328125 0.39728129796097345 0.008510044642857142 0.020609515457136594
189 0.5463169642857143 0.29993422495066874 0.020089285714285716 0.012716509537382154
178 0.32826450892857145 0.889388292041219 0.008649553571428572 0.019513264634948475
194 0.6863141741071429 0.7053277789958342 0.018275669642857144 0.02850252137689103
25 0.6854073660714286 0.644924358693269 0.010323660714285714 0.02039026529269897
179 0.6711774553571429 0.8023459767594826 0.015345982142857142 0.01907476430607323
195 0.6245814732142857 0.7999342249506687 0.017857142857142856 0.028283271212453408
60 0.5098353794642857 0.7371190528392896 0.012416294642857142 0.014032010524007894
187 0.6862444196428571 0.45614996711247535 0.008649553571428572 0.00723525542644157
192 0.6862444196428571 0.3915807936855953 0.018415178571428572 0.02894102170576628
14 0.4341517857142857 0.23744792808594606 0.012834821428571428 0.0131550098662574
192 0.38685825892857145 0.23733830300372724 0.017857142857142856 0.027844770883578163
188 0.44761439732142855 0.1437184827888621 0.015485491071428572 0.012058759044069283
188 0.28857421875 0.7842578381933787 0.014090401785714286 0.011401008550756413
193 0.3085239955357143 0.7374479280859461 0.017717633928571428 0.02696777022582767
32 0.47391183035714285 0.799166849375137 0.012276785714285714 0.015347511510633634
119 0.39522879464285715 0.8072791054593291 0.017299107142857144 0.028064021048015787
142 0.49658203125 0.9251260688445516 0.008231026785714286 0.01381276035957027
32 0.51123046875 0.799166849375137 0.012137276785714286 0.014909011181758386
14 0.40806361607142855 0.2693488270116203 0.008649553571428572 0.020828765621574215
187 0.5470842633928571 0.6123657092742819 0.004603794642857143 0.013593510195132646
191 0.5272042410714286 0.5783819337864503 0.011997767857142858 0.018855514141635606
181 0.52734375 0.5212672659504495 0.008370535714285714 0.02302126726595045
182 0.5272739955357143 0.44979171234378423 0.0087890625 0.01381276035957027
181 0.47147042410714285 0.424906818680114 0.013253348214285714 0.0131550098662574
14 0.42745535714285715 0.42501644376233283 0.013392857142857142 0.013374260030695024
195 0.6465541294642857 0.7087261565446175 0.015206473214285714 0.02433676825257619
178 0.6466936383928571 0.7723087042315282 0.0087890625 0.01907476430607323
190 0.6465541294642857 0.6683841262880947 0.007672991071428571 0.014251260688445516
142 0.6463448660714286 0.531462398596799 0.008649553571428572 0.0131550098662574
193 0.6465541294642857 0.39245779434334577 0.017996651785714284 0.028064021048015787
193 0.7056361607142857 0.29993422495066874 0.018136160714285716 0.02850252137689103
195 0.5863560267857143 0.29993422495066874 0.015904017857142856 0.02499451874588906
179 0.6706194196428571 0.36516114887086165 0.013950892857142858 0.018636263977197982
187 0.7260044642857143 0.6437184827888621 0.008649553571428572 0.007016005262003947
195 0.7050083705357143 0.7374479280859461 0.015485491071428572 0.023459767594825695
192 0.38720703125 0.6124753343565008 0.017996651785714284 0.028283271212453408
63 0.35400390625 0.6125849594387196 0.011579241071428572 0.013593510195132646
184 0.3221958705357143 0.5704889278666959 0.021344866071428572 0.010085507564130673
179 0.32666015625 0.5142512606884455 0.011858258928571428 0.019513264634948475
189 0.19035993303571427 0.23744792808594606 0.019949776785714284 0.015786011839508878