187 0.38650948660714285 0.29993422495066874 0.004603794642857143 0.013593510195132646
187 0.6748046875 0.6123657092742819 0.004464285714285714 0.013593510195132646
187 0.4476841517857143 0.11905283928962947 0.008649553571428572 0.007016005262003947
187 0.16252790178571427 0.23744792808594606 0.004464285714285714 0.013593510195132646
187 0.11858258928571429 0.8625301468976102 0.004464285714285714 0.013593510195132646
187 0.15506417410714285 0.36242052181539136 0.004603794642857143 0.013593510195132646
14 0.4076450892857143 0.4038588028941022 0.008370535714285714 0.018855514141635606
181 0.44754464285714285 0.3295329971497479 0.008649553571428572 0.019294014470510854
185 0.38448660714285715 0.55996491997369 0.006975446428571429 0.0328875246656435
181 0.38455636160714285 0.362639771979829 0.013532366071428572 0.013593510195132646
190 0.3480747767857143 0.36242052181539136 0.010881696428571428 0.013593510195132646
119 0.32393973214285715 0.21387853540890156 0.017857142857142856 0.02565226923920193
184 0.3524693080357143 0.16509537382153036 0.0068359375 0.03332602499451875
192 0.3086635044642857 0.6124753343565008 0.018275669642857144 0.028721771541328656
182 0.24867466517857142 0.5960315720236791 0.009068080357142858 0.013374260030695024
193 0.18896484375 0.5498794124095593 0.017717633928571428 0.026748520061390047
178 0.24881417410714285 0.7563034422275817 0.008510044642857142 0.022144266608199955
175 0.4224330357142857 0.2997149747862311 0.013113839285714286 0.013593510195132646
14 0.4476841517857143 0.38390703793027847 0.008649553571428572 0.020171015128261346
181 0.5047433035714286 0.424906818680114 0.011160714285714286 0.0131550098662574
188 0.5400390625 0.42501644376233283 0.007254464285714286 0.019951764963823723
175 0.12932477678571427 0.7730760798070598 0.008649553571428572 0.020171015128261346
191 0.234375 0.48739311554483666 0.013671875 0.021486516114887087
186 0.08991350446428571 0.39180004385003286 0.009905133928571428 0.01710151282613462
195 0.08970424107142858 0.33030037272527957 0.015345982142857142 0.02433676825257619
186 0.3681640625 0.4518745889059417 0.009765625 0.017978513483885114
177 0.3680943080357143 0.3978294233720675 0.008510044642857142 0.024775268581451435
188 0.40785435267857145 0.6521596141197106 0.011300223214285714 0.012935759701819776
60 0.3955078125 0.7374479280859461 0.012276785714285714 0.013374260030695024
177 0.34912109375 0.8627493970620478 0.012416294642857142 0.013593510195132646
181 0.3680943080357143 0.8282174961631221 0.008510044642857142 0.019513264634948475
191 0.4276646205357143 0.6749616312212234 0.010184151785714286 0.016005262003946502
32 0.45982142857142855 0.6737557553168165 0.015345982142857142 0.015786011839508878
194 0.3071986607142857 0.7999342249506687 0.017857142857142856 0.027406270554702915
177 0.23270089285714285 0.8001534751151064 0.011997767857142858 0.013374260030695024
180 0.18491908482142858 0.7998245998684499 0.013253348214285714 0.013593510195132646
195 0.08970424107142858 0.20839728129796098 0.017578125 0.027844770883578163
177 0.1083984375 0.17507125630344222 0.012276785714285714 0.013374260030695024
191 0.20905412946428573 0.2097127822845867 0.014090401785714286 0.022144266608199955
191 0.2275390625 0.23744792808594606 0.012555803571428572 0.0197325147993861
189 0.5458286830357143 0.23744792808594606 0.019949776785714284 0.014909011181758386
185 0.5021623883928571 0.18449901337426003 0.0068359375 0.03354527515895637
187 0.48744419642857145 0.20620477965358475 0.008649553571428572 0.00723525542644157
196 0.46707589285714285 0.23733830300372724 0.018973214285714284 0.029598772199079148
184 0.6128627232142857 0.27132207849155887 0.021484375 0.00986625739969305
175 0.5846819196428571 0.36242052181539136 0.01171875 0.013593510195132646
32 0.5440150669642857 0.3611050208287656 0.012137276785714286 0.015347511510633634
189 0.5272042410714286 0.3962946722210042 0.009207589285714286 0.031352773514580136
142 0.5669642857142857 0.4490243367682526 0.008649553571428572 0.014032010524007894
32 0.5460379464285714 0.2981802236351677 0.015904017857142856 0.015347511510633634
32 0.5055803571428571 0.298618723964043 0.012555803571428572 0.015786011839508878
176 0.46749441964285715 0.2993860995395747 0.015904017857142856 0.014251260688445516
179 0.5687081473214286 0.5121683841262881 0.011858258928571428 0.02104801578601184
32 0.6073521205357143 0.6377987283490463 0.009626116071428572 0.02236351677263758
142 0.28857421875 0.5160052620039465 0.0087890625 0.013374260030695024
183 0.30189732142857145 0.4185485639114229 0.006417410714285714 0.02587151940363955
119 0.34144810267857145 0.4178908134181101 0.017717633928571428 0.02718702039026529
178 0.2885044642857143 0.5768471826353869 0.008649553571428572 0.02104801578601184
184 0.25892857142857145 0.5598552948914711 0.006417410714285714 0.03310677483008112
196 0.5272042410714286 0.4557114667836001 0.017857142857142856 0.027844770883578163
32 0.5279017857142857 0.5149090111817584 0.009765625 0.020828765621574215
32 0.5397600446428571 0.6110502082876562 0.013671875 0.016663012497259374
180 0.6320452008928571 0.6124753343565008 0.0146484375 0.01381276035957027
175 0.5274135044642857 0.6491997368998027 0.0087890625 0.02367901775926332
177 0.5861467633928571 0.42501644376233283 0.014927455357142858 0.013374260030695024
119 0.6818498883928571 0.2160710370532778 0.017996651785714284 0.02039026529269897
25 0.6718052455357143 0.17660600745450558 0.012974330357142858 0.01644376233282175
180 0.6865234375 0.4529708397281298 0.008928571428571428 0.020171015128261346
195 0.6863141741071429 0.5212672659504495 0.017996651785714284 0.028283271212453408
190 0.6750139508928571 0.5499890374917781 0.008231026785714286 0.010743258057443543
191 0.62744140625 0.5498794124095593 0.011021205357142858 0.017540013155009866
195 0.5669642857142857 0.644376233282175 0.016183035714285716 0.025433019074764307
63 0.47279575892857145 0.17518088138566104 0.012555803571428572 0.013593510195132646
192 0.34654017857142855 0.6124753343565008 0.018136160714285716 0.028721771541328656
14 0.3075474330357143 0.48750274062705545 0.013253348214285714 0.013374260030695024
190 0.38511439732142855 0.6749616312212234 0.010463169642857142 0.015566761675071256
176 0.3681640625 0.7026967770225828 0.008649553571428572 0.018855514141635606
179 0.36990792410714285 0.7582766937075203 0.012137276785714286 0.027406270554702915
14 0.32840401785714285 0.5926331944748958 0.008649553571428572 0.017540013155009866
195 0.16929408482142858 0.32810787108090333 0.015206473214285714 0.02433676825257619
102 0.16922433035714285 0.2096031572023679 0.008649553571428572 0.01710151282613462
189 0.14878627232142858 0.11247533435650077 0.019949776785714284 0.015786011839508878
188 0.16929408482142858 0.4050646787985091 0.014090401785714286 0.012935759701819776
192 0.23053850446428573 0.424906818680114 0.017996651785714284 0.028064021048015787
191 0.26729910714285715 0.424906818680114 0.011997767857142858 0.018855514141635606
102 0.6466238839285714 0.5126068844551633 0.008649553571428572 0.021925016443762334
180 0.6468331473214286 0.4667836000877001 0.009068080357142858 0.0197325147993861
63 0.5938197544642857 0.3000438500328875 0.015485491071428572 0.013374260030695024
192 0.19035993303571427 0.8625301468976102 0.017717633928571428 0.026748520061390047
188 0.3154994419642857 0.7375575531681648 0.008510044642857142 0.019294014470510854
186 0.28822544642857145 0.8267923700942775 0.010881696428571428 0.017540013155009866
180 0.19301060267857142 0.23700942775707082 0.014927455357142858 0.014032010524007894
193 0.16922433035714285 0.4568077176057882 0.017578125 0.027844770883578163
192 0.5853794642857143 0.6749616312212234 0.017857142857142856 0.028283271212453408
183 0.60302734375 0.4486954615215961 0.017159598214285716 0.010743258057443543
185 0.5876813616071429 0.7472045604034203 0.006277901785714286 0.03332602499451875
176 0.4735630580357143 0.8002631001973252 0.011021205357142858 0.0131550098662574
176 0.5269949776785714 0.20171015128261346 0.008510044642857142 0.017978513483885114
60 0.5269252232142857 0.2742819557114668 0.008928571428571428 0.019294014470510854
181 0.28836495535714285 0.2624424468318351 0.008370535714285714 0.02455601841701381
183 0.29248046875 0.31429511072133304 0.0166015625 0.010304757728568297
182 0.21826171875 0.3617627713220785 0.008510044642857142 0.013593510195132646
190 0.18380301339285715 0.36242052181539136 0.009905133928571428 0.015786011839508878
175 0.08977399553571429 0.15150186362639773 0.008510044642857142 0.019294014470510854
195 0.1103515625 0.5498794124095593 0.016183035714285716 0.025433019074764307
63 0.08991350446428571 0.5799166849375137 0.008510044642857142 0.017978513483885114
187 0.10958426339285714 0.6123657092742819 0.004603794642857143 0.013593510195132646
190 0.14488002232142858 0.6124753343565008 0.0068359375 0.015566761675071256
63 0.18296595982142858 0.6120368340276255 0.011579241071428572 0.01381276035957027
181 0.48758370535714285 0.6454724841043631 0.008649553571428572 0.016663012497259374
60 0.47084263392857145 0.5497697873273405 0.013392857142857142 0.013374260030695024
179 0.48904854910714285 0.7748300811225608 0.011858258928571428 0.02499451874588906
142 0.42250279017857145 0.9257838193378645 0.008231026785714286 0.014251260688445516
189 0.5670340401785714 0.7042315281736461 0.010463169642857142 0.031572023679017756
175 0.5054408482142857 0.5498794124095593 0.013392857142857142 0.013593510195132646
32 0.14243861607142858 0.6736461302345976 0.013950892857142858 0.016005262003946502
178 0.1689453125 0.6510633632975225 0.008928571428571428 0.020828765621574215
195 0.150390625 0.7374479280859461 0.018136160714285716 0.028721771541328656