187 0.7149135044642857 0.31904866286716355 0.007672991071428571 0.006356861025865849
187 0.09647042410714286 0.5448268303375713 0.004045758928571429 0.012056115738711091
187 0.46993582589285715 0.3133494081543183 0.007672991071428571 0.006356861025865849
187 0.5749162946428571 0.8935773783428321 0.007533482142857143 0.006356861025865849
187 0.6099330357142857 0.2232573432704954 0.007533482142857143 0.006356861025865849
187 0.15492466517857142 0.7850723366944322 0.007672991071428571 0.006356861025865849
187 0.18484933035714285 0.5448268303375713 0.00390625 0.012056115738711091
187 0.6099330357142857 0.9222928540113985 0.007533482142857143 0.006356861025865849
187 0.11990792410714286 0.2982244629548444 0.007672991071428571 0.006356861025865849
187 0.32993861607142855 0.8336256028057869 0.007533482142857143 0.006137658921525646
187 0.15492466517857142 0.4039894782989917 0.007672991071428571 0.006137658921525646
187 0.19782366071428573 0.159798334064007 0.00390625 0.01183691363437089
14 0.5980050223214286 0.6001753616834722 0.012137276785714286 0.012275317843051293
102 0.56298828125 0.5998465585269619 0.012416294642857142 0.011617711530030689
63 0.6097935267857143 0.6881850065760632 0.0078125 0.019508987286277948
180 0.6100027901785714 0.7287373958790004 0.007672991071428571 0.019508987286277948
180 0.5899832589285714 0.7649057430951337 0.011439732142857142 0.012056115738711091
14 0.5205775669642857 0.7649057430951337 0.010184151785714286 0.012056115738711091
195 0.48695591517857145 0.7647961420429636 0.015764508928571428 0.02498903989478299
14 0.60986328125 0.5698158702323542 0.007393973214285714 0.021262604120999562
102 0.6100027901785714 0.4628452433143358 0.007672991071428571 0.01994739149495835
196 0.7149135044642857 0.4081543182814555 0.015206473214285714 0.024550635686102586
186 0.7149832589285714 0.457584392810171 0.008370535714285714 0.015124945199473916
175 0.69775390625 0.599956159579132 0.012416294642857142 0.01183691363437089
190 0.11990792410714286 0.5224682156948707 0.0068359375 0.015124945199473916
177 0.11976841517857142 0.5675142481367821 0.007672991071428571 0.01709776413853573
142 0.11969866071428571 0.6388645330995177 0.007533482142857143 0.011617711530030689
194 0.15492466517857142 0.4598860149057431 0.015485491071428572 0.024550635686102586
176 0.13706752232142858 0.4346777729066199 0.011021205357142858 0.01183691363437089
102 0.08482142857142858 0.3460105217010083 0.007533482142857143 0.015124945199473916
181 0.6798967633928571 0.9055238930293731 0.007393973214285714 0.019289785181937746
185 0.6521344866071429 0.8833844804910127 0.005719866071428571 0.029373081981587022
176 0.6253487723214286 0.8751644015782551 0.0126953125 0.011617711530030689
182 0.6321847098214286 0.819487067075844 0.007672991071428571 0.012056115738711091
196 0.6799665178571429 0.7908811924594477 0.016462053571428572 0.025865848312143797
180 0.6798967633928571 0.731587023235423 0.007393973214285714 0.015124945199473916
63 0.6268136160714286 0.7094476106970627 0.013392857142857142 0.012494519947391494
102 0.5750558035714286 0.6918018412976764 0.007533482142857143 0.01972818939061815
60 0.5749860491071429 0.6215475668566418 0.007393973214285714 0.015124945199473916
195 0.5234375 0.5997369574747917 0.013950892857142858 0.021920210434020166
177 0.5573381696428571 0.3248575186321789 0.013392857142857142 0.01183691363437089
187 0.62744140625 0.3248575186321789 0.004045758928571429 0.01183691363437089
183 0.6725027901785714 0.31948706707584396 0.005719866071428571 0.02345462516440158
177 0.5920758928571429 0.8750548005260851 0.010881696428571428 0.01183691363437089
186 0.5748465401785714 0.7963612450679527 0.009068080357142858 0.01578255151249452
191 0.5749162946428571 0.731587023235423 0.010044642857142858 0.015563349408154318
180 0.5259486607142857 0.6548662867163525 0.013113839285714286 0.011617711530030689
188 0.4903041294642857 0.6547566856641823 0.0068359375 0.018851380973257344
175 0.42320033482142855 0.6545374835598422 0.011858258928571428 0.012275317843051293
102 0.22495814732142858 0.1811705392371767 0.007393973214285714 0.019508987286277948
142 0.21763392857142858 0.48947829899167034 0.007533482142857143 0.01183691363437089
188 0.17034040178571427 0.48980710214818063 0.006696428571428571 0.016878562034195528
192 0.69677734375 0.9297457255589654 0.0166015625 0.026085050416484
196 0.6616908482142857 0.9297457255589654 0.015625 0.024331433581762384
176 0.7497907366071429 0.7483559842174485 0.007952008928571428 0.020166593599298552
195 0.7499302455357143 0.6808417360806663 0.013532366071428572 0.021481806225339763
195 0.7308872767857143 0.6547566856641823 0.015625 0.024550635686102586
195 0.7499302455357143 0.6265892152564665 0.015764508928571428 0.024769837790442787
119 0.7458844866071429 0.4066199035510741 0.015764508928571428 0.02104340201665936
63 0.7373046875 0.3796580447172293 0.01171875 0.01183691363437089
190 0.46993582589285715 0.7210653222270934 0.0087890625 0.013809732573432706
177 0.4522181919642857 0.819596668128014 0.011579241071428572 0.012275317843051293
181 0.5961216517857143 0.6548662867163525 0.009486607142857142 0.011617711530030689
63 0.25990513392857145 0.6718544498027181 0.007533482142857143 0.01797457255589654
195 0.20682198660714285 0.6548662867163525 0.013811383928571428 0.021701008329679965
179 0.26157924107142855 0.7350942569048663 0.010602678571428572 0.024769837790442787
175 0.17494419642857142 0.7645769399386234 0.012834821428571428 0.01183691363437089
32 0.6104213169642857 0.2928540113985094 0.008510044642857142 0.021920210434020166
192 0.5749162946428571 0.4084831214379658 0.015904017857142856 0.025208241999123193
192 0.5564313616071429 0.43478737395879 0.015764508928571428 0.024769837790442787
183 0.5784737723214286 0.5146865409907935 0.0146484375 0.008768084173608066
187 0.15492466517857142 0.7372862779482683 0.007672991071428571 0.006356861025865849
195 0.17354910714285715 0.709776413853573 0.015625 0.024550635686102586
187 0.18994140625 0.6822665497588777 0.007672991071428571 0.006356861025865849
25 0.18917410714285715 0.6191363437088996 0.009207589285714286 0.016878562034195528
179 0.20431082589285715 0.5975449364313897 0.014090401785714286 0.016659359929855327
177 0.23911830357142858 0.5995177553704516 0.009486607142857142 0.01183691363437089
186 0.6971261160714286 0.8748355984217449 0.010044642857142858 0.0131521262604121
142 0.11983816964285714 0.366286716352477 0.007533482142857143 0.012713722051731697
189 0.20772879464285715 0.32474791758000876 0.017578125 0.015124945199473916
186 0.18994140625 0.46613327487943884 0.008231026785714286 0.016001753616834723
175 0.22502790178571427 0.5731039017974573 0.007533482142857143 0.015563349408154318
176 0.09926060267857142 0.600065760631302 0.009905133928571428 0.012056115738711091
186 0.31131417410714285 0.5997369574747917 0.009347098214285714 0.013590530469092503
25 0.5202287946428571 0.8183910565541429 0.011160714285714286 0.015124945199473916
184 0.37032645089285715 0.5703638754932048 0.018833705357142856 0.008768084173608066
178 0.36488560267857145 0.6250548005260851 0.007393973214285714 0.01819377466023674
178 0.36495535714285715 0.4720517316966243 0.007533482142857143 0.017755370451556333
191 0.4203404017857143 0.43478737395879 0.010044642857142858 0.015563349408154318
186 0.5399693080357143 0.5165497588776852 0.007952008928571428 0.016001753616834723
178 0.5400390625 0.6307540552389302 0.007533482142857143 0.01994739149495835
14 0.5398297991071429 0.41001753616834724 0.007672991071428571 0.018632178868917142
194 0.5049525669642857 0.46427005699254714 0.015206473214285714 0.024550635686102586
189 0.5048828125 0.5179745725558965 0.008370535714285714 0.02761946514686541
195 0.294921875 0.5709118807540552 0.015904017857142856 0.024769837790442787
184 0.5344587053571429 0.83691363437089 0.018694196428571428 0.008768084173608066
181 0.20821707589285715 0.709776413853573 0.012974330357142858 0.01183691363437089
195 0.24281529017857142 0.709776413853573 0.013532366071428572 0.021481806225339763
185 0.16043526785714285 0.6970626918018413 0.018694196428571428 0.00920648838228847
25 0.09779575892857142 0.6534414730381412 0.010602678571428572 0.014905743095133712
182 0.10777064732142858 0.7650153441473038 0.007952008928571428 0.012275317843051293
183 0.14508928571428573 0.7592064883822884 0.005580357142857143 0.023016220955721176
60 0.0849609375 0.6331652783866725 0.007533482142857143 0.018632178868917142
192 0.6448800223214286 0.5197281893906182 0.015206473214285714 0.024550635686102586
119 0.6489955357142857 0.5746383165278387 0.015345982142857142 0.018632178868917142
194 0.39990234375 0.7384918895221394 0.015206473214285714 0.024550635686102586
63 0.39990234375 0.7841955282770715 0.007672991071428571 0.015124945199473916
191 0.3999720982142857 0.631521262604121 0.011439732142857142 0.01797457255589654
60 0.4218052455357143 0.599956159579132 0.012974330357142858 0.012713722051731697
142 0.2948521205357143 0.24046470846120122 0.007672991071428571 0.010960105217010083
32 0.29554966517857145 0.3558746163963174 0.008510044642857142 0.016001753616834723
193 0.2949916294642857 0.4090311266988163 0.015206473214285714 0.024550635686102586
178 0.29513113839285715 0.5092064883822884 0.007672991071428571 0.02104340201665936