187 0.5345982142857143 0.6968434896975011 0.005859375 0.004822446295484437
187 0.26534598214285715 0.9105655414291978 0.005859375 0.004822446295484437
187 0.5345982142857143 0.1299868478737396 0.005859375 0.004822446295484437
187 0.4906529017857143 0.0920648838228847 0.0030691964285714285 0.00920648838228847
187 0.46986607142857145 0.8535729943007453 0.0030691964285714285 0.00920648838228847
187 0.48074776785714285 0.8066637439719422 0.005859375 0.004822446295484437
187 0.7230050223214286 0.83691363437089 0.005719866071428571 0.004822446295484437
102 0.10379464285714286 0.3712187637001315 0.005859375 0.015563349408154318
14 0.10372488839285714 0.40146865409907934 0.005719866071428571 0.014686540990793511
192 0.10379464285714286 0.45243314335817625 0.011997767857142858 0.018851380973257344
183 0.10114397321428571 0.27082419991231915 0.011439732142857142 0.006795265234546251
189 0.14460100446428573 0.17667689609820253 0.013532366071428572 0.00920648838228847
185 0.17696707589285715 0.29712845243314334 0.004324776785714286 0.02257781674704077
192 0.19810267857142858 0.3035949145111793 0.012834821428571428 0.020166593599298552
119 0.22084263392857142 0.298882069267865 0.010044642857142858 0.018632178868917142
180 0.2549525669642857 0.21887330118369136 0.009905133928571428 0.00898728627794827
32 0.5258091517857143 0.6410565541429197 0.010044642857142858 0.010740903112669882
195 0.5345284598214286 0.61957474791758 0.010463169642857142 0.016440157825515125
190 0.5345284598214286 0.533757124068391 0.004603794642857143 0.00657606313020605
192 0.5487583705357143 0.5151249451994739 0.0126953125 0.01972818939061815
183 0.5690569196428571 0.5110697062691801 0.004464285714285714 0.017755370451556333
14 0.6014927455357143 0.5153441473038142 0.008510044642857142 0.00920648838228847
14 0.5345284598214286 0.4938623410784744 0.005719866071428571 0.013590530469092503
102 0.490234375 0.47303814116615517 0.008928571428571428 0.00920648838228847
179 0.6243024553571429 0.7670977641385357 0.011160714285714286 0.012932924156071899
184 0.6111188616071429 0.6618807540552389 0.014369419642857142 0.006795265234546251
179 0.6070033482142857 0.6437965804471723 0.010044642857142858 0.0131521262604121
181 0.5781947544642857 0.6417141604559404 0.010463169642857142 0.00898728627794827
32 0.5497349330357143 0.7681937746602368 0.0087890625 0.011179307321350284
119 0.41427176339285715 0.7737834283209118 0.010463169642857142 0.01841297676457694
180 0.7087751116071429 0.8109381850065761 0.008510044642857142 0.009425690486628672
142 0.6690848214285714 0.654427882507672 0.005859375 0.00898728627794827
196 0.6691545758928571 0.6205611573871109 0.012416294642857142 0.019289785181937746
185 0.6651088169642857 0.5746383165278387 0.0146484375 0.006795265234546251
60 0.6691545758928571 0.5311266988163086 0.005719866071428571 0.012713722051731697
175 0.6602260044642857 0.5151249451994739 0.008510044642857142 0.00920648838228847
193 0.6283482142857143 0.5151249451994739 0.012555803571428572 0.01972818939061815
183 0.6612025669642857 0.7732354230600613 0.004324776785714286 0.017755370451556333
195 0.49525669642857145 0.6843489697501096 0.012555803571428572 0.01972818939061815
142 0.5279017857142857 0.6845681718544498 0.005859375 0.00920648838228847
193 0.48067801339285715 0.6611135466900482 0.012416294642857142 0.01972818939061815
175 0.46805245535714285 0.6843489697501096 0.009207589285714286 0.008768084173608066
181 0.439453125 0.6841297676457694 0.008649553571428572 0.00920648838228847
63 0.4165736607142857 0.6842393686979396 0.009207589285714286 0.009425690486628672
189 0.33251953125 0.6843489697501096 0.013532366071428572 0.008329679964927663
193 0.26534598214285715 0.8741779921087243 0.011997767857142858 0.018851380973257344
60 0.22956194196428573 0.8534633932485752 0.009905133928571428 0.00898728627794827
196 0.26527622767857145 0.7883603682595353 0.012137276785714286 0.019070583077597545
184 0.271484375 0.7622753178430512 0.004464285714285714 0.02257781674704077
119 0.31605747767857145 0.7044059622972381 0.011858258928571428 0.01819377466023674
185 0.26109095982142855 0.6256028057869355 0.014369419642857142 0.007452871547566856
102 0.26527622767857145 0.5792415607189829 0.005998883928571429 0.016001753616834723
175 0.26513671875 0.5392371766768961 0.005998883928571429 0.01446733888645331
191 0.22530691964285715 0.472818939061815 0.007254464285714286 0.011398509425690487
192 0.5490373883928571 0.13448049101271373 0.012137276785714286 0.019070583077597545
119 0.53759765625 0.15640070144673388 0.011858258928571428 0.01819377466023674
191 0.5156947544642857 0.17678649715037265 0.0087890625 0.013809732573432706
178 0.49581473214285715 0.17678649715037265 0.009207589285714286 0.00898728627794827
188 0.4654017857142857 0.17678649715037265 0.005859375 0.016001753616834723
192 0.3863002232142857 0.17678649715037265 0.012555803571428572 0.019508987286277948
194 0.5345284598214286 0.24145111793073212 0.012137276785714286 0.019070583077597545
142 0.5345982142857143 0.28277071459886016 0.005859375 0.00920648838228847
176 0.49888392857142855 0.3038141166155195 0.008091517857142858 0.00920648838228847
182 0.4356166294642857 0.3031565103024989 0.005719866071428571 0.00920648838228847
14 0.255859375 0.17678649715037265 0.009486607142857142 0.00898728627794827
191 0.20124162946428573 0.17678649715037265 0.007114955357142857 0.011179307321350284
184 0.27427455357142855 0.1701008329679965 0.004464285714285714 0.02235861464270057
178 0.3350306919642857 0.17689609820254273 0.008231026785714286 0.00920648838228847
182 0.16866629464285715 0.21898290223586148 0.005859375 0.009644892590968873
192 0.14320591517857142 0.21909250328803156 0.012137276785714286 0.019070583077597545
194 0.39990234375 0.28156510302498905 0.012137276785714286 0.019070583077597545
182 0.3998325892857143 0.23575186321788688 0.005859375 0.00898728627794827
186 0.3872767857142857 0.21887330118369136 0.007533482142857143 0.010302498903989479
32 0.3588169642857143 0.21821569487067075 0.009207589285714286 0.010740903112669882
188 0.32631138392857145 0.21898290223586148 0.005580357142857143 0.017536168347216132
63 0.2753208705357143 0.21909250328803156 0.0107421875 0.009425690486628672
25 0.39913504464285715 0.1995835160017536 0.007533482142857143 0.016440157825515125
180 0.44056919642857145 0.0918456817185445 0.010323660714285714 0.00920648838228847
183 0.47279575892857145 0.08790004384042087 0.004464285714285714 0.017536168347216132
196 0.23842075892857142 0.19969311705392373 0.011997767857142858 0.018851380973257344
190 0.3046177455357143 0.30370451556334943 0.0068359375 0.007233669443226655
182 0.38748604910714285 0.3040333187198597 0.005719866071428571 0.00920648838228847
60 0.603515625 0.13426128890837352 0.0078125 0.00898728627794827
32 0.6160016741071429 0.16023673827268742 0.006556919642857143 0.01446733888645331
189 0.6153041294642857 0.24145111793073212 0.0048828125 0.021262604120999562
142 0.615234375 0.2750986409469531 0.005859375 0.008768084173608066
182 0.6535993303571429 0.3039237176676896 0.005859375 0.009425690486628672
25 0.6160714285714286 0.3181718544498027 0.007254464285714286 0.013371328364752301
180 0.572265625 0.3460105217010083 0.008649553571428572 0.00898728627794827
187 0.5479910714285714 0.3459009206488382 0.0030691964285714285 0.00920648838228847
194 0.49344308035714285 0.3460105217010083 0.011997767857142858 0.018632178868917142
185 0.41552734375 0.8467777290661991 0.004324776785714286 0.02235861464270057
194 0.4409877232142857 0.8534633932485752 0.011997767857142858 0.018632178868917142
32 0.4004603794642857 0.7056115738711092 0.0068359375 0.01709776413853573
196 0.3593052455357143 0.8535729943007453 0.0126953125 0.01972818939061815
190 0.48067801339285715 0.7444103463393249 0.004603794642857143 0.01052170100832968
177 0.49197823660714285 0.7265453748355984 0.007393973214285714 0.00898728627794827
186 0.5076032366071429 0.6614423498465585 0.006556919642857143 0.011617711530030689
177 0.4380580357142857 0.7268741779921087 0.008091517857142858 0.008768084173608066
196 0.41322544642857145 0.7266549758877685 0.012276785714285714 0.019289785181937746
184 0.3905552455357143 0.7332310390179746 0.004324776785714286 0.022797018851380975
186 0.3321010044642857 0.7267645769399387 0.007114955357142857 0.009864094695309075
60 0.3017578125 0.7267645769399387 0.008370535714285714 0.00898728627794827
189 0.17082868303571427 0.472818939061815 0.013532366071428572 0.012275317843051293
193 0.1435546875 0.472818939061815 0.012276785714285714 0.019289785181937746
142 0.21149553571428573 0.6720736519070583 0.006138392857142857 0.009644892590968873
195 0.27880859375 0.6842393686979396 0.010463169642857142 0.016440157825515125
195 0.21142578125 0.4084831214379658 0.0107421875 0.016878562034195528
192 0.21149553571428573 0.3245287154756686 0.012555803571428572 0.01994739149495835
181 0.18450055803571427 0.28803156510302497 0.005719866071428571 0.016220955721174924
183 0.6986607142857143 0.628233231039018 0.011439732142857142 0.0070144673388864535
184 0.2792271205357143 0.6355765015344147 0.004324776785714286 0.023016220955721176
186 0.30496651785714285 0.6420429636124507 0.007254464285714286 0.010083296799649276
192 0.19921875 0.6843489697501096 0.011997767857142858 0.01841297676457694
177 0.4266880580357143 0.4476106970626918 0.005998883928571429 0.014905743095133712
195 0.42689732142857145 0.4074967119684349 0.012276785714285714 0.019289785181937746
186 0.42703683035714285 0.3678211310828584 0.006696428571428571 0.01183691363437089
32 0.42752511160714285 0.4998903989478299 0.0068359375 0.015563349408154318
60 0.42696707589285715 0.5846120122753179 0.005998883928571429 0.01446733888645331
188 0.4873744419642857 0.515234546251644 0.004324776785714286 0.011617711530030689
60 0.6962193080357143 0.12067075843928102 0.005719866071428571 0.015124945199473916
196 0.6549944196428571 0.09217448487505481 0.012555803571428572 0.019508987286277948
179 0.6309988839285714 0.09381850065760632 0.011439732142857142 0.012713722051731697
102 0.6960797991071429 0.14850942569048664 0.005719866071428571 0.012494519947391494
191 0.6960797991071429 0.2396975010960105 0.007393973214285714 0.011617711530030689
142 0.6958705357142857 0.27126260412099956 0.005859375 0.009864094695309075
179 0.6861049107142857 0.17875931608943446 0.010881696428571428 0.012932924156071899
189 0.6275809151785714 0.17667689609820253 0.013532366071428572 0.00920648838228847
182 0.5702427455357143 0.17689609820254273 0.005719866071428571 0.009644892590968873
195 0.7230747767857143 0.7893467777290663 0.011997767857142858 0.018851380973257344
195 0.7085658482142857 0.7689609820254274 0.011997767857142858 0.018851380973257344
25 0.7220982142857143 0.7547128452433144 0.007533482142857143 0.015344147303814117
180 0.6153738839285714 0.5708022797018851 0.005859375 0.01578255151249452
192 0.6153041294642857 0.535949145111793 0.011300223214285714 0.018851380973257344
176 0.5987723214285714 0.4731477422183253 0.008649553571428572 0.00898728627794827
32 0.5783342633928571 0.4718325295922841 0.009626116071428572 0.011617711530030689
177 0.5467354910714286 0.47303814116615517 0.008649553571428572 0.00920648838228847
14 0.25132533482142855 0.8960982025427444 0.008510044642857142 0.00920648838228847
25 0.22719029017857142 0.7677553704515563 0.009068080357142858 0.011179307321350284
180 0.21135602678571427 0.7476983779044278 0.005859375 0.014905743095133712
181 0.18450055803571427 0.4882726874177992 0.005719866071428571 0.016001753616834723
188 0.3023158482142857 0.6843489697501096 0.005859375 0.012275317843051293
192 0.36063058035714285 0.472818939061815 0.012555803571428572 0.01972818939061815
192 0.44140625 0.472818939061815 0.011997767857142858 0.018851380973257344
195 0.30447823660714285 0.5574309513371328 0.010463169642857142 0.016220955721174924
191 0.25369698660714285 0.5574309513371328 0.008231026785714286 0.0131521262604121
32 0.22133091517857142 0.5567733450241122 0.009347098214285714 0.010960105217010083
187 0.373046875 0.24024550635686104 0.005859375 0.004822446295484437
190 0.29227120535714285 0.14839982463831652 0.005859375 0.009644892590968873
185 0.28159877232142855 0.14105655414291976 0.004324776785714286 0.02257781674704077
178 0.2529296875 0.13404208680403332 0.009486607142857142 0.00898728627794827
186 0.23842075892857142 0.15135905304690925 0.006138392857142857 0.012056115738711091
14 0.31912667410714285 0.20035072336694432 0.005719866071428571 0.0131521262604121
189 0.31912667410714285 0.15420868040333188 0.007672991071428571 0.021262604120999562
102 0.3091517857142857 0.1343708899605436 0.008370535714285714 0.00920648838228847
178 0.22802734375 0.13426128890837352 0.011021205357142858 0.00898728627794827
195 0.6422293526785714 0.23827268741779922 0.0126953125 0.01972818939061815
196 0.6422293526785714 0.1971722928540114 0.012416294642857142 0.019508987286277948
184 0.646484375 0.3711091626479614 0.014229910714285714 0.0070144673388864535
186 0.6422293526785714 0.4059622972380535 0.0068359375 0.01183691363437089
184 0.5926339285714286 0.1971722928540114 0.014229910714285714 0.006795265234546251
177 0.5882393973214286 0.24002630425252083 0.005719866071428571 0.01183691363437089
63 0.6026785714285714 0.30370451556334943 0.008091517857142858 0.00898728627794827
189 0.58837890625 0.32606313020605 0.007393973214285714 0.021262604120999562
176 0.29220145089285715 0.7485751863217887 0.005719866071428571 0.016220955721174924
175 0.29213169642857145 0.8382288469969311 0.005859375 0.012275317843051293
60 0.29227120535714285 0.8672731258220079 0.005859375 0.012932924156071899
190 0.07679966517857142 0.2512056115738711 0.004603794642857143 0.00920648838228847
119 0.08635602678571429 0.1297676457693994 0.009207589285714286 0.019289785181937746
14 0.07679966517857142 0.32266549758877683 0.005719866071428571 0.01183691363437089
194 0.07679966517857142 0.410894344585708 0.012137276785714286 0.019070583077597545
192 0.11732700892857142 0.43051293292415604 0.011997767857142858 0.018851380973257344
195 0.14501953125 0.43062253397632616 0.010463169642857142 0.016440157825515125