187 0.3081752232142857 0.0920648838228847 0.0030691964285714285 0.00920648838228847
187 0.22502790178571427 0.8958790004384042 0.0030691964285714285 0.00920648838228847
187 0.5884486607142857 0.7827707145988602 0.005859375 0.004822446295484437
187 0.45382254464285715 0.8274879438842613 0.005859375 0.004822446295484437
187 0.49204799107142855 0.8535729943007453 0.0030691964285714285 0.00920648838228847
187 0.07686941964285714 0.709776413853573 0.005859375 0.004822446295484437
187 0.07686941964285714 0.4938623410784744 0.005859375 0.004822446295484437
182 0.6691545758928571 0.6272468215694871 0.005719866071428571 0.00898728627794827
191 0.5767996651785714 0.6420429636124507 0.009347098214285714 0.014905743095133712
182 0.6691545758928571 0.4451994739149496 0.005719866071428571 0.009644892590968873
180 0.6691545758928571 0.3692459447610697 0.005719866071428571 0.013371328364752301
188 0.6550641741071429 0.3035949145111793 0.004603794642857143 0.01446733888645331
102 0.6153041294642857 0.6549758877685226 0.005719866071428571 0.012275317843051293
187 0.6153738839285714 0.7055019728189391 0.005859375 0.005041648399824638
194 0.6010044642857143 0.7266549758877685 0.011997767857142858 0.018851380973257344
60 0.5614536830357143 0.751096010521701 0.005719866071428571 0.012494519947391494
142 0.21149553571428573 0.4592284085927225 0.005859375 0.008768084173608066
187 0.22488839285714285 0.5151249451994739 0.0030691964285714285 0.00920648838228847
175 0.25111607142857145 0.5155633494081543 0.008928571428571428 0.009644892590968873
186 0.21163504464285715 0.5362779482683033 0.006417410714285714 0.012056115738711091
195 0.16999162946428573 0.6420429636124507 0.011021205357142858 0.01709776413853573
102 0.5182756696428571 0.6844585708022797 0.0078125 0.00898728627794827
196 0.5345284598214286 0.5783647523016221 0.012137276785714286 0.019070583077597545
193 0.49365234375 0.472818939061815 0.0126953125 0.020166593599298552
119 0.45068359375 0.2898947829899167 0.012137276785714286 0.015124945199473916
181 0.5740792410714286 0.3035949145111793 0.010044642857142858 0.00920648838228847
181 0.6019810267857143 0.3034853134590092 0.007533482142857143 0.009425690486628672
183 0.6359514508928571 0.29943007452871545 0.004324776785714286 0.017536168347216132
195 0.3729771205357143 0.3668347216133275 0.011858258928571428 0.019070583077597545
32 0.41280691964285715 0.4723805348531346 0.008649553571428572 0.011398509425690487
195 0.373046875 0.3237615081104779 0.010881696428571428 0.01709776413853573
102 0.373046875 0.27882507672073653 0.005859375 0.01578255151249452
60 0.3729771205357143 0.20583077597544935 0.005719866071428571 0.01578255151249452
195 0.373046875 0.15398947829899168 0.012276785714285714 0.019508987286277948
194 0.3583286830357143 0.1343708899605436 0.0126953125 0.01972818939061815
195 0.5205078125 0.472818939061815 0.010602678571428572 0.016659359929855327
192 0.5345284598214286 0.3665059184568172 0.011858258928571428 0.018851380973257344
63 0.52392578125 0.34579131959666815 0.008231026785714286 0.00898728627794827
193 0.466796875 0.3459009206488382 0.012555803571428572 0.01972818939061815
179 0.4413364955357143 0.34776413853572996 0.0107421875 0.012494519947391494
25 0.41280691964285715 0.34721613327487943 0.009207589285714286 0.01183691363437089
176 0.08754185267857142 0.515234546251644 0.009347098214285714 0.00898728627794827
102 0.1728515625 0.515234546251644 0.010323660714285714 0.00898728627794827
195 0.10379464285714286 0.6650591845681718 0.010602678571428572 0.016659359929855327
63 0.10372488839285714 0.7516440157825515 0.005719866071428571 0.0131521262604121
60 0.14767020089285715 0.7689609820254274 0.009905133928571428 0.008768084173608066
175 0.5076729910714286 0.3631082858395441 0.005859375 0.012056115738711091
102 0.5464564732142857 0.4727093380096449 0.008370535714285714 0.00898728627794827
142 0.5696149553571429 0.472818939061815 0.006138392857142857 0.00920648838228847
195 0.6027483258928571 0.472818939061815 0.0107421875 0.01709776413853573
188 0.3729771205357143 0.11157387110916264 0.009905133928571428 0.008329679964927663
142 0.3524693080357143 0.092393686979395 0.005719866071428571 0.009425690486628672
192 0.34605189732142855 0.3678211310828584 0.0126953125 0.020166593599298552
188 0.25844029017857145 0.43051293292415604 0.0048828125 0.01446733888645331
178 0.22642299107142858 0.4300745287154757 0.010881696428571428 0.00920648838228847
185 0.20354352678571427 0.43719859710653225 0.004185267857142857 0.02257781674704077
184 0.15345982142857142 0.5245506356861026 0.014508928571428572 0.0070144673388864535
187 0.15764508928571427 0.7055019728189391 0.005859375 0.005041648399824638
179 0.23723493303571427 0.530469092503288 0.008231026785714286 0.014905743095133712
184 0.3233119419642857 0.11288908373520386 0.014369419642857142 0.00657606313020605
183 0.3330078125 0.1303156510302499 0.004185267857142857 0.017755370451556333
196 0.3603515625 0.17667689609820253 0.012276785714285714 0.019289785181937746
179 0.3814174107142857 0.17481367821131083 0.011160714285714286 0.012932924156071899
195 0.44077845982142855 0.17678649715037265 0.012416294642857142 0.019508987286277948
189 0.31912667410714285 0.410894344585708 0.005161830357142857 0.021262604120999562
190 0.35707310267857145 0.43051293292415604 0.004603794642857143 0.010960105217010083
32 0.39027622767857145 0.4296361245067953 0.011021205357142858 0.01183691363437089
185 0.41671316964285715 0.4238272687417799 0.004464285714285714 0.02257781674704077
190 0.44461495535714285 0.43051293292415604 0.004185267857142857 0.01052170100832968
191 0.23835100446428573 0.7002411223147742 0.0087890625 0.013809732573432706
194 0.23842075892857142 0.6624287593160895 0.01171875 0.018851380973257344
190 0.23842075892857142 0.6115738711091626 0.005301339285714286 0.009644892590968873
185 0.5924944196428571 0.6580447172292854 0.014508928571428572 0.0070144673388864535
190 0.6337193080357143 0.6843489697501096 0.004324776785714286 0.00789127575624726
181 0.5884486607142857 0.6153003068829461 0.005859375 0.01183691363437089
195 0.5884486607142857 0.535949145111793 0.011997767857142858 0.018851380973257344
189 0.5884486607142857 0.49221832529592285 0.006138392857142857 0.021262604120999562
191 0.6692243303571429 0.2345462516440158 0.007533482142857143 0.01183691363437089
180 0.6692940848214286 0.2783866725120561 0.005719866071428571 0.01578255151249452
25 0.6288364955357143 0.17799210872424376 0.0087890625 0.010960105217010083
176 0.45375279017857145 0.18982902235861465 0.005719866071428571 0.014028934677772907
14 0.6306501116071429 0.38820692678649715 0.009347098214285714 0.00920648838228847
195 0.6005859375 0.38831652783866727 0.011997767857142858 0.018632178868917142
195 0.49344308035714285 0.43051293292415604 0.010881696428571428 0.01709776413853573
119 0.2891322544642857 0.32178868917141606 0.012137276785714286 0.01446733888645331
119 0.30970982142857145 0.12943884261288907 0.010881696428571428 0.019070583077597545
191 0.29227120535714285 0.3638754932047348 0.008928571428571428 0.014028934677772907
192 0.26527622767857145 0.5801183691363437 0.012137276785714286 0.019070583077597545
182 0.25439453125 0.6418237615081105 0.005440848214285714 0.00920648838228847
177 0.26548549107142855 0.452213941253836 0.006138392857142857 0.01183691363437089
189 0.27894810267857145 0.38820692678649715 0.013532366071428572 0.01052170100832968
192 0.1845703125 0.7893467777290663 0.01171875 0.018851380973257344
181 0.19893973214285715 0.7689609820254274 0.010044642857142858 0.008768084173608066
181 0.18450055803571427 0.8788908373520385 0.005998883928571429 0.015124945199473916
180 0.18443080357142858 0.917360806663744 0.005859375 0.013590530469092503
195 0.18450055803571427 0.7460543621218764 0.0107421875 0.016878562034195528
189 0.18450055803571427 0.6614423498465585 0.007114955357142857 0.021262604120999562
175 0.18443080357142858 0.5744191144234985 0.005859375 0.016001753616834723
102 0.21142578125 0.9197720298114862 0.005719866071428571 0.01578255151249452
193 0.22572544642857142 0.8535729943007453 0.011997767857142858 0.01841297676457694
188 0.23842075892857142 0.798991670320035 0.008649553571428572 0.00920648838228847
193 0.2513950892857143 0.9381850065760632 0.012276785714285714 0.019289785181937746
183 0.22635323660714285 0.9422402455063569 0.004324776785714286 0.017755370451556333
25 0.2646484375 0.8802060499780798 0.007254464285714286 0.015563349408154318
175 0.2652064732142857 0.7984436650591845 0.005859375 0.012056115738711091
175 0.5781947544642857 0.7687417799210873 0.007672991071428571 0.00920648838228847
183 0.5767996651785714 0.6885138097325735 0.004324776785714286 0.01797457255589654
185 0.47446986607142855 0.25482244629548445 0.004185267857142857 0.02257781674704077
192 0.45375279017857145 0.7894563787812363 0.012416294642857142 0.019508987286277948
195 0.4677036830357143 0.6843489697501096 0.0107421875 0.01709776413853573
102 0.5213448660714286 0.6421525646646208 0.010044642857142858 0.00898728627794827
183 0.4432896205357143 0.7308198158702324 0.004603794642857143 0.01797457255589654
63 0.6422991071428571 0.7062691801841298 0.005859375 0.013590530469092503
195 0.6422293526785714 0.5770495396755809 0.009905133928571428 0.016440157825515125
181 0.6422293526785714 0.49550635686102584 0.005719866071428571 0.012056115738711091
191 0.6422293526785714 0.7410127137220517 0.008231026785714286 0.012932924156071899
195 0.6283482142857143 0.8534633932485752 0.011997767857142858 0.018632178868917142
60 0.5491768973214286 0.8535729943007453 0.007672991071428571 0.00920648838228847
195 0.52099609375 0.8535729943007453 0.010463169642857142 0.015344147303814117
175 0.48067801339285715 0.277181060938185 0.005719866071428571 0.014248136782113108
178 0.48060825892857145 0.3601490574309513 0.005859375 0.013590530469092503
192 0.21149553571428573 0.7898947829899167 0.012555803571428572 0.01994739149495835
195 0.21142578125 0.8328583954405963 0.010463169642857142 0.016440157825515125
176 0.4810267857142857 0.7512056115738711 0.005859375 0.012275317843051293
189 0.52197265625 0.7689609820254274 0.013532366071428572 0.00789127575624726
60 0.5489676339285714 0.7686321788689171 0.008649553571428572 0.009425690486628672
190 0.48067801339285715 0.6605655414291978 0.0068359375 0.011617711530030689
102 0.48074776785714285 0.6266988163086366 0.005859375 0.0131521262604121
25 0.4906529017857143 0.5139193336256028 0.010044642857142858 0.012056115738711091
185 0.6111188616071429 0.23860149057430952 0.014369419642857142 0.0076720736519070585
196 0.6153041294642857 0.19618588338448048 0.012416294642857142 0.019289785181937746
195 0.6153738839285714 0.3690267426567295 0.010323660714285714 0.016440157825515125
175 0.6153041294642857 0.448925909688733 0.005998883928571429 0.014028934677772907
195 0.15764508928571427 0.4494739149495835 0.011160714285714286 0.01731696624287593
32 0.16803850446428573 0.42941692240245505 0.0107421875 0.010960105217010083
190 0.11781529017857142 0.6420429636124507 0.004324776785714286 0.00657606313020605