187 0.5999581473214286 0.23744792808594606 0.004603794642857143 0.013593510195132646
187 0.6594587053571429 0.36242052181539136 0.004464285714285714 0.013593510195132646
187 0.12946428571428573 0.8830300372725279 0.008649553571428572 0.00723525542644157
187 0.15945870535714285 0.36242052181539136 0.004464285714285714 0.013593510195132646
187 0.5272042410714286 0.7449024336768253 0.008649553571428572 0.00723525542644157
187 0.48744419642857145 0.9108748081561061 0.008649553571428572 0.00723525542644157
187 0.12165178571428571 0.8000438500328875 0.004464285714285714 0.013593510195132646
187 0.646484375 0.5620477965358474 0.008649553571428572 0.00723525542644157
182 0.1162109375 0.8625301468976102 0.008370535714285714 0.013593510195132646
119 0.18429129464285715 0.6677263757947819 0.014508928571428572 0.027844770883578163
192 0.26988002232142855 0.6749616312212234 0.017717633928571428 0.027844770883578163
187 0.16922433035714285 0.5812321859241394 0.008649553571428572 0.007016005262003947
182 0.1787109375 0.4872834904626179 0.008370535714285714 0.01381276035957027
14 0.26625279017857145 0.4872834904626179 0.011579241071428572 0.013374260030695024
193 0.6067243303571429 0.2087261565446174 0.01953125 0.030695023021267268
60 0.6065848214285714 0.2621135715851787 0.008928571428571428 0.022144266608199955
187 0.6067243303571429 0.33117737338303005 0.008649553571428572 0.00723525542644157
60 0.5848214285714286 0.11236570927428195 0.01171875 0.013374260030695024
190 0.5409458705357143 0.11236570927428195 0.0068359375 0.012935759701819776
32 0.5121372767857143 0.1109405832054374 0.015066964285714286 0.016224512168384126
60 0.46351841517857145 0.11247533435650077 0.014090401785714286 0.0131550098662574
188 0.43275669642857145 0.11236570927428195 0.007254464285714286 0.020828765621574215
191 0.3950892857142857 0.11247533435650077 0.011160714285714286 0.017540013155009866
179 0.30545479910714285 0.11521596141197106 0.016880580357142856 0.018636263977197982
182 0.27615792410714285 0.11225608419206315 0.0087890625 0.014032010524007894
183 0.10777064732142858 0.41876781407586056 0.006277901785714286 0.0263100197325148
195 0.23025948660714285 0.36242052181539136 0.0185546875 0.029379522034641527
192 0.10993303571428571 0.48739311554483666 0.018415178571428572 0.02894102170576628
142 0.08928571428571429 0.516334137250603 0.008649553571428572 0.013593510195132646
192 0.08970424107142858 0.583205437404078 0.018415178571428572 0.02894102170576628
184 0.09584263392857142 0.8345757509318132 0.021484375 0.00986625739969305
142 0.46805245535714285 0.550098662573997 0.008649553571428572 0.014032010524007894
190 0.3760463169642857 0.5499890374917781 0.006277901785714286 0.014251260688445516
142 0.48716517857142855 0.4397062047796536 0.008649553571428572 0.013374260030695024
185 0.5334821428571429 0.3209822407366806 0.021205357142857144 0.01052400789300592
187 0.50732421875 0.48739311554483666 0.004603794642857143 0.013593510195132646
195 0.5885184151785714 0.36242052181539136 0.017717633928571428 0.02762552071914054
142 0.6466238839285714 0.7110282832712125 0.009207589285714286 0.01447051085288314
119 0.6419503348214286 0.6513922385441789 0.017438616071428572 0.0197325147993861
32 0.5480608258928571 0.6109405832054374 0.015485491071428572 0.01644376233282175
177 0.5099748883928571 0.6124753343565008 0.011579241071428572 0.013374260030695024
196 0.46547154017857145 0.6124753343565008 0.017717633928571428 0.027406270554702915
25 0.3271484375 0.8287656215742162 0.010602678571428572 0.020171015128261346
184 0.3505859375 0.852773514580136 0.006417410714285714 0.03354527515895637
178 0.4307338169642857 0.8623108967331725 0.013532366071428572 0.013593510195132646
32 0.32875279017857145 0.7734049550537163 0.010184151785714286 0.02039026529269897
186 0.32847377232142855 0.7047796535847402 0.010184151785714286 0.01775926331944749
194 0.40792410714285715 0.6437184827888621 0.018136160714285716 0.02850252137689103
190 0.4248046875 0.7374479280859461 0.009486607142857142 0.00986625739969305
102 0.4873744419642857 0.6358254768691076 0.008510044642857142 0.020609515457136594
32 0.39181082589285715 0.7990572242929183 0.011579241071428572 0.015566761675071256
186 0.3447963169642857 0.8001534751151064 0.0107421875 0.015566761675071256
188 0.16922433035714285 0.32854637140977855 0.013671875 0.012935759701819776
182 0.6067243303571429 0.4050646787985091 0.008649553571428572 0.014689761017320764
194 0.5857282366071429 0.42501644376233283 0.018833705357142856 0.029598772199079148
188 0.46693638392857145 0.42501644376233283 0.008649553571428572 0.02433676825257619
60 0.24867466517857142 0.5753124314843236 0.008510044642857142 0.020609515457136594
142 0.3159877232142857 0.8000438500328875 0.008649553571428572 0.013593510195132646
119 0.34619140625 0.543082657311993 0.017159598214285716 0.02894102170576628
181 0.18268694196428573 0.8623108967331725 0.0107421875 0.0131550098662574
119 0.20452008928571427 0.7714317035737777 0.017857142857142856 0.027406270554702915
179 0.20731026785714285 0.703683402762552 0.01171875 0.025213768910326683
189 0.22809709821428573 0.29993422495066874 0.020089285714285716 0.01447051085288314
14 0.3929966517857143 0.23711905283928963 0.01171875 0.013374260030695024
187 0.2885044642857143 0.33117737338303005 0.008649553571428572 0.00723525542644157
186 0.28843470982142855 0.3891690418767814 0.009626116071428572 0.016663012497259374
194 0.208984375 0.3317254987941241 0.018136160714285716 0.02850252137689103
194 0.18798828125 0.36242052181539136 0.018833705357142856 0.029818022363516772
177 0.20912388392857142 0.21069940802455603 0.008649553571428572 0.02455601841701381
60 0.208984375 0.13692172769129576 0.008370535714285714 0.019951764963823723
183 0.22698102678571427 0.1062267046700285 0.006417410714285714 0.026090769568077175
175 0.5274135044642857 0.7163999122999343 0.0087890625 0.018197763648322735
175 0.5271344866071429 0.6474457355843017 0.008510044642857142 0.017978513483885114
60 0.5272042410714286 0.5828765621574216 0.008928571428571428 0.022144266608199955
192 0.5272042410714286 0.5176496382372286 0.018136160714285716 0.02850252137689103
188 0.72607421875 0.3318351238763429 0.017159598214285716 0.010743258057443543
181 0.7035435267857143 0.2998245998684499 0.012834821428571428 0.013374260030695024
176 0.6261858258928571 0.29949572462179347 0.013532366071428572 0.0131550098662574
178 0.5846121651785714 0.29993422495066874 0.013811383928571428 0.013593510195132646
175 0.548828125 0.2998245998684499 0.010881696428571428 0.01381276035957027
25 0.50732421875 0.30146897610173207 0.014927455357142858 0.01710151282613462
183 0.5352957589285714 0.4935321201490901 0.006417410714285714 0.0263100197325148
193 0.24881417410714285 0.4591098443323833 0.018275669642857144 0.02850252137689103
188 0.15485491071428573 0.23744792808594606 0.008649553571428572 0.0263100197325148
184 0.1357421875 0.2838193378645034 0.021205357142857144 0.00986625739969305
189 0.48744419642857145 0.26901995176496385 0.010881696428571428 0.031572023679017756
102 0.48716517857142855 0.8420302565226924 0.008649553571428572 0.017320762990572242
193 0.5080217633928571 0.6749616312212234 0.017717633928571428 0.027844770883578163
179 0.5484793526785714 0.6727691295768472 0.014927455357142858 0.019951764963823723
187 0.6266043526785714 0.6749616312212234 0.004603794642857143 0.013374260030695024
182 0.22914341517857142 0.862639771979829 0.0087890625 0.01381276035957027
176 0.27608816964285715 0.5498794124095593 0.011439732142857142 0.0131550098662574
189 0.28857421875 0.516882262661697 0.009905133928571428 0.031352773514580136
184 0.6005859375 0.7655119491339618 0.021205357142857144 0.010743258057443543
189 0.6067940848214286 0.7056566542424907 0.009068080357142858 0.031352773514580136
188 0.6067243303571429 0.8215303661477746 0.012276785714285714 0.013593510195132646
189 0.5451311383928571 0.8624205218153914 0.019949776785714284 0.014251260688445516
195 0.5069754464285714 0.8624205218153914 0.016462053571428572 0.026090769568077175
175 0.4234095982142857 0.6124753343565008 0.011997767857142858 0.013374260030695024
177 0.47133091517857145 0.8001534751151064 0.014927455357142858 0.013374260030695024
142 0.43812779017857145 0.6747423810567857 0.008510044642857142 0.01381276035957027
189 0.34800502232142855 0.6749616312212234 0.019949776785714284 0.014251260688445516
182 0.32833426339285715 0.515128261346196 0.008510044642857142 0.013374260030695024
191 0.3680943080357143 0.8231747423810568 0.011300223214285714 0.01775926331944749
191 0.30824497767857145 0.8625301468976102 0.012416294642857142 0.0197325147993861
194 0.38985770089285715 0.7374479280859461 0.017717633928571428 0.02696777022582767