187 0.45361328125 0.8747259973695748 0.004045758928571429 0.012056115738711091
187 0.6588309151785714 0.7647961420429636 0.004045758928571429 0.01183691363437089
187 0.5398995535714286 0.6626479614204296 0.007533482142857143 0.006137658921525646
187 0.14732142857142858 0.48980710214818063 0.00390625 0.012056115738711091
187 0.12716238839285715 0.2698377904427883 0.004045758928571429 0.01183691363437089
187 0.09019252232142858 0.5448268303375713 0.004045758928571429 0.012056115738711091
187 0.25990513392857145 0.14039894782989917 0.007533482142857143 0.006356861025865849
181 0.4898158482142857 0.8749451994739149 0.012555803571428572 0.012056115738711091
178 0.49148995535714285 0.8203638754932048 0.013392857142857142 0.011617711530030689
179 0.5383649553571429 0.7919772029811486 0.010602678571428572 0.024112231477422183
188 0.5992606026785714 0.7647961420429636 0.005998883928571429 0.01578255151249452
176 0.4886997767857143 0.6001753616834722 0.010881696428571428 0.012275317843051293
184 0.5871233258928571 0.5910784743533538 0.005719866071428571 0.02915387987724682
183 0.49204799107142855 0.49528715475668567 0.005859375 0.023016220955721176
102 0.46993582589285715 0.8511617711530031 0.007393973214285714 0.01709776413853573
60 0.46986607142857145 0.7841955282770715 0.007533482142857143 0.016878562034195528
180 0.4560546875 0.6545374835598422 0.01171875 0.012275317843051293
191 0.41064453125 0.6547566856641823 0.0107421875 0.01709776413853573
180 0.52685546875 0.7645769399386234 0.013253348214285714 0.01183691363437089
142 0.5398995535714286 0.5789127575624726 0.007533482142857143 0.011398509425690487
192 0.5217633928571429 0.5997369574747917 0.016462053571428572 0.025865848312143797
192 0.5398995535714286 0.6297676457693994 0.016183035714285716 0.025427444103463395
185 0.49462890625 0.6633055677334503 0.005719866071428571 0.029373081981587022
180 0.6448800223214286 0.7893467777290663 0.007393973214285714 0.01841297676457694
195 0.5555943080357143 0.9297457255589654 0.0166015625 0.026085050416484
32 0.517578125 0.9285401139850943 0.011997767857142858 0.01446733888645331
181 0.5048828125 0.7291758000876808 0.007533482142857143 0.019508987286277948
181 0.6686662946428571 0.5997369574747917 0.013392857142857142 0.01183691363437089
175 0.6800362723214286 0.4591188075405524 0.007672991071428571 0.01819377466023674
60 0.6797572544642857 0.41571679088119246 0.007672991071428571 0.021701008329679965
195 0.6990094866071429 0.3248575186321789 0.013532366071428572 0.020604997807978958
142 0.6589006696428571 0.4895879000438404 0.007533482142857143 0.012494519947391494
187 0.5574079241071429 0.48980710214818063 0.004045758928571429 0.012056115738711091
60 0.5400390625 0.4587900043840421 0.007533482142857143 0.018851380973257344
119 0.5218331473214286 0.44103463393248576 0.012137276785714286 0.024112231477422183
14 0.43505859375 0.46832529592284083 0.007672991071428571 0.02082419991231916
184 0.4403599330357143 0.5843928101709777 0.018833705357142856 0.00920648838228847
187 0.45242745535714285 0.5997369574747917 0.00390625 0.01183691363437089
14 0.12004743303571429 0.6276852257781674 0.007393973214285714 0.01819377466023674
185 0.20710100446428573 0.5911880754055239 0.005719866071428571 0.029373081981587022
25 0.31570870535714285 0.5982025427444103 0.010323660714285714 0.015344147303814117
182 0.3999720982142857 0.7331214379658044 0.0078125 0.011617711530030689
179 0.3983677455357143 0.6756904866286716 0.0107421875 0.01994739149495835
32 0.6105608258928571 0.18960982025427445 0.0087890625 0.020604997807978958
102 0.5988420758928571 0.15968873301183692 0.0107421875 0.011617711530030689
177 0.5606166294642857 0.15990793511617712 0.012974330357142858 0.011617711530030689
189 0.6099330357142857 0.298882069267865 0.009207589285714286 0.027838667251205613
102 0.6312779017857143 0.32474791758000876 0.013392857142857142 0.011617711530030689
191 0.6568777901785714 0.32474791758000876 0.011579241071428572 0.01819377466023674
188 0.6099330357142857 0.34754493643138973 0.014787946428571428 0.010740903112669882
32 0.5231584821428571 0.37856203419552825 0.012276785714285714 0.014028934677772907
189 0.4857700892857143 0.37976764576939936 0.017578125 0.012056115738711091
190 0.39990234375 0.80436212187637 0.007952008928571428 0.00898728627794827
188 0.39990234375 0.6249451994739149 0.014369419642857142 0.01052170100832968
32 0.34305245535714285 0.6536606751424814 0.011160714285714286 0.013590530469092503
25 0.37569754464285715 0.6528934677772906 0.011439732142857142 0.015563349408154318
177 0.32993861607142855 0.5704734765453748 0.007533482142857143 0.02082419991231916
185 0.32435825892857145 0.5035072336694433 0.018415178571428572 0.008768084173608066
182 0.32986886160714285 0.40092064883822887 0.007672991071428571 0.012275317843051293
188 0.32993861607142855 0.3577378342832091 0.01171875 0.010083296799649276
195 0.3114536830357143 0.32474791758000876 0.013811383928571428 0.021701008329679965
192 0.27608816964285715 0.32474791758000876 0.015625 0.02389302937308198
192 0.24288504464285715 0.3248575186321789 0.015625 0.024112231477422183
188 0.22488839285714285 0.3585050416483998 0.014787946428571428 0.009425690486628672
177 0.23988560267857142 0.3802060499780798 0.012416294642857142 0.011617711530030689
180 0.25990513392857145 0.5202761946514687 0.007533482142857143 0.016878562034195528
188 0.25990513392857145 0.3386672512056116 0.013950892857142858 0.010083296799649276
182 0.22495814732142858 0.45199473914949584 0.007672991071428571 0.011398509425690487
25 0.22593470982142858 0.5243314335817624 0.009347098214285714 0.02104340201665936
191 0.203125 0.5448268303375713 0.010881696428571428 0.016878562034195528
183 0.25648716517857145 0.2915387987724682 0.0146484375 0.008768084173608066
190 0.25990513392857145 0.24484875054800526 0.007533482142857143 0.011398509425690487
14 0.5751255580357143 0.1323980710214818 0.007393973214285714 0.01972818939061815
63 0.5973772321428571 0.10488820692678649 0.011439732142857142 0.012494519947391494
102 0.6593191964285714 0.10488820692678649 0.010881696428571428 0.011617711530030689
187 0.5749162946428571 0.1873081981587023 0.007533482142857143 0.006356861025865849
176 0.5749860491071429 0.2884699693117054 0.007393973214285714 0.018851380973257344
32 0.470703125 0.3478737395879 0.008928571428571428 0.01578255151249452
190 0.46993582589285715 0.2809074967119684 0.008510044642857142 0.013809732573432706
196 0.48793247767857145 0.2698377904427883 0.015485491071428572 0.023235423060061378
189 0.5235770089285714 0.2698377904427883 0.017578125 0.010083296799649276
185 0.6029575892857143 0.2609601052170101 0.005859375 0.02915387987724682
175 0.47042410714285715 0.23882069267864972 0.007533482142857143 0.019508987286277948
187 0.46993582589285715 0.1322884699693117 0.007672991071428571 0.006356861025865849
192 0.18994140625 0.46196843489697503 0.015764508928571428 0.024769837790442787
193 0.18987165178571427 0.40618149934239367 0.016183035714285716 0.025427444103463395
142 0.18994140625 0.33855765015344147 0.007952008928571428 0.011179307321350284
191 0.18994140625 0.5226874177992109 0.011021205357142858 0.01731696624287593
32 0.19056919642857142 0.5646646207803595 0.009207589285714286 0.021481806225339763
180 0.18994140625 0.6242875931608943 0.007393973214285714 0.020604997807978958
193 0.18994140625 0.6843489697501096 0.015764508928571428 0.02498903989478299
25 0.19098772321428573 0.7355326611135466 0.009486607142857142 0.021701008329679965
186 0.5216936383928571 0.5448268303375713 0.009626116071428572 0.014686540990793511
194 0.18994140625 0.7929636124506795 0.0166015625 0.026085050416484
119 0.20633370535714285 0.8135686102586585 0.015066964285714286 0.024331433581762384
184 0.23256138392857142 0.8111573871109162 0.005580357142857143 0.02915387987724682
178 0.3812779017857143 0.8199254712845243 0.012276785714285714 0.012056115738711091
192 0.24351283482142858 0.48980710214818063 0.015764508928571428 0.024769837790442787
181 0.20417131696428573 0.37976764576939936 0.012416294642857142 0.012056115738711091
60 0.51953125 0.1049978079789566 0.011439732142857142 0.01183691363437089
195 0.5049525669642857 0.13480929416922402 0.015485491071428572 0.024550635686102586
188 0.5048828125 0.1962954844366506 0.012834821428571428 0.009864094695309075
195 0.5049525669642857 0.29800526085050416 0.013811383928571428 0.021701008329679965
183 0.5083705357142857 0.33603682595352913 0.014787946428571428 0.009644892590968873
32 0.5227399553571429 0.32343270495396753 0.013113839285714286 0.014248136782113108
184 0.5666155133928571 0.3164182376150811 0.005719866071428571 0.029592284085927224
196 0.5935407366071429 0.3248575186321789 0.015485491071428572 0.024550635686102586
191 0.7149135044642857 0.13678211310828584 0.011300223214285714 0.017536168347216132
142 0.6954520089285714 0.10477860587461639 0.007254464285714286 0.012713722051731697
179 0.6959402901785714 0.16220955721174923 0.014369419642857142 0.016659359929855327
179 0.5264369419642857 0.16199035510740903 0.011858258928571428 0.016659359929855327
182 0.7149832589285714 0.18796580447172292 0.0078125 0.012056115738711091
177 0.69775390625 0.21514686540990793 0.009626116071428572 0.011617711530030689
176 0.6798967633928571 0.2928540113985094 0.007952008928571428 0.02104340201665936
196 0.7149135044642857 0.3524769837790443 0.016043526785714284 0.02498903989478299
195 0.7149832589285714 0.4622972380534853 0.013392857142857142 0.021481806225339763
186 0.6099330357142857 0.4571459886014906 0.008091517857142858 0.014686540990793511
192 0.294921875 0.2997588776852258 0.015904017857142856 0.024769837790442787
25 0.29603794642857145 0.3414072775098641 0.009207589285714286 0.01994739149495835
192 0.34835379464285715 0.3798772468215695 0.016183035714285716 0.025427444103463395
190 0.39083426339285715 0.3798772468215695 0.007952008928571428 0.011398509425690487
196 0.17354910714285715 0.32474791758000876 0.015904017857142856 0.025208241999123193
195 0.11997767857142858 0.4633932485751863 0.015625 0.024550635686102586
188 0.7149135044642857 0.5196185883384481 0.013253348214285714 0.010740903112669882
60 0.64501953125 0.6272468215694871 0.007672991071428571 0.016001753616834723
184 0.7202845982142857 0.8005260850504164 0.018694196428571428 0.008768084173608066
102 0.6670619419642857 0.8193774660236738 0.012974330357142858 0.012275317843051293
196 0.7149832589285714 0.7344366505918457 0.015625 0.024331433581762384
183 0.6974051339285714 0.6601271372205173 0.005859375 0.02345462516440158
189 0.6799665178571429 0.6251644015782551 0.010044642857142858 0.02761946514686541
176 0.6630161830357143 0.6548662867163525 0.010184151785714286 0.011617711530030689