187 0.10205078125 0.23744792808594606 0.004603794642857143 0.013593510195132646
187 0.5735909598214286 0.1749616312212234 0.004603794642857143 0.013593510195132646
187 0.7025669642857143 0.9250164437623328 0.004464285714285714 0.013593510195132646
187 0.11007254464285714 0.6749616312212234 0.004464285714285714 0.013374260030695024
187 0.11837332589285714 0.5498794124095593 0.004603794642857143 0.013593510195132646
187 0.12095424107142858 0.36242052181539136 0.004464285714285714 0.013593510195132646
187 0.09640066964285714 0.8625301468976102 0.004464285714285714 0.013593510195132646
185 0.5208565848214286 0.5860556895417671 0.021065848214285716 0.010085507564130673
192 0.5272042410714286 0.5185266388949792 0.018415178571428572 0.02894102170576628
193 0.5272042410714286 0.4532997149747862 0.018973214285714284 0.030037272527954396
195 0.5272042410714286 0.7090550317912738 0.015904017857142856 0.02499451874588906
190 0.5713588169642857 0.42501644376233283 0.010463169642857142 0.010743258057443543
178 0.6301618303571429 0.5495505371629029 0.013950892857142858 0.013374260030695024
186 0.5442243303571429 0.5497697873273405 0.010602678571428572 0.015566761675071256
193 0.6465541294642857 0.6438281078710809 0.017438616071428572 0.027844770883578163
190 0.6558314732142857 0.7374479280859461 0.009207589285714286 0.01644376233282175
192 0.6862444196428571 0.7046700285025214 0.018415178571428572 0.02894102170576628
178 0.6736188616071429 0.6749616312212234 0.0166015625 0.013374260030695024
184 0.6402762276785714 0.5367244025433019 0.021065848214285716 0.010085507564130673
25 0.6852678571428571 0.4651392238544179 0.01171875 0.02302126726595045
63 0.6065848214285714 0.20510852883139663 0.008649553571428572 0.02302126726595045
180 0.6068638392857143 0.26638894979171235 0.008649553571428572 0.01710151282613462
178 0.5813337053571429 0.362639771979829 0.014229910714285714 0.013593510195132646
63 0.5860072544642857 0.2997149747862311 0.011579241071428572 0.014032010524007894
175 0.3545619419642857 0.29993422495066874 0.011021205357142858 0.0131550098662574
142 0.30845424107142855 0.9245779434334576 0.008091517857142858 0.013593510195132646
190 0.2842494419642857 0.9250164437623328 0.007672991071428571 0.010085507564130673
183 0.3641880580357143 0.8243806182854637 0.0166015625 0.010085507564130673
196 0.3470982142857143 0.7375575531681648 0.018415178571428572 0.02894102170576628
195 0.30698939732142855 0.7374479280859461 0.017717633928571428 0.027844770883578163
192 0.14732142857142858 0.29993422495066874 0.018694196428571428 0.029379522034641527
192 0.32840401785714285 0.4540670905503179 0.018415178571428572 0.02894102170576628
183 0.23102678571428573 0.3687787765840824 0.006417410714285714 0.02587151940363955
183 0.20521763392857142 0.3297522473141855 0.017020089285714284 0.010085507564130673
184 0.1962890625 0.24720456040342031 0.006696428571428571 0.03310677483008112
192 0.6863141741071429 0.3310677483008112 0.018275669642857144 0.02850252137689103
183 0.6824079241071429 0.25235693926770447 0.016880580357142856 0.010085507564130673
142 0.6862444196428571 0.18723964042973032 0.008649553571428572 0.014032010524007894
180 0.6651785714285714 0.17507125630344222 0.015345982142857142 0.01381276035957027
195 0.6258370535714286 0.1749616312212234 0.015625 0.02455601841701381
32 0.5675920758928571 0.44781846086384564 0.009626116071428572 0.018197763648322735
119 0.5715680803571429 0.5073448805086603 0.017857142857142856 0.02324051743038807
184 0.7322823660714286 0.8856610392457794 0.021205357142857144 0.00986625739969305
180 0.7053571428571429 0.424906818680114 0.011439732142857142 0.0131550098662574
175 0.12974330357142858 0.7808594606445954 0.008649553571428572 0.018197763648322735
187 0.18910435267857142 0.8625301468976102 0.004603794642857143 0.013593510195132646
14 0.3929966517857143 0.6123657092742819 0.015345982142857142 0.013593510195132646
182 0.44747488839285715 0.8256961192720894 0.009068080357142858 0.012716509537382154
14 0.38316127232142855 0.8623108967331725 0.014090401785714286 0.0131550098662574
188 0.16922433035714285 0.5684060513045385 0.017299107142857144 0.012058759044069283
195 0.14892578125 0.5499890374917781 0.017996651785714284 0.028283271212453408
191 0.19196428571428573 0.36242052181539136 0.013950892857142858 0.021925016443762334
183 0.14481026785714285 0.36866915150186363 0.006417410714285714 0.026090769568077175
175 0.26102120535714285 0.42501644376233283 0.013392857142857142 0.013374260030695024
178 0.3051060267857143 0.4251260688445516 0.014787946428571428 0.0131550098662574
142 0.7258649553571429 0.37985090988818243 0.008928571428571428 0.012935759701819776
181 0.7004045758928571 0.36253014689761015 0.010463169642857142 0.01381276035957027
190 0.6637834821428571 0.6123657092742819 0.0078125 0.011401008550756413
180 0.6275809151785714 0.6123657092742819 0.0126953125 0.013593510195132646
119 0.6021902901785714 0.5901118175838632 0.018275669642857144 0.026090769568077175
190 0.12946428571428573 0.4571365928524446 0.010881696428571428 0.011401008550756413
178 0.48751395089285715 0.7637579478184608 0.008510044642857142 0.019513264634948475
60 0.48751395089285715 0.7078491558868669 0.008510044642857142 0.01907476430607323
195 0.40792410714285715 0.6413067309800482 0.018415178571428572 0.02894102170576628
102 0.36802455357142855 0.2634290725718044 0.008649553571428572 0.016882262661696998
176 0.36802455357142855 0.3391800043850033 0.008370535714285714 0.022802017101512827
179 0.3500279017857143 0.24007893005919753 0.015066964285714286 0.01841701381276036
25 0.306640625 0.23898267923700942 0.011439732142857142 0.01710151282613462
177 0.18770926339285715 0.17485200613900462 0.016043526785714284 0.01381276035957027
178 0.12946428571428573 0.2104801578601184 0.008370535714285714 0.018855514141635606
176 0.14334542410714285 0.42501644376233283 0.013532366071428572 0.013374260030695024
63 0.32833426339285715 0.6380179785134839 0.008510044642857142 0.0197325147993861
190 0.3589564732142857 0.6124753343565008 0.010881696428571428 0.00986625739969305
190 0.32833426339285715 0.5648980486735365 0.010463169642857142 0.010743258057443543
190 0.43296595982142855 0.5499890374917781 0.008231026785714286 0.012058759044069283
196 0.42836216517857145 0.7374479280859461 0.017996651785714284 0.028283271212453408
177 0.70703125 0.862639771979829 0.011160714285714286 0.01381276035957027
63 0.6700613839285714 0.8625301468976102 0.012276785714285714 0.014032010524007894
183 0.16538783482142858 0.2809690857268143 0.016880580357142856 0.00986625739969305
183 0.6224190848214286 0.4309361982021487 0.0068359375 0.026529269896952423
185 0.5027204241071429 0.5402324051743039 0.006556919642857143 0.03332602499451875
175 0.40792410714285715 0.7056566542424907 0.008649553571428572 0.017320762990572242
32 0.40841238839285715 0.7714317035737777 0.009905133928571428 0.023898267923700943
186 0.10707310267857142 0.7375575531681648 0.011300223214285714 0.015347511510633634
60 0.08984375 0.7624424468318352 0.008370535714285714 0.018197763648322735
185 0.19405691964285715 0.9152598114448586 0.006417410714285714 0.03354527515895637
180 0.32833426339285715 0.7681429511072133 0.008510044642857142 0.01907476430607323
32 0.3685825892857143 0.710699408024556 0.010044642857142858 0.02302126726595045
192 0.6863141741071429 0.516334137250603 0.019391741071428572 0.03025652269239202
182 0.6466238839285714 0.4456259592194694 0.008928571428571428 0.013374260030695024
196 0.6863141741071429 0.6460206095154571 0.018275669642857144 0.028721771541328656