187 0.3153599330357143 0.23744792808594606 0.004603794642857143 0.013593510195132646
187 0.40792410714285715 0.1616969962727472 0.008649553571428572 0.00723525542644157
187 0.646484375 0.6851567638675728 0.008649553571428572 0.007016005262003947
187 0.6862444196428571 0.8176934882701162 0.008649553571428572 0.00723525542644157
187 0.34507533482142855 0.11247533435650077 0.004603794642857143 0.013593510195132646
187 0.7260044642857143 0.8384126288094716 0.008649553571428572 0.007016005262003947
187 0.3681640625 0.8710809033106774 0.008649553571428572 0.007016005262003947
187 0.21393694196428573 0.9250164437623328 0.004603794642857143 0.013593510195132646
187 0.208984375 0.8333698750274062 0.008649553571428572 0.007016005262003947
187 0.6964983258928571 0.11247533435650077 0.004603794642857143 0.013593510195132646
187 0.22586495535714285 0.5498794124095593 0.004464285714285714 0.013593510195132646
60 0.23549107142857142 0.612913834685376 0.015345982142857142 0.013374260030695024
182 0.2694614955357143 0.7999342249506687 0.0087890625 0.01381276035957027
60 0.16908482142857142 0.5732295549221662 0.008649553571428572 0.02170576627932471
192 0.16922433035714285 0.5160052620039465 0.018694196428571428 0.029160271870203903
194 0.16922433035714285 0.45549221661916245 0.017020089285714284 0.027844770883578163
176 0.44775390625 0.32777899583424686 0.0087890625 0.024117518088138567
185 0.42564174107142855 0.30958123218592415 0.006417410714285714 0.03332602499451875
195 0.38650948660714285 0.29993422495066874 0.015485491071428572 0.02367901775926332
195 0.46847098214285715 0.36242052181539136 0.018415178571428572 0.02894102170576628
183 0.5531529017857143 0.3561718921289191 0.006417410714285714 0.026090769568077175
14 0.5834263392857143 0.3627493970620478 0.012834821428571428 0.01381276035957027
179 0.6278599330357143 0.3598991449243587 0.017159598214285716 0.01907476430607323
185 0.6403459821428571 0.34466125849594387 0.021205357142857144 0.010085507564130673
60 0.5409458705357143 0.2376671782503837 0.014927455357142858 0.0131550098662574
183 0.3516322544642857 0.368449901337426 0.006277901785714286 0.026529269896952423
188 0.31187220982142855 0.36242052181539136 0.0068359375 0.01710151282613462
25 0.4681919642857143 0.2981802236351677 0.010323660714285714 0.016663012497259374
186 0.40806361607142855 0.3287656215742162 0.009765625 0.017320762990572242
178 0.35498046875 0.2377768033326025 0.015485491071428572 0.01381276035957027
192 0.646484375 0.5781626836220127 0.018136160714285716 0.02850252137689103
185 0.6402762276785714 0.4606445954834466 0.021065848214285716 0.010085507564130673
183 0.6626674107142857 0.41865818899364177 0.006417410714285714 0.026090769568077175
187 0.7061941964285714 0.424906818680114 0.004464285714285714 0.013593510195132646
193 0.6863141741071429 0.6440473580355185 0.017996651785714284 0.028283271212453408
191 0.6863141741071429 0.6942556456917343 0.014090401785714286 0.022144266608199955
190 0.6862444196428571 0.7594825696119272 0.008649553571428572 0.014909011181758386
32 0.6866629464285714 0.45932909449682086 0.010044642857142858 0.018855514141635606
32 0.6868722098214286 0.39684279763209823 0.009626116071428572 0.02236351677263758
192 0.6259765625 0.29993422495066874 0.018136160714285716 0.02850252137689103
190 0.5831473214285714 0.29993422495066874 0.008649553571428572 0.014909011181758386
176 0.24888392857142858 0.5711466783600088 0.008649553571428572 0.020609515457136594
182 0.24881417410714285 0.5071256303442228 0.0087890625 0.012716509537382154
188 0.18505859375 0.36242052181539136 0.007672991071428571 0.0263100197325148
14 0.5272739955357143 0.19568077176057883 0.008510044642857142 0.017320762990572242
193 0.46749441964285715 0.1749616312212234 0.018415178571428572 0.02894102170576628
185 0.45361328125 0.19414602060951547 0.021623883928571428 0.010304757728568297
102 0.7262834821428571 0.7735145801359351 0.008649553571428572 0.017978513483885114
60 0.7261439732142857 0.6994080245560185 0.008649553571428572 0.020609515457136594
63 0.7020089285714286 0.6749616312212234 0.010881696428571428 0.013374260030695024
191 0.72607421875 0.6315500986625739 0.012137276785714286 0.01907476430607323
179 0.7243303571428571 0.5895636921727692 0.011997767857142858 0.021925016443762334
191 0.7260044642857143 0.5198421398816049 0.012276785714285714 0.019294014470510854
25 0.7248883928571429 0.4652488489366367 0.011439732142857142 0.0197325147993861
195 0.72607421875 0.39223854417890813 0.018275669642857144 0.02850252137689103
191 0.3680943080357143 0.8214207410655558 0.011300223214285714 0.01775926331944749
175 0.34228515625 0.8001534751151064 0.013811383928571428 0.013374260030695024
63 0.32847377232142855 0.7652926989695242 0.0087890625 0.02039026529269897
181 0.3281947544642857 0.7067529050646788 0.0087890625 0.01775926331944749
183 0.2982700892857143 0.6185047138785355 0.006417410714285714 0.0263100197325148
192 0.3881138392857143 0.7999342249506687 0.018973214285714284 0.029598772199079148
102 0.4478236607142857 0.7604691953518965 0.008649553571428572 0.023459767594825695
193 0.44761439732142855 0.7053277789958342 0.017996651785714284 0.028064021048015787
102 0.54736328125 0.6749616312212234 0.011858258928571428 0.013374260030695024
180 0.5793805803571429 0.6749616312212234 0.010602678571428572 0.013374260030695024
119 0.125 0.3851129138346854 0.017857142857142856 0.02696777022582767
63 0.6653878348214286 0.2997149747862311 0.013253348214285714 0.013593510195132646
182 0.36844308035714285 0.7746108309581232 0.009207589285714286 0.013593510195132646
183 0.34305245535714285 0.8685595264196448 0.006417410714285714 0.026529269896952423
177 0.36781529017857145 0.5160052620039465 0.008510044642857142 0.019951764963823723
63 0.36802455357142855 0.46744135058101294 0.008649553571428572 0.021486516114887087
183 0.3851841517857143 0.41865818899364177 0.006417410714285714 0.026090769568077175
177 0.546875 0.17507125630344222 0.01171875 0.013374260030695024
193 0.5850306919642857 0.11247533435650077 0.017717633928571428 0.02718702039026529
178 0.5546177455357143 0.11225608419206315 0.014090401785714286 0.013593510195132646
183 0.15345982142857142 0.35628151721113793 0.006417410714285714 0.0263100197325148
119 0.13399832589285715 0.516334137250603 0.017438616071428572 0.02367901775926332
25 0.13016183035714285 0.5833150624862968 0.010323660714285714 0.016882262661696998
178 0.14906529017857142 0.6122560841920631 0.016043526785714284 0.013374260030695024
186 0.4317103794642857 0.17507125630344222 0.011300223214285714 0.016005262003946502
178 0.24895368303571427 0.4584520938390704 0.008510044642857142 0.02104801578601184
182 0.5670340401785714 0.441789081341811 0.0087890625 0.0131550098662574
102 0.5869838169642857 0.550098662573997 0.011858258928571428 0.013593510195132646
190 0.6290457589285714 0.5498794124095593 0.010881696428571428 0.013593510195132646
196 0.6863141741071429 0.20664327998246 0.017717633928571428 0.027844770883578163
188 0.6612025669642857 0.1749616312212234 0.0068359375 0.019294014470510854
192 0.6258370535714286 0.17485200613900462 0.017857142857142856 0.027406270554702915
179 0.68798828125 0.32843674632755976 0.011858258928571428 0.021925016443762334
180 0.5013253348214286 0.29993422495066874 0.0146484375 0.0131550098662574
194 0.5669642857142857 0.20532777899583424 0.017857142857142856 0.028283271212453408
195 0.40785435267857145 0.6418548563911423 0.015485491071428572 0.02433676825257619
193 0.40792410714285715 0.5805744354308265 0.018415178571428572 0.02894102170576628
193 0.38734654017857145 0.5499890374917781 0.017717633928571428 0.027406270554702915
60 0.38888113839285715 0.862639771979829 0.011858258928571428 0.013374260030695024
175 0.6696428571428571 0.23744792808594606 0.014787946428571428 0.0131550098662574
192 0.705078125 0.36242052181539136 0.018136160714285716 0.02850252137689103
176 0.44754464285714285 0.15161148870861654 0.008649553571428572 0.024775268581451435
14 0.34361049107142855 0.1747423810567858 0.014508928571428572 0.013593510195132646
195 0.2684849330357143 0.17485200613900462 0.017717633928571428 0.027406270554702915
32 0.7057059151785714 0.5485639114229336 0.015206473214285714 0.015786011839508878