187 0.17731584821428573 0.8747259973695748 0.00390625 0.012056115738711091
187 0.27232142857142855 0.21481806225339764 0.00390625 0.01183691363437089
187 0.4813755580357143 0.6547566856641823 0.004045758928571429 0.01183691363437089
187 0.16434151785714285 0.159798334064007 0.00390625 0.01183691363437089
187 0.6449497767857143 0.8905085488820693 0.007533482142857143 0.006356861025865849
192 0.0849609375 0.6253836036825954 0.016462053571428572 0.025865848312143797
60 0.13922991071428573 0.709776413853573 0.01171875 0.01183691363437089
191 0.20863560267857142 0.709776413853573 0.011300223214285714 0.01797457255589654
179 0.24281529017857142 0.7073651907058308 0.0126953125 0.016659359929855327
190 0.18994140625 0.8539017974572556 0.007952008928571428 0.015124945199473916
102 0.19022042410714285 0.6874177992108724 0.007393973214285714 0.016220955721174924
184 0.14578683035714285 0.6631959666812801 0.005859375 0.029592284085927224
188 0.2797154017857143 0.5448268303375713 0.007533482142857143 0.016440157825515125
186 0.3296595982142857 0.5680622533976326 0.009207589285714286 0.015124945199473916
183 0.31229073660714285 0.6053266111354669 0.005998883928571429 0.023016220955721176
176 0.27957589285714285 0.5998465585269619 0.013113839285714286 0.011617711530030689
192 0.20717075892857142 0.5997369574747917 0.015625 0.024112231477422183
181 0.32993861607142855 0.4590092064883823 0.007533482142857143 0.01841297676457694
196 0.32993861607142855 0.34962735642262166 0.016183035714285716 0.025427444103463395
179 0.29638671875 0.6733888645330995 0.010463169642857142 0.02235861464270057
189 0.3125 0.7647961420429636 0.017578125 0.010083296799649276
178 0.29478236607142855 0.8004164839982464 0.0078125 0.016878562034195528
175 0.2949916294642857 0.8526961858833845 0.007393973214285714 0.018851380973257344
179 0.27713448660714285 0.6572775098640947 0.014927455357142858 0.016001753616834723
195 0.7499302455357143 0.4055238930293731 0.014090401785714286 0.021920210434020166
183 0.7464425223214286 0.352148180622534 0.0146484375 0.00898728627794827
63 0.7498604910714286 0.4584612012275318 0.007533482142857143 0.016440157825515125
185 0.7554408482142857 0.5149057430951337 0.018694196428571428 0.008768084173608066
119 0.7317940848214286 0.6611135466900482 0.012974330357142858 0.024550635686102586
102 0.71484375 0.6878562034195528 0.007533482142857143 0.017536168347216132
178 0.69677734375 0.21492766330556773 0.012416294642857142 0.011617711530030689
119 0.5991908482142857 0.22106532222709338 0.012834821428571428 0.024331433581762384
190 0.5562220982142857 0.21481806225339764 0.007254464285714286 0.014905743095133712
193 0.5399693080357143 0.1859929855326611 0.0166015625 0.026085050416484
192 0.5211356026785714 0.159798334064007 0.015485491071428572 0.02367382726874178
195 0.5578962053571429 0.159798334064007 0.015625 0.024550635686102586
191 0.58544921875 0.159798334064007 0.0107421875 0.01709776413853573
181 0.5396902901785714 0.3048005260850504 0.007393973214285714 0.016001753616834723
63 0.5948660714285714 0.32474791758000876 0.011997767857142858 0.011617711530030689
195 0.6281389508928571 0.3248575186321789 0.0146484375 0.022797018851380975
192 0.6635044642857143 0.3248575186321789 0.016462053571428572 0.025865848312143797
176 0.7020089285714286 0.32474791758000876 0.013113839285714286 0.011617711530030689
192 0.7331194196428571 0.3248575186321789 0.015625 0.024112231477422183
190 0.5700334821428571 0.7646865409907935 0.007254464285714286 0.013809732573432706
119 0.5915876116071429 0.8683691363437089 0.012416294642857142 0.02389302937308198
190 0.6295340401785714 0.8747259973695748 0.008510044642857142 0.013809732573432706
187 0.5223911830357143 0.7647961420429636 0.004045758928571429 0.01183691363437089
177 0.486328125 0.7649057430951337 0.012834821428571428 0.012056115738711091
25 0.44949776785714285 0.7666593599298553 0.011439732142857142 0.015563349408154318
185 0.4165736607142857 0.7734546251644016 0.005580357142857143 0.02915387987724682
194 0.6449497767857143 0.7384918895221394 0.016183035714285716 0.025427444103463395
180 0.6618303571428571 0.819487067075844 0.013671875 0.012056115738711091
32 0.6452985491071429 0.6878562034195528 0.0087890625 0.019289785181937746
194 0.6449497767857143 0.626150811047786 0.016741071428571428 0.0265234546251644
63 0.6564592633928571 0.4350065760631302 0.013532366071428572 0.012056115738711091
14 0.5398995535714286 0.7977860587461639 0.007533482142857143 0.01994739149495835
187 0.5398995535714286 0.7372862779482683 0.007533482142857143 0.006356861025865849
194 0.5590122767857143 0.709776413853573 0.016183035714285716 0.025427444103463395
190 0.5647321428571429 0.8748355984217449 0.006696428571428571 0.0131521262604121
142 0.6550641741071429 0.7649057430951337 0.007952008928571428 0.012056115738711091
181 0.6798967633928571 0.7469311705392372 0.007952008928571428 0.021701008329679965
184 0.7554408482142857 0.7781674704077159 0.018694196428571428 0.00920648838228847
181 0.7332589285714286 0.7646865409907935 0.011997767857142858 0.011617711530030689
191 0.6949637276785714 0.7646865409907935 0.011021205357142858 0.01731696624287593
196 0.6619001116071429 0.6547566856641823 0.015764508928571428 0.02498903989478299
182 0.6361607142857143 0.654427882507672 0.007533482142857143 0.012056115738711091
191 0.5592912946428571 0.6547566856641823 0.010602678571428572 0.016659359929855327
177 0.6447405133928571 0.2387110916264796 0.007672991071428571 0.016220955721174924
186 0.6448800223214286 0.30063568610258656 0.0087890625 0.015124945199473916
119 0.6305106026785714 0.38634370889960545 0.012974330357142858 0.02389302937308198
25 0.16768973214285715 0.8214598860149057 0.01171875 0.015124945199473916
182 0.18994140625 0.6346996931170539 0.007672991071428571 0.012056115738711091
178 0.47007533482142855 0.13601490574309513 0.007672991071428571 0.016878562034195528
194 0.45145089285714285 0.10488820692678649 0.015625 0.024331433581762384
176 0.41476004464285715 0.1049978079789566 0.009765625 0.01183691363437089
187 0.38246372767857145 0.10488820692678649 0.004045758928571429 0.012056115738711091
188 0.34068080357142855 0.10488820692678649 0.005580357142857143 0.02389302937308198
183 0.47342354910714285 0.1960762823323104 0.0146484375 0.00898728627794827
176 0.4697963169642857 0.34743533537921967 0.007672991071428571 0.01972818939061815
181 0.2598353794642857 0.6765672950460324 0.007672991071428571 0.021701008329679965
185 0.23256138392857142 0.7734546251644016 0.005859375 0.02915387987724682
182 0.17752511160714285 0.7646865409907935 0.007672991071428571 0.012056115738711091
190 0.10749162946428571 0.7647961420429636 0.007952008928571428 0.01446733888645331
187 0.5049525669642857 0.1322884699693117 0.007672991071428571 0.006356861025865849
187 0.48744419642857145 0.10488820692678649 0.00390625 0.012056115738711091
195 0.5749162946428571 0.2981148619026743 0.013950892857142858 0.021920210434020166
192 0.5749162946428571 0.35269618588338447 0.016183035714285716 0.025427444103463395
182 0.142578125 0.5995177553704516 0.007533482142857143 0.01183691363437089
177 0.12004743303571429 0.7977860587461639 0.007672991071428571 0.015563349408154318
175 0.13309151785714285 0.8199254712845243 0.012276785714285714 0.012056115738711091
179 0.29345703125 0.14226216571679087 0.010463169642857142 0.023235423060061378
102 0.3140345982142857 0.15968873301183692 0.01171875 0.012056115738711091
180 0.41671316964285715 0.1600175361683472 0.010044642857142858 0.01183691363437089
186 0.3838588169642857 0.21481806225339764 0.009347098214285714 0.014028934677772907
187 0.4174107142857143 0.21481806225339764 0.00390625 0.01183691363437089
182 0.44384765625 0.21481806225339764 0.007952008928571428 0.012275317843051293
185 0.18443080357142858 0.25175361683472164 0.018694196428571428 0.00898728627794827
178 0.19008091517857142 0.12439719421306444 0.007393973214285714 0.016001753616834723
176 0.24162946428571427 0.1046690048224463 0.011439732142857142 0.011617711530030689
189 0.18994140625 0.4637220517316966 0.007114955357142857 0.027838667251205613
179 0.20884486607142858 0.4875054800526085 0.013671875 0.016659359929855327
175 0.32972935267857145 0.7373958790004385 0.007672991071428571 0.019289785181937746
195 0.31075613839285715 0.709776413853573 0.013532366071428572 0.021481806225339763
142 0.5048828125 0.6269180184129768 0.0078125 0.01183691363437089
193 0.5049525669642857 0.5720078912757562 0.016043526785714284 0.025208241999123193
32 0.45396205357142855 0.5438404208680403 0.011997767857142858 0.01446733888645331
181 0.3436802455357143 0.5449364313897413 0.011021205357142858 0.012275317843051293
175 0.48618861607142855 0.7099956159579132 0.010602678571428572 0.012275317843051293
32 0.42368861607142855 0.7088996054362122 0.010881696428571428 0.013590530469092503
119 0.3423549107142857 0.7158044717229285 0.014508928571428572 0.024769837790442787
63 0.36495535714285715 0.13678211310828584 0.007533482142857143 0.021481806225339763
182 0.36502511160714285 0.18665059184568172 0.007672991071428571 0.011617711530030689
195 0.36488560267857145 0.24320473476545376 0.016043526785714284 0.025208241999123193
193 0.36488560267857145 0.2993204734765454 0.016043526785714284 0.025208241999123193
102 0.31863839285714285 0.32507672073651905 0.009486607142857142 0.012275317843051293
182 0.27183314732142855 0.3248575186321789 0.007672991071428571 0.01183691363437089
32 0.45472935267857145 0.1583735203857957 0.013532366071428572 0.014686540990793511
185 0.6395786830357143 0.8426128890837352 0.018833705357142856 0.00920648838228847
180 0.16922433035714285 0.4348969750109601 0.013113839285714286 0.012275317843051293
193 0.13699776785714285 0.4348969750109601 0.016183035714285716 0.025427444103463395
183 0.09709821428571429 0.44015782551512495 0.005580357142857143 0.023235423060061378
186 0.20472935267857142 0.5451556334940816 0.009905133928571428 0.014028934677772907