187 0.0849609375 0.28375712406839104 0.007533482142857143 0.006356861025865849
187 0.09242466517857142 0.7647961420429636 0.004045758928571429 0.01183691363437089
187 0.32101004464285715 0.37976764576939936 0.00390625 0.012056115738711091
187 0.10651506696428571 0.48980710214818063 0.004045758928571429 0.012056115738711091
187 0.5398995535714286 0.855436212187637 0.007533482142857143 0.006356861025865849
187 0.16364397321428573 0.8747259973695748 0.00390625 0.012056115738711091
187 0.6842215401785714 0.37976764576939936 0.004045758928571429 0.012056115738711091
187 0.6099330357142857 0.9051950898728628 0.007533482142857143 0.006356861025865849
187 0.22495814732142858 0.9012494519947392 0.007672991071428571 0.006356861025865849
187 0.44412667410714285 0.48980710214818063 0.004045758928571429 0.012056115738711091
187 0.5749162946428571 0.13765892152564665 0.007533482142857143 0.006137658921525646
187 0.7499302455357143 0.8843708899605436 0.007672991071428571 0.006356861025865849
187 0.6177455357142857 0.5997369574747917 0.00390625 0.01183691363437089
178 0.08489118303571429 0.3569706269180184 0.007393973214285714 0.01819377466023674
191 0.08489118303571429 0.4073871109162648 0.009626116071428572 0.015124945199473916
142 0.10414341517857142 0.43478737395879 0.007393973214285714 0.012056115738711091
192 0.15492466517857142 0.5179745725558965 0.015485491071428572 0.024550635686102586
195 0.15492466517857142 0.7376150811047786 0.013532366071428572 0.021481806225339763
192 0.662109375 0.8198158702323542 0.015625 0.02367382726874178
142 0.6595284598214286 0.8747259973695748 0.007672991071428571 0.012056115738711091
183 0.7113560267857143 0.7281893906181499 0.014508928571428572 0.008768084173608066
196 0.7149135044642857 0.6800745287154757 0.015764508928571428 0.024769837790442787
190 0.6520647321428571 0.6547566856641823 0.007254464285714286 0.01052170100832968
181 0.5967494419642857 0.6547566856641823 0.0107421875 0.012275317843051293
60 0.5552455357142857 0.6549758877685226 0.013950892857142858 0.01183691363437089
191 0.43491908482142855 0.2866067514248137 0.010184151785714286 0.016001753616834723
119 0.36900111607142855 0.34776413853572996 0.015625 0.01994739149495835
14 0.4164341517857143 0.4345681718544498 0.010044642857142858 0.012056115738711091
188 0.39990234375 0.471722928540114 0.012416294642857142 0.01183691363437089
142 0.0849609375 0.61957474791758 0.0078125 0.012056115738711091
187 0.13741629464285715 0.5448268303375713 0.00390625 0.012056115738711091
178 0.08489118303571429 0.6800745287154757 0.007393973214285714 0.01819377466023674
178 0.10135323660714286 0.7099956159579132 0.011021205357142858 0.012275317843051293
190 0.15492466517857142 0.7861683472161333 0.007114955357142857 0.015124945199473916
142 0.17236328125 0.8198158702323542 0.007393973214285714 0.012275317843051293
119 0.22893415178571427 0.8472161332748794 0.015345982142857142 0.022797018851380975
190 0.6598772321428571 0.7647961420429636 0.008370535714285714 0.008768084173608066
32 0.5908203125 0.7085708022797019 0.013950892857142858 0.014686540990793511
32 0.19049944196428573 0.7994300745287155 0.009068080357142858 0.01578255151249452
32 0.19035993303571427 0.746711968434897 0.0087890625 0.018632178868917142
193 0.18994140625 0.6795265234546252 0.015485491071428572 0.024550635686102586
14 0.18994140625 0.6224243752740026 0.007672991071428571 0.015124945199473916
178 0.18987165178571427 0.5658702323542306 0.007533482142857143 0.021262604120999562
192 0.18994140625 0.5156729504603245 0.016043526785714284 0.025208241999123193
179 0.13643973214285715 0.49210872424375274 0.011997767857142858 0.016220955721174924
191 0.11997767857142858 0.41078474353353794 0.011439732142857142 0.01797457255589654
32 0.09884207589285714 0.3237615081104779 0.0107421875 0.01446733888645331
193 0.11990792410714286 0.5176457693993862 0.016043526785714284 0.025208241999123193
192 0.11997767857142858 0.5746383165278387 0.015625 0.024331433581762384
32 0.1767578125 0.5987505480052608 0.010602678571428572 0.013809732573432706
196 0.24358258928571427 0.7647961420429636 0.015625 0.024112231477422183
186 0.4164341517857143 0.32507672073651905 0.009486607142857142 0.012275317843051293
60 0.6446010044642857 0.6802937308198159 0.007393973214285714 0.016001753616834723
192 0.6263950892857143 0.8198158702323542 0.016741071428571428 0.0263042525208242
25 0.5389927455357143 0.6851161771153003 0.009347098214285714 0.017755370451556333
191 0.5277622767857143 0.8198158702323542 0.011997767857142858 0.018851380973257344
191 0.4155970982142857 0.8198158702323542 0.011439732142857142 0.01797457255589654
60 0.3804408482142857 0.8199254712845243 0.012834821428571428 0.012056115738711091
179 0.36342075892857145 0.7952652345462516 0.010323660714285714 0.018851380973257344
142 0.35044642857142855 0.7647961420429636 0.007533482142857143 0.01183691363437089
102 0.310546875 0.7646865409907935 0.011439732142857142 0.011617711530030689
185 0.2689732142857143 0.7734546251644016 0.005580357142857143 0.02915387987724682
178 0.31508091517857145 0.8749451994739149 0.010184151785714286 0.012056115738711091
193 0.25997488839285715 0.8468873301183691 0.0166015625 0.026085050416484
32 0.3653041294642857 0.678320911880754 0.008510044642857142 0.01994739149495835
32 0.36551339285714285 0.6223147742218326 0.008928571428571428 0.01972818939061815
191 0.6448800223214286 0.6365629110039457 0.009626116071428572 0.014905743095133712
179 0.6812918526785714 0.7939500219202105 0.0107421875 0.023235423060061378
191 0.7294921875 0.3798772468215695 0.011160714285714286 0.017536168347216132
176 0.7498604910714286 0.46931170539237177 0.007533482142857143 0.02104340201665936
183 0.7533482142857143 0.5849408154318282 0.014787946428571428 0.00898728627794827
178 0.7498604910714286 0.3553266111354669 0.007533482142857143 0.019289785181937746
189 0.7499302455357143 0.29504603244191147 0.009068080357142858 0.02761946514686541
177 0.6997767857142857 0.26972818939061816 0.012834821428571428 0.011617711530030689
190 0.6001674107142857 0.2698377904427883 0.009207589285714286 0.012713722051731697
184 0.5677315848214286 0.2783866725120561 0.005719866071428571 0.029373081981587022
180 0.52392578125 0.26972818939061816 0.012974330357142858 0.011617711530030689
177 0.11976841517857142 0.7376150811047786 0.007952008928571428 0.01709776413853573
182 0.6099330357142857 0.8589434458570803 0.007533482142857143 0.010740903112669882
195 0.6798967633928571 0.8446953090749671 0.013532366071428572 0.021262604120999562
175 0.6097935267857143 0.7901139850942569 0.0078125 0.020385795703638757
176 0.6097935267857143 0.742437527400263 0.007533482142857143 0.016220955721174924
175 0.6100725446428571 0.6752520824199912 0.007533482142857143 0.016878562034195528
119 0.22084263392857142 0.7866067514248137 0.015625 0.019508987286277948
178 0.22516741071428573 0.7434239368697939 0.0078125 0.01731696624287593
32 0.2777622767857143 0.5985313459009206 0.013392857142857142 0.013371328364752301
182 0.31577845982142855 0.5998465585269619 0.007672991071428571 0.012494519947391494
175 0.34828404017857145 0.5996273564226217 0.012416294642857142 0.012056115738711091
176 0.3853236607142857 0.5997369574747917 0.011439732142857142 0.012275317843051293
177 0.45040457589285715 0.3248575186321789 0.012416294642857142 0.01183691363437089
60 0.5048130580357143 0.34754493643138973 0.007672991071428571 0.020385795703638757
195 0.5049525669642857 0.4099079351161771 0.015485491071428572 0.024550635686102586
176 0.5048828125 0.4689829022358615 0.007533482142857143 0.015124945199473916
196 0.48716517857142855 0.5447172292854011 0.015625 0.024550635686102586
142 0.46163504464285715 0.5452652345462516 0.008091517857142858 0.012056115738711091
14 0.4857700892857143 0.3799868478737396 0.011997767857142858 0.012056115738711091
119 0.47391183035714285 0.5190705830775976 0.015625 0.02235861464270057
195 0.46993582589285715 0.5745287154756685 0.015485491071428572 0.024550635686102586
178 0.46993582589285715 0.6714160455940377 0.007393973214285714 0.017536168347216132
32 0.5755440848214286 0.6766768960982026 0.008510044642857142 0.019289785181937746
181 0.5749162946428571 0.7874835598421744 0.007533482142857143 0.015124945199473916
189 0.7149135044642857 0.40881192459447613 0.009905133928571428 0.02761946514686541
142 0.7150530133928571 0.45122753178430514 0.007672991071428571 0.011617711530030689
177 0.7149832589285714 0.5219202104340201 0.0078125 0.019289785181937746
184 0.6013532366071429 0.4985751863217887 0.005719866071428571 0.02915387987724682
196 0.5221819196428571 0.48980710214818063 0.015625 0.024331433581762384
183 0.49037388392857145 0.49517755370451555 0.005580357142857143 0.023235423060061378
177 0.5909598214285714 0.8740683910565541 0.010602678571428572 0.012494519947391494
193 0.5749860491071429 0.18971942130644454 0.0166015625 0.026085050416484
179 0.5763811383928571 0.23366944322665498 0.010463169642857142 0.023235423060061378
178 0.5616629464285714 0.21503726435773785 0.012555803571428572 0.012275317843051293
177 0.48563058035714285 0.21514686540990793 0.012276785714285714 0.012056115738711091
185 0.5804268973214286 0.2916483998246383 0.0185546875 0.00898728627794827
142 0.6544363839285714 0.4351161771153003 0.007533482142857143 0.012713722051731697
195 0.6983119419642857 0.43478737395879 0.013532366071428572 0.021262604120999562
188 0.7380022321428571 0.8198158702323542 0.006417410714285714 0.021481806225339763
187 0.7499302455357143 0.7923060061376589 0.007672991071428571 0.006356861025865849
196 0.7499302455357143 0.734765453748356 0.016322544642857144 0.025427444103463395
194 0.7313058035714286 0.709776413853573 0.016183035714285716 0.025427444103463395
193 0.7313058035714286 0.5997369574747917 0.016462053571428572 0.025865848312143797
60 0.6644810267857143 0.599956159579132 0.010602678571428572 0.012713722051731697
176 0.3300083705357143 0.3452433143358176 0.007393973214285714 0.016220955721174924
192 0.34842354910714285 0.2698377904427883 0.015764508928571428 0.02498903989478299
192 0.34842354910714285 0.159798334064007 0.016322544642857144 0.025427444103463395
182 0.10316685267857142 0.5996273564226217 0.007393973214285714 0.012056115738711091
60 0.15478515625 0.40223586146427004 0.007672991071428571 0.01578255151249452
191 0.15492466517857142 0.346777729066199 0.012137276785714286 0.019289785181937746
180 0.15506417410714285 0.29307321350284965 0.007393973214285714 0.015344147303814117
189 0.208984375 0.2698377904427883 0.017578125 0.012713722051731697
186 0.43491908482142855 0.6215475668566418 0.008231026785714286 0.016440157825515125
182 0.23311941964285715 0.8748355984217449 0.007254464285714286 0.012275317843051293
182 0.25997488839285715 0.726106970626918 0.007672991071428571 0.011179307321350284