187 0.16922433035714285 0.9148213111159833 0.008649553571428572 0.00723525542644157
187 0.2885044642857143 0.9058320543740408 0.008649553571428572 0.00723525542644157
187 0.10707310267857142 0.11247533435650077 0.004603794642857143 0.013593510195132646
187 0.6067243303571429 0.6015128261346196 0.008649553571428572 0.00723525542644157
187 0.3140345982142857 0.1749616312212234 0.004464285714285714 0.013593510195132646
188 0.5840541294642857 0.36242052181539136 0.008231026785714286 0.024117518088138567
194 0.5456194196428571 0.36242052181539136 0.018694196428571428 0.029379522034641527
14 0.5147879464285714 0.3622012716509537 0.013113839285714286 0.014032010524007894
192 0.5853097098214286 0.2998245998684499 0.017717633928571428 0.027844770883578163
14 0.47433035714285715 0.2998245998684499 0.011997767857142858 0.01381276035957027
179 0.46533203125 0.36483227362420523 0.014090401785714286 0.019294014470510854
193 0.40785435267857145 0.5793685595264196 0.017717633928571428 0.027844770883578163
190 0.40785435267857145 0.5266388949791713 0.010463169642857142 0.011401008550756413
119 0.40318080357142855 0.44880508660381496 0.017857142857142856 0.02455601841701381
175 0.6464146205357143 0.885880289410217 0.008510044642857142 0.023459767594825695
189 0.6257672991071429 0.7999342249506687 0.019949776785714284 0.014251260688445516
190 0.4966517857142857 0.7999342249506687 0.007254464285714286 0.014251260688445516
32 0.47181919642857145 0.7985090988818242 0.013113839285714286 0.016663012497259374
63 0.19524274553571427 0.8001534751151064 0.011300223214285714 0.013374260030695024
188 0.208984375 0.5886866915150186 0.010881696428571428 0.013593510195132646
119 0.20458984375 0.5249945187458891 0.017438616071428572 0.02565226923920193
176 0.20884486607142858 0.4598772199079149 0.008649553571428572 0.023898267923700943
60 0.208984375 0.39486954615215963 0.008649553571428572 0.017540013155009866
187 0.14934430803571427 0.29993422495066874 0.004603794642857143 0.013593510195132646
187 0.5470842633928571 0.48739311554483666 0.004603794642857143 0.013593510195132646
192 0.5059291294642857 0.48750274062705545 0.019112723214285716 0.030037272527954396
186 0.5274135044642857 0.5229116421837317 0.009347098214285714 0.017978513483885114
196 0.42947823660714285 0.424906818680114 0.018275669642857144 0.02894102170576628
178 0.40771484375 0.34356500767375575 0.009068080357142858 0.02324051743038807
175 0.43191964285714285 0.2998245998684499 0.012834821428571428 0.013374260030695024
25 0.12841796875 0.8383030037272527 0.011021205357142858 0.020828765621574215
176 0.15248325892857142 0.800372725279544 0.013392857142857142 0.013374260030695024
187 0.12946428571428573 0.5812321859241394 0.008649553571428572 0.007016005262003947
188 0.12946428571428573 0.46546809910107434 0.015345982142857142 0.012716509537382154
184 0.13971819196428573 0.4151501863626398 0.006277901785714286 0.03310677483008112
186 0.6670619419642857 0.5503179127384346 0.011021205357142858 0.014909011181758386
181 0.6861746651785714 0.4503398377548783 0.008510044642857142 0.022802017101512827
184 0.6659458705357143 0.3722867792150844 0.006556919642857143 0.03332602499451875
184 0.6217912946428571 0.30969085726814294 0.006417410714285714 0.03310677483008112
142 0.5274135044642857 0.33775487831615875 0.009068080357142858 0.014251260688445516
175 0.42215401785714285 0.8627493970620478 0.013671875 0.013593510195132646
186 0.46407645089285715 0.9250164437623328 0.0107421875 0.015786011839508878
195 0.5486886160714286 0.924906818680114 0.015345982142857142 0.02433676825257619
194 0.4681919642857143 0.6749616312212234 0.018694196428571428 0.029160271870203903
191 0.62255859375 0.6749616312212234 0.0126953125 0.019951764963823723
185 0.5001395089285714 0.43466345099758824 0.006417410714285714 0.03354527515895637
119 0.36349051339285715 0.5801359351019513 0.017438616071428572 0.024117518088138567
119 0.1513671875 0.5428634071475553 0.015625 0.02762552071914054
196 0.23039899553571427 0.7999342249506687 0.017996651785714284 0.028283271212453408
183 0.30496651785714285 0.7936855952641965 0.006417410714285714 0.02587151940363955
177 0.3280552455357143 0.8350142512606884 0.009068080357142858 0.02433676825257619
183 0.17320033482142858 0.521486516114887 0.0166015625 0.010304757728568297
182 0.22663225446428573 0.4872834904626179 0.008510044642857142 0.01381276035957027
175 0.2671595982142857 0.4876123657092743 0.014787946428571428 0.0131550098662574
177 0.208984375 0.8336987502740627 0.008370535714285714 0.01775926331944749
194 0.18743024553571427 0.6749616312212234 0.017717633928571428 0.02696777022582767
25 0.3443080357142857 0.7983994737996053 0.012276785714285714 0.01644376233282175
194 0.23018973214285715 0.29993422495066874 0.018415178571428572 0.02894102170576628
102 0.08963448660714286 0.4552729664547248 0.0087890625 0.01775926331944749
175 0.08942522321428571 0.6491997368998027 0.008649553571428572 0.022802017101512827
177 0.10763113839285714 0.800372725279544 0.013253348214285714 0.013374260030695024
119 0.48277064732142855 0.5734488050866038 0.017717633928571428 0.02170576627932471
180 0.48751395089285715 0.6339618504713879 0.008510044642857142 0.017320762990572242
192 0.48744419642857145 0.7079587809690857 0.018415178571428572 0.02894102170576628
191 0.6333705357142857 0.9250164437623328 0.011160714285714286 0.017540013155009866
184 0.7197963169642857 0.6527077395308046 0.021065848214285716 0.010085507564130673
195 0.72607421875 0.5798070598552949 0.017996651785714284 0.028283271212453408
193 0.6252790178571429 0.48750274062705545 0.017857142857142856 0.028283271212453408
185 0.5925641741071429 0.4972593729445297 0.006556919642857143 0.03332602499451875
186 0.5670340401785714 0.6444858583643938 0.009068080357142858 0.01775926331944749
187 0.16922433035714285 0.5812321859241394 0.008649553571428572 0.007016005262003947
180 0.16936383928571427 0.7039026529269897 0.008649553571428572 0.01775926331944749
178 0.39271763392857145 0.5498794124095593 0.013392857142857142 0.0131550098662574
192 0.3095703125 0.8625301468976102 0.018415178571428572 0.02894102170576628
194 0.28857421875 0.8286559964919974 0.017438616071428572 0.027844770883578163
60 0.28857421875 0.77768033326025 0.008510044642857142 0.021925016443762334
184 0.2734375 0.6849375137031353 0.006696428571428571 0.0328875246656435
185 0.24065290178571427 0.6848278886209165 0.006417410714285714 0.03310677483008112
142 0.3680943080357143 0.2614558210918658 0.0087890625 0.012935759701819776
185 0.34354073660714285 0.30969085726814294 0.006277901785714286 0.03310677483008112
195 0.3071986607142857 0.29993422495066874 0.017857142857142856 0.02762552071914054
189 0.3680943080357143 0.33205437404078053 0.008231026785714286 0.031352773514580136
175 0.3681640625 0.15303661477746108 0.008649553571428572 0.0197325147993861
196 0.34800502232142855 0.11247533435650077 0.018275669642857144 0.02850252137689103
195 0.26708984375 0.11236570927428195 0.015764508928571428 0.024775268581451435
186 0.23102678571428573 0.11203683402762551 0.010881696428571428 0.015786011839508878
176 0.12953404017857142 0.14437623328217497 0.008510044642857142 0.01907476430607323
187 0.12946428571428573 0.33117737338303005 0.008649553571428572 0.00723525542644157
190 0.12953404017857142 0.40638017978513485 0.009068080357142858 0.017320762990572242
185 0.15415736607142858 0.6029379522034641 0.006417410714285714 0.033764525323393996
14 0.32833426339285715 0.5252137689103267 0.008510044642857142 0.021267265950449463
119 0.3037109375 0.43192282394211795 0.015625 0.02762552071914054
192 0.26722935267857145 0.42501644376233283 0.017717633928571428 0.027844770883578163
195 0.18715122767857142 0.424906818680114 0.017717633928571428 0.02762552071914054
190 0.6067940848214286 0.537272527954396 0.009068080357142858 0.01512826134619601
177 0.6068638392857143 0.46075422056566545 0.008370535714285714 0.020828765621574215
182 0.28878348214285715 0.19984652488489366 0.009207589285714286 0.013374260030695024
185 0.6925223214285714 0.8965139223854418 0.021205357142857144 0.010962508221881167