187 0.09479631696428571 0.29993422495066874 0.004603794642857143 0.013593510195132646
187 0.36070033482142855 0.9250164437623328 0.004603794642857143 0.013593510195132646
187 0.31787109375 0.48739311554483666 0.004603794642857143 0.013593510195132646
187 0.39683314732142855 0.8000438500328875 0.004603794642857143 0.013593510195132646
187 0.7195870535714286 0.11247533435650077 0.004464285714285714 0.013593510195132646
189 0.24874441964285715 0.8924577943433457 0.010881696428571428 0.031352773514580136
185 0.24253627232142858 0.8495943871957904 0.021065848214285716 0.01052400789300592
183 0.24476841517857142 0.7784477088357816 0.0166015625 0.010304757728568297
193 0.18854631696428573 0.924906818680114 0.017996651785714284 0.028283271212453408
63 0.22746930803571427 0.7372286779215085 0.011858258928571428 0.01381276035957027
195 0.18903459821428573 0.7374479280859461 0.016462053571428572 0.02565226923920193
192 0.12946428571428573 0.7056566542424907 0.017020089285714284 0.027844770883578163
183 0.12555803571428573 0.6544617408463056 0.016741071428571428 0.010085507564130673
186 0.31166294642857145 0.29993422495066874 0.010881696428571428 0.015786011839508878
196 0.2676478794642857 0.29993422495066874 0.017717633928571428 0.02762552071914054
102 0.15506417410714285 0.30026310019732516 0.0126953125 0.01381276035957027
178 0.10895647321428571 0.5498794124095593 0.014787946428571428 0.013593510195132646
195 0.15094866071428573 0.5498794124095593 0.015345982142857142 0.02324051743038807
178 0.16908482142857142 0.5880289410217058 0.008649553571428572 0.02324051743038807
185 0.08342633928571429 0.4587809690857268 0.021205357142857144 0.010304757728568297
190 0.08970424107142858 0.41328655996492 0.0078125 0.010085507564130673
187 0.14934430803571427 0.36242052181539136 0.004603794642857143 0.013593510195132646
175 0.16901506696428573 0.21563253672440255 0.008510044642857142 0.018197763648322735
177 0.15234375 0.1749616312212234 0.013950892857142858 0.0131550098662574
185 0.33447265625 0.5863845647884236 0.021344866071428572 0.010304757728568297
187 0.26869419642857145 0.5498794124095593 0.004464285714285714 0.013593510195132646
119 0.23109654017857142 0.5572242929182197 0.014369419642857142 0.027844770883578163
188 0.35288783482142855 0.5499890374917781 0.007393973214285714 0.026529269896952423
119 0.16455078125 0.5301468976101732 0.017717633928571428 0.02236351677263758
195 0.16929408482142858 0.45472484104363076 0.017996651785714284 0.028064021048015787
60 0.16908482142857142 0.39114229335672 0.008649553571428572 0.02367901775926332
178 0.11418805803571429 0.7997149747862311 0.015206473214285714 0.013374260030695024
63 0.08949497767857142 0.8942117956588468 0.008510044642857142 0.01907476430607323
195 0.08970424107142858 0.704889278666959 0.018415178571428572 0.02894102170576628
180 0.08977399553571429 0.5880289410217058 0.0087890625 0.0197325147993861
192 0.40792410714285715 0.7669370752028064 0.018415178571428572 0.02894102170576628
183 0.4242466517857143 0.7313089234816926 0.006696428571428571 0.026090769568077175
119 0.41238839285714285 0.8238324928743697 0.018136160714285716 0.027406270554702915
178 0.38490513392857145 0.8624205218153914 0.012555803571428572 0.013374260030695024
181 0.3452845982142857 0.8623108967331725 0.015066964285714286 0.013593510195132646
14 0.32826450892857145 0.8942117956588468 0.008370535714285714 0.02039026529269897
189 0.30712890625 0.9250164437623328 0.019949776785714284 0.015786011839508878
25 0.40687779017857145 0.5822188116641087 0.0107421875 0.023459767594825695
181 0.4077845982142857 0.6380179785134839 0.008370535714285714 0.02236351677263758
175 0.40792410714285715 0.6984213988160491 0.008370535714285714 0.019951764963823723
195 0.40785435267857145 0.5165533874150405 0.016880580357142856 0.028064021048015787
182 0.43589564732142855 0.4251260688445516 0.0087890625 0.014032010524007894
14 0.46602957589285715 0.42545494409120804 0.0126953125 0.013374260030695024
186 0.5041852678571429 0.42545494409120804 0.010881696428571428 0.015566761675071256
194 0.5669642857142857 0.8284367463275597 0.017857142857142856 0.028283271212453408
185 0.5607561383928571 0.7748300811225608 0.021065848214285716 0.010085507564130673
186 0.5048130580357143 0.7375575531681648 0.010184151785714286 0.015347511510633634
195 0.4673549107142857 0.7374479280859461 0.015625 0.024775268581451435
189 0.5669642857142857 0.6425126068844552 0.008091517857142858 0.031352773514580136
189 0.5456891741071429 0.5498794124095593 0.019949776785714284 0.011401008550756413
193 0.5064871651785714 0.5499890374917781 0.017717633928571428 0.026090769568077175
184 0.12325613839285714 0.2758167068625301 0.021065848214285716 0.010085507564130673
32 0.17013113839285715 0.8425783819337864 0.009905133928571428 0.02236351677263758
192 0.24881417410714285 0.33051962288971715 0.017717633928571428 0.027844770883578163
119 0.2533482142857143 0.38401666301249726 0.017578125 0.023459767594825695
25 0.24993024553571427 0.46086384564788424 0.0107421875 0.024117518088138567
187 0.50732421875 0.1749616312212234 0.004603794642857143 0.013593510195132646
182 0.6067243303571429 0.19776364832273624 0.008928571428571428 0.012716509537382154
177 0.58935546875 0.2998245998684499 0.0146484375 0.01381276035957027
14 0.5419224330357143 0.29949572462179347 0.012974330357142858 0.013593510195132646
183 0.5311802455357143 0.3984871738653804 0.0166015625 0.010743258057443543
193 0.5064174107142857 0.29993422495066874 0.018694196428571428 0.029379522034641527
60 0.46616908482142855 0.29993422495066874 0.0126953125 0.014032010524007894
195 0.4258510044642857 0.2998245998684499 0.017717633928571428 0.027844770883578163
183 0.38120814732142855 0.3059636044727034 0.006556919642857143 0.026529269896952423
32 0.2889927455357143 0.8990352992764744 0.010184151785714286 0.02433676825257619
177 0.28857421875 0.7674852006139005 0.008510044642857142 0.02039026529269897
190 0.28857421875 0.6661916246437185 0.010463169642857142 0.012058759044069283
189 0.28857421875 0.5789300591975444 0.009626116071428572 0.031352773514580136
196 0.19029017857142858 0.6123657092742819 0.018415178571428572 0.02894102170576628
63 0.22237723214285715 0.6123657092742819 0.014787946428571428 0.013593510195132646
194 0.7054966517857143 0.8624205218153914 0.017857142857142856 0.027844770883578163
183 0.7222377232142857 0.7073010304757729 0.017020089285714284 0.010085507564130673
190 0.72607421875 0.6337426003069502 0.007672991071428571 0.012058759044069283
189 0.72607421875 0.5784915588686691 0.008231026785714286 0.031352773514580136
142 0.72607421875 0.5199517649638237 0.0087890625 0.01249725937294453
193 0.72607421875 0.4539574654680991 0.017717633928571428 0.027844770883578163
14 0.6732003348214286 0.42501644376233283 0.011858258928571428 0.013374260030695024
142 0.6943359375 0.7373383030037273 0.008928571428571428 0.014032010524007894
14 0.6712472098214286 0.7374479280859461 0.012416294642857142 0.013374260030695024
32 0.6261858258928571 0.7360228020171015 0.013253348214285714 0.015786011839508878
194 0.5272042410714286 0.26989695242271433 0.018415178571428572 0.02894102170576628
194 0.5062081473214286 0.36242052181539136 0.017996651785714284 0.028064021048015787
60 0.4677734375 0.36231089673317257 0.013950892857142858 0.013374260030695024
182 0.42152622767857145 0.36242052181539136 0.008510044642857142 0.013593510195132646
186 0.4268275669642857 0.9253453190089893 0.011021205357142858 0.01512826134619601
179 0.4628208705357143 0.9222758167068625 0.014090401785714286 0.018636263977197982
175 0.5037667410714286 0.9252356939267704 0.011997767857142858 0.013593510195132646
186 0.4478236607142857 0.6468976101732077 0.009765625 0.016882262661696998
196 0.44761439732142855 0.5795878096908572 0.017717633928571428 0.027844770883578163
14 0.44754464285714285 0.5222538916904188 0.008649553571428572 0.018855514141635606
180 0.56689453125 0.33512387634290725 0.0087890625 0.01907476430607323
192 0.5469447544642857 0.23733830300372724 0.017717633928571428 0.027844770883578163
190 0.63232421875 0.6749616312212234 0.008231026785714286 0.011620258715194036
191 0.6662946428571429 0.6749616312212234 0.013113839285714286 0.020828765621574215
60 0.7011021205357143 0.6749616312212234 0.014369419642857142 0.013374260030695024
60 0.6066545758928571 0.7091646568734926 0.009068080357142858 0.022144266608199955
102 0.6065150669642857 0.7582766937075203 0.008510044642857142 0.021267265950449463
195 0.5852399553571429 0.9250164437623328 0.015904017857142856 0.02499451874588906
25 0.6058175223214286 0.57564130673098 0.011021205357142858 0.01775926331944749
183 0.6027483258928571 0.5297083972812979 0.0166015625 0.010085507564130673
14 0.5924246651785714 0.36253014689761015 0.015764508928571428 0.013374260030695024
176 0.22921316964285715 0.23700942775707082 0.012555803571428572 0.013593510195132646
102 0.6605050223214286 0.7998245998684499 0.0146484375 0.0131550098662574
185 0.62109375 0.8098004823503617 0.006417410714285714 0.03310677483008112
187 0.5470842633928571 0.8000438500328875 0.004603794642857143 0.013593510195132646
192 0.50537109375 0.7999342249506687 0.017996651785714284 0.028283271212453408
196 0.4267578125 0.8000438500328875 0.018136160714285716 0.02850252137689103
60 0.44775390625 0.7757070817803113 0.008510044642857142 0.021925016443762334
182 0.47495814732142855 0.6748520061390046 0.007952008928571428 0.013593510195132646
180 0.5038364955357143 0.6749616312212234 0.012137276785714286 0.013374260030695024
102 0.55078125 0.6126945845209384 0.013671875 0.014251260688445516
191 0.12946428571428573 0.9013374260030695 0.010881696428571428 0.01710151282613462
193 0.48744419642857145 0.4531900898925674 0.018415178571428572 0.02894102170576628
188 0.671875 0.1749616312212234 0.0078125 0.01710151282613462
25 0.6334402901785714 0.17660600745450558 0.015764508928571428 0.01644376233282175
194 0.72607421875 0.20642402981802235 0.016880580357142856 0.027844770883578163
196 0.5669642857142857 0.14349923262442446 0.018136160714285716 0.028721771541328656
185 0.5588727678571429 0.1221223415917562 0.006417410714285714 0.03332602499451875
192 0.3467494419642857 0.1747423810567858 0.018275669642857144 0.02894102170576628
60 0.6068638392857143 0.32306511729883797 0.008649553571428572 0.023898267923700943
187 0.646484375 0.20620477965358475 0.008649553571428572 0.00723525542644157
60 0.6464146205357143 0.13801797851348388 0.008510044642857142 0.01644376233282175
142 0.6588309151785714 0.11214645910984433 0.008510044642857142 0.014251260688445516