187 0.39585658482142855 0.3459009206488382 0.003208705357142857 0.00920648838228847
187 0.6605747767857143 0.3035949145111793 0.0030691964285714285 0.00920648838228847
187 0.43038504464285715 0.1343708899605436 0.0030691964285714285 0.00920648838228847
187 0.7428850446428571 0.5574309513371328 0.0030691964285714285 0.00920648838228847
187 0.07686941964285714 0.9276633055677335 0.005859375 0.004822446295484437
187 0.10979352678571429 0.9381850065760632 0.0030691964285714285 0.00920648838228847
187 0.14439174107142858 0.17667689609820253 0.0030691964285714285 0.00920648838228847
186 0.45389229910714285 0.15223586146427007 0.007114955357142857 0.012056115738711091
195 0.45375279017857145 0.24046470846120122 0.011858258928571428 0.018851380973257344
190 0.39083426339285715 0.3035949145111793 0.007393973214285714 0.008329679964927663
102 0.3286830357142857 0.3039237176676896 0.008370535714285714 0.009425690486628672
195 0.5614536830357143 0.7065979833406401 0.012137276785714286 0.019070583077597545
187 0.5615234375 0.7476983779044278 0.005859375 0.004822446295484437
142 0.5614536830357143 0.6273564226216571 0.005998883928571429 0.009644892590968873
194 0.5614536830357143 0.5765015344147304 0.012416294642857142 0.019289785181937746
185 0.5990513392857143 0.5083296799649276 0.004464285714285714 0.02235861464270057
63 0.65234375 0.5151249451994739 0.010044642857142858 0.008768084173608066
119 0.5236467633928571 0.43522577816747043 0.010184151785714286 0.019070583077597545
183 0.49337332589285715 0.43478737395879 0.004324776785714286 0.017755370451556333
102 0.5615234375 0.28430512932924157 0.005859375 0.01578255151249452
119 0.6048409598214286 0.298882069267865 0.011579241071428572 0.018632178868917142
195 0.5614536830357143 0.2396975010960105 0.010184151785714286 0.016440157825515125
25 0.5608258928571429 0.19903551074090312 0.007254464285714286 0.01183691363437089
102 0.5244140625 0.1343708899605436 0.008649553571428572 0.00920648838228847
190 0.4942103794642857 0.13448049101271373 0.005161830357142857 0.011179307321350284
192 0.5615234375 0.3248575186321789 0.01171875 0.018851380973257344
194 0.5754045758928571 0.3460105217010083 0.012137276785714286 0.019070583077597545
192 0.6022600446428571 0.3459009206488382 0.012555803571428572 0.01972818939061815
193 0.6297433035714286 0.3460105217010083 0.011997767857142858 0.018632178868917142
180 0.6589704241071429 0.3459009206488382 0.007672991071428571 0.00920648838228847
178 0.7119838169642857 0.34612012275317844 0.010463169642857142 0.00920648838228847
178 0.56982421875 0.7264357737834283 0.0087890625 0.00920648838228847
182 0.5884486607142857 0.6679088119245945 0.005859375 0.008768084173608066
192 0.5884486607142857 0.6192459447610698 0.011997767857142858 0.018851380973257344
178 0.6051897321428571 0.5574309513371328 0.010044642857142858 0.00920648838228847
185 0.6260463169642857 0.5509644892590969 0.004324776785714286 0.023016220955721176
187 0.7095424107142857 0.5574309513371328 0.0030691964285714285 0.00920648838228847
187 0.5345982142857143 0.6631959666812801 0.005859375 0.005041648399824638
193 0.5209263392857143 0.6420429636124507 0.012276785714285714 0.019289785181937746
195 0.49337332589285715 0.6420429636124507 0.012137276785714286 0.019289785181937746
188 0.4639369419642857 0.6420429636124507 0.005161830357142857 0.0131521262604121
25 0.4419642857142857 0.6430293730819816 0.010602678571428572 0.011179307321350284
177 0.3856724330357143 0.6420429636124507 0.010184151785714286 0.00920648838228847
187 0.3325892857142857 0.6420429636124507 0.0030691964285714285 0.00920648838228847
183 0.23570033482142858 0.5404427882507672 0.011300223214285714 0.006795265234546251
194 0.22446986607142858 0.5151249451994739 0.012834821428571428 0.020166593599298552
176 0.17368861607142858 0.5154537483559842 0.008928571428571428 0.00898728627794827
142 0.23842075892857142 0.5909688733011836 0.005859375 0.008329679964927663
63 0.25502232142857145 0.6420429636124507 0.009765625 0.00920648838228847
189 0.2798549107142857 0.6420429636124507 0.013671875 0.009644892590968873
195 0.30650111607142855 0.6420429636124507 0.011160714285714286 0.017536168347216132
183 0.24867466517857142 0.553266111354669 0.004324776785714286 0.01797457255589654
182 0.30343191964285715 0.5573213502849628 0.005580357142857143 0.009425690486628672
142 0.15757533482142858 0.19103463393248576 0.005998883928571429 0.00898728627794827
186 0.15771484375 0.3661771153003069 0.0068359375 0.011617711530030689
186 0.18450055803571427 0.49561595791319596 0.007114955357142857 0.01183691363437089
196 0.1845703125 0.5366067514248137 0.011997767857142858 0.018851380973257344
119 0.4139927455357143 0.3085269618588338 0.011858258928571428 0.019070583077597545
190 0.1689453125 0.3035949145111793 0.005580357142857143 0.010960105217010083
175 0.22384207589285715 0.3038141166155195 0.009347098214285714 0.00920648838228847
25 0.2548130580357143 0.3024989039894783 0.007393973214285714 0.01052170100832968
196 0.19859095982142858 0.3460105217010083 0.012137276785714286 0.019070583077597545
187 0.2787388392857143 0.3459009206488382 0.0030691964285714285 0.00920648838228847
177 0.30440848214285715 0.3459009206488382 0.010323660714285714 0.00920648838228847
180 0.45382254464285715 0.7975668566418238 0.005859375 0.016440157825515125
190 0.47000558035714285 0.7688513809732573 0.004185267857142857 0.011617711530030689
60 0.38560267857142855 0.8536825953529154 0.008091517857142858 0.00898728627794827
194 0.33175223214285715 0.8535729943007453 0.012834821428571428 0.020166593599298552
186 0.13071986607142858 0.5819815870232354 0.006417410714285714 0.01183691363437089
188 0.14460100446428573 0.5151249451994739 0.004324776785714286 0.015344147303814117
195 0.13071986607142858 0.4090311266988163 0.011997767857142858 0.018851380973257344
175 0.37290736607142855 0.6224243752740026 0.005859375 0.012056115738711091
182 0.3731166294642857 0.5778167470407716 0.005998883928571429 0.00920648838228847
188 0.373046875 0.5386891714160456 0.01171875 0.007233669443226655
187 0.3325892857142857 0.3459009206488382 0.0030691964285714285 0.00920648838228847
195 0.54931640625 0.6420429636124507 0.0107421875 0.016659359929855327
60 0.19447544642857142 0.38842612889083733 0.008928571428571428 0.00920648838228847
195 0.21142578125 0.45232354230600613 0.012137276785714286 0.019070583077597545
180 0.40004185267857145 0.36442349846558525 0.006277901785714286 0.011179307321350284
193 0.39990234375 0.41001753616834724 0.012137276785714286 0.019070583077597545
192 0.39990234375 0.4957255589653661 0.013532366071428572 0.021262604120999562
183 0.38246372767857145 0.5617053923717668 0.004324776785714286 0.017755370451556333
119 0.34305245535714285 0.6276852257781674 0.01171875 0.015563349408154318
192 0.34605189732142855 0.5773783428320912 0.012137276785714286 0.019289785181937746
195 0.34605189732142855 0.4927663305567733 0.011858258928571428 0.018851380973257344
184 0.3418666294642857 0.4005918456817185 0.014369419642857142 0.007233669443226655
191 0.3461216517857143 0.6715256466462078 0.009207589285714286 0.014686540990793511
195 0.3461216517857143 0.7062691801841298 0.010881696428571428 0.01709776413853573
191 0.3461216517857143 0.7862779482683033 0.009207589285714286 0.01446733888645331
187 0.3461216517857143 0.8323103901797457 0.005859375 0.004822446295484437
14 0.279296875 0.8956597983340641 0.007533482142857143 0.00920648838228847
119 0.2548130580357143 0.9004822446295484 0.009905133928571428 0.018851380973257344
193 0.1455078125 0.8112669881630864 0.011997767857142858 0.018851380973257344
195 0.10379464285714286 0.7471503726435774 0.012555803571428572 0.019508987286277948
187 0.10379464285714286 0.7055019728189391 0.005859375 0.005041648399824638
190 0.10379464285714286 0.661990355107409 0.005859375 0.00920648838228847
181 0.11697823660714286 0.6421525646646208 0.010463169642857142 0.00898728627794827
63 0.14069475446428573 0.6419333625602806 0.008510044642857142 0.00898728627794827
193 0.17229352678571427 0.5997369574747917 0.012555803571428572 0.01972818939061815
187 0.7230050223214286 0.6208899605436212 0.005719866071428571 0.005041648399824638
196 0.6819196428571429 0.6420429636124507 0.011997767857142858 0.01841297676457694
60 0.6587611607142857 0.6422621657167908 0.009207589285714286 0.00920648838228847
185 0.5750558035714286 0.6487286277948269 0.004464285714285714 0.02257781674704077
180 0.6960797991071429 0.4105655414291977 0.005719866071428571 0.01446733888645331
178 0.6960797991071429 0.2866067514248137 0.005719866071428571 0.015124945199473916
189 0.6818498883928571 0.21909250328803156 0.013532366071428572 0.011179307321350284
181 0.6303013392857143 0.21898290223586148 0.008649553571428572 0.00920648838228847
14 0.5740094866071429 0.21942130644454186 0.007114955357142857 0.00920648838228847
183 0.5857282366071429 0.8012932924156072 0.011300223214285714 0.006795265234546251
25 0.5876813616071429 0.7559184568171854 0.007114955357142857 0.016001753616834723
182 0.46568080357142855 0.21909250328803156 0.005859375 0.009425690486628672
195 0.5222516741071429 0.21898290223586148 0.012416294642857142 0.019289785181937746
175 0.5509905133928571 0.21876370013152127 0.009626116071428572 0.008768084173608066
63 0.7227957589285714 0.41275756247259976 0.005859375 0.013590530469092503
196 0.7230050223214286 0.36595791319596666 0.012137276785714286 0.019070583077597545
181 0.7228655133928571 0.28353792196405087 0.005719866071428571 0.011617711530030689
142 0.6621791294642857 0.26128890837352037 0.005998883928571429 0.00920648838228847
194 0.5739397321428571 0.26128890837352037 0.011997767857142858 0.018851380973257344
177 0.49393136160714285 0.2613985094256905 0.007672991071428571 0.009425690486628672
180 0.31919642857142855 0.3274879438842613 0.005859375 0.014028934677772907
119 0.3221958705357143 0.4091407277509864 0.011858258928571428 0.015124945199473916
179 0.38929966517857145 0.42864971503726434 0.009626116071428572 0.012494519947391494
188 0.435546875 0.43051293292415604 0.005022321428571429 0.014028934677772907
175 0.14585658482142858 0.5571021481806225 0.008231026785714286 0.009425690486628672
183 0.16022600446428573 0.6608943445857081 0.011300223214285714 0.00657606313020605
195 0.15764508928571427 0.7487943884261289 0.012555803571428572 0.01972818939061815
193 0.15757533482142858 0.7906619903551074 0.011579241071428572 0.018851380973257344
196 0.4268275669642857 0.4078255151249452 0.012137276785714286 0.019070583077597545
188 0.408203125 0.3459009206488382 0.005580357142857143 0.0131521262604121
183 0.42947823660714285 0.5016440157825515 0.011300223214285714 0.006795265234546251
195 0.4268275669642857 0.5375931608943446 0.010463169642857142 0.016440157825515125
142 0.41162109375 0.5573213502849628 0.005719866071428571 0.00898728627794827
32 0.43826729910714285 0.34502411223147744 0.010463169642857142 0.011398509425690487
179 0.4688197544642857 0.3443665059184568 0.011858258928571428 0.0131521262604121
175 0.48060825892857145 0.27926348092941694 0.005859375 0.016659359929855327
181 0.48067801339285715 0.24649276633055678 0.005719866071428571 0.016001753616834723
184 0.6380440848214286 0.28156510302498905 0.014369419642857142 0.007233669443226655
32 0.6427176339285714 0.41034633932485753 0.006696428571428571 0.016220955721174924
195 0.6012137276785714 0.13448049101271373 0.010463169642857142 0.016440157825515125
193 0.07686941964285714 0.8726435773783429 0.012276785714285714 0.019289785181937746
185 0.07268415178571429 0.8359272249013591 0.014508928571428572 0.006795265234546251
181 0.07679966517857142 0.7890179745725558 0.005719866071428571 0.013809732573432706
25 0.13888113839285715 0.894454186760193 0.007393973214285714 0.011617711530030689
176 0.23842075892857142 0.8678211310828584 0.005859375 0.014905743095133712
176 0.23835100446428573 0.9160455940377028 0.005719866071428571 0.013590530469092503
142 0.13818359375 0.5997369574747917 0.005998883928571429 0.00920648838228847
194 0.26527622767857145 0.8735203857957037 0.011858258928571428 0.018851380973257344
180 0.26534598214285715 0.8381192459447611 0.005859375 0.013809732573432706
178 0.26534598214285715 0.7539456378781236 0.005859375 0.015124945199473916
181 0.2652064732142857 0.6593599298553267 0.005859375 0.0131521262604121
186 0.26534598214285715 0.5777071459886015 0.006975446428571429 0.011617711530030689
142 0.22440011160714285 0.5573213502849628 0.005998883928571429 0.00898728627794827
60 0.26534598214285715 0.3669443226654976 0.005859375 0.014905743095133712
192 0.26527622767857145 0.49605436212187637 0.012416294642857142 0.01972818939061815
195 0.26534598214285715 0.5362779482683033 0.010323660714285714 0.016440157825515125
25 0.21128627232142858 0.27882507672073653 0.006277901785714286 0.012713722051731697
102 0.21142578125 0.20374835598421745 0.005719866071428571 0.011617711530030689
63 0.11328125 0.7689609820254274 0.0078125 0.008768084173608066
186 0.15757533482142858 0.8756028057869355 0.006277901785714286 0.012494519947391494
194 0.6961495535714286 0.6648399824638317 0.011997767857142858 0.018851380973257344
192 0.6824776785714286 0.8535729943007453 0.011997767857142858 0.018851380973257344
188 0.6607840401785714 0.8534633932485752 0.005440848214285714 0.016440157825515125
142 0.57763671875 0.8533537921964051 0.005719866071428571 0.00920648838228847