187 0.28285435267857145 0.36242052181539136 0.004603794642857143 0.013593510195132646
187 0.48744419642857145 0.14064898048673535 0.008649553571428572 0.00723525542644157
187 0.08970424107142858 0.21596141197105898 0.008649553571428572 0.007016005262003947
187 0.7260044642857143 0.767704450778338 0.008649553571428572 0.00723525542644157
187 0.47007533482142855 0.23744792808594606 0.004603794642857143 0.013593510195132646
187 0.2885044642857143 0.9117518088138566 0.008649553571428572 0.00723525542644157
187 0.6767578125 0.36242052181539136 0.004464285714285714 0.013593510195132646
187 0.5669642857142857 0.49758824819118613 0.008649553571428572 0.00723525542644157
187 0.5543387276785714 0.9250164437623328 0.004603794642857143 0.013593510195132646
187 0.08970424107142858 0.8790835343126507 0.008649553571428572 0.00723525542644157
183 0.45166015625 0.39245779434334577 0.0166015625 0.010085507564130673
178 0.46791294642857145 0.42501644376233283 0.013392857142857142 0.013374260030695024
188 0.4476841517857143 0.33205437404078053 0.011439732142857142 0.012935759701819776
187 0.4476841517857143 0.518636263977198 0.008649553571428572 0.00723525542644157
191 0.24881417410714285 0.5850690638017979 0.014090401785714286 0.022144266608199955
195 0.24881417410714285 0.5179785134838851 0.017438616071428572 0.027844770883578163
191 0.4873744419642857 0.21420741065555798 0.012974330357142858 0.020171015128261346
194 0.4873744419642857 0.3335891251918439 0.017717633928571428 0.027844770883578163
142 0.52734375 0.5012058759044069 0.008928571428571428 0.012716509537382154
195 0.5471540178571429 0.48739311554483666 0.015904017857142856 0.02499451874588906
32 0.5115792410714286 0.48629686472264855 0.012276785714285714 0.016663012497259374
25 0.3275669642857143 0.7777899583424688 0.010044642857142858 0.019951764963823723
102 0.3281947544642857 0.6384564788423591 0.008510044642857142 0.024117518088138567
191 0.32833426339285715 0.585617189212892 0.013253348214285714 0.020609515457136594
191 0.08970424107142858 0.2573996930497698 0.010323660714285714 0.016224512168384126
189 0.08970424107142858 0.33117737338303005 0.009486607142857142 0.031352773514580136
190 0.08970424107142858 0.3947599210699408 0.010881696428571428 0.01644376233282175
190 0.10993303571428571 0.5498794124095593 0.009486607142857142 0.010085507564130673
14 0.10735212053571429 0.48750274062705545 0.013532366071428572 0.013374260030695024
14 0.14543805803571427 0.48750274062705545 0.011300223214285714 0.01381276035957027
63 0.20891462053571427 0.5157860118395089 0.008510044642857142 0.02039026529269897
186 0.18994140625 0.3001534751151063 0.0107421875 0.015347511510633634
195 0.27001953125 0.2998245998684499 0.017717633928571428 0.027844770883578163
179 0.3076869419642857 0.29730322297741724 0.013811383928571428 0.018855514141635606
177 0.35093470982142855 0.3001534751151063 0.013253348214285714 0.013593510195132646
176 0.3896484375 0.2997149747862311 0.012555803571428572 0.014032010524007894
32 0.7266322544642857 0.7042315281736461 0.010184151785714286 0.02367901775926332
195 0.72607421875 0.6436088577066433 0.017717633928571428 0.027844770883578163
119 0.6252790178571429 0.49408024556018415 0.017020089285714284 0.028283271212453408
195 0.646484375 0.2705547029160272 0.015904017857142856 0.02499451874588906
195 0.5451311383928571 0.2998245998684499 0.0166015625 0.026090769568077175
180 0.6465541294642857 0.1456917342688007 0.008510044642857142 0.02433676825257619
188 0.5931222098214286 0.23744792808594606 0.0068359375 0.020609515457136594
142 0.4873046875 0.8138566103924578 0.008928571428571428 0.0131550098662574
183 0.48353794642857145 0.7851348388511291 0.016741071428571428 0.010085507564130673
180 0.4873744419642857 0.644924358693269 0.008510044642857142 0.019951764963823723
188 0.53857421875 0.8624205218153914 0.0068359375 0.018636263977197982
25 0.56591796875 0.777022582766937 0.010463169642857142 0.017540013155009866
187 0.5868443080357143 0.6123657092742819 0.004603794642857143 0.013593510195132646
191 0.6633649553571429 0.6123657092742819 0.013392857142857142 0.02104801578601184
184 0.25502232142857145 0.6908572681429511 0.021205357142857144 0.010085507564130673
184 0.26185825892857145 0.7900679675509756 0.006696428571428571 0.03310677483008112
183 0.26834542410714285 0.4309361982021487 0.006277901785714286 0.026529269896952423
182 0.31180245535714285 0.4247971935978952 0.008928571428571428 0.01381276035957027
176 0.3281947544642857 0.4617408463056347 0.0087890625 0.021925016443762334
187 0.32833426339285715 0.518636263977198 0.008510044642857142 0.00723525542644157
183 0.19921875 0.8688884016663012 0.006417410714285714 0.02587151940363955
196 0.14892578125 0.8625301468976102 0.017717633928571428 0.02718702039026529
192 0.10777064732142858 0.8624205218153914 0.017717633928571428 0.027406270554702915
175 0.28857421875 0.6471168603376453 0.008510044642857142 0.017320762990572242
191 0.50048828125 0.6124753343565008 0.011300223214285714 0.01775926331944749
195 0.5670340401785714 0.3335891251918439 0.017717633928571428 0.027844770883578163
195 0.6863141741071429 0.39443104582328437 0.015764508928571428 0.02455601841701381
186 0.6863141741071429 0.3298618723964043 0.010184151785714286 0.016882262661696998
196 0.6662946428571429 0.29993422495066874 0.018415178571428572 0.02894102170576628
119 0.4032505580357143 0.45538259153694366 0.017996651785714284 0.026748520061390047
185 0.40157645089285715 0.3478403858802894 0.021065848214285716 0.010304757728568297
179 0.7032645089285714 0.36483227362420523 0.015625 0.018855514141635606
181 0.72607421875 0.13659285244463934 0.0087890625 0.020609515457136594
190 0.5669642857142857 0.4381714536285902 0.010881696428571428 0.00986625739969305
142 0.5665457589285714 0.3909230431922824 0.009207589285714286 0.013593510195132646
191 0.3819056919642857 0.5499890374917781 0.011579241071428572 0.018197763648322735
60 0.47119140625 0.7374479280859461 0.014090401785714286 0.013374260030695024
102 0.6067940848214286 0.33051962288971715 0.008510044642857142 0.022582766937075203
179 0.5288783482142857 0.19469414602060953 0.011997767857142858 0.02367901775926332
32 0.5462472098214286 0.1109405832054374 0.014927455357142858 0.016224512168384126
180 0.3680943080357143 0.5719140539355404 0.0087890625 0.021267265950449463
196 0.3680943080357143 0.5157860118395089 0.017438616071428572 0.027844770883578163
102 0.31417410714285715 0.8001534751151064 0.014508928571428572 0.013374260030695024
25 0.6872209821428571 0.6966673975005482 0.010323660714285714 0.022144266608199955
14 0.6861746651785714 0.6561061170795878 0.008510044642857142 0.017320762990572242
196 0.5860072544642857 0.42501644376233283 0.017717633928571428 0.027844770883578163
14 0.5423409598214286 0.4247971935978952 0.012416294642857142 0.01381276035957027
193 0.16929408482142858 0.4529708397281298 0.017996651785714284 0.028064021048015787
179 0.19273158482142858 0.4221661916246437 0.017438616071428572 0.018197763648322735
181 0.22907366071428573 0.4247971935978952 0.012276785714285714 0.013374260030695024
181 0.22816685267857142 0.36253014689761015 0.012974330357142858 0.013374260030695024
187 0.38797433035714285 0.424906818680114 0.004464285714285714 0.013593510195132646
60 0.5057896205357143 0.9251260688445516 0.011858258928571428 0.01381276035957027
196 0.38609095982142855 0.7999342249506687 0.017717633928571428 0.027844770883578163
188 0.44761439732142855 0.7579478184608639 0.017717633928571428 0.011401008550756413
187 0.4476841517857143 0.7062047796535847 0.008649553571428572 0.007016005262003947
175 0.44761439732142855 0.6428414821311116 0.009068080357142858 0.02367901775926332
192 0.08970424107142858 0.8297522473141855 0.018973214285714284 0.029598772199079148
196 0.11007254464285714 0.8000438500328875 0.018415178571428572 0.02894102170576628
119 0.11083984375 0.7302126726595045 0.017159598214285716 0.027844770883578163