187 0.6862444196428571 0.32657311992983995 0.008649553571428572 0.00723525542644157
187 0.09598214285714286 0.8625301468976102 0.004464285714285714 0.013593510195132646
187 0.32303292410714285 0.1749616312212234 0.004603794642857143 0.013593510195132646
187 0.3681640625 0.5370532777899584 0.008649553571428572 0.00723525542644157
187 0.08970424107142858 0.27329532997149747 0.008649553571428572 0.00723525542644157
187 0.12346540178571429 0.1749616312212234 0.004464285714285714 0.013593510195132646
187 0.6390206473214286 0.9250164437623328 0.004603794642857143 0.013593510195132646
187 0.5435965401785714 0.9250164437623328 0.004603794642857143 0.013593510195132646
187 0.48744419642857145 0.577395308046481 0.008649553571428572 0.00723525542644157
195 0.08970424107142858 0.45746546809910105 0.015345982142857142 0.02433676825257619
191 0.08970424107142858 0.5872615654461741 0.012834821428571428 0.019951764963823723
194 0.08970424107142858 0.39136154352115765 0.018136160714285716 0.02850252137689103
181 0.11195591517857142 0.36253014689761015 0.011579241071428572 0.013374260030695024
193 0.15025111607142858 0.36242052181539136 0.017857142857142856 0.028064021048015787
191 0.16922433035714285 0.33117737338303005 0.010602678571428572 0.016882262661696998
187 0.30845424107142855 0.48739311554483666 0.004464285714285714 0.013593510195132646
180 0.3491908482142857 0.4872834904626179 0.014787946428571428 0.013374260030695024
196 0.28857421875 0.3919096689322517 0.018275669642857144 0.028721771541328656
142 0.34800502232142855 0.36242052181539136 0.008510044642857142 0.013593510195132646
188 0.28857421875 0.32668274501205874 0.014090401785714286 0.011401008550756413
32 0.2647181919642857 0.29850909888182414 0.015485491071428572 0.016005262003946502
195 0.22809709821428573 0.29993422495066874 0.015345982142857142 0.02367901775926332
192 0.18722098214285715 0.29993422495066874 0.017857142857142856 0.028064021048015787
179 0.15736607142857142 0.3024556018417014 0.015625 0.01907476430607323
63 0.11390904017857142 0.3004823503617628 0.012974330357142858 0.014689761017320764
32 0.6644810267857143 0.36143389607542203 0.012276785714285714 0.01644376233282175
190 0.6381138392857143 0.36242052181539136 0.009486607142857142 0.016224512168384126
182 0.5888671875 0.36231089673317257 0.008649553571428572 0.01381276035957027
188 0.5669642857142857 0.392896294672221 0.014508928571428572 0.013593510195132646
179 0.5535016741071429 0.36516114887086165 0.015206473214285714 0.018636263977197982
193 0.5066266741071429 0.36242052181539136 0.017717633928571428 0.0263100197325148
195 0.7053571428571429 0.424906818680114 0.016183035714285716 0.025433019074764307
32 0.6311383928571429 0.4232624424468318 0.014787946428571428 0.01644376233282175
175 0.7262137276785714 0.39486954615215963 0.0087890625 0.01841701381276036
179 0.3300083705357143 0.834137250602938 0.011858258928571428 0.02696777022582767
189 0.3067103794642857 0.8625301468976102 0.019949776785714284 0.015786011839508878
180 0.32833426339285715 0.7178250383687788 0.008510044642857142 0.01841701381276036
185 0.23444475446428573 0.622231966673975 0.006556919642857143 0.03332602499451875
179 0.19635881696428573 0.6151063363297522 0.0166015625 0.01907476430607323
194 0.14732142857142858 0.8624205218153914 0.017857142857142856 0.028283271212453408
25 0.18394252232142858 0.860337645253234 0.012137276785714286 0.017978513483885114
192 0.32840401785714285 0.2087261565446174 0.018415178571428572 0.02894102170576628
195 0.42654854910714285 0.17485200613900462 0.017996651785714284 0.028283271212453408
185 0.3544921875 0.18471826353869766 0.006417410714285714 0.03310677483008112
119 0.46826171875 0.4182196886647665 0.014369419642857142 0.028283271212453408
184 0.40164620535714285 0.21322078491558868 0.021205357142857144 0.010743258057443543
178 0.34263392857142855 0.23733830300372724 0.015066964285714286 0.014251260688445516
187 0.40792410714285715 0.26869107651830737 0.008649553571428572 0.00723525542644157
102 0.24888392857142858 0.651940363955273 0.008649553571428572 0.016005262003946502
187 0.26869419642857145 0.8000438500328875 0.004464285714285714 0.013593510195132646
190 0.35958426339285715 0.7999342249506687 0.006277901785714286 0.012935759701819776
63 0.14174107142857142 0.550098662573997 0.014787946428571428 0.0131550098662574
177 0.19182477678571427 0.5492216619162464 0.011997767857142858 0.013593510195132646
184 0.21526227678571427 0.6415259811444859 0.021205357142857144 0.01052400789300592
195 0.19084821428571427 0.36242052181539136 0.018136160714285716 0.02850252137689103
142 0.6238141741071429 0.48739311554483666 0.0087890625 0.013593510195132646
185 0.6705496651785714 0.4776364832273624 0.0068359375 0.03310677483008112
60 0.5801478794642857 0.3001534751151063 0.015764508928571428 0.013593510195132646
195 0.12946428571428573 0.8297522473141855 0.017857142857142856 0.028283271212453408
195 0.12946428571428573 0.7684718263538698 0.018136160714285716 0.02850252137689103
196 0.19022042410714285 0.7374479280859461 0.017717633928571428 0.02696777022582767
193 0.22956194196428573 0.7374479280859461 0.0185546875 0.029160271870203903
180 0.34877232142857145 0.2997149747862311 0.013671875 0.014032010524007894
186 0.30454799107142855 0.9246875685156764 0.011439732142857142 0.01644376233282175
184 0.21526227678571427 0.774172330629248 0.021205357142857144 0.010085507564130673
194 0.2699497767857143 0.9250164437623328 0.018694196428571428 0.029379522034641527
189 0.646484375 0.1465687349265512 0.007254464285714286 0.031352773514580136
189 0.646484375 0.20861653146239859 0.007254464285714286 0.031352773514580136
192 0.646484375 0.2696777022582767 0.018415178571428572 0.02894102170576628
183 0.650390625 0.33501425126068846 0.016741071428571428 0.010085507564130673
186 0.5846121651785714 0.11236570927428195 0.0107421875 0.014689761017320764
185 0.5528738839285714 0.12190309142731857 0.006696428571428571 0.033764525323393996
195 0.42689732142857145 0.11247533435650077 0.015904017857142856 0.02499451874588906
176 0.38692801339285715 0.11258495943871957 0.013811383928571428 0.013374260030695024
189 0.3466099330357143 0.11247533435650077 0.019949776785714284 0.011401008550756413
196 0.16922433035714285 0.6415259811444859 0.018136160714285716 0.02850252137689103
196 0.34730747767857145 0.424906818680114 0.017717633928571428 0.02762552071914054
188 0.3680943080357143 0.39223854417890813 0.014090401785714286 0.010085507564130673
195 0.31026785714285715 0.29993422495066874 0.015345982142857142 0.024117518088138567
32 0.13016183035714285 0.21387853540890156 0.010044642857142858 0.023459767594825695
182 0.5269252232142857 0.45823284367463274 0.008649553571428572 0.013593510195132646
181 0.5481305803571429 0.48739311554483666 0.010881696428571428 0.0131550098662574
185 0.5334821428571429 0.5220346415259811 0.021205357142857144 0.010085507564130673
177 0.5274135044642857 0.39180004385003286 0.0087890625 0.02104801578601184
192 0.5486188616071429 0.29993422495066874 0.017717633928571428 0.02718702039026529
180 0.5669642857142857 0.7768033326024995 0.008370535714285714 0.02367901775926332
63 0.5668247767857143 0.7032449024336769 0.008928571428571428 0.02170576627932471
32 0.5675920758928571 0.5881385661039246 0.009905133928571428 0.02039026529269897
176 0.5042550223214286 0.7994957246217934 0.0146484375 0.013374260030695024
196 0.46714564732142855 0.8000438500328875 0.017717633928571428 0.02718702039026529
180 0.31466238839285715 0.7375575531681648 0.0126953125 0.013593510195132646
63 0.6065848214285714 0.8316158737119053 0.008649553571428572 0.016663012497259374
177 0.5892159598214286 0.8002631001973252 0.013532366071428572 0.013593510195132646
188 0.39711216517857145 0.7375575531681648 0.008231026785714286 0.019294014470510854
191 0.40785435267857145 0.5890155667616751 0.013253348214285714 0.020828765621574215
32 0.40855189732142855 0.5233501425126069 0.009905133928571428 0.02324051743038807
195 0.38734654017857145 0.6749616312212234 0.016322544642857144 0.02565226923920193
182 0.49818638392857145 0.48717386538039903 0.008928571428571428 0.01447051085288314
195 0.40792410714285715 0.32810787108090333 0.018136160714285716 0.028721771541328656
179 0.4693080357142857 0.2970839728129796 0.017299107142857144 0.01841701381276036
191 0.48744419642857145 0.2695680771760579 0.010323660714285714 0.016005262003946502
142 0.4873046875 0.20083315062486295 0.008928571428571428 0.0131550098662574