187 0.09793526785714286 0.5997369574747917 0.00390625 0.01183691363437089
187 0.09333147321428571 0.9297457255589654 0.00390625 0.012056115738711091
187 0.22495814732142858 0.778277071459886 0.007672991071428571 0.006356861025865849
187 0.5749162946428571 0.7918676019289785 0.007533482142857143 0.006356861025865849
187 0.6099330357142857 0.15333187198597106 0.007533482142857143 0.006356861025865849
187 0.39990234375 0.36288908373520384 0.007672991071428571 0.006356861025865849
187 0.6349748883928571 0.43478737395879 0.004045758928571429 0.012056115738711091
187 0.6717354910714286 0.6547566856641823 0.00390625 0.01183691363437089
187 0.0849609375 0.6909250328803157 0.007533482142857143 0.006137658921525646
187 0.6747349330357143 0.9297457255589654 0.004045758928571429 0.012056115738711091
187 0.0849609375 0.15103024989039895 0.007533482142857143 0.006137658921525646
195 0.11990792410714286 0.7918676019289785 0.013811383928571428 0.021701008329679965
63 0.11969866071428571 0.7396975010960105 0.0078125 0.016001753616834723
63 0.11990792410714286 0.6292196405085488 0.007672991071428571 0.019070583077597545
194 0.27769252232142855 0.8197062691801841 0.015764508928571428 0.024769837790442787
184 0.32442801339285715 0.7944980271810609 0.0185546875 0.00898728627794827
184 0.28941127232142855 0.6776633055677335 0.0185546875 0.00898728627794827
189 0.36495535714285715 0.682595352915388 0.007254464285714286 0.02761946514686541
194 0.39990234375 0.7903331871985971 0.016322544642857144 0.025646646207803596
181 0.3998325892857143 0.7373958790004385 0.007533482142857143 0.02235861464270057
177 0.3848353794642857 0.8198158702323542 0.011858258928571428 0.01183691363437089
175 0.35379464285714285 0.819487067075844 0.010881696428571428 0.012932924156071899
142 0.15492466517857142 0.9101271372205173 0.007672991071428571 0.011398509425690487
194 0.22488839285714285 0.7345462516440158 0.015625 0.024550635686102586
191 0.20710100446428573 0.5998465585269619 0.009626116071428572 0.015124945199473916
192 0.32993861607142855 0.18939061814993424 0.016741071428571428 0.0263042525208242
63 0.32979910714285715 0.2487943884261289 0.007533482142857143 0.018851380973257344
14 0.35037667410714285 0.26972818939061816 0.011021205357142858 0.011617711530030689
63 0.384765625 0.26972818939061816 0.010881696428571428 0.011617711530030689
192 0.31131417410714285 0.21481806225339764 0.016322544642857144 0.025865848312143797
182 0.208984375 0.21503726435773785 0.007533482142857143 0.012275317843051293
187 0.3124302455357143 0.159798334064007 0.004045758928571429 0.01183691363437089
60 0.2822963169642857 0.1592503288031565 0.0107421875 0.012056115738711091
191 0.16936383928571427 0.159798334064007 0.011160714285714286 0.017536168347216132
187 0.13741629464285715 0.159798334064007 0.00390625 0.01183691363437089
186 0.1025390625 0.15990793511617712 0.009486607142857142 0.012494519947391494
14 0.5232282366071429 0.709776413853573 0.011300223214285714 0.01183691363437089
182 0.4970703125 0.709776413853573 0.006975446428571429 0.01183691363437089
181 0.4501255580357143 0.709776413853573 0.014090401785714286 0.01183691363437089
193 0.6099330357142857 0.18982902235861465 0.016462053571428572 0.025865848312143797
190 0.6878487723214286 0.3248575186321789 0.0087890625 0.011398509425690487
184 0.5818917410714286 0.27849627356422624 0.005859375 0.02915387987724682
60 0.41859654017857145 0.26972818939061816 0.009626116071428572 0.011617711530030689
196 0.6099330357142857 0.3524769837790443 0.015904017857142856 0.02498903989478299
32 0.5915178571428571 0.37867163524769837 0.013113839285714286 0.014686540990793511
191 0.5597098214285714 0.37976764576939936 0.010323660714285714 0.016440157825515125
179 0.37876674107142855 0.3821788689171416 0.012555803571428572 0.016440157825515125
186 0.34988839285714285 0.37976764576939936 0.010602678571428572 0.014686540990793511
175 0.46986607142857145 0.6800745287154757 0.007533482142857143 0.017755370451556333
193 0.41587611607142855 0.6547566856641823 0.015625 0.02367382726874178
175 0.13148716517857142 0.26972818939061816 0.013811383928571428 0.011617711530030689
185 0.18198939732142858 0.2610697062691802 0.005719866071428571 0.02893467777290662
178 0.11976841517857142 0.45287154756685666 0.007393973214285714 0.020604997807978958
181 0.13553292410714285 0.4895879000438404 0.011300223214285714 0.011617711530030689
186 0.14034598214285715 0.3798772468215695 0.010323660714285714 0.0131521262604121
186 0.169921875 0.3798772468215695 0.009486607142857142 0.01446733888645331
192 0.24365234375 0.37976764576939936 0.016043526785714284 0.025208241999123193
196 0.43491908482142855 0.7931828145550197 0.015764508928571428 0.024769837790442787
195 0.41573660714285715 0.7647961420429636 0.013671875 0.02104340201665936
178 0.36488560267857145 0.7359710653222271 0.007672991071428571 0.02082419991231916
175 0.31821986607142855 0.709776413853573 0.010323660714285714 0.01183691363437089
192 0.7499302455357143 0.4644892590968873 0.016322544642857144 0.025865848312143797
195 0.7149832589285714 0.6275756247259974 0.013392857142857142 0.021481806225339763
175 0.6978236607142857 0.7646865409907935 0.01171875 0.011617711530030689
178 0.6261858258928571 0.7646865409907935 0.011579241071428572 0.011617711530030689
185 0.5916573660714286 0.7731258220078913 0.005580357142857143 0.029811486190267425
32 0.21058872767857142 0.26885138097325734 0.011579241071428572 0.014248136782113108
102 0.22481863839285715 0.47029811486190265 0.007672991071428571 0.017755370451556333
181 0.2767857142857143 0.2698377904427883 0.009486607142857142 0.01183691363437089
195 0.34814453125 0.7647961420429636 0.014090401785714286 0.021920210434020166
177 0.25997488839285715 0.791319596668128 0.007393973214285714 0.01841297676457694
187 0.18994140625 0.8473257343270495 0.007672991071428571 0.006356861025865849
180 0.40004185267857145 0.6285620341955283 0.007393973214285714 0.01994739149495835
178 0.38427734375 0.5997369574747917 0.011579241071428572 0.01183691363437089
177 0.38455636160714285 0.6546470846120123 0.009347098214285714 0.011617711530030689
186 0.6801060267857143 0.904427882507672 0.009207589285714286 0.01578255151249452
186 0.6799665178571429 0.7959228408592722 0.008649553571428572 0.015344147303814117
186 0.6798967633928571 0.7422183252959228 0.009068080357142858 0.014905743095133712
177 0.6102120535714286 0.5685006576063131 0.007533482142857143 0.017755370451556333
63 0.09835379464285714 0.7649057430951337 0.011160714285714286 0.012056115738711091
186 0.36495535714285715 0.34776413853572996 0.008370535714285714 0.015563349408154318
176 0.3648158482142857 0.29592284085927223 0.008091517857142858 0.016220955721174924
175 0.34898158482142855 0.4896975010960105 0.009626116071428572 0.01183691363437089
188 0.2724609375 0.48980710214818063 0.006417410714285714 0.02082419991231916
25 0.18896484375 0.36036825953529156 0.009347098214285714 0.014905743095133712
179 0.1884765625 0.3027181060938185 0.010602678571428572 0.018851380973257344
179 0.47140066964285715 0.7367382726874178 0.010323660714285714 0.021920210434020166
189 0.6449497767857143 0.5732135028496274 0.007254464285714286 0.02761946514686541
176 0.6320452008928571 0.5996273564226217 0.011300223214285714 0.012056115738711091
195 0.5399693080357143 0.7383822884699693 0.015764508928571428 0.024769837790442787
188 0.7287248883928571 0.709776413853573 0.0068359375 0.01709776413853573
175 0.6798967633928571 0.5647742218325296 0.007393973214285714 0.016878562034195528
60 0.6980329241071429 0.2695089872862779 0.0107421875 0.012056115738711091
193 0.6259068080357143 0.26972818939061816 0.0166015625 0.026085050416484
192 0.73095703125 0.6547566856641823 0.016043526785714284 0.02498903989478299
176 0.75 0.8523673827268742 0.007533482142857143 0.021701008329679965
182 0.7322126116071429 0.9296361245067952 0.007672991071428571 0.012275317843051293
182 0.5049525669642857 0.5643358176238492 0.007952008928571428 0.011617711530030689
14 0.4580078125 0.5994081543182814 0.012834821428571428 0.012056115738711091
189 0.41734095982142855 0.5997369574747917 0.017717633928571428 0.01578255151249452
119 0.5089983258928571 0.6298772468215695 0.015764508928571428 0.018632178868917142
142 0.5047433035714286 0.6891714160455941 0.007533482142857143 0.01183691363437089
179 0.5034877232142857 0.5095352915387987 0.010602678571428572 0.02345462516440158
187 0.5049525669642857 0.4072775098640947 0.007672991071428571 0.006137658921525646
188 0.20877511160714285 0.709776413853573 0.0068359375 0.020166593599298552
63 0.32986886160714285 0.6764576939938624 0.007393973214285714 0.017536168347216132
190 0.32993861607142855 0.6219859710653223 0.006696428571428571 0.011179307321350284
182 0.19001116071428573 0.18774660236738272 0.008091517857142858 0.012056115738711091
175 0.22481863839285715 0.5077816747040772 0.007672991071428571 0.021701008329679965
192 0.10239955357142858 0.3248575186321789 0.016462053571428572 0.025865848312143797
63 0.13106863839285715 0.21492766330556773 0.0107421875 0.011617711530030689
102 0.17529296875 0.21503726435773785 0.009905133928571428 0.012275317843051293
192 0.25990513392857145 0.24419114423498467 0.015625 0.024550635686102586