187 0.2885044642857143 0.6249725937294452 0.008649553571428572 0.00723525542644157
187 0.7126813616071429 0.11247533435650077 0.004603794642857143 0.013593510195132646
187 0.49365234375 0.36242052181539136 0.004603794642857143 0.013593510195132646
187 0.3681640625 0.6310019732514799 0.008649553571428572 0.007016005262003947
187 0.6067243303571429 0.44156983117737336 0.008649553571428572 0.007016005262003947
187 0.16922433035714285 0.8186801140100856 0.008649553571428572 0.007016005262003947
60 0.72607421875 0.4564788423591318 0.008510044642857142 0.02455601841701381
119 0.7214006696428571 0.38522253891690417 0.017578125 0.02236351677263758
196 0.6655970982142857 0.36242052181539136 0.017857142857142856 0.028064021048015787
179 0.7277483258928571 0.7002850252137689 0.011858258928571428 0.022802017101512827
14 0.7013811383928571 0.8628590221442666 0.013811383928571428 0.013374260030695024
102 0.6068638392857143 0.8313966235474677 0.008649553571428572 0.020171015128261346
60 0.6240931919642857 0.6750712563034422 0.015206473214285714 0.013593510195132646
182 0.7020089285714286 0.6750712563034422 0.008370535714285714 0.013593510195132646
190 0.5670340401785714 0.6360447270335453 0.010463169642857142 0.012716509537382154
102 0.5079520089285714 0.6122560841920631 0.014787946428571428 0.014251260688445516
25 0.42905970982142855 0.6142293356720018 0.0146484375 0.017320762990572242
195 0.38748604910714285 0.6123657092742819 0.017717633928571428 0.02718702039026529
189 0.08970424107142858 0.7703354527515895 0.011439732142857142 0.031352773514580136
63 0.14222935267857142 0.8001534751151064 0.014090401785714286 0.013374260030695024
32 0.09061104910714286 0.7041219030914273 0.009905133928571428 0.02433676825257619
184 0.08349609375 0.6398816049112037 0.021344866071428572 0.010743258057443543
190 0.15087890625 0.6124753343565008 0.009068080357142858 0.012935759701819776
192 0.19049944196428573 0.6124753343565008 0.018833705357142856 0.029598772199079148
63 0.23025948660714285 0.6125849594387196 0.013532366071428572 0.013593510195132646
60 0.26981026785714285 0.6122560841920631 0.014787946428571428 0.013374260030695024
182 0.31626674107142855 0.6124753343565008 0.009207589285714286 0.01381276035957027
180 0.12960379464285715 0.5101951326463495 0.008370535714285714 0.02324051743038807
183 0.15157645089285715 0.419096689322517 0.006556919642857143 0.02696777022582767
189 0.28857421875 0.516334137250603 0.009626116071428572 0.031572023679017756
142 0.4077845982142857 0.20324490243367682 0.008649553571428572 0.013593510195132646
194 0.46895926339285715 0.23733830300372724 0.017717633928571428 0.027844770883578163
195 0.5072544642857143 0.1749616312212234 0.018415178571428572 0.02894102170576628
187 0.5470842633928571 0.1749616312212234 0.004603794642857143 0.013593510195132646
176 0.11697823660714286 0.17507125630344222 0.0146484375 0.01381276035957027
180 0.18387276785714285 0.3000438500328875 0.013113839285714286 0.01381276035957027
60 0.22495814732142858 0.36242052181539136 0.012416294642857142 0.0131550098662574
184 0.27992466517857145 0.3529927647445736 0.006277901785714286 0.03420302565226924
192 0.16929408482142858 0.33402762552071913 0.017717633928571428 0.027844770883578163
192 0.08970424107142858 0.26836220127165095 0.018415178571428572 0.02894102170576628
119 0.08517020089285714 0.20543740407805305 0.017438616071428572 0.02455601841701381
187 0.22893415178571427 0.29993422495066874 0.004464285714285714 0.013593510195132646
189 0.26925223214285715 0.29993422495066874 0.020089285714285716 0.01447051085288314
190 0.65185546875 0.48750274062705545 0.008231026785714286 0.014251260688445516
179 0.7098911830357143 0.4846524884893664 0.015206473214285714 0.018636263977197982
191 0.6729910714285714 0.23744792808594606 0.013671875 0.021486516114887087
177 0.6067243303571429 0.2115764086823065 0.008370535714285714 0.02324051743038807
193 0.6067243303571429 0.26869107651830737 0.017578125 0.027844770883578163
14 0.16950334821428573 0.515128261346196 0.008928571428571428 0.02170576627932471
193 0.16922433035714285 0.455163341372506 0.018415178571428572 0.02894102170576628
142 0.08949497767857142 0.3244902433676825 0.0087890625 0.0131550098662574
187 0.16922433035714285 0.5812321859241394 0.008649553571428572 0.007016005262003947
186 0.10867745535714286 0.6754001315500987 0.010323660714285714 0.014251260688445516
191 0.38992745535714285 0.17485200613900462 0.012834821428571428 0.02039026529269897
195 0.38623046875 0.29993422495066874 0.017717633928571428 0.02718702039026529
186 0.44761439732142855 0.13867572900679676 0.010184151785714286 0.01775926331944749
190 0.46693638392857145 0.11236570927428195 0.009486607142857142 0.01512826134619601
184 0.5010463169642857 0.10304757728568296 0.006277901785714286 0.03420302565226924
192 0.5475027901785714 0.11236570927428195 0.019112723214285716 0.030037272527954396
177 0.32833426339285715 0.3365490024117518 0.0087890625 0.02104801578601184
181 0.3145228794642857 0.36253014689761015 0.0146484375 0.013374260030695024
180 0.32840401785714285 0.268910326682745 0.008370535714285714 0.018197763648322735
178 0.2705078125 0.1749616312212234 0.013950892857142858 0.0131550098662574
119 0.22935267857142858 0.1823065117298838 0.013950892857142858 0.027844770883578163
177 0.18861607142857142 0.1747423810567858 0.016183035714285716 0.013593510195132646
176 0.5272739955357143 0.32766937075202807 0.008510044642857142 0.019951764963823723
195 0.4658900669642857 0.29993422495066874 0.015485491071428572 0.024117518088138567
119 0.14474051339285715 0.16750712563034423 0.017438616071428572 0.028064021048015787
32 0.09026227678571429 0.46086384564788424 0.009765625 0.02104801578601184
179 0.09130859375 0.5108528831396624 0.012137276785714286 0.02236351677263758
179 0.11000279017857142 0.5474676606007455 0.015764508928571428 0.018855514141635606
180 0.5840541294642857 0.11247533435650077 0.011858258928571428 0.0131550098662574
185 0.33949497767857145 0.227581670686253 0.006277901785714286 0.03332602499451875
119 0.6657366071428571 0.5568954176715633 0.015066964285714286 0.028064021048015787
193 0.6863141741071429 0.5166630124972593 0.017438616071428572 0.027844770883578163
194 0.3680943080357143 0.5784915588686691 0.017717633928571428 0.027844770883578163
185 0.3618861607142857 0.40561280420960316 0.021205357142857144 0.010085507564130673
14 0.3680943080357143 0.3376452532339399 0.008510044642857142 0.0197325147993861
178 0.6339285714285714 0.11258495943871957 0.015625 0.01381276035957027
192 0.12946428571428573 0.39530804648103485 0.018136160714285716 0.02850252137689103
187 0.24874441964285715 0.518636263977198 0.008649553571428572 0.00723525542644157
191 0.22174944196428573 0.5499890374917781 0.012416294642857142 0.019513264634948475
14 0.18505859375 0.5499890374917781 0.011579241071428572 0.01381276035957027
194 0.24874441964285715 0.4549440912080684 0.018415178571428572 0.02894102170576628
187 0.18910435267857142 0.23744792808594606 0.004603794642857143 0.013593510195132646
178 0.35330636160714285 0.1747423810567858 0.012974330357142858 0.01447051085288314
60 0.20905412946428573 0.4649199736899803 0.008510044642857142 0.020828765621574215
175 0.19677734375 0.6749616312212234 0.0126953125 0.013374260030695024
180 0.16915457589285715 0.7702258276693708 0.008510044642857142 0.02367901775926332
119 0.23374720982142858 0.7304319228239421 0.013811383928571428 0.027844770883578163
142 0.2613002232142857 0.7376671782503836 0.008091517857142858 0.01381276035957027
177 0.30838448660714285 0.7372286779215085 0.015485491071428572 0.01381276035957027
119 0.64208984375 0.6558868669151502 0.017717633928571428 0.027406270554702915