187 0.6449497767857143 0.8830556773345024 0.007533482142857143 0.006356861025865849
187 0.08893694196428571 0.7647961420429636 0.004045758928571429 0.01183691363437089
187 0.17780412946428573 0.43478737395879 0.004045758928571429 0.012056115738711091
187 0.5398995535714286 0.11234107847435336 0.007533482142857143 0.006356861025865849
187 0.18994140625 0.12987724682156948 0.007672991071428571 0.006356861025865849
187 0.22495814732142858 0.8485313459009206 0.007672991071428571 0.006137658921525646
187 0.11174665178571429 0.8198158702323542 0.00390625 0.01183691363437089
178 0.08482142857142858 0.23925909688733013 0.007533482142857143 0.01819377466023674
142 0.13811383928571427 0.32430951337132835 0.007533482142857143 0.012056115738711091
187 0.0849609375 0.1873081981587023 0.007533482142857143 0.006356861025865849
63 0.09807477678571429 0.15990793511617712 0.010044642857142858 0.011617711530030689
180 0.17340959821428573 0.1600175361683472 0.010881696428571428 0.012275317843051293
186 0.24135044642857142 0.10477860587461639 0.009486607142857142 0.01446733888645331
190 0.294921875 0.13908373520385794 0.009207589285714286 0.011179307321350284
189 0.18987165178571427 0.4059622972380535 0.006417410714285714 0.02761946514686541
191 0.17201450892857142 0.3798772468215695 0.011439732142857142 0.01797457255589654
190 0.18994140625 0.3534633932485752 0.009626116071428572 0.013809732573432706
119 0.19398716517857142 0.45495396755808853 0.015485491071428572 0.019070583077597545
175 0.18994140625 0.6200131521262604 0.007393973214285714 0.01819377466023674
192 0.17124720982142858 0.6547566856641823 0.016322544642857144 0.025865848312143797
63 0.13616071428571427 0.6549758877685226 0.013392857142857142 0.01183691363437089
179 0.6434151785714286 0.8425032880315652 0.010602678571428572 0.01731696624287593
182 0.6449497767857143 0.7468215694870671 0.007533482142857143 0.012713722051731697
175 0.6979631696428571 0.7092284085927225 0.009486607142857142 0.012056115738711091
187 0.732421875 0.709776413853573 0.00390625 0.01183691363437089
195 0.6449497767857143 0.515234546251644 0.015904017857142856 0.025208241999123193
177 0.6263950892857143 0.3799868478737396 0.013392857142857142 0.011617711530030689
178 0.6285574776785714 0.7644673388864534 0.013532366071428572 0.012056115738711091
175 0.552734375 0.7645769399386234 0.011997767857142858 0.01183691363437089
14 0.4580775669642857 0.7645769399386234 0.011579241071428572 0.01183691363437089
193 0.41678292410714285 0.7647961420429636 0.015764508928571428 0.02498903989478299
186 0.37904575892857145 0.7647961420429636 0.009486607142857142 0.013590530469092503
176 0.3080357142857143 0.7650153441473038 0.013113839285714286 0.012275317843051293
192 0.27734375 0.7647961420429636 0.015625 0.024550635686102586
194 0.294921875 0.8465585269618588 0.015345982142857142 0.024550635686102586
192 0.17096819196428573 0.8197062691801841 0.015764508928571428 0.024769837790442787
191 0.32993861607142855 0.5267426567295046 0.010881696428571428 0.01709776413853573
186 0.27713448660714285 0.4900263042525208 0.009347098214285714 0.013809732573432706
187 0.34744698660714285 0.5997369574747917 0.004045758928571429 0.01183691363437089
25 0.41141183035714285 0.5976545374835598 0.012834821428571428 0.016001753616834723
176 0.32972935267857145 0.46043402016659357 0.007672991071428571 0.017755370451556333
176 0.24930245535714285 0.4350065760631302 0.011439732142857142 0.012056115738711091
183 0.5433872767857143 0.20243314335817625 0.014787946428571428 0.00898728627794827
177 0.5945172991071429 0.21481806225339764 0.014090401785714286 0.01183691363437089
177 0.4878627232142857 0.15968873301183692 0.010044642857142858 0.012056115738711091
192 0.4517299107142857 0.159798334064007 0.015625 0.024550635686102586
192 0.3818359375 0.15990793511617712 0.015904017857142856 0.025208241999123193
193 0.3457728794642857 0.15990793511617712 0.015764508928571428 0.024769837790442787
181 0.6798967633928571 0.34984655852696184 0.007393973214285714 0.016659359929855327
32 0.20654296875 0.708680403331872 0.013532366071428572 0.014905743095133712
60 0.19015066964285715 0.7901139850942569 0.007533482142857143 0.016440157825515125
177 0.19001116071428573 0.8440377027619466 0.007533482142857143 0.016440157825515125
195 0.18994140625 0.9038798772468216 0.016043526785714284 0.025208241999123193
102 0.23974609375 0.9298553266111355 0.0126953125 0.012275317843051293
14 0.26004464285714285 0.9010302498903989 0.007533482142857143 0.01819377466023674
187 0.22495814732142858 0.6822665497588777 0.007672991071428571 0.006356861025865849
60 0.08489118303571429 0.41516878562034193 0.007672991071428571 0.020604997807978958
188 0.0849609375 0.6264796142042963 0.010323660714285714 0.01183691363437089
102 0.09988839285714286 0.48991670320035074 0.011997767857142858 0.01183691363437089
195 0.13748604910714285 0.48980710214818063 0.013811383928571428 0.021701008329679965
188 0.20228794642857142 0.48980710214818063 0.006417410714285714 0.016440157825515125
189 0.24358258928571427 0.48980710214818063 0.017578125 0.009864094695309075
195 0.7499302455357143 0.6262604120999562 0.015485491071428572 0.024550635686102586
63 0.7497907366071429 0.5121657167908812 0.007952008928571428 0.01731696624287593
142 0.75 0.46394125383603685 0.0078125 0.011617711530030689
194 0.7315848214285714 0.3798772468215695 0.016183035714285716 0.025427444103463395
181 0.7010323660714286 0.3796580447172293 0.010881696428571428 0.01183691363437089
25 0.7008928571428571 0.27126260412099956 0.010044642857142858 0.015124945199473916
177 0.5894949776785714 0.4351161771153003 0.0107421875 0.01183691363437089
180 0.5594308035714286 0.43478737395879 0.012834821428571428 0.012056115738711091
182 0.5280412946428571 0.43478737395879 0.0078125 0.012056115738711091
180 0.7303292410714286 0.21481806225339764 0.010044642857142858 0.01183691363437089
186 0.6946149553571429 0.21525646646207802 0.010044642857142858 0.01183691363437089
185 0.7317243303571429 0.2783866725120561 0.005859375 0.029373081981587022
60 0.6096540178571429 0.2954844366505918 0.007533482142857143 0.019289785181937746
192 0.24330357142857142 0.159798334064007 0.016741071428571428 0.0263042525208242
179 0.19133649553571427 0.24736957474791757 0.010463169642857142 0.02389302937308198
188 0.294921875 0.5591845681718545 0.010323660714285714 0.010083296799649276
119 0.29903738839285715 0.6791977202981149 0.015485491071428572 0.023016220955721176
190 0.24937220982142858 0.709776413853573 0.0087890625 0.012713722051731697
63 0.24044363839285715 0.7646865409907935 0.011858258928571428 0.011617711530030689
179 0.2933872767857143 0.7428759316089435 0.010602678571428572 0.02367382726874178
175 0.3090122767857143 0.599956159579132 0.013113839285714286 0.01183691363437089
194 0.11990792410714286 0.7919772029811486 0.015764508928571428 0.02498903989478299
184 0.41224888392857145 0.44311705392371764 0.005580357142857143 0.03003068829460763
175 0.6981724330357143 0.324967119684349 0.011021205357142858 0.012494519947391494
25 0.6290457589285714 0.3265015344147304 0.012276785714285714 0.015563349408154318
63 0.40018136160714285 0.4580227970188514 0.007393973214285714 0.019508987286277948
192 0.39990234375 0.4059622972380535 0.015206473214285714 0.024550635686102586
60 0.3998325892857143 0.29340201665935994 0.007533482142857143 0.01994739149495835
119 0.3959263392857143 0.24912319158263918 0.015625 0.01994739149495835
192 0.27657645089285715 0.21492766330556773 0.0166015625 0.026085050416484
178 0.3301478794642857 0.19563787812362998 0.007672991071428571 0.016878562034195528
181 0.32986886160714285 0.2389302937308198 0.007393973214285714 0.018851380973257344
178 0.32986886160714285 0.41483998246383164 0.007393973214285714 0.016440157825515125
102 0.43477957589285715 0.5792415607189829 0.007393973214285714 0.019508987286277948
188 0.43491908482142855 0.7861683472161333 0.013253348214285714 0.011179307321350284
190 0.3828125 0.8748355984217449 0.007533482142857143 0.008768084173608066
195 0.45082310267857145 0.5448268303375713 0.015764508928571428 0.024769837790442787
195 0.7149135044642857 0.409798334064007 0.013253348214285714 0.021262604120999562
188 0.22495814732142858 0.23476545374835597 0.013253348214285714 0.01052170100832968
193 0.22495814732142858 0.2997588776852258 0.0166015625 0.026085050416484
193 0.22488839285714285 0.3549978079789566 0.016183035714285716 0.025646646207803596
187 0.22495814732142858 0.4622972380534853 0.007672991071428571 0.006137658921525646
177 0.22502790178571427 0.7943884261288908 0.007533482142857143 0.01797457255589654
175 0.2949916294642857 0.518412976764577 0.007393973214285714 0.014905743095133712
32 0.24686104910714285 0.5434020166593599 0.013532366071428572 0.014905743095133712
63 0.22481863839285715 0.5658702323542306 0.007393973214285714 0.016878562034195528
175 0.14195033482142858 0.8197062691801841 0.013253348214285714 0.011617711530030689
181 0.24546595982142858 0.5997369574747917 0.010463169642857142 0.01183691363437089
177 0.13434709821428573 0.8748355984217449 0.010881696428571428 0.01183691363437089
191 0.25990513392857145 0.23651907058307758 0.011160714285714286 0.017536168347216132
102 0.25997488839285715 0.35839544059622974 0.007672991071428571 0.016659359929855327
175 0.24783761160714285 0.26994739149495833 0.013253348214285714 0.012056115738711091
25 0.20528738839285715 0.27115300306882945 0.012416294642857142 0.015344147303814117