187 0.34291294642857145 0.9250164437623328 0.004464285714285714 0.013593510195132646
187 0.6862444196428571 0.811992983994738 0.008649553571428572 0.00723525542644157
187 0.12946428571428573 0.7689103266827451 0.008649553571428572 0.007016005262003947
187 0.2885044642857143 0.8941021705766279 0.008649553571428572 0.007016005262003947
187 0.3876255580357143 0.1749616312212234 0.004603794642857143 0.013593510195132646
187 0.31675502232142855 0.11247533435650077 0.004603794642857143 0.013593510195132646
187 0.18240792410714285 0.8000438500328875 0.004603794642857143 0.013593510195132646
187 0.6067243303571429 0.708945406709055 0.008649553571428572 0.00723525542644157
187 0.40792410714285715 0.8977197982898487 0.008649553571428572 0.00723525542644157
196 0.24881417410714285 0.3326024994518746 0.018275669642857144 0.02850252137689103
194 0.26785714285714285 0.23744792808594606 0.018415178571428572 0.02894102170576628
102 0.38609095982142855 0.7998245998684499 0.010463169642857142 0.014032010524007894
185 0.4222935267857143 0.7473141854856391 0.006417410714285714 0.03310677483008112
182 0.4476841517857143 0.6521596141197106 0.008649553571428572 0.013374260030695024
119 0.42403738839285715 0.4942994957246218 0.0166015625 0.027844770883578163
14 0.39236886160714285 0.6749616312212234 0.0146484375 0.013374260030695024
183 0.43875558035714285 0.6687130015347511 0.006417410714285714 0.02587151940363955
186 0.32840401785714285 0.8283271212453409 0.009765625 0.01710151282613462
195 0.32833426339285715 0.8944310458232844 0.016043526785714284 0.025213768910326683
193 0.6863141741071429 0.7659504494628371 0.017438616071428572 0.027844770883578163
177 0.66943359375 0.7374479280859461 0.015206473214285714 0.013374260030695024
183 0.65625 0.8062924797193598 0.006417410714285714 0.026090769568077175
142 0.63525390625 0.8000438500328875 0.0087890625 0.013593510195132646
189 0.5669642857142857 0.767704450778338 0.007254464285714286 0.031352773514580136
193 0.5669642857142857 0.7042315281736461 0.018136160714285716 0.02850252137689103
60 0.6863839285714286 0.6459109844332384 0.008649553571428572 0.017978513483885114
25 0.6616908482142857 0.6144485858364394 0.013113839285714286 0.017320762990572242
32 0.6474609375 0.5141416356062267 0.010044642857142858 0.02104801578601184
102 0.6634347098214286 0.4251260688445516 0.013811383928571428 0.01447051085288314
194 0.7047991071428571 0.48739311554483666 0.018415178571428572 0.02894102170576628
194 0.72607421875 0.5192940144705108 0.017717633928571428 0.027844770883578163
191 0.7044503348214286 0.5499890374917781 0.011579241071428572 0.018197763648322735
192 0.6651088169642857 0.6749616312212234 0.017717633928571428 0.02696777022582767
195 0.72607421875 0.6417452313089235 0.015206473214285714 0.024117518088138567
180 0.7013113839285714 0.6749616312212234 0.015625 0.013374260030695024
181 0.12925502232142858 0.7117956588467441 0.0087890625 0.018197763648322735
14 0.15192522321428573 0.7379960534970401 0.011160714285714286 0.013593510195132646
186 0.18826729910714285 0.7374479280859461 0.011579241071428572 0.017320762990572242
119 0.22377232142857142 0.7304319228239421 0.015625 0.027844770883578163
14 0.2728794642857143 0.7375575531681648 0.010602678571428572 0.013593510195132646
185 0.12332589285714286 0.5256522692392019 0.021205357142857144 0.00986625739969305
175 0.12946428571428573 0.4642622231966674 0.008649553571428572 0.021267265950449463
178 0.12967354910714285 0.40024117518088137 0.0087890625 0.02433676825257619
182 0.24058314732142858 0.362639771979829 0.008510044642857142 0.014032010524007894
196 0.6465541294642857 0.767704450778338 0.018833705357142856 0.029598772199079148
177 0.7085658482142857 0.6123657092742819 0.015345982142857142 0.013593510195132646
182 0.5269252232142857 0.7866695900021925 0.009207589285714286 0.013593510195132646
32 0.5276227678571429 0.7172769129576847 0.009765625 0.025213768910326683
187 0.50732421875 0.6749616312212234 0.004603794642857143 0.013374260030695024
191 0.48744419642857145 0.6326463494847621 0.012555803571428572 0.019513264634948475
188 0.4873744419642857 0.5951545713659285 0.017717633928571428 0.012935759701819776
196 0.3487025669642857 0.2998245998684499 0.017717633928571428 0.027844770883578163
63 0.31368582589285715 0.7997149747862311 0.014090401785714286 0.01381276035957027
190 0.24881417410714285 0.75553606665205 0.009626116071428572 0.01710151282613462
189 0.3681640625 0.7669370752028064 0.010881696428571428 0.031572023679017756
181 0.3681640625 0.7068625301468976 0.008649553571428572 0.018855514141635606
179 0.36655970982142855 0.654242490681868 0.012137276785714286 0.021925016443762334
177 0.32847377232142855 0.5807936855952642 0.009068080357142858 0.024117518088138567
178 0.32840401785714285 0.5127165095373821 0.008649553571428572 0.018197763648322735
142 0.40792410714285715 0.21267265950449463 0.008649553571428572 0.014032010524007894
179 0.38846261160714285 0.24007893005919753 0.013253348214285714 0.01841701381276036
185 0.33809988839285715 0.2473141854856391 0.006277901785714286 0.0328875246656435
188 0.30106026785714285 0.48739311554483666 0.006417410714285714 0.01710151282613462
188 0.24881417410714285 0.4518745889059417 0.011300223214285714 0.010085507564130673
188 0.32833426339285715 0.465687349265512 0.017717633928571428 0.010085507564130673
192 0.32833426339285715 0.32964262223196666 0.017996651785714284 0.028283271212453408
196 0.5057198660714286 0.5499890374917781 0.018694196428571428 0.029160271870203903
25 0.5477120535714286 0.6108309581232186 0.012834821428571428 0.01710151282613462
191 0.6231166294642857 0.6124753343565008 0.012974330357142858 0.02039026529269897
176 0.36802455357142855 0.5704889278666959 0.008649553571428572 0.020609515457136594
175 0.31298828125 0.6123657092742819 0.013811383928571428 0.013593510195132646
180 0.2885044642857143 0.39607542205656654 0.008649553571428572 0.018197763648322735
142 0.2798549107142857 0.3619820214865161 0.008649553571428572 0.013593510195132646
196 0.34912109375 0.42501644376233283 0.017717633928571428 0.027844770883578163
177 0.36795479910714285 0.4529708397281298 0.0087890625 0.02104801578601184
178 0.2691127232142857 0.5497697873273405 0.012555803571428572 0.013374260030695024
195 0.5055106026785714 0.17485200613900462 0.017996651785714284 0.028283271212453408
195 0.5062081473214286 0.11236570927428195 0.015764508928571428 0.024775268581451435
188 0.42661830357142855 0.11247533435650077 0.006417410714285714 0.021486516114887087
191 0.3872767857142857 0.11247533435650077 0.011160714285714286 0.017540013155009866
189 0.5272042410714286 0.2707739530804648 0.011439732142857142 0.031572023679017756
63 0.5272739955357143 0.33709712782284584 0.008510044642857142 0.01907476430607323
191 0.5272042410714286 0.3955272966454725 0.010881696428571428 0.01710151282613462
177 0.5271344866071429 0.4615215961411971 0.008510044642857142 0.021925016443762334
177 0.08991350446428571 0.27417233062924795 0.008510044642857142 0.020828765621574215
192 0.10993303571428571 0.36242052181539136 0.018415178571428572 0.02894102170576628
182 0.208984375 0.3915807936855953 0.008649553571428572 0.014032010524007894
190 0.08970424107142858 0.5009866257399693 0.007254464285714286 0.013593510195132646
190 0.11551339285714286 0.6124753343565008 0.008091517857142858 0.01512826134619601
186 0.32833426339285715 0.20225827669370752 0.011021205357142858 0.018636263977197982
193 0.3681640625 0.2697873273404955 0.017299107142857144 0.027844770883578163
195 0.3680943080357143 0.3318351238763429 0.014927455357142858 0.02433676825257619
193 0.6259068080357143 0.5499890374917781 0.017996651785714284 0.028283271212453408
188 0.5920758928571429 0.5499890374917781 0.008649553571428572 0.026529269896952423
181 0.5440150669642857 0.5499890374917781 0.011579241071428572 0.013374260030695024
185 0.24267578125 0.5788204341153256 0.021344866071428572 0.010085507564130673
194 0.4476841517857143 0.3295329971497479 0.018415178571428572 0.02894102170576628
189 0.4476841517857143 0.39618504713878533 0.008649553571428572 0.031572023679017756
195 0.46895926339285715 0.5499890374917781 0.017717633928571428 0.027844770883578163
142 0.60693359375 0.6485419864064899 0.0087890625 0.0131550098662574
184 0.6005859375 0.5891251918438939 0.021205357142857144 0.010085507564130673
102 0.6070731026785714 0.519184389388292 0.008510044642857142 0.02324051743038807
182 0.20884486607142858 0.27373383030037274 0.008649553571428572 0.014689761017320764
181 0.18959263392857142 0.29993422495066874 0.01171875 0.0131550098662574
195 0.20905412946428573 0.5210480157860118 0.014927455357142858 0.02433676825257619
60 0.4702845982142857 0.4877219907914931 0.015066964285714286 0.013374260030695024
63 0.46609933035714285 0.29949572462179347 0.013950892857142858 0.013593510195132646
175 0.3681640625 0.828875246656435 0.008649553571428572 0.018636263977197982
192 0.3466796875 0.8625301468976102 0.018415178571428572 0.02894102170576628
186 0.31082589285714285 0.8624205218153914 0.010602678571428572 0.016005262003946502
196 0.16922433035714285 0.4549440912080684 0.018136160714285716 0.02850252137689103
181 0.2885044642857143 0.568625301468976 0.008649553571428572 0.02302126726595045
142 0.40799386160714285 0.8344661258495943 0.0087890625 0.014032010524007894
195 0.40785435267857145 0.7058759044069283 0.014927455357142858 0.02433676825257619