187 0.08970424107142858 0.16586274939706205 0.008649553571428572 0.00723525542644157
187 0.30587332589285715 0.29993422495066874 0.004603794642857143 0.013593510195132646
187 0.3681640625 0.28031133523350144 0.008649553571428572 0.00723525542644157
187 0.35142299107142855 0.11247533435650077 0.004464285714285714 0.013593510195132646
187 0.7186802455357143 0.9250164437623328 0.004603794642857143 0.013593510195132646
187 0.7260044642857143 0.2820653365490024 0.008649553571428572 0.00723525542644157
187 0.48744419642857145 0.49440912080684063 0.008649553571428572 0.007016005262003947
187 0.6229771205357143 0.1749616312212234 0.004603794642857143 0.013593510195132646
187 0.16922433035714285 0.6900898925674194 0.008649553571428572 0.00723525542644157
187 0.30845424107142855 0.1749616312212234 0.004464285714285714 0.013593510195132646
195 0.42710658482142855 0.23744792808594606 0.017717633928571428 0.02762552071914054
196 0.38720703125 0.23733830300372724 0.017996651785714284 0.028283271212453408
181 0.48758370535714285 0.26529269896952423 0.009207589285714286 0.018855514141635606
25 0.4883510044642857 0.3262442446831835 0.011021205357142858 0.019294014470510854
192 0.46595982142857145 0.424906818680114 0.017857142857142856 0.028064021048015787
189 0.11028180803571429 0.36242052181539136 0.019949776785714284 0.01447051085288314
192 0.08970424107142858 0.265402324051743 0.017578125 0.027844770883578163
102 0.08977399553571429 0.6367024775268582 0.008510044642857142 0.01710151282613462
176 0.20891462053571427 0.39903529927647446 0.008510044642857142 0.021925016443762334
189 0.22991071428571427 0.29993422495066874 0.020089285714285716 0.01447051085288314
194 0.208984375 0.7088357816268362 0.018136160714285716 0.02850252137689103
63 0.646484375 0.33402762552071913 0.008649553571428572 0.023459767594825695
190 0.5777762276785714 0.36242052181539136 0.007393973214285714 0.013593510195132646
142 0.646484375 0.40747643060732297 0.008649553571428572 0.013374260030695024
195 0.6465541294642857 0.5819995614996711 0.017717633928571428 0.027844770883578163
176 0.6465541294642857 0.5303661477746109 0.008510044642857142 0.017540013155009866
179 0.64501953125 0.4559307169480377 0.012416294642857142 0.023898267923700943
181 0.6863141741071429 0.3402762552071914 0.0087890625 0.01841701381276036
196 0.4476841517857143 0.3286559964919974 0.018136160714285716 0.02850252137689103
191 0.4628208705357143 0.2998245998684499 0.010463169642857142 0.01644376233282175
188 0.46498325892857145 0.36242052181539136 0.008649553571428572 0.02718702039026529
25 0.7249581473214286 0.776474457355843 0.0107421875 0.018636263977197982
142 0.7158900669642857 0.7372286779215085 0.008510044642857142 0.014251260688445516
194 0.62548828125 0.7374479280859461 0.0185546875 0.029160271870203903
196 0.6067243303571429 0.5173207629905723 0.017578125 0.027844770883578163
183 0.28452845982142855 0.7093839070379303 0.0166015625 0.00986625739969305
195 0.28857421875 0.6422933567200175 0.017996651785714284 0.028283271212453408
60 0.28843470982142855 0.573887305415479 0.008510044642857142 0.020828765621574215
119 0.28397042410714285 0.5197325147993861 0.017717633928571428 0.026529269896952423
176 0.38650948660714285 0.4872834904626179 0.0146484375 0.01381276035957027
179 0.46498325892857145 0.48476211357158516 0.014787946428571428 0.01841701381276036
191 0.16922433035714285 0.40067967550975664 0.011439732142857142 0.01775926331944749
182 0.5546177455357143 0.29993422495066874 0.0087890625 0.013593510195132646
177 0.5667550223214286 0.45362859022144264 0.008510044642857142 0.024117518088138567
177 0.6262555803571429 0.48739311554483666 0.015625 0.0131550098662574
63 0.39432198660714285 0.11247533435650077 0.0146484375 0.0131550098662574
194 0.40792410714285715 0.7667178250383688 0.018136160714285716 0.02850252137689103
181 0.46275111607142855 0.7372286779215085 0.015066964285714286 0.01381276035957027
195 0.40785435267857145 0.6414163560622671 0.017717633928571428 0.027844770883578163
25 0.40673828125 0.5845209383907038 0.0107421875 0.01841701381276036
60 0.38218470982142855 0.7998245998684499 0.011579241071428572 0.013593510195132646
102 0.34898158482142855 0.7999342249506687 0.0126953125 0.013374260030695024
32 0.42892020089285715 0.29850909888182414 0.013532366071428572 0.015566761675071256
195 0.5669642857142857 0.829423372067529 0.018415178571428572 0.02894102170576628
192 0.5669642857142857 0.7668274501205876 0.018973214285714284 0.029598772199079148
182 0.5131138392857143 0.8627493970620478 0.008928571428571428 0.013593510195132646
190 0.4873744419642857 0.8157202367901776 0.010463169642857142 0.012058759044069283
179 0.5650809151785714 0.7104801578601184 0.011858258928571428 0.019951764963823723
179 0.5832868303571429 0.6098443323832493 0.017020089285714284 0.018636263977197982
192 0.5272042410714286 0.8955272966454725 0.018136160714285716 0.028721771541328656
178 0.5271344866071429 0.7115764086823065 0.008510044642857142 0.019513264634948475
193 0.5272042410714286 0.6436088577066433 0.017857142857142856 0.027844770883578163
195 0.5272042410714286 0.5167726375794782 0.015904017857142856 0.02499451874588906
119 0.6021205357142857 0.6541328655996492 0.017299107142857144 0.023898267923700943
181 0.24867466517857142 0.21069940802455603 0.008510044642857142 0.02324051743038807
32 0.7267717633928571 0.5913176934882701 0.009905133928571428 0.02324051743038807
192 0.72607421875 0.5162245121683842 0.016880580357142856 0.027844770883578163
176 0.70263671875 0.612913834685376 0.012974330357142858 0.014251260688445516
176 0.5274135044642857 0.3383030037272528 0.008510044642857142 0.02104801578601184
178 0.52734375 0.27373383030037274 0.008649553571428572 0.02170576627932471
184 0.52099609375 0.21420741065555798 0.021344866071428572 0.010085507564130673
25 0.6451590401785714 0.26441569831177375 0.011021205357142858 0.021925016443762334
192 0.16922433035714285 0.6413067309800482 0.018415178571428572 0.02894102170576628
185 0.16315569196428573 0.5923043192282395 0.021344866071428572 0.010304757728568297
63 0.16915457589285715 0.5203902652926989 0.008510044642857142 0.018197763648322735
195 0.16929408482142858 0.2660600745450559 0.015206473214285714 0.02433676825257619
177 0.44761439732142855 0.203135277351458 0.008510044642857142 0.022144266608199955
60 0.2885044642857143 0.19677702258276694 0.008649553571428572 0.019513264634948475