187 0.16922433035714285 0.9151501863626398 0.008649553571428572 0.007016005262003947
187 0.38978794642857145 0.29993422495066874 0.004464285714285714 0.013593510195132646
187 0.24267578125 0.9250164437623328 0.004603794642857143 0.013593510195132646
187 0.22426060267857142 0.29993422495066874 0.004603794642857143 0.013593510195132646
192 0.6660853794642857 0.6124753343565008 0.017717633928571428 0.027406270554702915
183 0.6823381696428571 0.5349704012278009 0.016741071428571428 0.010085507564130673
181 0.6293247767857143 0.424906818680114 0.013392857142857142 0.0131550098662574
102 0.16929408482142858 0.7752685814514361 0.008510044642857142 0.021486516114887087
187 0.14934430803571427 0.6749616312212234 0.004603794642857143 0.013374260030695024
32 0.11070033482142858 0.6735365051523788 0.015764508928571428 0.016663012497259374
190 0.08970424107142858 0.6312212234159176 0.008649553571428572 0.013593510195132646
192 0.16929408482142858 0.6436088577066433 0.017717633928571428 0.027844770883578163
192 0.44761439732142855 0.20752028064021047 0.017996651785714284 0.028283271212453408
188 0.4302455357142857 0.23744792808594606 0.007254464285714286 0.020609515457136594
192 0.5076032366071429 0.23733830300372724 0.017717633928571428 0.027844770883578163
102 0.38260323660714285 0.8625301468976102 0.014090401785714286 0.013593510195132646
119 0.4315708705357143 0.7305415479061609 0.013253348214285714 0.028064021048015787
192 0.4476841517857143 0.7045604034203026 0.018694196428571428 0.029160271870203903
182 0.4693080357142857 0.6749616312212234 0.008649553571428572 0.013374260030695024
190 0.38685825892857145 0.9250164437623328 0.009486607142857142 0.012278009208506906
102 0.35386439732142855 0.9251260688445516 0.015485491071428572 0.013374260030695024
181 0.2627650669642857 0.9253453190089893 0.0146484375 0.013374260030695024
192 0.40785435267857145 0.33227362420521817 0.017717633928571428 0.027844770883578163
185 0.4140625 0.4050646787985091 0.021205357142857144 0.010304757728568297
25 0.20793805803571427 0.521486516114887 0.0107421875 0.02433676825257619
181 0.10693359375 0.36253014689761015 0.015485491071428572 0.013374260030695024
142 0.20933314732142858 0.6299057224292918 0.0087890625 0.014032010524007894
185 0.21505301339285715 0.7057662793247095 0.021623883928571428 0.01052400789300592
190 0.22258649553571427 0.7374479280859461 0.007672991071428571 0.012935759701819776
191 0.263671875 0.7375575531681648 0.013392857142857142 0.02104801578601184
190 0.08970424107142858 0.5672001754001316 0.007254464285714286 0.013593510195132646
192 0.111328125 0.6124753343565008 0.018136160714285716 0.028721771541328656
175 0.15087890625 0.6124753343565008 0.0107421875 0.01381276035957027
182 0.10149274553571429 0.7375575531681648 0.008510044642857142 0.013593510195132646
25 0.14801897321428573 0.7356939267704451 0.011439732142857142 0.017320762990572242
119 0.12486049107142858 0.38862091646568736 0.017578125 0.02039026529269897
175 0.12953404017857142 0.32931374698531024 0.008510044642857142 0.020171015128261346
179 0.11607142857142858 0.1774830081122561 0.015345982142857142 0.018636263977197982
191 0.43429129464285715 0.6749616312212234 0.011997767857142858 0.01907476430607323
63 0.3680943080357143 0.8902652926989695 0.008510044642857142 0.022144266608199955
196 0.34765625 0.8000438500328875 0.017857142857142856 0.02718702039026529
196 0.30684988839285715 0.8000438500328875 0.018275669642857144 0.02850252137689103
32 0.28927176339285715 0.7621135715851787 0.009905133928571428 0.02104801578601184
177 0.28836495535714285 0.6372506029379522 0.009207589285714286 0.016005262003946502
177 0.26974051339285715 0.6124753343565008 0.012974330357142858 0.013374260030695024
181 0.26353236607142855 0.2997149747862311 0.014508928571428572 0.013593510195132646
63 0.3408900669642857 0.36242052181539136 0.011579241071428572 0.0131550098662574
179 0.38588169642857145 0.35967989475992107 0.016462053571428572 0.018636263977197982
194 0.5272042410714286 0.6440473580355185 0.016741071428571428 0.027844770883578163
188 0.54443359375 0.48739311554483666 0.008231026785714286 0.019294014470510854
185 0.5758928571428571 0.4776364832273624 0.006696428571428571 0.03310677483008112
60 0.62109375 0.4877219907914931 0.015066964285714286 0.01381276035957027
196 0.6666434151785714 0.48739311554483666 0.018275669642857144 0.02850252137689103
14 0.70654296875 0.48750274062705545 0.011858258928571428 0.013374260030695024
182 0.08949497767857142 0.40638017978513485 0.0087890625 0.01381276035957027
119 0.0849609375 0.2624424468318351 0.018136160714285716 0.025433019074764307
190 0.08970424107142858 0.18943214207410655 0.009486607142857142 0.01710151282613462
176 0.08963448660714286 0.520938390703793 0.008510044642857142 0.019294014470510854
195 0.26904296875 0.36242052181539136 0.0185546875 0.029379522034641527
192 0.5670340401785714 0.14240298180223634 0.019112723214285716 0.030037272527954396
187 0.50732421875 0.11247533435650077 0.004603794642857143 0.013593510195132646
176 0.5813337053571429 0.11258495943871957 0.010881696428571428 0.013374260030695024
142 0.63134765625 0.11214645910984433 0.008231026785714286 0.01381276035957027
194 0.6669921875 0.11247533435650077 0.018415178571428572 0.02894102170576628
177 0.7054966517857143 0.1749616312212234 0.01171875 0.0131550098662574
195 0.6654575892857143 0.1749616312212234 0.018415178571428572 0.02894102170576628
189 0.7260044642857143 0.20905503179127385 0.008649553571428572 0.031352773514580136
191 0.7136579241071429 0.23744792808594606 0.012137276785714286 0.018855514141635606
184 0.6719447544642857 0.24698531023898268 0.006556919642857143 0.03354527515895637
180 0.5848214285714286 0.23733830300372724 0.011439732142857142 0.013374260030695024
176 0.5534319196428571 0.23744792808594606 0.012834821428571428 0.014032010524007894
180 0.56689453125 0.7049989037491778 0.008510044642857142 0.02433676825257619
177 0.5670340401785714 0.6387853540890156 0.0087890625 0.01775926331944749
176 0.5671037946428571 0.5781626836220127 0.008370535714285714 0.01841701381276036
186 0.15073939732142858 0.23700942775707082 0.010463169642857142 0.015786011839508878
187 0.22893415178571427 0.23744792808594606 0.004464285714285714 0.013593510195132646
196 0.26988002232142855 0.23744792808594606 0.017717633928571428 0.02762552071914054
192 0.24881417410714285 0.3336987502740627 0.018275669642857144 0.02850252137689103
183 0.24483816964285715 0.2685814514360886 0.016741071428571428 0.010085507564130673
192 0.24881417410714285 0.20346415259811446 0.018275669642857144 0.02850252137689103
181 0.22467912946428573 0.1749616312212234 0.011300223214285714 0.013593510195132646
60 0.14488002232142858 0.17550975663231747 0.012974330357142858 0.014251260688445516
32 0.3291713169642857 0.2085069063801798 0.010184151785714286 0.02236351677263758
179 0.64501953125 0.2770225827669371 0.012416294642857142 0.02696777022582767
187 0.6266043526785714 0.29993422495066874 0.004603794642857143 0.013593510195132646
181 0.6466936383928571 0.40188555141416354 0.008510044642857142 0.01841701381276036
190 0.72607421875 0.3163779872834905 0.011021205357142858 0.014909011181758386
196 0.7059151785714286 0.29993422495066874 0.018694196428571428 0.029379522034641527
176 0.6625279017857143 0.5502082876562158 0.011997767857142858 0.013374260030695024
63 0.40785435267857145 0.6541328655996492 0.008510044642857142 0.019951764963823723
191 0.38009207589285715 0.6124753343565008 0.011579241071428572 0.018197763648322735
187 0.40792410714285715 0.5812321859241394 0.008649553571428572 0.007016005262003947
191 0.6863141741071429 0.21683841262880948 0.013253348214285714 0.020609515457136594
180 0.6862444196428571 0.3347950010962508 0.008649553571428572 0.02236351677263758
25 0.6872907366071429 0.3869765402324052 0.0107421875 0.017978513483885114
179 0.48570033482142855 0.2603595702696777 0.011858258928571428 0.020828765621574215
175 0.4356166294642857 0.11269458452093839 0.013532366071428572 0.013593510195132646
189 0.40792410714285715 0.14437623328217497 0.007254464285714286 0.031352773514580136
187 0.24874441964285715 0.6437184827888621 0.008649553571428572 0.007016005262003947
193 0.18743024553571427 0.5499890374917781 0.017717633928571428 0.027844770883578163
182 0.24860491071428573 0.8244902433676825 0.008649553571428572 0.01381276035957027
190 0.6863141741071429 0.7121245340934006 0.009068080357142858 0.013593510195132646
196 0.6863141741071429 0.8313966235474677 0.017996651785714284 0.028064021048015787
195 0.7060546875 0.7999342249506687 0.015625 0.024775268581451435
186 0.6652483258928571 0.7999342249506687 0.011579241071428572 0.01381276035957027
195 0.646484375 0.7681429511072133 0.015625 0.024775268581451435
176 0.6224190848214286 0.7377768033326025 0.011021205357142858 0.014032010524007894
189 0.7049386160714286 0.9250164437623328 0.020089285714285716 0.014909011181758386
184 0.6720145089285714 0.9347730760798071 0.006417410714285714 0.03310677483008112
60 0.5873325892857143 0.9253453190089893 0.012276785714285714 0.013374260030695024
196 0.5059291294642857 0.9250164437623328 0.017717633928571428 0.02762552071914054
32 0.46693638392857145 0.9234816926112694 0.016462053571428572 0.016224512168384126