187 0.6700613839285714 0.8625301468976102 0.004464285714285714 0.013593510195132646
187 0.646484375 0.35507564130673097 0.008649553571428572 0.00723525542644157
187 0.11411830357142858 0.23744792808594606 0.004464285714285714 0.013593510195132646
187 0.646484375 0.7203464152598115 0.008649553571428572 0.00723525542644157
187 0.18094308035714285 0.1749616312212234 0.004464285714285714 0.013593510195132646
195 0.26688058035714285 0.9250164437623328 0.018136160714285716 0.02850252137689103
183 0.2587193080357143 0.7435869326901995 0.0068359375 0.026529269896952423
186 0.24881417410714285 0.7114667836000877 0.009068080357142858 0.017540013155009866
178 0.24888392857142858 0.6370313527735145 0.008928571428571428 0.019951764963823723
195 0.6862444196428571 0.767156325367244 0.018415178571428572 0.02894102170576628
142 0.6862444196428571 0.6907476430607323 0.008649553571428572 0.013374260030695024
102 0.6863839285714286 0.6529269896952423 0.008649553571428572 0.020171015128261346
188 0.6183035714285714 0.7999342249506687 0.007254464285714286 0.01775926331944749
193 0.6067243303571429 0.7058759044069283 0.017299107142857144 0.027844770883578163
186 0.6067940848214286 0.6487612365709274 0.010184151785714286 0.017540013155009866
195 0.5465262276785714 0.5499890374917781 0.015764508928571428 0.024775268581451435
119 0.7029854910714286 0.9320324490243368 0.015904017857142856 0.02762552071914054
196 0.72607421875 0.8299714974786231 0.017996651785714284 0.028283271212453408
190 0.5823102678571429 0.6749616312212234 0.010881696428571428 0.010743258057443543
179 0.11223493303571429 0.9221661916246437 0.016880580357142856 0.01841701381276036
60 0.14285714285714285 0.9252356939267704 0.011997767857142858 0.013593510195132646
25 0.10560825892857142 0.672878754659066 0.01171875 0.016224512168384126
192 0.14934430803571427 0.6749616312212234 0.017996651785714284 0.028283271212453408
194 0.18994140625 0.6749616312212234 0.0185546875 0.029160271870203903
196 0.646484375 0.5178688884016663 0.018136160714285716 0.02850252137689103
119 0.6324637276785714 0.3694365270773953 0.013811383928571428 0.02762552071914054
102 0.5124860491071429 0.4246875685156764 0.011579241071428572 0.013593510195132646
102 0.48751395089285715 0.4472703354527516 0.008510044642857142 0.02324051743038807
63 0.48751395089285715 0.5117298837974128 0.008510044642857142 0.02455601841701381
180 0.5071847098214286 0.5497697873273405 0.013253348214285714 0.013374260030695024
179 0.48890904017857145 0.5711466783600088 0.012137276785714286 0.02587151940363955
25 0.42843191964285715 0.7355843016882263 0.014229910714285714 0.01710151282613462
177 0.4077845982142857 0.7098224073668056 0.008649553571428572 0.018197763648322735
192 0.40792410714285715 0.6404297303222978 0.018415178571428572 0.02894102170576628
179 0.3545619419642857 0.6153255864941899 0.015764508928571428 0.01907476430607323
195 0.40785435267857145 0.5795878096908572 0.016880580357142856 0.027844770883578163
182 0.40785435267857145 0.5243367682525761 0.009347098214285714 0.014251260688445516
188 0.40792410714285715 0.4473799605349704 0.010881696428571428 0.010743258057443543
177 0.5100446428571429 0.6124753343565008 0.01171875 0.013374260030695024
14 0.5271344866071429 0.5753124314843236 0.008510044642857142 0.022802017101512827
196 0.5669642857142857 0.5157860118395089 0.017857142857142856 0.028283271212453408
32 0.5675223214285714 0.45625959219469414 0.010044642857142858 0.021486516114887087
192 0.5272042410714286 0.6462398596798947 0.018973214285714284 0.029598772199079148
177 0.38783482142857145 0.23744792808594606 0.012555803571428572 0.014032010524007894
185 0.37437220982142855 0.2781188335891252 0.021065848214285716 0.00986625739969305
192 0.40792410714285715 0.394650295987722 0.018415178571428572 0.02894102170576628
196 0.30698939732142855 0.23744792808594606 0.017717633928571428 0.02718702039026529
184 0.27357700892857145 0.2470949353212015 0.006696428571428571 0.03332602499451875
25 0.23423549107142858 0.23931155448366587 0.013113839285714286 0.016882262661696998
193 0.6659458705357143 0.36242052181539136 0.018275669642857144 0.02850252137689103
175 0.6863839285714286 0.40188555141416354 0.008649553571428572 0.020171015128261346
25 0.6851981026785714 0.26912957684718264 0.011579241071428572 0.02170576627932471
175 0.66650390625 0.23722867792150845 0.012416294642857142 0.013593510195132646
179 0.5487583705357143 0.24007893005919753 0.014369419642857142 0.01841701381276036
176 0.501953125 0.23744792808594606 0.012555803571428572 0.0131550098662574
32 0.46561104910714285 0.23635167726375794 0.013532366071428572 0.01710151282613462
184 0.7322823660714286 0.70664327998246 0.021205357142857144 0.01052400789300592
191 0.72607421875 0.772418329313747 0.011021205357142858 0.017540013155009866
195 0.72607421875 0.6418548563911423 0.015485491071428572 0.02433676825257619
176 0.6688755580357143 0.6124753343565008 0.0126953125 0.013374260030695024
196 0.5669642857142857 0.8297522473141855 0.017299107142857144 0.027844770883578163
183 0.56298828125 0.7098224073668056 0.0166015625 0.00986625739969305
187 0.5470842633928571 0.8625301468976102 0.004603794642857143 0.013593510195132646
14 0.46595982142857145 0.8627493970620478 0.012834821428571428 0.013593510195132646
32 0.42306082589285715 0.8611050208287656 0.011858258928571428 0.01512826134619601
188 0.40792410714285715 0.7697873273404955 0.012276785714285714 0.011401008550756413
187 0.24874441964285715 0.20620477965358475 0.008649553571428572 0.00723525542644157
194 0.3096400669642857 0.1749616312212234 0.017717633928571428 0.02718702039026529
181 0.3505859375 0.1749616312212234 0.011439732142857142 0.0131550098662574
179 0.51123046875 0.17233062924797193 0.016322544642857144 0.018855514141635606
184 0.21519252232142858 0.8145143608857707 0.021344866071428572 0.010085507564130673
192 0.20905412946428573 0.8942117956588468 0.017438616071428572 0.027844770883578163
119 0.20438058035714285 0.7103705327778996 0.017578125 0.025433019074764307
181 0.30894252232142855 0.9253453190089893 0.011579241071428572 0.01381276035957027
196 0.32833426339285715 0.8920192940144706 0.017996651785714284 0.028283271212453408
180 0.32847377232142855 0.763100197325148 0.008510044642857142 0.02170576627932471
119 0.34361049107142855 0.7303222977417233 0.013113839285714286 0.028064021048015787
187 0.5470842633928571 0.424906818680114 0.004603794642857143 0.013593510195132646
194 0.4476841517857143 0.8949791712343784 0.018415178571428572 0.02894102170576628
182 0.44754464285714285 0.6969962727472045 0.008928571428571428 0.0131550098662574
185 0.6402064732142857 0.626288094716071 0.020926339285714284 0.010304757728568297
187 0.12946428571428573 0.20620477965358475 0.008649553571428572 0.00723525542644157
190 0.11642020089285714 0.36242052181539136 0.009905133928571428 0.011401008550756413
176 0.08935546875 0.38522253891690417 0.0087890625 0.020609515457136594
180 0.08977399553571429 0.44968208726156544 0.008510044642857142 0.019294014470510854
176 0.08998325892857142 0.5130453847840386 0.008649553571428572 0.021925016443762334
185 0.4140625 0.19294014470510853 0.021205357142857144 0.01052400789300592
180 0.5274135044642857 0.46502959877219907 0.0087890625 0.02104801578601184
186 0.5272739955357143 0.33435650076737555 0.010184151785714286 0.01841701381276036
102 0.48744419642857145 0.7007235255426442 0.008370535714285714 0.021925016443762334
185 0.4603794642857143 0.7473141854856391 0.006417410714285714 0.03310677483008112
181 0.5670340401785714 0.635058101293576 0.008510044642857142 0.016882262661696998
186 0.12946428571428573 0.7065336549002412 0.010881696428571428 0.01775926331944749
63 0.12960379464285715 0.8299714974786231 0.008928571428571428 0.01907476430607323
25 0.44642857142857145 0.5291602718702039 0.010881696428571428 0.02433676825257619
191 0.44761439732142855 0.4587809690857268 0.011579241071428572 0.018197763648322735
181 0.24895368303571427 0.7704450778338083 0.008510044642857142 0.018855514141635606
181 0.19301060267857142 0.8629686472264855 0.012137276785714286 0.014032010524007894
195 0.16922433035714285 0.8299714974786231 0.015625 0.024775268581451435
194 0.16922433035714285 0.7670467002850252 0.017299107142857144 0.027844770883578163
182 0.14697265625 0.7373383030037273 0.008510044642857142 0.013593510195132646
195 0.10944475446428571 0.7374479280859461 0.017717633928571428 0.027406270554702915
102 0.2881556919642857 0.6451436088577066 0.0087890625 0.022144266608199955
188 0.44761439732142855 0.3442227581670686 0.016322544642857144 0.011401008550756413
178 0.42508370535714285 0.5498794124095593 0.012834821428571428 0.0131550098662574
184 0.5731724330357143 0.20730103047577286 0.021344866071428572 0.010304757728568297
194 0.5669642857142857 0.2704450778338084 0.018694196428571428 0.029160271870203903
192 0.5885184151785714 0.36242052181539136 0.017717633928571428 0.028064021048015787
195 0.5458984375 0.36242052181539136 0.015904017857142856 0.02499451874588906
180 0.48765345982142855 0.396952422714317 0.008510044642857142 0.023898267923700943
190 0.5517578125 0.17485200613900462 0.006417410714285714 0.014251260688445516
119 0.6112583705357143 0.46316597237447926 0.017438616071428572 0.02170576627932471
196 0.3091517857142857 0.6749616312212234 0.017857142857142856 0.028283271212453408
192 0.38846261160714285 0.5499890374917781 0.017717633928571428 0.027844770883578163
63 0.3681640625 0.46349484762113574 0.008649553571428572 0.020171015128261346
195 0.3681640625 0.5825476869107652 0.018415178571428572 0.02894102170576628
190 0.3680943080357143 0.6502959877219908 0.009626116071428572 0.014909011181758386