187 0.6162806919642857 0.424906818680114 0.004603794642857143 0.013593510195132646
187 0.13678850446428573 0.29993422495066874 0.004603794642857143 0.013593510195132646
187 0.13922991071428573 0.8000438500328875 0.004464285714285714 0.013593510195132646
187 0.5272042410714286 0.7126726595044947 0.008649553571428572 0.00723525542644157
187 0.12946428571428573 0.5909888182416136 0.008649553571428572 0.00723525542644157
187 0.45640345982142855 0.11247533435650077 0.004603794642857143 0.013593510195132646
187 0.6744559151785714 0.29993422495066874 0.004603794642857143 0.013593510195132646
177 0.5670340401785714 0.7108090331067748 0.0087890625 0.021925016443762334
176 0.42843191964285715 0.924906818680114 0.012834821428571428 0.013374260030695024
178 0.3822544642857143 0.9246875685156764 0.014508928571428572 0.014251260688445516
181 0.6464146205357143 0.39596579697434775 0.008510044642857142 0.02236351677263758
193 0.646484375 0.45625959219469414 0.018415178571428572 0.02894102170576628
175 0.6463448660714286 0.5194036395527296 0.008649553571428572 0.017540013155009866
187 0.5868443080357143 0.48739311554483666 0.004603794642857143 0.013593510195132646
185 0.7322126116071429 0.8450997588248191 0.021344866071428572 0.010304757728568297
180 0.7260044642857143 0.8869765402324051 0.008649553571428572 0.01907476430607323
180 0.7130301339285714 0.9252356939267704 0.013671875 0.013593510195132646
177 0.6633649553571429 0.9252356939267704 0.011160714285714286 0.013593510195132646
181 0.7137974330357143 0.7996053497040123 0.013532366071428572 0.0131550098662574
181 0.6861746651785714 0.8260249945187459 0.008510044642857142 0.019951764963823723
195 0.6251395089285714 0.8625301468976102 0.015904017857142856 0.02499451874588906
175 0.24860491071428573 0.33972812979609734 0.008370535714285714 0.023459767594825695
176 0.18756975446428573 0.3001534751151063 0.011858258928571428 0.0131550098662574
180 0.23277064732142858 0.5496601622451217 0.012974330357142858 0.013593510195132646
188 0.24881417410714285 0.5770664327998246 0.014090401785714286 0.011401008550756413
195 0.31019810267857145 0.6124753343565008 0.015485491071428572 0.02433676825257619
192 0.72607421875 0.7670467002850252 0.017996651785714284 0.028283271212453408
25 0.7252371651785714 0.7086165314623986 0.0107421875 0.01710151282613462
178 0.72607421875 0.5743258057443543 0.008510044642857142 0.019951764963823723
180 0.6464146205357143 0.827121245340934 0.008510044642857142 0.021267265950449463
186 0.6462053571428571 0.888840166630125 0.009486607142857142 0.016663012497259374
32 0.6229073660714286 0.798618723964043 0.014229910714285714 0.01644376233282175
184 0.6366489955357143 0.6026090769568078 0.006277901785714286 0.03310677483008112
186 0.5671735491071429 0.5134838851129139 0.010463169642857142 0.017978513483885114
192 0.6465541294642857 0.7078491558868669 0.017717633928571428 0.027844770883578163
25 0.36697823660714285 0.8938829204121903 0.0107421875 0.020609515457136594
102 0.3682338169642857 0.8412628809471607 0.008510044642857142 0.02455601841701381
186 0.36788504464285715 0.7076299057224293 0.010323660714285714 0.018197763648322735
195 0.38832310267857145 0.6749616312212234 0.017996651785714284 0.028283271212453408
185 0.4261997767857143 0.665314623985968 0.006417410714285714 0.03354527515895637
102 0.34584263392857145 0.8000438500328875 0.012555803571428572 0.0131550098662574
32 0.30454799107142855 0.7987283490462618 0.012555803571428572 0.015786011839508878
194 0.18819754464285715 0.7999342249506687 0.018694196428571428 0.029160271870203903
60 0.28857421875 0.8222977417233063 0.009068080357142858 0.01775926331944749
185 0.2822963169642857 0.7691295768471826 0.021065848214285716 0.010085507564130673
183 0.28452845982142855 0.7133304099978075 0.0166015625 0.010743258057443543
63 0.3032924107142857 0.8619820214865161 0.011439732142857142 0.01381276035957027
14 0.42759486607142855 0.8627493970620478 0.010881696428571428 0.014032010524007894
179 0.5119977678571429 0.6721113790835344 0.015625 0.018636263977197982
186 0.5039760044642857 0.6122560841920631 0.011021205357142858 0.016005262003946502
188 0.48744419642857145 0.2688007016005262 0.016741071428571428 0.010085507564130673
195 0.48744419642857145 0.3949791712343784 0.015345982142857142 0.02433676825257619
182 0.46407645089285715 0.4246875685156764 0.008231026785714286 0.013593510195132646
177 0.46351841517857145 0.17507125630344222 0.015206473214285714 0.013374260030695024
188 0.38399832589285715 0.17485200613900462 0.006277901785714286 0.01775926331944749
190 0.31117466517857145 0.17485200613900462 0.009626116071428572 0.012935759701819776
25 0.22272600446428573 0.1764963823722868 0.011021205357142858 0.016224512168384126
177 0.42494419642857145 0.4247971935978952 0.01171875 0.01381276035957027
175 0.5270647321428571 0.6422933567200175 0.008649553571428572 0.01907476430607323
119 0.5226004464285714 0.5224731418548564 0.017857142857142856 0.0197325147993861
182 0.3681640625 0.5166630124972593 0.008649553571428572 0.01381276035957027
192 0.3680943080357143 0.5821091865818899 0.018833705357142856 0.029818022363516772
63 0.12939453125 0.3947599210699408 0.009068080357142858 0.023459767594825695
191 0.19566127232142858 0.36242052181539136 0.011858258928571428 0.01841701381276036
60 0.31375558035714285 0.4247971935978952 0.014508928571428572 0.013374260030695024
179 0.34395926339285715 0.4221661916246437 0.0166015625 0.018197763648322735
176 0.6861746651785714 0.31966673975005483 0.008510044642857142 0.0197325147993861
25 0.6873604910714286 0.3926770445077834 0.010881696428571428 0.02367901775926332
60 0.6863839285714286 0.5184170138127604 0.008649553571428572 0.022144266608199955
195 0.6863141741071429 0.14130673098004823 0.015206473214285714 0.02433676825257619
25 0.5521065848214286 0.11422933567200175 0.014927455357142858 0.017978513483885114
176 0.6071428571428571 0.697325147993861 0.008649553571428572 0.019513264634948475
182 0.6066545758928571 0.6285902214426661 0.0087890625 0.0131550098662574
195 0.5866350446428571 0.7374479280859461 0.017857142857142856 0.028283271212453408
195 0.20905412946428573 0.45351896513922385 0.015485491071428572 0.02433676825257619
32 0.19161551339285715 0.4239201929401447 0.013532366071428572 0.016005262003946502
192 0.16922433035714285 0.3299714974786231 0.018694196428571428 0.029379522034641527
195 0.16922433035714285 0.2668274501205876 0.018136160714285716 0.02850252137689103
177 0.16908482142857142 0.21080903310677482 0.008649553571428572 0.023459767594825695
63 0.19029017857142858 0.1749616312212234 0.012834821428571428 0.014032010524007894
178 0.48751395089285715 0.4560403420302565 0.008510044642857142 0.020609515457136594
193 0.50830078125 0.36242052181539136 0.017717633928571428 0.02762552071914054
186 0.5470842633928571 0.36242052181539136 0.011579241071428572 0.015786011839508878
182 0.23514229910714285 0.4247971935978952 0.008510044642857142 0.01381276035957027
102 0.208984375 0.5771760578820434 0.008370535714285714 0.017320762990572242
25 0.21003069196428573 0.7065336549002412 0.011021205357142858 0.020828765621574215
189 0.26869419642857145 0.7374479280859461 0.020089285714285716 0.01644376233282175
189 0.72607421875 0.26989695242271433 0.011300223214285714 0.031572023679017756
175 0.7260044642857143 0.20269677702258276 0.008649553571428572 0.022144266608199955
195 0.7260044642857143 0.1418548563911423 0.018415178571428572 0.02894102170576628
196 0.7260044642857143 0.3328217496163122 0.018415178571428572 0.02894102170576628
102 0.72607421875 0.4503398377548783 0.008510044642857142 0.019294014470510854
177 0.7260044642857143 0.5243367682525761 0.008649553571428572 0.02302126726595045
176 0.18582589285714285 0.7377768033326025 0.01171875 0.014032010524007894
191 0.22202845982142858 0.6124753343565008 0.014090401785714286 0.022144266608199955
102 0.40799386160714285 0.5276255207191405 0.008510044642857142 0.023898267923700943
185 0.43924386160714285 0.4776364832273624 0.0068359375 0.03310677483008112
194 0.40792410714285715 0.45351896513922385 0.018136160714285716 0.028721771541328656
191 0.4351283482142857 0.5499890374917781 0.012555803571428572 0.019513264634948475
102 0.16908482142857142 0.57564130673098 0.008649553571428572 0.02302126726595045
192 0.48744419642857145 0.5813418110063583 0.017857142857142856 0.028283271212453408
60 0.48751395089285715 0.7041219030914273 0.008510044642857142 0.023459767594825695
187 0.6266043526785714 0.6749616312212234 0.004603794642857143 0.013374260030695024
176 0.24867466517857142 0.20664327998246 0.008510044642857142 0.02565226923920193
181 0.26416015625 0.2998245998684499 0.0126953125 0.013374260030695024
186 0.28843470982142855 0.3333698750274063 0.009905133928571428 0.016882262661696998