187 0.10881696428571429 0.29993422495066874 0.004464285714285714 0.013593510195132646
187 0.6067243303571429 0.7496163122122341 0.008649553571428572 0.007016005262003947
187 0.646484375 0.12332821749616313 0.008649553571428572 0.00723525542644157
187 0.2723911830357143 0.1749616312212234 0.004603794642857143 0.013593510195132646
187 0.08970424107142858 0.7179346634509975 0.008649553571428572 0.00723525542644157
187 0.6067243303571429 0.16476649857487394 0.008649553571428572 0.00723525542644157
60 0.08984375 0.6364832273624205 0.008649553571428572 0.020609515457136594
188 0.18882533482142858 0.6124753343565008 0.0068359375 0.027844770883578163
175 0.08977399553571429 0.5753124314843236 0.008510044642857142 0.02499451874588906
119 0.146484375 0.5426441569831177 0.013113839285714286 0.02762552071914054
142 0.16915457589285715 0.5267485200613901 0.0087890625 0.013374260030695024
188 0.16922433035714285 0.46941460206095154 0.012276785714285714 0.01052400789300592
25 0.18624441964285715 0.4232624424468318 0.013392857142857142 0.016882262661696998
186 0.24881417410714285 0.3259153694365271 0.009905133928571428 0.01775926331944749
14 0.22405133928571427 0.30026310019732516 0.015066964285714286 0.014251260688445516
194 0.18715122767857142 0.29993422495066874 0.017717633928571428 0.02718702039026529
180 0.3011997767857143 0.17518088138566104 0.011997767857142858 0.013593510195132646
176 0.3510044642857143 0.23733830300372724 0.014508928571428572 0.013374260030695024
178 0.427734375 0.23755755316816488 0.015345982142857142 0.013374260030695024
187 0.2885044642857143 0.33117737338303005 0.008649553571428572 0.00723525542644157
195 0.28857421875 0.4564788423591318 0.015764508928571428 0.02455601841701381
196 0.34981863839285715 0.48750274062705545 0.018833705357142856 0.029598772199079148
119 0.5915178571428571 0.3551852663889498 0.013671875 0.02850252137689103
191 0.5670340401785714 0.33665862749397063 0.012974330357142858 0.02039026529269897
175 0.5671037946428571 0.388840166630125 0.008649553571428572 0.021267265950449463
185 0.3618861607142857 0.6992983994737996 0.021205357142857144 0.010304757728568297
192 0.4278041294642857 0.6124753343565008 0.019391741071428572 0.030475772856829644
32 0.54443359375 0.6110502082876562 0.012974330357142858 0.016224512168384126
178 0.16915457589285715 0.27680333260249945 0.0087890625 0.024775268581451435
182 0.12953404017857142 0.3140758605568954 0.0087890625 0.012935759701819776
193 0.10777064732142858 0.36242052181539136 0.019949776785714284 0.031572023679017756
190 0.27085658482142855 0.23744792808594606 0.010463169642857142 0.012278009208506906
177 0.328125 0.20642402981802235 0.008928571428571428 0.02302126726595045
63 0.20926339285714285 0.33238324928743695 0.008928571428571428 0.020609515457136594
188 0.14188058035714285 0.36242052181539136 0.008649553571428572 0.01710151282613462
32 0.23228236607142858 0.36121464591098446 0.013113839285714286 0.01644376233282175
194 0.34995814732142855 0.3622012716509537 0.017717633928571428 0.02762552071914054
32 0.20947265625 0.6349484762113572 0.009905133928571428 0.024117518088138567
25 0.20807756696428573 0.5827669370752028 0.0107421875 0.020609515457136594
182 0.23158482142857142 0.5497697873273405 0.008370535714285714 0.01381276035957027
60 0.18743024553571427 0.6752905064678798 0.013532366071428572 0.013593510195132646
185 0.22705078125 0.47774610830958125 0.0068359375 0.03332602499451875
177 0.2694614955357143 0.48739311554483666 0.0126953125 0.0131550098662574
60 0.12960379464285715 0.4518745889059417 0.008649553571428572 0.020609515457136594
176 0.12953404017857142 0.3977197982898487 0.008510044642857142 0.02367901775926332
189 0.12946428571428573 0.5210480157860118 0.0078125 0.031352773514580136
176 0.4476841517857143 0.2688007016005262 0.008370535714285714 0.017540013155009866
32 0.5065569196428571 0.36132427099320324 0.012834821428571428 0.016224512168384126
182 0.5860770089285714 0.29993422495066874 0.008091517857142858 0.013593510195132646
194 0.6067243303571429 0.7034641525981145 0.016741071428571428 0.027844770883578163
192 0.6067940848214286 0.642622231966674 0.017996651785714284 0.028064021048015787
25 0.6707589285714286 0.6110502082876562 0.014229910714285714 0.01710151282613462
184 0.6006556919642857 0.5322297741723306 0.021344866071428572 0.00986625739969305
189 0.6067243303571429 0.45472484104363076 0.011439732142857142 0.031572023679017756
182 0.22865513392857142 0.6122560841920631 0.008370535714285714 0.01381276035957027
192 0.24874441964285715 0.5804648103486078 0.017299107142857144 0.027844770883578163
178 0.24874441964285715 0.5218153913615435 0.008370535714285714 0.02104801578601184
177 0.24867466517857142 0.45362859022144264 0.008510044642857142 0.021486516114887087
179 0.2504185267857143 0.6397719798289849 0.011997767857142858 0.024117518088138567
192 0.26974051339285715 0.6749616312212234 0.017717633928571428 0.02696777022582767
195 0.5670340401785714 0.6416356062267047 0.015206473214285714 0.02433676825257619
184 0.6283482142857143 0.6650953738215304 0.006417410714285714 0.03310677483008112
189 0.5669642857142857 0.4558210918658189 0.010044642857142858 0.031572023679017756
178 0.5032784598214286 0.424906818680114 0.015485491071428572 0.0131550098662574
190 0.46205357142857145 0.42501644376233283 0.007254464285714286 0.01644376233282175
63 0.66162109375 0.30037272527954395 0.011300223214285714 0.013593510195132646
14 0.6210239955357143 0.2993860995395747 0.011579241071428572 0.013374260030695024
177 0.6292550223214286 0.23755755316816488 0.012137276785714286 0.01381276035957027
177 0.62841796875 0.7375575531681648 0.012416294642857142 0.013593510195132646
194 0.5866350446428571 0.7374479280859461 0.017857142857142856 0.027844770883578163
195 0.5669642857142857 0.7046700285025214 0.016183035714285716 0.025433019074764307
178 0.5098353794642857 0.7375575531681648 0.012974330357142858 0.013593510195132646
189 0.6067243303571429 0.2659504494628371 0.007254464285714286 0.031572023679017756
192 0.30845424107142855 0.8000438500328875 0.018415178571428572 0.02894102170576628
119 0.28404017857142855 0.7601403201052401 0.017578125 0.02455601841701381
185 0.29478236607142855 0.8373163779872835 0.021205357142857144 0.01052400789300592
190 0.39571707589285715 0.8624205218153914 0.006277901785714286 0.01644376233282175
32 0.7267020089285714 0.4672221004165753 0.009765625 0.02455601841701381
193 0.6660853794642857 0.36242052181539136 0.017717633928571428 0.02762552071914054
183 0.7219587053571429 0.2509318131988599 0.016462053571428572 0.010304757728568297
183 0.7058454241071429 0.2434773076079807 0.006556919642857143 0.026529269896952423
183 0.6294642857142857 0.5561280420960316 0.006975446428571429 0.026090769568077175
184 0.40164620535714285 0.695023021267266 0.021205357142857144 0.010085507564130673
14 0.4077845982142857 0.6521596141197106 0.008370535714285714 0.01775926331944749
193 0.40792410714285715 0.5796974347730761 0.018136160714285716 0.02850252137689103
195 0.40792410714285715 0.5185266388949792 0.018136160714285716 0.02850252137689103
183 0.3838588169642857 0.49364174523130894 0.006556919642857143 0.026090769568077175
196 0.22788783482142858 0.6749616312212234 0.017717633928571428 0.02696777022582767
179 0.4095982142857143 0.19842139881604912 0.01171875 0.026748520061390047
190 0.40792410714285715 0.2488489366367025 0.009486607142857142 0.014909011181758386
183 0.4116908482142857 0.34279763209822406 0.016741071428571428 0.01118175838631879
196 0.42857142857142855 0.424906818680114 0.017857142857142856 0.02762552071914054
176 0.40792410714285715 0.46196009647007236 0.008370535714285714 0.0197325147993861
191 0.6465541294642857 0.19666739750054812 0.010184151785714286 0.016224512168384126
189 0.12946428571428573 0.2670467002850252 0.009486607142857142 0.031572023679017756
184 0.19419642857142858 0.540122780092085 0.006696428571428571 0.03310677483008112
63 0.48744419642857145 0.759044069283052 0.008649553571428572 0.021486516114887087
181 0.4873744419642857 0.6445954834466125 0.008510044642857142 0.01841701381276036
192 0.5883091517857143 0.8625301468976102 0.018415178571428572 0.02894102170576628
178 0.6267438616071429 0.8625301468976102 0.013532366071428572 0.0131550098662574
183 0.36411830357142855 0.4041876781407586 0.016462053571428572 0.00986625739969305
32 0.36879185267857145 0.26101732076299056 0.009905133928571428 0.024775268581451435
63 0.48758370535714285 0.3842359131769349 0.008370535714285714 0.02302126726595045
177 0.4873046875 0.32536724402543304 0.008649553571428572 0.02324051743038807
189 0.48744419642857145 0.458671344003508 0.009486607142857142 0.031572023679017756
63 0.6864536830357143 0.6487612365709274 0.008510044642857142 0.018855514141635606
195 0.6465541294642857 0.5789300591975444 0.015485491071428572 0.02433676825257619
183 0.4633091517857143 0.8686691515018636 0.006417410714285714 0.0263100197325148