187 0.62353515625 0.5448268303375713 0.004045758928571429 0.012056115738711091
187 0.11209542410714286 0.8198158702323542 0.004045758928571429 0.01183691363437089
187 0.72021484375 0.8747259973695748 0.004045758928571429 0.012056115738711091
187 0.16664341517857142 0.43478737395879 0.004045758928571429 0.012056115738711091
187 0.10944475446428571 0.10488820692678649 0.004045758928571429 0.012056115738711091
187 0.0849609375 0.18796580447172292 0.007533482142857143 0.006356861025865849
187 0.22495814732142858 0.8855765015344147 0.007672991071428571 0.006137658921525646
187 0.10749162946428571 0.8747259973695748 0.004045758928571429 0.012056115738711091
187 0.15492466517857142 0.9188952213941254 0.007672991071428571 0.006137658921525646
191 0.36495535714285715 0.5705830775975449 0.010044642857142858 0.01578255151249452
194 0.36488560267857145 0.5154537483559842 0.016043526785714284 0.025208241999123193
178 0.38741629464285715 0.7646865409907935 0.013113839285714286 0.012932924156071899
60 0.38267299107142855 0.6548662867163525 0.013392857142857142 0.011617711530030689
14 0.41978236607142855 0.6545374835598422 0.010602678571428572 0.012275317843051293
192 0.45382254464285715 0.6547566856641823 0.015904017857142856 0.02498903989478299
32 0.7154017857142857 0.19180184129767647 0.008649553571428572 0.02104340201665936
191 0.7149832589285714 0.23520385795703638 0.009207589285714286 0.01446733888645331
185 0.7202845982142857 0.34655852696185885 0.018973214285714284 0.008768084173608066
196 0.6799665178571429 0.4640508548882069 0.015625 0.024550635686102586
177 0.6798967633928571 0.5200569925471284 0.007393973214285714 0.015124945199473916
195 0.6272321428571429 0.709776413853573 0.016183035714285716 0.025427444103463395
187 0.15492466517857142 0.7923060061376589 0.007672991071428571 0.006356861025865849
185 0.14934430803571427 0.7501096010521701 0.0185546875 0.00920648838228847
185 0.1064453125 0.718434896975011 0.005580357142857143 0.02915387987724682
14 0.20528738839285715 0.8201446733888645 0.0107421875 0.012056115738711091
189 0.24393136160714285 0.8197062691801841 0.017717633928571428 0.010740903112669882
175 0.6902901785714286 0.8746163963174046 0.010602678571428572 0.01183691363437089
60 0.6639229910714286 0.8746163963174046 0.012834821428571428 0.01183691363437089
196 0.6258370535714286 0.8747259973695748 0.015904017857142856 0.024769837790442787
192 0.5749162946428571 0.6799649276633055 0.015345982142857142 0.024550635686102586
196 0.5572684151785714 0.6547566856641823 0.015764508928571428 0.02498903989478299
185 0.5537806919642857 0.7734546251644016 0.005719866071428571 0.02915387987724682
187 0.48744419642857145 0.7647961420429636 0.00390625 0.01183691363437089
195 0.7149135044642857 0.7903331871985971 0.016043526785714284 0.025208241999123193
194 0.11990792410714286 0.8460105217010083 0.0166015625 0.026085050416484
63 0.11997767857142858 0.7841955282770715 0.007533482142857143 0.016878562034195528
63 0.24135044642857142 0.709776413853573 0.010044642857142858 0.01183691363437089
183 0.26346261160714285 0.7509864094695309 0.0146484375 0.008768084173608066
186 0.22502790178571427 0.7376150811047786 0.008649553571428572 0.014905743095133712
184 0.21944754464285715 0.6957474791758 0.018694196428571428 0.008768084173608066
186 0.24490792410714285 0.5443884261288908 0.009905133928571428 0.013809732573432706
119 0.19377790178571427 0.8490793511617711 0.015625 0.019508987286277948
60 0.17054966517857142 0.8747259973695748 0.012974330357142858 0.011617711530030689
119 0.1318359375 0.5384699693117054 0.014508928571428572 0.024769837790442787
14 0.17543247767857142 0.5449364313897413 0.010184151785714286 0.01183691363437089
181 0.20626395089285715 0.5443884261288908 0.011858258928571428 0.011617711530030689
179 0.41196986607142855 0.7071459886014906 0.014787946428571428 0.01578255151249452
14 0.36495535714285715 0.40190705830775975 0.007533482142857143 0.016440157825515125
195 0.4190150669642857 0.3248575186321789 0.014090401785714286 0.021920210434020166
187 0.45242745535714285 0.3248575186321789 0.00390625 0.01183691363437089
182 0.19015066964285715 0.5832967996492766 0.007533482142857143 0.01183691363437089
179 0.19133649553571427 0.6288908373520385 0.0107421875 0.021920210434020166
180 0.18994140625 0.6842393686979396 0.007952008928571428 0.019508987286277948
192 0.1708984375 0.3798772468215695 0.015625 0.023235423060061378
14 0.18980189732142858 0.34907935116177113 0.007393973214285714 0.020385795703638757
63 0.20361328125 0.3248575186321789 0.009905133928571428 0.01183691363437089
192 0.27866908482142855 0.32474791758000876 0.016043526785714284 0.025208241999123193
195 0.31361607142857145 0.3248575186321789 0.013671875 0.02104340201665936
185 0.18443080357142858 0.30721174923279265 0.018694196428571428 0.00898728627794827
196 0.18994140625 0.1857737834283209 0.0166015625 0.026085050416484
179 0.16866629464285715 0.10718982902235862 0.012555803571428572 0.016220955721174924
190 0.7499302455357143 0.4725997369574748 0.007672991071428571 0.010083296799649276
190 0.7499302455357143 0.5106313020604998 0.007672991071428571 0.015124945199473916
184 0.7289341517857143 0.5533757124068391 0.005859375 0.02915387987724682
189 0.6964285714285714 0.5447172292854011 0.017578125 0.010083296799649276
194 0.7499302455357143 0.4053046909250329 0.016043526785714284 0.02498903989478299
196 0.7499302455357143 0.29690925032880316 0.0166015625 0.026085050416484
186 0.7301199776785714 0.10488820692678649 0.009905133928571428 0.013371328364752301
177 0.6638532366071429 0.32518632178868917 0.010463169642857142 0.012056115738711091
179 0.6334402901785714 0.3272687417799211 0.013532366071428572 0.016659359929855327
177 0.595703125 0.3248575186321789 0.010044642857142858 0.012275317843051293
195 0.45103236607142855 0.709776413853573 0.014229910714285714 0.02235861464270057
194 0.5399693080357143 0.7383822884699693 0.015764508928571428 0.024769837790442787
60 0.5401088169642857 0.7973476545374836 0.007952008928571428 0.019070583077597545
63 0.5611746651785714 0.8197062691801841 0.013532366071428572 0.011617711530030689
192 0.5398995535714286 0.8482025427444103 0.014787946428571428 0.024331433581762384
32 0.587890625 0.8737395879000438 0.012555803571428572 0.014028934677772907
180 0.6449497767857143 0.13535729943007452 0.007533482142857143 0.018632178868917142
187 0.5924246651785714 0.159798334064007 0.004045758928571429 0.01183691363437089
192 0.5557338169642857 0.159798334064007 0.016322544642857144 0.025427444103463395
189 0.3814174107142857 0.15990793511617712 0.017578125 0.013809732573432706
178 0.6448800223214286 0.19322665497588776 0.007393973214285714 0.02082419991231916
193 0.5569196428571429 0.21481806225339764 0.016183035714285716 0.025427444103463395
186 0.46993582589285715 0.24539675580885575 0.008510044642857142 0.015124945199473916
180 0.26004464285714285 0.6196843489697501 0.007533482142857143 0.018851380973257344
186 0.2596958705357143 0.6789785181937746 0.007952008928571428 0.015563349408154318
142 0.2598353794642857 0.4607628233231039 0.007672991071428571 0.011398509425690487
60 0.23737444196428573 0.4350065760631302 0.012974330357142858 0.012056115738711091
119 0.21044921875 0.44103463393248576 0.011858258928571428 0.024550635686102586
102 0.25997488839285715 0.41275756247259976 0.007393973214285714 0.016659359929855327
177 0.13609095982142858 0.7646865409907935 0.009626116071428572 0.011617711530030689
192 0.15492466517857142 0.8489697501096011 0.016043526785714284 0.02498903989478299
192 0.3999720982142857 0.18763700131521263 0.015345982142857142 0.024550635686102586
195 0.3999720982142857 0.24484875054800526 0.014229910714285714 0.02235861464270057
63 0.41971261160714285 0.10488820692678649 0.011858258928571428 0.011617711530030689
142 0.45438058035714285 0.10488820692678649 0.007533482142857143 0.012056115738711091
191 0.5269252232142857 0.10488820692678649 0.010881696428571428 0.01731696624287593
192 0.5590122767857143 0.10477860587461639 0.016183035714285716 0.025427444103463395
183 0.37465122767857145 0.549978079789566 0.005719866071428571 0.02367382726874178
175 0.34737723214285715 0.5447172292854011 0.012834821428571428 0.012275317843051293
184 0.3173828125 0.553266111354669 0.005580357142857143 0.029373081981587022
185 0.6395786830357143 0.7281893906181499 0.018833705357142856 0.009644892590968873
175 0.6448102678571429 0.6874177992108724 0.007533482142857143 0.016220955721174924
196 0.10386439732142858 0.37976764576939936 0.015764508928571428 0.024769837790442787
194 0.08489118303571429 0.40957913195966683 0.016043526785714284 0.025208241999123193
181 0.08503069196428571 0.5072336694432267 0.007672991071428571 0.01841297676457694
190 0.0849609375 0.5573213502849628 0.006417410714285714 0.015124945199473916
32 0.09549386160714286 0.7635905304690925 0.012974330357142858 0.013809732573432706
183 0.6484375 0.7894563787812363 0.014508928571428572 0.009864094695309075
181 0.6448800223214286 0.8541209995615958 0.007393973214285714 0.018632178868917142
32 0.08551897321428571 0.3041429197720298 0.008649553571428572 0.018632178868917142
189 0.1025390625 0.3248575186321789 0.017578125 0.01446733888645331
194 0.13741629464285715 0.3248575186321789 0.016462053571428572 0.025865848312143797
25 0.31710379464285715 0.4882726874177992 0.011160714285714286 0.014686540990793511
184 0.21261160714285715 0.8834940815431828 0.005859375 0.02915387987724682
191 0.24581473214285715 0.8747259973695748 0.012555803571428572 0.01994739149495835
192 0.294921875 0.7361902674265673 0.015904017857142856 0.025208241999123193
190 0.26785714285714285 0.709776413853573 0.007533482142857143 0.011398509425690487
178 0.5046037946428571 0.23465585269618588 0.0078125 0.01994739149495835
195 0.5049525669642857 0.1855545813239807 0.0166015625 0.026085050416484
179 0.50634765625 0.3015124945199474 0.010463169642857142 0.019508987286277948
63 0.5048828125 0.35960105217010085 0.0078125 0.01994739149495835
178 0.48458426339285715 0.48991670320035074 0.011021205357142858 0.01183691363437089
191 0.37925502232142855 0.48980710214818063 0.010184151785714286 0.016001753616834723
196 0.5048828125 0.5729943007452871 0.015625 0.024550635686102586
60 0.5262276785714286 0.5998465585269619 0.012276785714285714 0.011617711530030689
185 0.5910993303571429 0.5910784743533538 0.005580357142857143 0.02915387987724682
182 0.46993582589285715 0.6364533099517755 0.007672991071428571 0.012494519947391494
189 0.6099330357142857 0.6262604120999562 0.008370535714285714 0.02761946514686541
63 0.6097935267857143 0.6899386234107847 0.007533482142857143 0.016001753616834723
175 0.6100725446428571 0.7452871547566856 0.0078125 0.020604997807978958
32 0.5755440848214286 0.6225339763261727 0.008510044642857142 0.01709776413853573
183 0.32645089285714285 0.18062253397632616 0.014508928571428572 0.00920648838228847
194 0.32986886160714285 0.29844366505918457 0.015206473214285714 0.024331433581762384
190 0.32993861607142855 0.3486409469530907 0.007533482142857143 0.015124945199473916
25 0.3814174107142857 0.6011617711530031 0.009486607142857142 0.014686540990793511