187 0.5272042410714286 0.523898267923701 0.008649553571428572 0.00723525542644157
187 0.08970424107142858 0.15577724183293137 0.008649553571428572 0.00723525542644157
187 0.13518415178571427 0.36242052181539136 0.004464285714285714 0.013593510195132646
187 0.5272042410714286 0.39793904845428635 0.008649553571428572 0.007016005262003947
187 0.6512974330357143 0.23744792808594606 0.004603794642857143 0.013593510195132646
187 0.10358537946428571 0.8625301468976102 0.004603794642857143 0.013593510195132646
186 0.6464146205357143 0.7692392019294014 0.009626116071428572 0.017320762990572242
192 0.646484375 0.7056566542424907 0.018136160714285716 0.028721771541328656
178 0.6465541294642857 0.6406489804867354 0.009068080357142858 0.024117518088138567
175 0.6466936383928571 0.5867134400350801 0.0087890625 0.021925016443762334
196 0.5867047991071429 0.5499890374917781 0.017717633928571428 0.026529269896952423
183 0.5362025669642857 0.5561280420960316 0.006556919642857143 0.026090769568077175
193 0.6465541294642857 0.8946502959877219 0.017438616071428572 0.027844770883578163
25 0.5088588169642857 0.9270993203244903 0.012974330357142858 0.016882262661696998
178 0.47021484375 0.9250164437623328 0.0126953125 0.0131550098662574
192 0.4267578125 0.924906818680114 0.017857142857142856 0.028283271212453408
195 0.5055106026785714 0.6749616312212234 0.017717633928571428 0.027844770883578163
195 0.5485491071428571 0.6749616312212234 0.018136160714285716 0.028721771541328656
175 0.63232421875 0.6748520061390046 0.014927455357142858 0.013593510195132646
189 0.5272042410714286 0.7692392019294014 0.010323660714285714 0.031352773514580136
60 0.5269949776785714 0.8362201271650954 0.0087890625 0.024117518088138567
119 0.3042689732142857 0.18208726156544616 0.015066964285714286 0.027844770883578163
194 0.2685546875 0.1749616312212234 0.018136160714285716 0.02850252137689103
63 0.23256138392857142 0.17485200613900462 0.011439732142857142 0.01381276035957027
178 0.14885602678571427 0.17518088138566104 0.014787946428571428 0.013593510195132646
180 0.38888113839285715 0.17518088138566104 0.014369419642857142 0.013593510195132646
179 0.43087332589285715 0.17233062924797193 0.014369419642857142 0.018855514141635606
180 0.4624720982142857 0.17485200613900462 0.010881696428571428 0.013374260030695024
193 0.40785435267857145 0.831725498794124 0.018833705357142856 0.029598772199079148
142 0.35484095982142855 0.7375575531681648 0.008510044642857142 0.013593510195132646
142 0.31961495535714285 0.7373383030037273 0.008370535714285714 0.014032010524007894
187 0.50732421875 0.6123657092742819 0.004603794642857143 0.013593510195132646
176 0.5269949776785714 0.64667836000877 0.008510044642857142 0.020828765621574215
189 0.42752511160714285 0.36242052181539136 0.019949776785714284 0.011401008550756413
185 0.44140625 0.3243806182854637 0.021205357142857144 0.010304757728568297
189 0.3475864955357143 0.23744792808594606 0.019949776785714284 0.012716509537382154
181 0.42208426339285715 0.42534531900898925 0.013532366071428572 0.0131550098662574
187 0.38797433035714285 0.36242052181539136 0.004464285714285714 0.013593510195132646
63 0.30343191964285715 0.42446831835123877 0.011997767857142858 0.014032010524007894
178 0.4476841517857143 0.8971716728787547 0.008370535714285714 0.02367901775926332
60 0.4476841517857143 0.764854198640649 0.008370535714285714 0.02039026529269897
142 0.44761439732142855 0.7001754001315501 0.0087890625 0.013374260030695024
60 0.4478236607142857 0.5805744354308265 0.008649553571428572 0.020609515457136594
14 0.10888671875 0.1747423810567858 0.0146484375 0.013593510195132646
176 0.08956473214285714 0.19710589782942337 0.008649553571428572 0.021486516114887087
177 0.08984375 0.26660819995615 0.008649553571428572 0.019294014470510854
190 0.19845145089285715 0.29993422495066874 0.009068080357142858 0.013593510195132646
187 0.08970424107142858 0.33117737338303005 0.008649553571428572 0.00723525542644157
176 0.26988002232142855 0.4251260688445516 0.014090401785714286 0.0131550098662574
177 0.16936383928571427 0.2650734488050866 0.008370535714285714 0.02499451874588906
102 0.16929408482142858 0.38401666301249726 0.0087890625 0.02170576627932471
175 0.5810546875 0.7375575531681648 0.010881696428571428 0.013593510195132646
192 0.4267578125 0.7374479280859461 0.018136160714285716 0.028721771541328656
193 0.646484375 0.3286559964919974 0.018694196428571428 0.029379522034641527
181 0.6215122767857143 0.2998245998684499 0.015345982142857142 0.013374260030695024
175 0.5850306919642857 0.2998245998684499 0.012974330357142858 0.013374260030695024
192 0.6465541294642857 0.2678140758605569 0.017996651785714284 0.028283271212453408
14 0.6465541294642857 0.14525323393992545 0.0087890625 0.02302126726595045
194 0.6252790178571429 0.11236570927428195 0.018694196428571428 0.029160271870203903
60 0.6343470982142857 0.3619820214865161 0.013113839285714286 0.013593510195132646
194 0.5866350446428571 0.36242052181539136 0.018415178571428572 0.02894102170576628
192 0.5455496651785714 0.36242052181539136 0.017717633928571428 0.02762552071914054
192 0.08970424107142858 0.7674852006139005 0.017857142857142856 0.027844770883578163
142 0.08963448660714286 0.46097347073010303 0.009068080357142858 0.013374260030695024
142 0.11202566964285714 0.7994957246217934 0.008091517857142858 0.014251260688445516
196 0.19029017857142858 0.7999342249506687 0.017857142857142856 0.028283271212453408
178 0.22453962053571427 0.8002631001973252 0.012974330357142858 0.013593510195132646
191 0.3120814732142857 0.8624205218153914 0.01171875 0.018636263977197982
180 0.32826450892857145 0.8290944968208727 0.008928571428571428 0.01907476430607323
182 0.32826450892857145 0.7612365709274282 0.008649553571428572 0.012716509537382154
195 0.5272042410714286 0.20620477965358475 0.015625 0.024775268581451435
189 0.5272042410714286 0.270664327998246 0.008091517857142858 0.031352773514580136
178 0.35560825892857145 0.3000438500328875 0.014508928571428572 0.01381276035957027
184 0.3067103794642857 0.3092523569392677 0.006556919642857143 0.033983775487831616
14 0.4325474330357143 0.8624205218153914 0.0146484375 0.013374260030695024
190 0.34779575892857145 0.8625301468976102 0.010044642857142858 0.013593510195132646
194 0.38692801339285715 0.6749616312212234 0.017996651785714284 0.028283271212453408
192 0.48744419642857145 0.5176496382372286 0.017857142857142856 0.028064021048015787
195 0.28857421875 0.7085069063801798 0.017438616071428572 0.027844770883578163
176 0.28843470982142855 0.7743915807936856 0.008510044642857142 0.0197325147993861
181 0.28871372767857145 0.838741504056128 0.0087890625 0.019513264634948475
185 0.30336216517857145 0.9152598114448586 0.006556919642857143 0.03354527515895637
178 0.35009765625 0.9251260688445516 0.014090401785714286 0.01381276035957027
187 0.24874441964285715 0.26869107651830737 0.008649553571428572 0.00723525542644157
102 0.23193359375 0.23722867792150845 0.013811383928571428 0.013593510195132646
25 0.24762834821428573 0.21190528392896293 0.010602678571428572 0.022144266608199955
184 0.25502232142857145 0.34542863407147556 0.021205357142857144 0.00986625739969305
193 0.3086635044642857 0.36242052181539136 0.018275669642857144 0.02850252137689103
142 0.3387974330357143 0.4247971935978952 0.009068080357142858 0.01381276035957027
186 0.3681640625 0.4509975882481912 0.009765625 0.017978513483885114
186 0.3682338169642857 0.7096031572023679 0.010463169642857142 0.017320762990572242
184 0.6129324776785714 0.3406051304538478 0.021344866071428572 0.010304757728568297
183 0.6027483258928571 0.2715413286559965 0.0166015625 0.00986625739969305
32 0.6224888392857143 0.23635167726375794 0.01171875 0.015347511510633634
192 0.5468052455357143 0.2998245998684499 0.017717633928571428 0.027844770883578163
180 0.50244140625 0.3000438500328875 0.011858258928571428 0.01381276035957027
63 0.42508370535714285 0.29993422495066874 0.011997767857142858 0.014032010524007894
187 0.40792410714285715 0.33117737338303005 0.008649553571428572 0.00723525542644157
196 0.28857421875 0.2659504494628371 0.018275669642857144 0.02850252137689103
191 0.30224609375 0.23733830300372724 0.0126953125 0.019951764963823723
25 0.2876674107142857 0.45362859022144264 0.010602678571428572 0.0197325147993861
195 0.28857421875 0.3908134181100636 0.015764508928571428 0.024775268581451435
191 0.35428292410714285 0.48750274062705545 0.011858258928571428 0.018636263977197982
192 0.42808314732142855 0.48750274062705545 0.017717633928571428 0.027844770883578163
185 0.15534319196428573 0.2470949353212015 0.006556919642857143 0.03332602499451875
32 0.4086216517857143 0.27483008112256085 0.009765625 0.022144266608199955
181 0.40771484375 0.20620477965358475 0.008510044642857142 0.024775268581451435
190 0.16922433035714285 0.7787765840824381 0.006417410714285714 0.013593510195132646
191 0.16922433035714285 0.8379741284805964 0.012276785714285714 0.019294014470510854
184 0.16322544642857142 0.7011620258715194 0.021484375 0.010085507564130673
176 0.16922433035714285 0.5144705108528831 0.008370535714285714 0.021267265950449463
196 0.5860770089285714 0.17485200613900462 0.017857142857142856 0.028283271212453408
14 0.7262137276785714 0.27526858145143607 0.0087890625 0.02302126726595045
193 0.6656668526785714 0.36242052181539136 0.017717633928571428 0.02762552071914054
188 0.6304408482142857 0.17485200613900462 0.007254464285714286 0.027844770883578163
194 0.72607421875 0.3949791712343784 0.017159598214285716 0.027844770883578163
179 0.7277483258928571 0.45242271431703573 0.012137276785714286 0.022144266608199955
179 0.7277483258928571 0.5228020171015129 0.011858258928571428 0.02696777022582767
183 0.22746930803571427 0.8684499013374261 0.006556919642857143 0.026748520061390047
178 0.19245256696428573 0.8627493970620478 0.015764508928571428 0.013593510195132646