187 0.2885044642857143 0.4015566761675071 0.008649553571428572 0.00723525542644157
187 0.49434988839285715 0.8625301468976102 0.004603794642857143 0.013593510195132646
187 0.6373465401785714 0.9250164437623328 0.004603794642857143 0.013593510195132646
187 0.3681640625 0.7073010304757729 0.008649553571428572 0.007016005262003947
187 0.2885044642857143 0.813746985310239 0.008649553571428572 0.00723525542644157
187 0.09563337053571429 0.1749616312212234 0.004603794642857143 0.013593510195132646
187 0.08970424107142858 0.26299057224292915 0.008649553571428572 0.00723525542644157
192 0.32840401785714285 0.20883578162683622 0.018415178571428572 0.028721771541328656
102 0.3163364955357143 0.3001534751151063 0.012416294642857142 0.013593510195132646
187 0.30845424107142855 0.11247533435650077 0.004464285714285714 0.013593510195132646
185 0.2613002232142857 0.12201271650953738 0.006696428571428571 0.03354527515895637
102 0.19426618303571427 0.11291383468537601 0.013811383928571428 0.014032010524007894
182 0.4218052455357143 0.11214645910984433 0.0087890625 0.014251260688445516
177 0.22879464285714285 0.36242052181539136 0.013392857142857142 0.014032010524007894
196 0.22788783482142858 0.29993422495066874 0.017717633928571428 0.02718702039026529
184 0.14739118303571427 0.30958123218592415 0.006556919642857143 0.03332602499451875
183 0.24476841517857142 0.19304976978732735 0.0166015625 0.010304757728568297
180 0.22900390625 0.17485200613900462 0.012974330357142858 0.013374260030695024
195 0.14822823660714285 0.7999342249506687 0.015485491071428572 0.023459767594825695
180 0.20905412946428573 0.7766937075202807 0.008510044642857142 0.02039026529269897
102 0.20884486607142858 0.7099320324490244 0.008649553571428572 0.02104801578601184
185 0.20284598214285715 0.6265073448805086 0.021205357142857144 0.010304757728568297
60 0.19370814732142858 0.6123657092742819 0.015485491071428572 0.013593510195132646
196 0.16929408482142858 0.5804648103486078 0.017996651785714284 0.028283271212453408
102 0.42654854910714285 0.2377768033326025 0.012416294642857142 0.01381276035957027
119 0.41238839285714285 0.27176057882043414 0.017299107142857144 0.023898267923700943
177 0.390625 0.2997149747862311 0.014508928571428572 0.0131550098662574
32 0.48807198660714285 0.27110282832712124 0.010184151785714286 0.019951764963823723
193 0.5480608258928571 0.29993422495066874 0.017717633928571428 0.02762552071914054
63 0.08991350446428571 0.7714317035737777 0.0087890625 0.01907476430607323
188 0.11683872767857142 0.8000438500328875 0.0068359375 0.019294014470510854
176 0.11418805803571429 0.6749616312212234 0.011858258928571428 0.013374260030695024
14 0.18805803571428573 0.6749616312212234 0.010881696428571428 0.013374260030695024
187 0.208984375 0.5812321859241394 0.008649553571428572 0.007016005262003947
196 0.23074776785714285 0.6749616312212234 0.018136160714285716 0.028721771541328656
60 0.646484375 0.1944748958561719 0.008370535714285714 0.017978513483885114
142 0.5822405133928571 0.23755755316816488 0.009068080357142858 0.01381276035957027
177 0.5904715401785714 0.17485200613900462 0.013253348214285714 0.013374260030695024
188 0.5373186383928571 0.1749616312212234 0.006277901785714286 0.01710151282613462
176 0.5495954241071429 0.23744792808594606 0.0146484375 0.0131550098662574
178 0.5270647321428571 0.2731857048892787 0.008649553571428572 0.018855514141635606
32 0.46421595982142855 0.2987283490462618 0.013811383928571428 0.015566761675071256
195 0.22802734375 0.5498794124095593 0.017717633928571428 0.026748520061390047
102 0.16922433035714285 0.263100197325148 0.008928571428571428 0.020609515457136594
184 0.15924944196428573 0.24720456040342031 0.006277901785714286 0.03310677483008112
188 0.12946428571428573 0.2069721552291164 0.016462053571428572 0.013593510195132646
196 0.18959263392857142 0.48750274062705545 0.018973214285714284 0.030037272527954396
176 0.5269949776785714 0.8299714974786231 0.008510044642857142 0.02433676825257619
178 0.5867047991071429 0.9244683183512388 0.014090401785714286 0.013374260030695024
183 0.5108816964285714 0.24380618285463715 0.006417410714285714 0.02587151940363955
189 0.5272042410714286 0.14240298180223634 0.010044642857142858 0.031352773514580136
175 0.5486188616071429 0.11258495943871957 0.011300223214285714 0.013374260030695024
189 0.48744419642857145 0.3927866695900022 0.011439732142857142 0.031352773514580136
177 0.48744419642857145 0.45439596579697433 0.008370535714285714 0.021267265950449463
102 0.48751395089285715 0.5823284367463275 0.008510044642857142 0.018855514141635606
193 0.46742466517857145 0.6123657092742819 0.017717633928571428 0.02718702039026529
183 0.42173549107142855 0.6186143389607542 0.006417410714285714 0.026090769568077175
182 0.6067940848214286 0.7577285682964262 0.0087890625 0.013593510195132646
184 0.53515625 0.7472045604034203 0.006417410714285714 0.03332602499451875
188 0.5388532366071429 0.6749616312212234 0.0068359375 0.02433676825257619
60 0.5107421875 0.6757290067967551 0.010602678571428572 0.013593510195132646
183 0.6028180803571429 0.632755974566981 0.016741071428571428 0.010085507564130673
63 0.60693359375 0.589673317254988 0.0087890625 0.021267265950449463
183 0.6029575892857143 0.5215961411971058 0.017020089285714284 0.010085507564130673
195 0.5867745535714286 0.424906818680114 0.015625 0.02455601841701381
183 0.5543387276785714 0.4309361982021487 0.006277901785714286 0.026529269896952423
194 0.72607421875 0.1427318570488928 0.018275669642857144 0.02850252137689103
195 0.7059151785714286 0.11236570927428195 0.015625 0.024775268581451435
60 0.6648995535714286 0.11236570927428195 0.012555803571428572 0.013374260030695024
142 0.7260044642857143 0.2848059636044727 0.008649553571428572 0.012716509537382154
102 0.7260044642857143 0.40177592633194475 0.008649553571428572 0.016882262661696998
192 0.5669642857142857 0.1429511072133304 0.018136160714285716 0.02850252137689103
184 0.45389229910714285 0.14514360885770664 0.021065848214285716 0.010085507564130673
176 0.16922433035714285 0.7726375794781846 0.008370535714285714 0.017978513483885114
191 0.18415178571428573 0.7375575531681648 0.012276785714285714 0.019294014470510854
194 0.20905412946428573 0.140868230651173 0.016880580357142856 0.027844770883578163
119 0.173828125 0.5086603814952861 0.017299107142857144 0.02587151940363955
176 0.20905412946428573 0.3259153694365271 0.008510044642857142 0.022144266608199955
191 0.38002232142857145 0.7374479280859461 0.011160714285714286 0.017320762990572242
179 0.44935825892857145 0.8900460425345319 0.011997767857142858 0.02565226923920193
193 0.46937779017857145 0.9250164437623328 0.017717633928571428 0.02718702039026529
196 0.5085797991071429 0.9250164437623328 0.017717633928571428 0.02762552071914054
189 0.38902064732142855 0.23744792808594606 0.019949776785714284 0.011401008550756413
186 0.27183314732142855 0.3005919754439816 0.011021205357142858 0.015347511510633634
184 0.6005859375 0.8935540451655338 0.021205357142857144 0.00986625739969305
63 0.10818917410714286 0.30026310019732516 0.0126953125 0.01381276035957027
194 0.08970424107142858 0.332931374698531 0.017857142857142856 0.028283271212453408
175 0.10672433035714286 0.36209164656873494 0.012834821428571428 0.013374260030695024
189 0.08970424107142858 0.39421179565884673 0.0078125 0.031572023679017756
180 0.08991350446428571 0.4606445954834466 0.008510044642857142 0.021925016443762334
119 0.173828125 0.13308484981363736 0.017578125 0.02236351677263758
179 0.17082868303571427 0.6507344880508661 0.012137276785714286 0.026748520061390047
25 0.6055385044642857 0.26331944748958563 0.0107421875 0.024117518088138567
175 0.6067243303571429 0.38445516334137253 0.008370535714285714 0.019951764963823723
195 0.5857282366071429 0.29993422495066874 0.017717633928571428 0.02718702039026529
183 0.5099051339285714 0.8059636044727033 0.006417410714285714 0.026748520061390047
25 0.38636997767857145 0.8013593510195133 0.013811383928571428 0.016224512168384126
186 0.328125 0.708945406709055 0.010602678571428572 0.018636263977197982
63 0.44754464285714285 0.3295329971497479 0.008649553571428572 0.02236351677263758
32 0.7265625 0.5780530585397939 0.009765625 0.022144266608199955
14 0.7259347098214286 0.6474457355843017 0.008510044642857142 0.02324051743038807
192 0.72607421875 0.708945406709055 0.017159598214285716 0.027844770883578163
195 0.7059151785714286 0.7374479280859461 0.015625 0.024775268581451435
189 0.62548828125 0.7374479280859461 0.019949776785714284 0.014251260688445516