187 0.12946428571428573 0.5591975443981583 0.008649553571428572 0.00723525542644157
187 0.48744419642857145 0.7856829642622232 0.008649553571428572 0.00723525542644157
187 0.7260044642857143 0.12278009208506907 0.008649553571428572 0.007016005262003947
187 0.7260044642857143 0.81550098662574 0.008649553571428572 0.00723525542644157
187 0.6505998883928571 0.8625301468976102 0.004603794642857143 0.013593510195132646
187 0.25439453125 0.8625301468976102 0.004603794642857143 0.013593510195132646
187 0.5730329241071429 0.8625301468976102 0.004603794642857143 0.013593510195132646
32 0.12981305803571427 0.20686253014689762 0.009905133928571428 0.020828765621574215
63 0.12953404017857142 0.3298618723964043 0.008510044642857142 0.025213768910326683
60 0.14906529017857142 0.362639771979829 0.012974330357142858 0.013593510195132646
63 0.22670200892857142 0.11203683402762551 0.015066964285714286 0.0131550098662574
14 0.27169363839285715 0.11258495943871957 0.014090401785714286 0.013374260030695024
194 0.3882533482142857 0.11247533435650077 0.018415178571428572 0.02894102170576628
102 0.12953404017857142 0.46546809910107434 0.008510044642857142 0.024117518088138567
196 0.12946428571428573 0.39245779434334577 0.018136160714285716 0.02850252137689103
194 0.48744419642857145 0.7041219030914273 0.017299107142857144 0.027844770883578163
196 0.5091378348214286 0.6749616312212234 0.017996651785714284 0.028283271212453408
190 0.5425502232142857 0.6749616312212234 0.008091517857142858 0.015566761675071256
191 0.6657366071428571 0.48739311554483666 0.010881696428571428 0.01710151282613462
185 0.6285574776785714 0.4972593729445297 0.006556919642857143 0.03332602499451875
192 0.28857421875 0.5813418110063583 0.018275669642857144 0.028721771541328656
184 0.26436941964285715 0.5597456698092523 0.006696428571428571 0.03332602499451875
189 0.5272042410714286 0.582657311992984 0.008091517857142858 0.031352773514580136
178 0.5897042410714286 0.6123657092742819 0.013392857142857142 0.013593510195132646
194 0.6267438616071429 0.6124753343565008 0.018275669642857144 0.028721771541328656
196 0.6678989955357143 0.6124753343565008 0.0185546875 0.029160271870203903
142 0.5270647321428571 0.6406489804867354 0.008649553571428572 0.013593510195132646
190 0.6862444196428571 0.3714097785573339 0.008649553571428572 0.015786011839508878
188 0.5924944196428571 0.29993422495066874 0.007254464285714286 0.017978513483885114
182 0.6863141741071429 0.5131550098662574 0.0087890625 0.013374260030695024
32 0.7047991071428571 0.5484542863407148 0.014508928571428572 0.01644376233282175
142 0.40785435267857145 0.6266169699627274 0.0087890625 0.0131550098662574
179 0.40625 0.5840824380618286 0.011997767857142858 0.02587151940363955
193 0.42794363839285715 0.424906818680114 0.017717633928571428 0.02762552071914054
60 0.6293247767857143 0.5498794124095593 0.012834821428571428 0.013593510195132646
189 0.5859375 0.5499890374917781 0.020089285714285716 0.01512826134619601
193 0.646484375 0.39114229335672 0.018415178571428572 0.02894102170576628
184 0.7197963169642857 0.7783380837535628 0.021065848214285716 0.01052400789300592
196 0.6644112723214286 0.6749616312212234 0.017717633928571428 0.027844770883578163
192 0.6067940848214286 0.7051085288313966 0.017996651785714284 0.028064021048015787
195 0.6067243303571429 0.640868230651173 0.015904017857142856 0.02499451874588906
189 0.6067243303571429 0.5798070598552949 0.008649553571428572 0.031352773514580136
193 0.6067243303571429 0.7716509537382154 0.017578125 0.027844770883578163
179 0.6243722098214286 0.7973032229774172 0.013532366071428572 0.018636263977197982
14 0.51318359375 0.11225608419206315 0.011579241071428572 0.013593510195132646
179 0.5290178571428571 0.3901556676167507 0.01171875 0.023459767594825695
186 0.6067243303571429 0.4585617189212892 0.009486607142857142 0.016882262661696998
185 0.6005161830357143 0.40342030256522693 0.021065848214285716 0.010962508221881167
183 0.6244419642857143 0.35628151721113793 0.006696428571428571 0.0263100197325148
193 0.48744419642857145 0.20916465687349264 0.018415178571428572 0.02894102170576628
14 0.4872349330357143 0.2716509537382153 0.009068080357142858 0.022802017101512827
177 0.48751395089285715 0.327121245340934 0.0087890625 0.02324051743038807
187 0.48744419642857145 0.3936636702477527 0.008649553571428572 0.00723525542644157
14 0.5078822544642857 0.4251260688445516 0.012416294642857142 0.013593510195132646
195 0.54833984375 0.424906818680114 0.015764508928571428 0.02455601841701381
32 0.5887276785714286 0.42381056785792587 0.013392857142857142 0.016224512168384126
32 0.3687220982142857 0.8967331725498794 0.010044642857142858 0.019294014470510854
14 0.3680943080357143 0.8275597456698093 0.0087890625 0.019513264634948475
186 0.38839285714285715 0.7372286779215085 0.011160714285714286 0.01775926331944749
180 0.32847377232142855 0.5885770664327998 0.008510044642857142 0.02170576627932471
60 0.32826450892857145 0.5152378864284148 0.008370535714285714 0.017978513483885114
176 0.5670340401785714 0.6341811006358254 0.008510044642857142 0.022582766937075203
102 0.5668247767857143 0.7587151940363955 0.008370535714285714 0.02039026529269897
179 0.10435267857142858 0.5473580355185267 0.016183035714285716 0.018636263977197982
182 0.11865234375 0.48739311554483666 0.008231026785714286 0.013593510195132646
142 0.15666852678571427 0.4872834904626179 0.008370535714285714 0.01381276035957027
25 0.19328962053571427 0.4857487393115545 0.0146484375 0.016882262661696998
25 0.26785714285714285 0.4858583643937733 0.011997767857142858 0.016224512168384126
189 0.08970424107142858 0.26726595044946283 0.010044642857142858 0.031572023679017756
119 0.08517020089285714 0.21683841262880948 0.017438616071428572 0.02236351677263758
60 0.24839564732142858 0.8825915369436527 0.009068080357142858 0.018636263977197982
186 0.26499720982142855 0.6749616312212234 0.010463169642857142 0.015566761675071256
25 0.3877650669642857 0.6730980048235036 0.014369419642857142 0.01710151282613462
60 0.310546875 0.42457794343345756 0.013392857142857142 0.01381276035957027
177 0.38609095982142855 0.48739311554483666 0.013811383928571428 0.0131550098662574
193 0.4476841517857143 0.6463494847621136 0.018136160714285716 0.02850252137689103
175 0.28871372767857145 0.15544836658627495 0.008510044642857142 0.01841701381276036
186 0.20891462053571427 0.7721990791493094 0.010184151785714286 0.017540013155009866
196 0.20905412946428573 0.703683402762552 0.017438616071428572 0.027844770883578163
63 0.20884486607142858 0.5229116421837317 0.008649553571428572 0.02236351677263758
182 0.5080915178571429 0.6121464591098443 0.0078125 0.014032010524007894
194 0.3680943080357143 0.5157860118395089 0.017996651785714284 0.028283271212453408
142 0.3681640625 0.4503398377548783 0.008649553571428572 0.0131550098662574
142 0.36837332589285715 0.38292041219030915 0.009068080357142858 0.01381276035957027
183 0.46951729910714285 0.5439596579697434 0.006556919642857143 0.026748520061390047
25 0.7092633928571429 0.6733172549879413 0.015066964285714286 0.01710151282613462
119 0.7122628348214286 0.6194913396185047 0.013811383928571428 0.027406270554702915
189 0.16922433035714285 0.20401227800920851 0.0078125 0.031352773514580136
178 0.16922433035714285 0.26901995176496385 0.008370535714285714 0.0197325147993861
183 0.17313058035714285 0.330629247971936 0.016741071428571428 0.010085507564130673
183 0.21693638392857142 0.2311992983994738 0.006417410714285714 0.026090769568077175
196 0.30970982142857145 0.23744792808594606 0.019252232142857144 0.03025652269239202
186 0.32847377232142855 0.2708835781626836 0.010184151785714286 0.01644376233282175
195 0.32840401785714285 0.33238324928743695 0.015904017857142856 0.02499451874588906
196 0.5087193080357143 0.48750274062705545 0.017996651785714284 0.028283271212453408
194 0.48744419642857145 0.4552729664547248 0.017299107142857144 0.027844770883578163
186 0.4872349330357143 0.5137031352773515 0.009347098214285714 0.016663012497259374