187 0.08970424107142858 0.7728568296426223 0.008649553571428572 0.007016005262003947
187 0.08970424107142858 0.38445516334137253 0.008649553571428572 0.00723525542644157
187 0.10665457589285714 0.8625301468976102 0.004603794642857143 0.013593510195132646
187 0.3597935267857143 0.8000438500328875 0.004464285714285714 0.013593510195132646
187 0.208984375 0.6985310238982679 0.008649553571428572 0.007016005262003947
187 0.3681640625 0.3711905283928963 0.008649553571428572 0.007016005262003947
187 0.16922433035714285 0.4649199736899803 0.008649553571428572 0.00723525542644157
187 0.20368303571428573 0.11247533435650077 0.004464285714285714 0.013593510195132646
181 0.47216796875 0.8622012716509537 0.013811383928571428 0.013374260030695024
175 0.5087890625 0.9252356939267704 0.011439732142857142 0.013593510195132646
183 0.46010044642857145 0.931265073448805 0.006417410714285714 0.026090769568077175
191 0.43150111607142855 0.9250164437623328 0.010602678571428572 0.016663012497259374
119 0.3920200892857143 0.9324709493532121 0.015904017857142856 0.028064021048015787
195 0.3475864955357143 0.924906818680114 0.0166015625 0.026090769568077175
32 0.3441685267857143 0.360885770664328 0.014508928571428572 0.016663012497259374
187 0.22893415178571427 0.424906818680114 0.004464285714285714 0.013593510195132646
102 0.19370814732142858 0.4247971935978952 0.012416294642857142 0.013374260030695024
192 0.32833426339285715 0.4587809690857268 0.017438616071428572 0.027844770883578163
193 0.32833426339285715 0.5192940144705108 0.019112723214285716 0.030037272527954396
184 0.3345424107142857 0.6385661039245779 0.021205357142857144 0.00986625739969305
14 0.5272042410714286 0.7086165314623986 0.008370535714285714 0.024117518088138567
175 0.5420619419642857 0.6744135058101294 0.013811383928571428 0.014032010524007894
188 0.5936802455357143 0.9250164437623328 0.0068359375 0.022802017101512827
181 0.08956473214285714 0.6359351019513264 0.008649553571428572 0.02170576627932471
14 0.6862444196428571 0.8983775487831616 0.008649553571428572 0.02170576627932471
190 0.6918247767857143 0.7374479280859461 0.010881696428571428 0.01644376233282175
183 0.5458286830357143 0.8064021048015786 0.006277901785714286 0.02587151940363955
196 0.5059291294642857 0.7374479280859461 0.017996651785714284 0.028283271212453408
192 0.12946428571428573 0.580903310677483 0.017299107142857144 0.027844770883578163
195 0.12946428571428573 0.5185266388949792 0.017857142857142856 0.028064021048015787
179 0.1279296875 0.4518745889059417 0.012276785714285714 0.0197325147993861
60 0.12960379464285715 0.6431703573777681 0.008649553571428572 0.020828765621574215
119 0.13420758928571427 0.6937075202806402 0.017857142857142856 0.02236351677263758
196 0.12946428571428573 0.832383249287437 0.017578125 0.027844770883578163
192 0.19070870535714285 0.29993422495066874 0.018136160714285716 0.02850252137689103
60 0.4873744419642857 0.31966673975005483 0.008510044642857142 0.024117518088138567
185 0.46400669642857145 0.3722867792150844 0.006417410714285714 0.03332602499451875
186 0.48716517857142855 0.13900460425345318 0.010044642857142858 0.01710151282613462
14 0.42452566964285715 0.11247533435650077 0.013671875 0.0131550098662574
32 0.46156529017857145 0.29839947379960535 0.014369419642857142 0.016663012497259374
178 0.42320033482142855 0.29949572462179347 0.014369419642857142 0.0131550098662574
191 0.34688895089285715 0.2998245998684499 0.010463169642857142 0.01644376233282175
32 0.265625 0.29828984871738656 0.014508928571428572 0.01644376233282175
176 0.42027064732142855 0.6749616312212234 0.015485491071428572 0.013374260030695024
142 0.4595424107142857 0.6749616312212234 0.008649553571428572 0.01381276035957027
188 0.5099051339285714 0.6749616312212234 0.0078125 0.019951764963823723
63 0.3680943080357143 0.7634290725718045 0.0087890625 0.021925016443762334
142 0.4258510044642857 0.7373383030037273 0.0087890625 0.014032010524007894
176 0.12967354910714285 0.32503836877877657 0.008510044642857142 0.018636263977197982
176 0.12946428571428573 0.38949791712343784 0.008370535714285714 0.023898267923700943
195 0.20905412946428573 0.5810129357597018 0.0166015625 0.02587151940363955
142 0.18380301339285715 0.5502082876562158 0.0087890625 0.014251260688445516
14 0.208984375 0.5246656434992326 0.008928571428571428 0.020171015128261346
119 0.10546875 0.43192282394211795 0.014787946428571428 0.02718702039026529
196 0.3680943080357143 0.2684718263538698 0.0185546875 0.029160271870203903
181 0.3680943080357143 0.21727691295768473 0.008510044642857142 0.017540013155009866
119 0.5068359375 0.8695461521596142 0.016741071428571428 0.02718702039026529
185 0.5607561383928571 0.8260249945187459 0.021065848214285716 0.00986625739969305
195 0.5670340401785714 0.7039026529269897 0.017717633928571428 0.027844770883578163
196 0.40785435267857145 0.1458013593510195 0.017717633928571428 0.028064021048015787
25 0.40897042410714285 0.203135277351458 0.010463169642857142 0.01907476430607323
192 0.40785435267857145 0.3335891251918439 0.017717633928571428 0.027844770883578163
102 0.40792410714285715 0.40144705108528833 0.008370535714285714 0.019294014470510854
192 0.42752511160714285 0.3622012716509537 0.018275669642857144 0.02850252137689103
102 0.48765345982142855 0.3860995395746547 0.008510044642857142 0.01710151282613462
32 0.48814174107142855 0.5092085069063802 0.009765625 0.023459767594825695
195 0.48744419642857145 0.644924358693269 0.017299107142857144 0.027844770883578163
178 0.16915457589285715 0.25608419206314403 0.0087890625 0.02104801578601184
186 0.20912388392857142 0.3912519184389388 0.010323660714285714 0.017320762990572242
183 0.11809430803571429 0.6687130015347511 0.006277901785714286 0.02587151940363955
192 0.27001953125 0.36242052181539136 0.017717633928571428 0.02762552071914054
190 0.24881417410714285 0.2643060732295549 0.009068080357142858 0.014251260688445516
183 0.15778459821428573 0.1062267046700285 0.006417410714285714 0.026090769568077175
14 0.08970424107142858 0.26266169699627273 0.008370535714285714 0.022802017101512827
187 0.10958426339285714 0.29993422495066874 0.004603794642857143 0.013593510195132646
179 0.43150111607142855 0.8600087700065775 0.015904017857142856 0.01907476430607323
63 0.72607421875 0.706095154571366 0.008510044642857142 0.020828765621574215
142 0.6647600446428571 0.924906818680114 0.008649553571428572 0.01381276035957027
193 0.7052873883928571 0.6124753343565008 0.017717633928571428 0.027844770883578163
142 0.6549246651785714 0.6126945845209384 0.007952008928571428 0.014251260688445516
194 0.58642578125 0.6124753343565008 0.018275669642857144 0.028721771541328656
190 0.5583147321428571 0.6123657092742819 0.008649553571428572 0.01710151282613462
176 0.5085100446428571 0.6124753343565008 0.011439732142857142 0.013374260030695024
193 0.48744419642857145 0.7081780311335234 0.018973214285714284 0.029818022363516772
194 0.26883370535714285 0.9250164437623328 0.018694196428571428 0.029379522034641527
180 0.23291015625 0.8620916465687349 0.013811383928571428 0.013593510195132646
186 0.3443080357142857 0.8622012716509537 0.011439732142857142 0.014689761017320764
185 0.5119977678571429 0.7901775926331944 0.006417410714285714 0.03332602499451875
32 0.2490234375 0.1465687349265512 0.010323660714285714 0.023459767594825695
192 0.22872488839285715 0.17485200613900462 0.017717633928571428 0.027844770883578163
102 0.1953125 0.17463275597456698 0.013392857142857142 0.01381276035957027
176 0.14780970982142858 0.17485200613900462 0.011858258928571428 0.01381276035957027
185 0.3076869419642857 0.10260907695680772 0.006556919642857143 0.03332602499451875
191 0.34849330357142855 0.11247533435650077 0.012276785714285714 0.019294014470510854
183 0.25258091517857145 0.21639991229993422 0.016880580357142856 0.010085507564130673
25 0.26527622767857145 0.23580355185266388 0.011579241071428572 0.01644376233282175
189 0.5062081473214286 0.36242052181539136 0.019949776785714284 0.01710151282613462
196 0.6067940848214286 0.39421179565884673 0.017996651785714284 0.028064021048015787
196 0.5452706473214286 0.424906818680114 0.017717633928571428 0.02718702039026529
192 0.6067243303571429 0.5204998903749177 0.018415178571428572 0.02894102170576628
14 0.7117047991071429 0.8627493970620478 0.014090401785714286 0.013593510195132646
191 0.40785435267857145 0.4585617189212892 0.013811383928571428 0.02170576627932471
119 0.41224888392857145 0.5755316816487612 0.018136160714285716 0.0263100197325148