187 0.7149135044642857 0.566308636562911 0.007672991071428571 0.006356861025865849
187 0.36495535714285715 0.9045374835598422 0.007533482142857143 0.006356861025865849
187 0.7244001116071429 0.8747259973695748 0.004045758928571429 0.012056115738711091
187 0.09284319196428571 0.159798334064007 0.004045758928571429 0.01183691363437089
187 0.17459542410714285 0.10488820692678649 0.004045758928571429 0.012056115738711091
187 0.6099330357142857 0.14708461201227532 0.007533482142857143 0.006137658921525646
187 0.5594308035714286 0.159798334064007 0.00390625 0.01183691363437089
187 0.22495814732142858 0.8685883384480491 0.007672991071428571 0.006356861025865849
187 0.71875 0.709776413853573 0.00390625 0.01183691363437089
142 0.7149135044642857 0.6944322665497589 0.007672991071428571 0.01183691363437089
194 0.66162109375 0.5997369574747917 0.015485491071428572 0.023235423060061378
192 0.6265345982142857 0.5998465585269619 0.015904017857142856 0.024769837790442787
189 0.5920758928571429 0.5997369574747917 0.017578125 0.01183691363437089
196 0.5557338169642857 0.5997369574747917 0.016322544642857144 0.025865848312143797
102 0.63330078125 0.6547566856641823 0.0107421875 0.01183691363437089
186 0.5890066964285714 0.6548662867163525 0.009486607142857142 0.012932924156071899
102 0.5182059151785714 0.5994081543182814 0.011579241071428572 0.011617711530030689
186 0.5050920758928571 0.6268084173608066 0.0087890625 0.015124945199473916
194 0.48646763392857145 0.6547566856641823 0.016741071428571428 0.0263042525208242
196 0.4349888392857143 0.4616396317404647 0.016183035714285716 0.025427444103463395
190 0.40952845982142855 0.37976764576939936 0.006277901785714286 0.009425690486628672
25 0.38037109375 0.3814116615519509 0.0126953125 0.014905743095133712
194 0.48842075892857145 0.5997369574747917 0.015625 0.024550635686102586
185 0.5344587053571429 0.6918018412976764 0.018694196428571428 0.008768084173608066
182 0.51806640625 0.6547566856641823 0.007952008928571428 0.01183691363437089
102 0.5399693080357143 0.8428320911880754 0.007393973214285714 0.01797457255589654
194 0.5399693080357143 0.9038798772468216 0.015764508928571428 0.024769837790442787
181 0.51904296875 0.9297457255589654 0.012974330357142858 0.011617711530030689
188 0.48960658482142855 0.48980710214818063 0.0068359375 0.024331433581762384
183 0.44454520089285715 0.49528715475668567 0.005719866071428571 0.023016220955721176
196 0.7149832589285714 0.844585708022797 0.016183035714285716 0.025427444103463395
186 0.6307896205357143 0.9300745287154757 0.009905133928571428 0.012713722051731697
60 0.5883091517857143 0.9296361245067952 0.01171875 0.012275317843051293
181 0.5608956473214286 0.9300745287154757 0.011858258928571428 0.01183691363437089
188 0.5589425223214286 0.8747259973695748 0.0068359375 0.021262604120999562
32 0.4833286830357143 0.873849188952214 0.011300223214285714 0.013371328364752301
175 0.36488560267857145 0.4725997369574748 0.007393973214285714 0.016659359929855327
178 0.34884207589285715 0.43478737395879 0.0126953125 0.011617711530030689
187 0.36495535714285715 0.5173169662428759 0.007533482142857143 0.006137658921525646
63 0.41629464285714285 0.6545374835598422 0.013671875 0.012275317843051293
192 0.45375279017857145 0.6547566856641823 0.015764508928571428 0.02498903989478299
195 0.36495535714285715 0.844585708022797 0.013392857142857142 0.021481806225339763
195 0.3837193080357143 0.709776413853573 0.014090401785714286 0.02235861464270057
184 0.47537667410714285 0.9105655414291978 0.018833705357142856 0.008768084173608066
188 0.46993582589285715 0.8507233669443227 0.009626116071428572 0.01183691363437089
180 0.48611886160714285 0.7098860149057431 0.0107421875 0.012494519947391494
185 0.41322544642857145 0.6079570363875493 0.005580357142857143 0.03003068829460763
180 0.4697963169642857 0.4682156948706708 0.007393973214285714 0.01578255151249452
190 0.32993861607142855 0.34831214379658043 0.007533482142857143 0.010083296799649276
142 0.30747767857142855 0.2695089872862779 0.006975446428571429 0.012056115738711091
25 0.5945172991071429 0.1579351161771153 0.011300223214285714 0.015563349408154318
196 0.5749162946428571 0.18807540552389304 0.015345982142857142 0.024550635686102586
183 0.5783342633928571 0.4093599298553266 0.014927455357142858 0.00898728627794827
195 0.4517299107142857 0.32474791758000876 0.015625 0.02389302937308198
177 0.4189453125 0.32441911442349847 0.013950892857142858 0.012275317843051293
32 0.19049944196428573 0.23903989478298993 0.0087890625 0.021262604120999562
32 0.19070870535714285 0.19136343708899606 0.008649553571428572 0.02104340201665936
184 0.19545200892857142 0.28956597983340643 0.018694196428571428 0.008768084173608066
182 0.18994140625 0.3564226216571679 0.007672991071428571 0.012275317843051293
183 0.26681082589285715 0.37439719421306444 0.005719866071428571 0.023235423060061378
188 0.0849609375 0.29953967558088557 0.014787946428571428 0.012056115738711091
102 0.13511439732142858 0.26972818939061816 0.012416294642857142 0.011617711530030689
181 0.22481863839285715 0.23421744848750548 0.007672991071428571 0.015563349408154318
60 0.22502790178571427 0.18971942130644454 0.007533482142857143 0.017755370451556333
187 0.22495814732142858 0.1322884699693117 0.007672991071428571 0.006356861025865849
119 0.0888671875 0.3427224901359053 0.015625 0.023016220955721176
179 0.08621651785714286 0.41264796142042964 0.010881696428571428 0.022139412538360367
193 0.10316685267857142 0.43478737395879 0.016043526785714284 0.025208241999123193
179 0.17438616071428573 0.4327049539675581 0.015625 0.016659359929855327
177 0.24553571428571427 0.4344585708022797 0.010323660714285714 0.012713722051731697
188 0.3052455357142857 0.43478737395879 0.006696428571428571 0.021262604120999562
187 0.38246372767857145 0.8747259973695748 0.004045758928571429 0.012056115738711091
102 0.6097935267857143 0.24616396317404646 0.007533482142857143 0.016659359929855327
194 0.6099330357142857 0.41001753616834724 0.015904017857142856 0.025208241999123193
177 0.6099330357142857 0.4599956159579132 0.007533482142857143 0.01731696624287593
186 0.13525390625 0.5996273564226217 0.009626116071428572 0.014248136782113108
189 0.10114397321428571 0.5996273564226217 0.017578125 0.015124945199473916
178 0.22502790178571427 0.5697062691801841 0.0078125 0.018851380973257344
60 0.24686104910714285 0.4895879000438404 0.009905133928571428 0.012056115738711091
194 0.3999720982142857 0.4090311266988163 0.015625 0.024550635686102586
191 0.44649832589285715 0.37976764576939936 0.009347098214285714 0.014686540990793511
182 0.4696568080357143 0.3946733888645331 0.007672991071428571 0.011179307321350284
32 0.6316964285714286 0.1592503288031565 0.010044642857142858 0.013809732573432706
188 0.6583426339285714 0.3798772468215695 0.006417410714285714 0.023235423060061378
178 0.6268833705357143 0.3796580447172293 0.012416294642857142 0.01183691363437089
195 0.5570591517857143 0.4348969750109601 0.016183035714285716 0.025427444103463395
195 0.13839285714285715 0.21481806225339764 0.016462053571428572 0.025865848312143797
60 0.12004743303571429 0.24364313897413414 0.007672991071428571 0.016440157825515125
176 0.12004743303571429 0.2892371766768961 0.007672991071428571 0.01819377466023674
142 0.08503069196428571 0.7873739587900044 0.007672991071428571 0.011398509425690487
193 0.13895089285714285 0.8198158702323542 0.015625 0.024550635686102586
189 0.0849609375 0.6253836036825954 0.010044642857142858 0.02761946514686541
191 0.0849609375 0.5258658483121438 0.009207589285714286 0.01446733888645331
177 0.24288504464285715 0.8197062691801841 0.013950892857142858 0.011617711530030689
192 0.36488560267857145 0.6842393686979396 0.015764508928571428 0.024769837790442787
196 0.3837890625 0.5447172292854011 0.016183035714285716 0.025427444103463395
63 0.34842354910714285 0.7646865409907935 0.0107421875 0.011617711530030689
63 0.5208565848214286 0.8200350723366945 0.009068080357142858 0.01183691363437089
142 0.48472377232142855 0.8199254712845243 0.007672991071428571 0.012056115738711091
192 0.20786830357142858 0.48980710214818063 0.015625 0.024331433581762384
195 0.7149135044642857 0.7388206926786497 0.014369419642857142 0.02257781674704077
60 0.5891462053571429 0.5448268303375713 0.013671875 0.011617711530030689
182 0.5159040178571429 0.5448268303375713 0.007533482142857143 0.012932924156071899
182 0.2949916294642857 0.5059184568171854 0.007952008928571428 0.012275317843051293
25 0.5389229910714286 0.46350284962735644 0.009486607142857142 0.016001753616834723
196 0.5749162946428571 0.5703638754932048 0.015625 0.024550635686102586
32 0.24734933035714285 0.15892152564664622 0.010602678571428572 0.013590530469092503