187 0.26534598214285715 0.9164839982463832 0.005859375 0.004822446295484437
187 0.1455078125 0.3035949145111793 0.0030691964285714285 0.00920648838228847
187 0.5168805803571429 0.17667689609820253 0.0030691964285714285 0.00920648838228847
187 0.7121930803571429 0.0920648838228847 0.0030691964285714285 0.00920648838228847
187 0.373046875 0.796799649276633 0.005859375 0.004822446295484437
187 0.1845703125 0.8053485313459009 0.005859375 0.004822446295484437
187 0.7499302455357143 0.11003945637878124 0.005719866071428571 0.004822446295484437
187 0.07686941964285714 0.256466462078036 0.005859375 0.004822446295484437
187 0.7181919642857143 0.6420429636124507 0.0030691964285714285 0.00920648838228847
187 0.5615234375 0.632617273125822 0.005859375 0.004822446295484437
187 0.6691545758928571 0.8726435773783429 0.005719866071428571 0.004822446295484437
25 0.6265345982142857 0.5585269618588339 0.007533482142857143 0.011398509425690487
179 0.6002371651785714 0.6017097764138536 0.011858258928571428 0.012275317843051293
185 0.6111188616071429 0.48914949583516004 0.014369419642857142 0.006795265234546251
184 0.5196707589285714 0.479395002192021 0.004464285714285714 0.022797018851380975
188 0.4926060267857143 0.472818939061815 0.005301339285714286 0.01841297676457694
195 0.26527622767857145 0.8731915826391934 0.010184151785714286 0.016440157825515125
192 0.26534598214285715 0.8303375712406839 0.01171875 0.018851380973257344
195 0.25062779017857145 0.7689609820254274 0.0107421875 0.016659359929855327
194 0.19663783482142858 0.7689609820254274 0.012416294642857142 0.019289785181937746
192 0.30636160714285715 0.6420429636124507 0.011997767857142858 0.01841297676457694
190 0.25279017857142855 0.5574309513371328 0.005022321428571429 0.009644892590968873
192 0.224609375 0.5574309513371328 0.011997767857142858 0.01841297676457694
192 0.1845703125 0.5344147303814116 0.011997767857142858 0.018851380973257344
195 0.1845703125 0.49364313897413414 0.010602678571428572 0.016659359929855327
176 0.11683872767857142 0.472818939061815 0.007952008928571428 0.008768084173608066
60 0.5442243303571429 0.17667689609820253 0.007533482142857143 0.00920648838228847
189 0.6153041294642857 0.19848750548005262 0.007114955357142857 0.021262604120999562
177 0.6154436383928571 0.2799210872424375 0.005719866071428571 0.01446733888645331
142 0.5441545758928571 0.3035949145111793 0.005719866071428571 0.00920648838228847
63 0.5244140625 0.3038141166155195 0.008928571428571428 0.009644892590968873
14 0.6153041294642857 0.3166374397194213 0.005998883928571429 0.015124945199473916
184 0.6193498883928571 0.4033318719859711 0.0146484375 0.007452871547566856
187 0.5210658482142857 0.43051293292415604 0.0030691964285714285 0.00920648838228847
60 0.48995535714285715 0.430403331871986 0.008649553571428572 0.00898728627794827
182 0.33761160714285715 0.6420429636124507 0.005580357142857143 0.00920648838228847
195 0.34605189732142855 0.5349627356422622 0.012137276785714286 0.019070583077597545
185 0.41343470982142855 0.5084392810170978 0.004603794642857143 0.02257781674704077
183 0.4688197544642857 0.5109601052170101 0.004324776785714286 0.017536168347216132
176 0.34619140625 0.4995615957913196 0.005719866071428571 0.01578255151249452
193 0.3461216517857143 0.44980271810609385 0.012276785714285714 0.019289785181937746
178 0.34598214285714285 0.37330118369136345 0.005859375 0.016659359929855327
187 0.23842075892857142 0.6208899605436212 0.005859375 0.005041648399824638
191 0.23835100446428573 0.5726654975887768 0.008510044642857142 0.013371328364752301
189 0.23842075892857142 0.5349627356422622 0.005580357142857143 0.021262604120999562
63 0.23842075892857142 0.4993423936869794 0.005859375 0.01183691363437089
182 0.13748604910714285 0.6420429636124507 0.005998883928571429 0.009644892590968873
195 0.23835100446428573 0.6649495835160018 0.012137276785714286 0.019070583077597545
193 0.36000279017857145 0.7689609820254274 0.012137276785714286 0.019289785181937746
180 0.5345982142857143 0.19070583077597544 0.005859375 0.0131521262604121
60 0.5746372767857143 0.21898290223586148 0.008928571428571428 0.00920648838228847
25 0.5968889508928571 0.21755808855765016 0.0087890625 0.012056115738711091
184 0.5304129464285714 0.1457693993862341 0.014508928571428572 0.00657606313020605
184 0.44056919642857145 0.14105655414291976 0.004464285714285714 0.02257781674704077
196 0.41196986607142855 0.1343708899605436 0.011997767857142858 0.01841297676457694
192 0.35923549107142855 0.1343708899605436 0.011997767857142858 0.018851380973257344
193 0.3321010044642857 0.13448049101271373 0.012137276785714286 0.019070583077597545
192 0.30552455357142855 0.1343708899605436 0.012276785714285714 0.019289785181937746
178 0.5744977678571429 0.09217448487505481 0.008370535714285714 0.00898728627794827
193 0.65625 0.0920648838228847 0.011997767857142858 0.018851380973257344
32 0.30538504464285715 0.34502411223147744 0.008928571428571428 0.010960105217010083
32 0.31968470982142855 0.3305567733450241 0.006556919642857143 0.012275317843051293
189 0.23835100446428573 0.3229943007452872 0.007672991071428571 0.021262604120999562
194 0.27950613839285715 0.13448049101271373 0.012416294642857142 0.019508987286277948
32 0.46316964285714285 0.47194213064445417 0.009765625 0.011398509425690487
177 0.48081752232142855 0.45363875493204736 0.005998883928571429 0.013371328364752301
177 0.48067801339285715 0.4131959666812801 0.005998883928571429 0.01183691363437089
185 0.5239955357142857 0.3393248575186322 0.004464285714285714 0.02235861464270057
191 0.54931640625 0.3459009206488382 0.006556919642857143 0.01052170100832968
119 0.5745675223214286 0.3410784743533538 0.009905133928571428 0.018851380973257344
181 0.31912667410714285 0.14850942569048664 0.005719866071428571 0.016440157825515125
183 0.3218470982142857 0.2366286716352477 0.011160714285714286 0.007233669443226655
182 0.3026646205357143 0.2613985094256905 0.005998883928571429 0.009425690486628672
32 0.29275948660714285 0.3307759754493643 0.007114955357142857 0.01578255151249452
192 0.2509765625 0.26128890837352037 0.012555803571428572 0.01972818939061815
180 0.22272600446428573 0.26128890837352037 0.009347098214285714 0.00920648838228847
60 0.21142578125 0.2758658483121438 0.005719866071428571 0.012056115738711091
196 0.58837890625 0.409798334064007 0.012974330357142858 0.020385795703638757
187 0.5884486607142857 0.4517755370451556 0.005859375 0.004822446295484437
195 0.58837890625 0.32288469969311706 0.011021205357142858 0.01709776413853573
189 0.58837890625 0.5785839544059623 0.007393973214285714 0.021262604120999562
192 0.3057338169642857 0.30370451556334943 0.012137276785714286 0.019070583077597545
180 0.29220145089285715 0.23421744848750548 0.005719866071428571 0.015563349408154318
25 0.29150390625 0.20550197281893906 0.007114955357142857 0.011617711530030689
180 0.29227120535714285 0.1580447172292854 0.005859375 0.012275317843051293
176 0.29220145089285715 0.36519070583077595 0.005719866071428571 0.0131521262604121
181 0.2924107142857143 0.4120999561595791 0.005859375 0.015344147303814117
182 0.29213169642857145 0.45407715914072777 0.005859375 0.008548882069267865
63 0.2548130580357143 0.4729285401139851 0.008510044642857142 0.009425690486628672
177 0.6153738839285714 0.6220955721174923 0.005859375 0.01183691363437089
102 0.6534598214285714 0.5997369574747917 0.009486607142857142 0.00920648838228847
175 0.6776646205357143 0.5997369574747917 0.009347098214285714 0.008768084173608066
180 0.6153041294642857 0.7396975010960105 0.005719866071428571 0.016001753616834723
190 0.6153041294642857 0.7832091188075405 0.0068359375 0.010960105217010083
25 0.6301618303571429 0.8524769837790442 0.008649553571428572 0.010960105217010083
185 0.6621791294642857 0.8468873301183691 0.004324776785714286 0.02257781674704077
102 0.4419642857142857 0.472818939061815 0.010323660714285714 0.008768084173608066
181 0.3588169642857143 0.6418237615081105 0.009207589285714286 0.00920648838228847
178 0.38497488839285715 0.4731477422183253 0.010463169642857142 0.00898728627794827
194 0.45382254464285715 0.28189390618149934 0.012276785714285714 0.019289785181937746
32 0.4541713169642857 0.1982683033757124 0.0068359375 0.016878562034195528
178 0.45375279017857145 0.16133274879438841 0.005719866071428571 0.015344147303814117
187 0.22488839285714285 0.3459009206488382 0.0030691964285714285 0.00920648838228847
14 0.26513671875 0.541209995615958 0.005998883928571429 0.01446733888645331
186 0.07686941964285714 0.6209995615957913 0.006417410714285714 0.012275317843051293
183 0.07400948660714286 0.4904647084612012 0.011021205357142858 0.007233669443226655
176 0.1845703125 0.5845024112231477 0.005859375 0.015563349408154318
194 0.7499302455357143 0.15607189829022358 0.011858258928571428 0.018851380973257344
63 0.6561104910714286 0.21887330118369136 0.010602678571428572 0.00898728627794827
190 0.62158203125 0.21898290223586148 0.004324776785714286 0.008329679964927663
179 0.7509765625 0.24145111793073212 0.008091517857142858 0.015124945199473916
189 0.7499302455357143 0.2839763261727313 0.005440848214285714 0.021262604120999562
32 0.75048828125 0.3261727312582201 0.006556919642857143 0.014028934677772907
184 0.7541155133928571 0.4620780359491451 0.014369419642857142 0.00657606313020605
196 0.7086356026785714 0.472818939061815 0.012416294642857142 0.019289785181937746
188 0.6888950892857143 0.472818939061815 0.005859375 0.0131521262604121
190 0.6570870535714286 0.472818939061815 0.007254464285714286 0.010960105217010083
190 0.7499302455357143 0.4973695747479176 0.006556919642857143 0.00789127575624726
193 0.7499302455357143 0.5366067514248137 0.012416294642857142 0.019289785181937746
181 0.7499302455357143 0.5756247259973696 0.005719866071428571 0.016220955721174924
177 0.07672991071428571 0.2809074967119684 0.005859375 0.015563349408154318
195 0.10372488839285714 0.28167470407715917 0.011858258928571428 0.018851380973257344
196 0.14467075892857142 0.2613985094256905 0.011997767857142858 0.018632178868917142
102 0.19287109375 0.3034853134590092 0.0087890625 0.00898728627794827
190 0.21149553571428573 0.3638754932047348 0.006696428571428571 0.008768084173608066
63 0.6820591517857143 0.6420429636124507 0.009765625 0.00920648838228847
102 0.6573660714285714 0.6420429636124507 0.009207589285714286 0.009644892590968873
195 0.6013532366071429 0.6420429636124507 0.012137276785714286 0.019289785181937746
181 0.5884486607142857 0.6237395879000438 0.005859375 0.014248136782113108
195 0.21149553571428573 0.5374835598421744 0.011997767857142858 0.018851380973257344
187 0.21149553571428573 0.49408154318281455 0.005859375 0.004822446295484437
195 0.21142578125 0.44969311705392373 0.0107421875 0.016878562034195528
195 0.21149553571428573 0.4072775098640947 0.011997767857142858 0.018851380973257344
184 0.21923828125 0.29712845243314334 0.004324776785714286 0.02257781674704077
175 0.22858537946428573 0.4307321350284963 0.010463169642857142 0.00920648838228847
194 0.28006417410714285 0.43051293292415604 0.0126953125 0.01972818939061815
192 0.15764508928571427 0.3261727312582201 0.011997767857142858 0.018851380973257344
180 0.17445591517857142 0.3460105217010083 0.009905133928571428 0.00898728627794827
192 0.576171875 0.5574309513371328 0.011997767857142858 0.018851380973257344
179 0.5994001116071429 0.5557869355545814 0.011300223214285714 0.012932924156071899
14 0.5613141741071429 0.5427444103463394 0.005719866071428571 0.012713722051731697
195 0.5470145089285714 0.5574309513371328 0.012555803571428572 0.01972818939061815
63 0.49776785714285715 0.5574309513371328 0.008928571428571428 0.008768084173608066
183 0.46554129464285715 0.5618149934239368 0.004185267857142857 0.017536168347216132
25 0.66845703125 0.791209995615958 0.007114955357142857 0.011179307321350284
175 0.6690150669642857 0.7414511179307322 0.005998883928571429 0.013809732573432706
179 0.6678989955357143 0.7088996054362122 0.007672991071428571 0.01709776413853573
60 0.6692243303571429 0.6177115300306883 0.005859375 0.016659359929855327
60 0.6691545758928571 0.5796799649276633 0.005719866071428571 0.016001753616834723
196 0.10372488839285714 0.6611135466900482 0.011858258928571428 0.018851380973257344
63 0.10393415178571429 0.5805567733450241 0.005580357142857143 0.015563349408154318
183 0.17306082589285715 0.6802937308198159 0.004324776785714286 0.01819377466023674
192 0.6422293526785714 0.49221832529592285 0.012416294642857142 0.019508987286277948