187 0.12479073660714286 0.23744792808594606 0.004603794642857143 0.013593510195132646
187 0.208984375 0.6631221223415917 0.008649553571428572 0.00723525542644157
187 0.6808733258928571 0.9250164437623328 0.004603794642857143 0.013593510195132646
187 0.646484375 0.6916246437184828 0.008649553571428572 0.00723525542644157
187 0.08970424107142858 0.3411532558649419 0.008649553571428572 0.007016005262003947
187 0.08970424107142858 0.530256522692392 0.008649553571428572 0.00723525542644157
187 0.7260044642857143 0.7672659504494629 0.008649553571428572 0.00723525542644157
182 0.32833426339285715 0.7871080903310678 0.008510044642857142 0.012278009208506906
14 0.3281947544642857 0.6409778557333918 0.0087890625 0.02433676825257619
60 0.26695033482142855 0.6123657092742819 0.013253348214285714 0.013593510195132646
142 0.2886439732142857 0.5858364393773295 0.008928571428571428 0.013593510195132646
193 0.15059988839285715 0.7374479280859461 0.017996651785714284 0.028283271212453408
191 0.12946428571428573 0.7127822845867134 0.010881696428571428 0.01710151282613462
183 0.16545758928571427 0.5282832712124534 0.017020089285714284 0.010304757728568297
60 0.16915457589285715 0.4560403420302565 0.008510044642857142 0.020609515457136594
177 0.38462611607142855 0.36231089673317257 0.013671875 0.013374260030695024
178 0.35379464285714285 0.2997149747862311 0.013113839285714286 0.0131550098662574
195 0.38916015625 0.29993422495066874 0.015764508928571428 0.02455601841701381
179 0.26806640625 0.36505152378864286 0.016880580357142856 0.01841701381276036
187 0.22893415178571427 0.36242052181539136 0.004464285714285714 0.013593510195132646
192 0.18840680803571427 0.36242052181539136 0.017717633928571428 0.028064021048015787
194 0.24881417410714285 0.5183073887305415 0.017996651785714284 0.028064021048015787
194 0.30922154017857145 0.48739311554483666 0.0185546875 0.029379522034641527
196 0.18903459821428573 0.8000438500328875 0.018136160714285716 0.02850252137689103
119 0.60205078125 0.8901556676167507 0.017717633928571428 0.025433019074764307
175 0.6067940848214286 0.7730760798070598 0.008510044642857142 0.02367901775926332
187 0.5470842633928571 0.9250164437623328 0.004603794642857143 0.013593510195132646
192 0.4258510044642857 0.924906818680114 0.017996651785714284 0.028283271212453408
179 0.38560267857142855 0.9276474457355843 0.015345982142857142 0.018855514141635606
32 0.5442940848214286 0.8612146459109844 0.012974330357142858 0.015786011839508878
176 0.43422154017857145 0.8624205218153914 0.011579241071428572 0.014251260688445516
183 0.3189174107142857 0.8687787765840824 0.006417410714285714 0.026090769568077175
177 0.48765345982142855 0.26792370094277573 0.008510044642857142 0.020609515457136594
188 0.46268136160714285 0.36242052181539136 0.007672991071428571 0.02367901775926332
192 0.16929408482142858 0.7698969524227143 0.017996651785714284 0.028283271212453408
176 0.16922433035714285 0.7111379083534313 0.008370535714285714 0.02039026529269897
175 0.16901506696428573 0.8304099978074984 0.008510044642857142 0.016882262661696998
192 0.42787388392857145 0.424906818680114 0.018136160714285716 0.02850252137689103
181 0.38497488839285715 0.4872834904626179 0.011858258928571428 0.013374260030695024
185 0.33858816964285715 0.4971497478623109 0.006417410714285714 0.03354527515895637
32 0.40848214285714285 0.385332163999123 0.009765625 0.023459767594825695
194 0.40785435267857145 0.3307388730541548 0.017717633928571428 0.027844770883578163
179 0.38881138392857145 0.2396404297303223 0.016741071428571428 0.019294014470510854
182 0.16929408482142858 0.34509975882481914 0.0087890625 0.01183950887963166
177 0.14767020089285715 0.23744792808594606 0.014369419642857142 0.0131550098662574
192 0.16929408482142858 0.20510852883139663 0.017717633928571428 0.027844770883578163
102 0.4476841517857143 0.4651392238544179 0.008370535714285714 0.018636263977197982
189 0.46854073660714285 0.6124753343565008 0.019949776785714284 0.014251260688445516
189 0.32833426339285715 0.5181977636483227 0.010463169642857142 0.031352773514580136
177 0.32833426339285715 0.5790396842797632 0.008510044642857142 0.020609515457136594
176 0.28836495535714285 0.6479938609953958 0.008649553571428572 0.017320762990572242
14 0.6720842633928571 0.424906818680114 0.0126953125 0.014032010524007894
102 0.6282087053571429 0.42457794343345756 0.013392857142857142 0.013374260030695024
25 0.6872907366071429 0.8315062486296865 0.0107421875 0.021267265950449463
188 0.6862444196428571 0.9026529269896952 0.014508928571428572 0.013593510195132646
194 0.5456891741071429 0.23733830300372724 0.017717633928571428 0.027844770883578163
185 0.4955357142857143 0.24687568515676386 0.006417410714285714 0.033764525323393996
14 0.5669642857142857 0.3390703793027845 0.008649553571428572 0.023459767594825695
14 0.56689453125 0.3885112913834685 0.0087890625 0.02236351677263758
176 0.5484793526785714 0.4876123657092743 0.0146484375 0.013593510195132646
185 0.40157645089285715 0.7617846963385223 0.021065848214285716 0.00986625739969305
60 0.40806361607142855 0.699079149309362 0.008649553571428572 0.017320762990572242
195 0.40785435267857145 0.5781626836220127 0.017996651785714284 0.028064021048015787
183 0.35484095982142855 0.6812102609076957 0.006556919642857143 0.02587151940363955
187 0.2885044642857143 0.3936636702477527 0.008649553571428572 0.00723525542644157
184 0.40164620535714285 0.5150186362639771 0.021205357142857144 0.010085507564130673
186 0.42703683035714285 0.4872834904626179 0.010602678571428572 0.015566761675071256
185 0.6006556919642857 0.2848059636044727 0.021344866071428572 0.010085507564130673
32 0.5887974330357143 0.23635167726375794 0.0126953125 0.016224512168384126
195 0.5452706473214286 0.424906818680114 0.016322544642857144 0.02587151940363955
196 0.6465541294642857 0.580903310677483 0.017996651785714284 0.028283271212453408
142 0.6463448660714286 0.5172111379083534 0.008928571428571428 0.013593510195132646
189 0.08970424107142858 0.45636921727691293 0.009486607142857142 0.031352773514580136
193 0.18959263392857142 0.48739311554483666 0.018136160714285716 0.02850252137689103
192 0.15087890625 0.5499890374917781 0.017717633928571428 0.026529269896952423
180 0.20919363839285715 0.7094935321201491 0.0087890625 0.0197325147993861
14 0.208984375 0.770664327998246 0.008370535714285714 0.017978513483885114
195 0.5272042410714286 0.5169918877439158 0.018415178571428572 0.02894102170576628
183 0.5233677455357143 0.4708397281297961 0.016880580357142856 0.00986625739969305
63 0.5435267857142857 0.29960534970401226 0.011160714285714286 0.013374260030695024
176 0.7260044642857143 0.7103705327778996 0.008649553571428572 0.021925016443762334
185 0.7200753348214286 0.443543082657312 0.021623883928571428 0.010085507564130673
188 0.72607421875 0.2831615873711905 0.011858258928571428 0.00986625739969305
187 0.6266043526785714 0.23744792808594606 0.004603794642857143 0.013593510195132646
187 0.12946428571428573 0.20620477965358475 0.008649553571428572 0.00723525542644157
14 0.12974330357142858 0.44507783380837534 0.008649553571428572 0.020609515457136594
60 0.48744419642857145 0.520938390703793 0.008370535714285714 0.01841701381276036
190 0.5163922991071429 0.48739311554483666 0.009905133928571428 0.014909011181758386
175 0.48758370535714285 0.464481473361105 0.008649553571428572 0.023898267923700943
191 0.4873744419642857 0.38752466564349924 0.011579241071428572 0.018197763648322735
32 0.42661830357142855 0.23602280201710152 0.015625 0.01644376233282175
190 0.1796875 0.23744792808594606 0.0078125 0.012716509537382154
195 0.20905412946428573 0.3324928743696558 0.017996651785714284 0.028283271212453408
192 0.20905412946428573 0.4587809690857268 0.017438616071428572 0.027844770883578163