187 0.13071986607142858 0.7770714598860149 0.005859375 0.004822446295484437
187 0.5041852678571429 0.7689609820254274 0.0030691964285714285 0.00920648838228847
187 0.28194754464285715 0.8958790004384042 0.0030691964285714285 0.00920648838228847
187 0.7499302455357143 0.9033318719859711 0.005719866071428571 0.004822446295484437
187 0.22963169642857142 0.17667689609820253 0.0030691964285714285 0.00920648838228847
187 0.6153738839285714 0.20495396755808856 0.005859375 0.004822446295484437
187 0.5615234375 0.5300306882946076 0.005859375 0.004822446295484437
187 0.6691545758928571 0.921744848750548 0.005719866071428571 0.004822446295484437
187 0.48074776785714285 0.8601490574309514 0.005859375 0.004822446295484437
187 0.6960797991071429 0.9004822446295484 0.005719866071428571 0.004822446295484437
187 0.373046875 0.4797238053485314 0.005859375 0.005041648399824638
188 0.13071986607142858 0.7418895221394125 0.009207589285714286 0.008548882069267865
180 0.14606584821428573 0.6421525646646208 0.008370535714285714 0.00898728627794827
185 0.16441127232142858 0.6354669004822446 0.004324776785714286 0.022797018851380975
32 0.1435546875 0.5990793511617711 0.008649553571428572 0.010960105217010083
32 0.15792410714285715 0.539127575624726 0.006696428571428571 0.016440157825515125
102 0.14585658482142858 0.7264357737834283 0.010184151785714286 0.00920648838228847
102 0.17075892857142858 0.7266549758877685 0.008370535714285714 0.008768084173608066
175 0.19328962053571427 0.7265453748355984 0.008231026785714286 0.00898728627794827
190 0.27762276785714285 0.7266549758877685 0.004743303571428571 0.009644892590968873
195 0.36070033482142855 0.6843489697501096 0.012137276785714286 0.01841297676457694
184 0.50341796875 0.7428759316089435 0.014369419642857142 0.0070144673388864535
178 0.48081752232142855 0.7104340201665936 0.005719866071428571 0.012713722051731697
63 0.44175502232142855 0.6841297676457694 0.0087890625 0.00920648838228847
187 0.41336495535714285 0.6843489697501096 0.0030691964285714285 0.00920648838228847
142 0.38406808035714285 0.6841297676457694 0.006138392857142857 0.00920648838228847
194 0.48067801339285715 0.66297676457694 0.012416294642857142 0.019508987286277948
189 0.48067801339285715 0.49177992108724244 0.007393973214285714 0.021262604120999562
25 0.4921875 0.471722928540114 0.0078125 0.010960105217010083
180 0.5076729910714286 0.4080447172292854 0.005859375 0.012932924156071899
187 0.5210658482142857 0.3459009206488382 0.0030691964285714285 0.00920648838228847
178 0.4658900669642857 0.4727093380096449 0.010184151785714286 0.00898728627794827
193 0.43973214285714285 0.472818939061815 0.012276785714285714 0.019289785181937746
119 0.5045340401785714 0.2772906619903551 0.011858258928571428 0.01797457255589654
185 0.50341796875 0.2378342832091188 0.014369419642857142 0.0070144673388864535
195 0.5216936383928571 0.21898290223586148 0.0107421875 0.016659359929855327
193 0.33133370535714285 0.6420429636124507 0.011997767857142858 0.01841297676457694
175 0.373046875 0.7487943884261289 0.005859375 0.0131521262604121
32 0.3734654017857143 0.8363656291100394 0.006975446428571429 0.015563349408154318
192 0.38755580357142855 0.8535729943007453 0.011997767857142858 0.01841297676457694
190 0.7152622767857143 0.8958790004384042 0.005301339285714286 0.009644892590968873
189 0.6960797991071429 0.8313239807102148 0.007393973214285714 0.021262604120999562
184 0.6279994419642857 0.8178430512932924 0.004603794642857143 0.022797018851380975
182 0.5986328125 0.8113765892152565 0.005859375 0.009425690486628672
176 0.5752650669642857 0.8113765892152565 0.008231026785714286 0.00898728627794827
102 0.4960239955357143 0.8118149934239368 0.007672991071428571 0.00898728627794827
186 0.7499302455357143 0.8357080227970188 0.0068359375 0.012056115738711091
60 0.7499302455357143 0.6580447172292854 0.005719866071428571 0.016220955721174924
180 0.5756138392857143 0.5151249451994739 0.010044642857142858 0.008768084173608066
195 0.27859933035714285 0.7689609820254274 0.011160714285714286 0.017536168347216132
102 0.25341796875 0.7689609820254274 0.010184151785714286 0.00920648838228847
192 0.14320591517857142 0.7689609820254274 0.012137276785714286 0.019289785181937746
60 0.30357142857142855 0.8113765892152565 0.009207589285714286 0.00898728627794827
187 0.35951450892857145 0.8112669881630864 0.0030691964285714285 0.00920648838228847
14 0.384765625 0.8112669881630864 0.009765625 0.008768084173608066
25 0.4419642857142857 0.8100613765892153 0.009486607142857142 0.011179307321350284
192 0.29220145089285715 0.28145550197281893 0.011021205357142858 0.018851380973257344
190 0.3099888392857143 0.21909250328803156 0.005022321428571429 0.0076720736519070585
195 0.29220145089285715 0.1972818939061815 0.011579241071428572 0.018851380973257344
177 0.2783203125 0.17678649715037265 0.008928571428571428 0.00898728627794827
190 0.24421037946428573 0.17678649715037265 0.0048828125 0.007233669443226655
119 0.2764369419642857 0.3508329679964928 0.010463169642857142 0.019070583077597545
176 0.22446986607142858 0.3459009206488382 0.009765625 0.00920648838228847
32 0.45438058035714285 0.7025427444103464 0.006696428571428571 0.016220955721174924
191 0.45382254464285715 0.6174923279263481 0.007254464285714286 0.011398509425690487
175 0.45361328125 0.5868040333187199 0.005998883928571429 0.01578255151249452
175 0.5470145089285714 0.5150153441473038 0.010323660714285714 0.00898728627794827
194 0.5076032366071429 0.6649495835160018 0.012416294642857142 0.019508987286277948
192 0.6290457589285714 0.21898290223586148 0.012555803571428572 0.01972818939061815
190 0.6857561383928571 0.21898290223586148 0.0048828125 0.01052170100832968
187 0.6018415178571429 0.43051293292415604 0.0030691964285714285 0.00920648838228847
175 0.5714285714285714 0.430403331871986 0.007533482142857143 0.00898728627794827
142 0.5196010044642857 0.430403331871986 0.005719866071428571 0.00898728627794827
179 0.41622488839285715 0.2209557211749233 0.009068080357142858 0.012275317843051293
196 0.3857421875 0.21898290223586148 0.011997767857142858 0.01841297676457694
180 0.5489676339285714 0.4729285401139851 0.007533482142857143 0.00898728627794827
180 0.5614536830357143 0.37373958790004386 0.005998883928571429 0.012275317843051293
188 0.5509207589285714 0.3459009206488382 0.005301339285714286 0.015344147303814117
192 0.13071986607142858 0.5355107409031127 0.012276785714285714 0.019289785181937746
176 0.13071986607142858 0.49243752740026303 0.005859375 0.013809732573432706
102 0.22530691964285715 0.47303814116615517 0.009765625 0.00920648838228847
195 0.25279017857142855 0.472818939061815 0.012555803571428572 0.01972818939061815
32 0.248046875 0.6409469530907497 0.010881696428571428 0.010960105217010083
184 0.28397042410714285 0.6353572994300746 0.004324776785714286 0.02257781674704077
195 0.3065708705357143 0.6420429636124507 0.010463169642857142 0.01578255151249452
14 0.6776646205357143 0.8960982025427444 0.010184151785714286 0.00920648838228847
191 0.6691545758928571 0.8823980710214818 0.007672991071428571 0.012056115738711091
191 0.6691545758928571 0.8300087680841736 0.0087890625 0.013809732573432706
190 0.5781947544642857 0.7689609820254274 0.007393973214285714 0.010083296799649276
185 0.5535016741071429 0.7756466462078035 0.004324776785714286 0.02257781674704077
176 0.13058035714285715 0.36519070583077595 0.005859375 0.016220955721174924
182 0.13065011160714285 0.32628233231039017 0.005998883928571429 0.00898728627794827
195 0.18450055803571427 0.45210434020166596 0.012137276785714286 0.019070583077597545
189 0.18450055803571427 0.4957255589653661 0.007393973214285714 0.021262604120999562
178 0.1845703125 0.5765015344147304 0.005859375 0.016220955721174924
177 0.42689732142857145 0.7506576063130206 0.005859375 0.016001753616834723
119 0.42368861607142855 0.7065979833406401 0.011997767857142858 0.01731696624287593
189 0.6960797991071429 0.8729723805348532 0.005161830357142857 0.021262604120999562
177 0.6960797991071429 0.7856203419552827 0.005719866071428571 0.014905743095133712
182 0.6886160714285714 0.7690705830775976 0.006138392857142857 0.00898728627794827
25 0.2822265625 0.21766768960982025 0.010044642857142858 0.01183691363437089
14 0.3344029017857143 0.21898290223586148 0.009207589285714286 0.00920648838228847
190 0.35672433035714285 0.21909250328803156 0.005859375 0.007233669443226655
32 0.23883928571428573 0.28529153879877245 0.006696428571428571 0.014686540990793511
175 0.23856026785714285 0.3699035510740903 0.005859375 0.014686540990793511
196 0.7499302455357143 0.156510302498904 0.012137276785714286 0.018851380973257344
195 0.7499302455357143 0.1985971065322227 0.0107421875 0.016659359929855327
180 0.7410016741071429 0.21887330118369136 0.007952008928571428 0.00898728627794827
63 0.7077985491071429 0.21898290223586148 0.0087890625 0.00920648838228847
63 0.7500697544642857 0.24243752740026303 0.005719866071428571 0.01709776413853573
195 0.7499302455357143 0.3683691363437089 0.0107421875 0.016878562034195528
193 0.7092633928571429 0.43051293292415604 0.012276785714285714 0.019289785181937746
175 0.6522042410714286 0.43051293292415604 0.008091517857142858 0.009644892590968873
102 0.6840122767857143 0.13448049101271373 0.008091517857142858 0.00898728627794827
142 0.6004464285714286 0.1343708899605436 0.005580357142857143 0.00920648838228847
192 0.58837890625 0.15640070144673388 0.012416294642857142 0.019508987286277948
178 0.5884486607142857 0.20133713283647522 0.005859375 0.01731696624287593
181 0.3364955357142857 0.6843489697501096 0.0078125 0.008768084173608066
191 0.31919642857142855 0.4949583516001754 0.008649553571428572 0.013590530469092503
181 0.43819754464285715 0.6419333625602806 0.008649553571428572 0.00898728627794827
190 0.46812220982142855 0.6420429636124507 0.004603794642857143 0.007452871547566856
195 0.49434988839285715 0.6420429636124507 0.012137276785714286 0.019289785181937746
119 0.6930106026785714 0.23651907058307758 0.012137276785714286 0.016659359929855327
119 0.6990094866071429 0.32474791758000876 0.011858258928571428 0.018632178868917142
192 0.6960797991071429 0.3670539237176677 0.012137276785714286 0.019070583077597545
175 0.6960100446428571 0.40355107409031127 0.005859375 0.013590530469092503
63 0.15757533482142858 0.6614423498465585 0.005998883928571429 0.014248136782113108
193 0.15764508928571427 0.70648838228847 0.01171875 0.018851380973257344
179 0.27601841517857145 0.3053485313459009 0.009347098214285714 0.012713722051731697
178 0.22272600446428573 0.30370451556334943 0.0087890625 0.00898728627794827
181 0.37290736607142855 0.2348750548005261 0.005859375 0.015124945199473916
25 0.3627232142857143 0.4736957474791758 0.010602678571428572 0.01052170100832968
181 0.30887276785714285 0.3460105217010083 0.008649553571428572 0.00898728627794827
182 0.7230050223214286 0.7807978956597983 0.005719866071428571 0.008768084173608066
142 0.7228655133928571 0.8362560280578694 0.005998883928571429 0.00920648838228847
192 0.7230747767857143 0.7053923717667689 0.011997767857142858 0.018851380973257344
191 0.7230050223214286 0.6600175361683472 0.008231026785714286 0.012713722051731697
142 0.7228655133928571 0.5703638754932048 0.005998883928571429 0.008768084173608066
193 0.6556222098214286 0.8534633932485752 0.012137276785714286 0.018632178868917142
191 0.5484095982142857 0.8535729943007453 0.008370535714285714 0.0131521262604121
119 0.20828683035714285 0.6601271372205173 0.011997767857142858 0.018632178868917142
181 0.21149553571428573 0.622862779482683 0.005859375 0.014248136782113108
60 0.21142578125 0.5837352038579571 0.005719866071428571 0.012713722051731697
177 0.21142578125 0.5339763261727313 0.005719866071428571 0.01578255151249452
25 0.28076171875 0.6832529592284086 0.008510044642857142 0.011398509425690487
189 0.26534598214285715 0.6222051731696624 0.006417410714285714 0.021262604120999562
185 0.26123046875 0.46394125383603685 0.0146484375 0.007233669443226655