187 0.7018694196428571 0.11247533435650077 0.004464285714285714 0.013593510195132646
187 0.16922433035714285 0.4501205875904407 0.008649553571428572 0.007016005262003947
187 0.255859375 0.8625301468976102 0.004464285714285714 0.013593510195132646
187 0.29764229910714285 0.36242052181539136 0.004603794642857143 0.013593510195132646
187 0.16922433035714285 0.6679456259592195 0.008649553571428572 0.00723525542644157
187 0.48744419642857145 0.46185047138785357 0.008649553571428572 0.00723525542644157
189 0.6863141741071429 0.2707739530804648 0.009626116071428572 0.031572023679017756
192 0.6862444196428571 0.332931374698531 0.017299107142857144 0.027844770883578163
191 0.5877511160714286 0.424906818680114 0.013392857142857142 0.02104801578601184
183 0.5368303571428571 0.43104582328436747 0.006417410714285714 0.0263100197325148
175 0.5053013392857143 0.4247971935978952 0.015066964285714286 0.013374260030695024
192 0.5669642857142857 0.829423372067529 0.018415178571428572 0.02894102170576628
194 0.5669642857142857 0.7681429511072133 0.017857142857142856 0.028283271212453408
180 0.5540597098214286 0.7372286779215085 0.015206473214285714 0.01381276035957027
182 0.5153459821428571 0.9247971935978953 0.008649553571428572 0.014032010524007894
196 0.4663783482142857 0.9250164437623328 0.018694196428571428 0.029379522034641527
181 0.3882533482142857 0.9251260688445516 0.015345982142857142 0.013374260030695024
181 0.4649135044642857 0.7376671782503836 0.015764508928571428 0.01381276035957027
196 0.34786551339285715 0.7374479280859461 0.017717633928571428 0.02696777022582767
180 0.24874441964285715 0.3926770445077834 0.008370535714285714 0.022802017101512827
195 0.24881417410714285 0.32887524665643497 0.017996651785714284 0.028064021048015787
194 0.5670340401785714 0.2658408243806183 0.019112723214285716 0.030037272527954396
184 0.5033482142857143 0.2470949353212015 0.006417410714285714 0.03332602499451875
182 0.46435546875 0.23744792808594606 0.0087890625 0.013593510195132646
14 0.5669642857142857 0.14338960754220564 0.008649553571428572 0.017540013155009866
188 0.5272042410714286 0.8242709932032449 0.014508928571428572 0.012935759701819776
189 0.5272042410714286 0.8953080464810349 0.011439732142857142 0.031352773514580136
189 0.5476422991071429 0.8000438500328875 0.019949776785714284 0.011401008550756413
195 0.6465541294642857 0.7669370752028064 0.015485491071428572 0.024117518088138567
175 0.6641322544642857 0.7371190528392896 0.0126953125 0.013593510195132646
175 0.5272739955357143 0.7697873273404955 0.008510044642857142 0.024117518088138567
193 0.3496791294642857 0.23733830300372724 0.017717633928571428 0.027844770883578163
196 0.18777901785714285 0.17485200613900462 0.017857142857142856 0.028283271212453408
25 0.10916573660714286 0.17627713220784916 0.011858258928571428 0.017540013155009866
25 0.5283203125 0.2688007016005262 0.010602678571428572 0.017540013155009866
187 0.5272042410714286 0.20620477965358475 0.008649553571428572 0.00723525542644157
192 0.5476422991071429 0.11247533435650077 0.017717633928571428 0.02718702039026529
187 0.16922433035714285 0.3936636702477527 0.008649553571428572 0.00723525542644157
191 0.16922433035714285 0.26101732076299056 0.013113839285714286 0.020828765621574215
179 0.16768973214285715 0.20543740407805305 0.012276785714285714 0.02718702039026529
187 0.3681640625 0.33117737338303005 0.008649553571428572 0.00723525542644157
195 0.42857142857142855 0.36242052181539136 0.018415178571428572 0.02894102170576628
189 0.4476841517857143 0.39596579697434775 0.010044642857142858 0.031572023679017756
195 0.6067243303571429 0.7692392019294014 0.017578125 0.027844770883578163
63 0.6067940848214286 0.827121245340934 0.008510044642857142 0.020828765621574215
175 0.5816824776785714 0.9251260688445516 0.015206473214285714 0.013374260030695024
14 0.6065848214285714 0.5755316816487612 0.008649553571428572 0.02104801578601184
14 0.3462611607142857 0.1749616312212234 0.010881696428571428 0.013593510195132646
119 0.3150111607142857 0.1823065117298838 0.017020089285714284 0.027406270554702915
191 0.3130580357142857 0.29993422495066874 0.013392857142857142 0.02104801578601184
180 0.27029854910714285 0.36242052181539136 0.011300223214285714 0.0131550098662574
186 0.27001953125 0.11258495943871957 0.011300223214285714 0.014689761017320764
119 0.4033900669642857 0.8411532558649419 0.017717633928571428 0.022144266608199955
32 0.40855189732142855 0.5780530585397939 0.009626116071428572 0.02302126726595045
178 0.40799386160714285 0.5124972593729445 0.008510044642857142 0.02433676825257619
184 0.42954799107142855 0.4152598114448586 0.006417410714285714 0.03332602499451875
190 0.40792410714285715 0.27526858145143607 0.010044642857142858 0.017320762990572242
189 0.6067243303571429 0.39344442008331504 0.007254464285714286 0.031352773514580136
14 0.6066545758928571 0.33304099978074986 0.0087890625 0.01841701381276036
177 0.14585658482142858 0.8624205218153914 0.013532366071428572 0.013374260030695024
63 0.18826729910714285 0.8628590221442666 0.014369419642857142 0.013374260030695024
180 0.22258649553571427 0.862639771979829 0.013532366071428572 0.013374260030695024
194 0.12946428571428573 0.8300811225608419 0.018415178571428572 0.02894102170576628
188 0.12946428571428573 0.7667178250383688 0.015904017857142856 0.012716509537382154
102 0.14697265625 0.7372286779215085 0.013532366071428572 0.01381276035957027
60 0.19370814732142858 0.7375575531681648 0.014927455357142858 0.013593510195132646
14 0.12967354910714285 0.8935540451655338 0.0087890625 0.02302126726595045
196 0.15087890625 0.9250164437623328 0.017717633928571428 0.026748520061390047
183 0.18275669642857142 0.9188774391580794 0.006696428571428571 0.0263100197325148
25 0.27267020089285715 0.9233720675290507 0.015764508928571428 0.017320762990572242
178 0.3138950892857143 0.9254549440912081 0.012834821428571428 0.013593510195132646
193 0.34884207589285715 0.924906818680114 0.017717633928571428 0.027844770883578163
63 0.6638532366071429 0.48750274062705545 0.011579241071428572 0.013374260030695024
142 0.6173967633928571 0.48783161587371193 0.008231026785714286 0.013593510195132646
119 0.69091796875 0.586165314623986 0.017717633928571428 0.026529269896952423
25 0.6289760044642857 0.23832492874369657 0.011300223214285714 0.016224512168384126
192 0.6863141741071429 0.7666081999561499 0.017438616071428572 0.027844770883578163
25 0.6219308035714286 0.7393115544836658 0.010881696428571428 0.01710151282613462
176 0.20870535714285715 0.32646349484762116 0.008928571428571428 0.02455601841701381
102 0.208984375 0.4632755974566981 0.008370535714285714 0.020609515457136594
182 0.208984375 0.252028064021048 0.008649553571428572 0.01381276035957027
63 0.22405133928571427 0.2376671782503837 0.015066964285714286 0.013593510195132646
192 0.32833426339285715 0.5804648103486078 0.017717633928571428 0.027844770883578163
192 0.08970424107142858 0.334137250602938 0.018415178571428572 0.02894102170576628
196 0.08970424107142858 0.14207410655557992 0.018415178571428572 0.02894102170576628
179 0.111328125 0.10973470730103048 0.017299107142857144 0.018636263977197982
177 0.22746930803571427 0.11236570927428195 0.011579241071428572 0.01381276035957027
192 0.24874441964285715 0.2704450778338084 0.017299107142857144 0.027844770883578163
196 0.24881417410714285 0.8286559964919974 0.018833705357142856 0.029598772199079148
60 0.12939453125 0.6465687349265512 0.008510044642857142 0.01710151282613462
102 0.72607421875 0.8847840385880289 0.008510044642857142 0.021267265950449463
193 0.72607421875 0.8308484981363736 0.018833705357142856 0.029598772199079148
189 0.7049386160714286 0.7374479280859461 0.020089285714285716 0.014251260688445516
187 0.7061941964285714 0.9250164437623328 0.004464285714285714 0.013593510195132646
194 0.66455078125 0.17485200613900462 0.017996651785714284 0.028283271212453408
189 0.16922433035714285 0.5804648103486078 0.007254464285714286 0.031352773514580136
175 0.12946428571428573 0.396952422714317 0.008370535714285714 0.019951764963823723
183 0.15018136160714285 0.3561718921289191 0.006556919642857143 0.026090769568077175
177 0.28857421875 0.5236790177592633 0.008510044642857142 0.017320762990572242
192 0.22809709821428573 0.424906818680114 0.018136160714285716 0.02850252137689103
189 0.18868582589285715 0.424906818680114 0.019949776785714284 0.015786011839508878
193 0.48744419642857145 0.33040999780749836 0.018136160714285716 0.02850252137689103
192 0.10972377232142858 0.36242052181539136 0.018275669642857144 0.02850252137689103
190 0.18198939732142858 0.23744792808594606 0.009905133928571428 0.015786011839508878