187 0.4584263392857143 0.8535729943007453 0.0030691964285714285 0.00920648838228847
187 0.6422991071428571 0.9294169224024551 0.005859375 0.004822446295484437
187 0.37723214285714285 0.8958790004384042 0.0030691964285714285 0.00920648838228847
187 0.11070033482142858 0.1343708899605436 0.003208705357142857 0.00920648838228847
187 0.5076729910714286 0.17229285401139852 0.005859375 0.004822446295484437
187 0.6153738839285714 0.6120122753178431 0.005859375 0.004822446295484437
187 0.7144252232142857 0.1343708899605436 0.0030691964285714285 0.00920648838228847
187 0.15764508928571427 0.8362560280578694 0.005859375 0.004822446295484437
187 0.28780691964285715 0.7689609820254274 0.0030691964285714285 0.00920648838228847
187 0.21149553571428573 0.6628671635247698 0.005859375 0.004822446295484437
196 0.5345284598214286 0.49441034633932485 0.012974330357142858 0.020385795703638757
187 0.6018415178571429 0.5151249451994739 0.0030691964285714285 0.00920648838228847
142 0.5343191964285714 0.5859272249013591 0.005859375 0.008768084173608066
194 0.5486188616071429 0.5997369574747917 0.012416294642857142 0.019289785181937746
186 0.5764508928571429 0.599956159579132 0.007533482142857143 0.009644892590968873
180 0.6033761160714286 0.5997369574747917 0.010044642857142858 0.008768084173608066
142 0.7425362723214286 0.5574309513371328 0.005998883928571429 0.00920648838228847
191 0.7053571428571429 0.5574309513371328 0.008928571428571428 0.014028934677772907
14 0.7355608258928571 0.5996273564226217 0.008231026785714286 0.00898728627794827
179 0.6563895089285714 0.6013809732573433 0.01171875 0.012494519947391494
192 0.6282087053571429 0.5997369574747917 0.012276785714285714 0.019289785181937746
175 0.7499302455357143 0.44782989916703203 0.005719866071428571 0.012713722051731697
60 0.7501395089285714 0.41418237615081105 0.005859375 0.012932924156071899
192 0.7499302455357143 0.3654099079351162 0.012416294642857142 0.019289785181937746
14 0.7499302455357143 0.32430951337132835 0.005719866071428571 0.015124945199473916
175 0.7499302455357143 0.28233231039017975 0.005719866071428571 0.01183691363437089
60 0.7326311383928571 0.2610697062691802 0.007393973214285714 0.008768084173608066
185 0.5572684151785714 0.45473476545374836 0.014369419642857142 0.006795265234546251
184 0.5572684151785714 0.4186760192897852 0.014369419642857142 0.00657606313020605
183 0.5779157366071429 0.3841516878562034 0.004324776785714286 0.017755370451556333
176 0.5615234375 0.4915607189829022 0.005859375 0.011617711530030689
188 0.6422293526785714 0.5349627356422622 0.011300223214285714 0.008548882069267865
191 0.65087890625 0.5574309513371328 0.008231026785714286 0.0131521262604121
196 0.3871372767857143 0.8534633932485752 0.011997767857142858 0.018632178868917142
190 0.4121791294642857 0.8535729943007453 0.006556919642857143 0.008329679964927663
187 0.44029017857142855 0.8535729943007453 0.0030691964285714285 0.00920648838228847
32 0.3736049107142857 0.8332967996492766 0.006696428571428571 0.015124945199473916
187 0.373046875 0.7900043840420868 0.005859375 0.004822446295484437
182 0.39990234375 0.7078035949145112 0.005998883928571429 0.009644892590968873
187 0.41336495535714285 0.6843489697501096 0.0030691964285714285 0.00920648838228847
177 0.44105747767857145 0.6844585708022797 0.008231026785714286 0.00898728627794827
142 0.3999720982142857 0.6688952213941254 0.006138392857142857 0.009425690486628672
119 0.39683314732142855 0.6163963174046471 0.011858258928571428 0.016220955721174924
188 0.3999720982142857 0.5706926786497151 0.011997767857142858 0.006795265234546251
25 0.41273716517857145 0.556444541867602 0.010463169642857142 0.011617711530030689
193 0.44126674107142855 0.5574309513371328 0.011997767857142858 0.01841297676457694
191 0.4639369419642857 0.5574309513371328 0.007672991071428571 0.012275317843051293
185 0.6380440848214286 0.8770276194651468 0.014369419642857142 0.0070144673388864535
119 0.6390904017857143 0.6237395879000438 0.011997767857142858 0.016440157825515125
192 0.6153041294642857 0.580447172292854 0.011858258928571428 0.018851380973257344
177 0.6273018973214286 0.5575405523893029 0.009626116071428572 0.009425690486628672
184 0.5965401785714286 0.564116615519509 0.004185267857142857 0.02257781674704077
119 0.5764508928571429 0.5621437965804472 0.009486607142857142 0.018632178868917142
184 0.5925641741071429 0.8328583954405963 0.014369419642857142 0.006795265234546251
179 0.6023995535714286 0.8516001753616834 0.011439732142857142 0.012713722051731697
195 0.6294642857142857 0.8535729943007453 0.012555803571428572 0.01972818939061815
142 0.5729631696428571 0.6842393686979396 0.005580357142857143 0.009425690486628672
142 0.5884486607142857 0.6121218763700131 0.005859375 0.009425690486628672
191 0.45382254464285715 0.8708899605436212 0.008649553571428572 0.013590530469092503
195 0.45375279017857145 0.7896755808855765 0.012137276785714286 0.019070583077597545
183 0.38065011160714285 0.6884042086804033 0.004603794642857143 0.01819377466023674
180 0.52001953125 0.8958790004384042 0.007952008928571428 0.008768084173608066
195 0.5485491071428571 0.8958790004384042 0.011997767857142858 0.018851380973257344
176 0.5989815848214286 0.8955501972818939 0.007672991071428571 0.009425690486628672
190 0.6307896205357143 0.8958790004384042 0.004324776785714286 0.01052170100832968
188 0.6960797991071429 0.5690486628671635 0.011021205357142858 0.00920648838228847
184 0.7002650669642857 0.6178211310828584 0.014369419642857142 0.006795265234546251
195 0.6960797991071429 0.6650591845681718 0.0126953125 0.01972818939061815
180 0.6295340401785714 0.7692897851819378 0.007393973214285714 0.009425690486628672
182 0.48074776785714285 0.6581543182814555 0.005859375 0.00898728627794827
193 0.38511439732142855 0.5574309513371328 0.012137276785714286 0.019289785181937746
185 0.28452845982142855 0.47950460324419114 0.004324776785714286 0.02257781674704077
184 0.22579520089285715 0.47950460324419114 0.004324776785714286 0.02257781674704077
102 0.7228655133928571 0.14829022358614644 0.005998883928571429 0.013371328364752301
183 0.7257254464285714 0.19191144234984656 0.011160714285714286 0.006795265234546251
178 0.7230050223214286 0.2877027619465147 0.005719866071428571 0.015124945199473916
179 0.72412109375 0.32211749232792636 0.007952008928571428 0.013809732573432706
182 0.6838030133928571 0.3460105217010083 0.005719866071428571 0.009425690486628672
14 0.6258370535714286 0.3460105217010083 0.008928571428571428 0.00898728627794827
189 0.60107421875 0.3459009206488382 0.013532366071428572 0.010083296799649276
189 0.5742885044642857 0.3459009206488382 0.013532366071428572 0.008768084173608066
194 0.7230050223214286 0.45341955282770713 0.012137276785714286 0.019070583077597545
142 0.7116350446428571 0.5150153441473038 0.005859375 0.00898728627794827
14 0.6878487723214286 0.5151249451994739 0.007952008928571428 0.008768084173608066
185 0.626953125 0.5215914072775099 0.004464285714285714 0.023016220955721176
187 0.1845703125 0.5786935554581324 0.005859375 0.004822446295484437
179 0.1318359375 0.15344147303814118 0.008091517857142858 0.014028934677772907
63 0.13071986607142858 0.23377904427882507 0.005859375 0.011179307321350284
189 0.14474051339285715 0.3035949145111793 0.013532366071428572 0.009644892590968873
189 0.17124720982142858 0.3035949145111793 0.013532366071428572 0.008768084173608066
63 0.22858537946428573 0.3039237176676896 0.007114955357142857 0.00898728627794827
32 0.2821568080357143 0.30293730819815873 0.009905133928571428 0.010960105217010083
187 0.3325892857142857 0.3035949145111793 0.0030691964285714285 0.00920648838228847
63 0.36307198660714285 0.3035949145111793 0.0087890625 0.00920648838228847
195 0.4136439732142857 0.3035949145111793 0.011997767857142858 0.01841297676457694
185 0.13490513392857142 0.3156510302498904 0.014229910714285714 0.0070144673388864535
184 0.13490513392857142 0.48334064007014466 0.014229910714285714 0.007452871547566856
182 0.13099888392857142 0.5400043840420868 0.006138392857142857 0.00898728627794827
25 0.14167131696428573 0.6408373520385796 0.0087890625 0.011179307321350284
175 0.16748046875 0.6421525646646208 0.007952008928571428 0.00898728627794827
119 0.23549107142857142 0.23399824638316527 0.012555803571428572 0.015124945199473916
189 0.23835100446428573 0.1962954844366506 0.007114955357142857 0.021262604120999562
63 0.23835100446428573 0.49550635686102584 0.005719866071428571 0.012056115738711091
191 0.23835100446428573 0.6167251205611574 0.0087890625 0.013809732573432706
193 0.22453962053571427 0.6420429636124507 0.012974330357142858 0.020604997807978958
14 0.48060825892857145 0.6995835160017536 0.006417410714285714 0.012056115738711091
192 0.4951171875 0.8112669881630864 0.011997767857142858 0.018851380973257344
190 0.5551060267857143 0.8534633932485752 0.006138392857142857 0.007233669443226655
184 0.28334263392857145 0.5084392810170978 0.004464285714285714 0.02257781674704077
192 0.23835100446428573 0.6650591845681718 0.011858258928571428 0.018851380973257344
102 0.2735072544642857 0.6843489697501096 0.0087890625 0.00920648838228847
178 0.31919642857142855 0.5850504164839982 0.005859375 0.015344147303814117
195 0.30552455357142855 0.5997369574747917 0.011997767857142858 0.01797457255589654
32 0.37339564732142855 0.6199035510740903 0.006556919642857143 0.01578255151249452
175 0.3729771205357143 0.5752959228408593 0.005719866071428571 0.015563349408154318
190 0.3729771205357143 0.6999123191582639 0.0048828125 0.008768084173608066
178 0.38309151785714285 0.8109381850065761 0.010044642857142858 0.00898728627794827
181 0.7230050223214286 0.7069267864971504 0.005719866071428571 0.013590530469092503
177 0.7229352678571429 0.6194651468654099 0.005859375 0.013590530469092503
196 0.7230050223214286 0.7918676019289785 0.012416294642857142 0.019508987286277948
25 0.7237723214285714 0.8243095133713284 0.007254464285714286 0.011179307321350284
177 0.7087751116071429 0.8536825953529154 0.009347098214285714 0.00898728627794827
190 0.6842215401785714 0.8535729943007453 0.004324776785714286 0.01052170100832968
192 0.6819893973214286 0.8958790004384042 0.012416294642857142 0.01972818939061815
195 0.6545061383928571 0.8958790004384042 0.0107421875 0.01709776413853573
119 0.43617466517857145 0.3409688733011837 0.009626116071428572 0.019070583077597545
119 0.49337332589285715 0.3410784743533538 0.009347098214285714 0.018851380973257344
195 0.4268275669642857 0.45276194651468654 0.012137276785714286 0.019070583077597545
179 0.42801339285714285 0.5328803156510302 0.008091517857142858 0.014905743095133712
188 0.5003487723214286 0.38820692678649715 0.0048828125 0.017536168347216132
32 0.5188337053571429 0.38754932047347657 0.010881696428571428 0.010960105217010083
177 0.5462472098214286 0.38820692678649715 0.009347098214285714 0.00920648838228847
183 0.48904854910714285 0.30786935554581324 0.004603794642857143 0.017755370451556333
194 0.46714564732142855 0.30370451556334943 0.012137276785714286 0.019070583077597545
192 0.4398716517857143 0.3035949145111793 0.012276785714285714 0.019289785181937746
178 0.5213448660714286 0.30370451556334943 0.010602678571428572 0.00898728627794827
186 0.5614536830357143 0.32606313020605 0.006556919642857143 0.012056115738711091
183 0.5642438616071429 0.3649715037264358 0.011021205357142858 0.0070144673388864535
185 0.5118582589285714 0.31291100394563787 0.014229910714285714 0.007233669443226655
25 0.5083705357142857 0.3666155195089873 0.007533482142857143 0.015124945199473916
183 0.51025390625 0.4050854888206927 0.011300223214285714 0.0070144673388864535
180 0.5076032366071429 0.4866286716352477 0.005719866071428571 0.012713722051731697
191 0.5260881696428571 0.5151249451994739 0.008649553571428572 0.013590530469092503
119 0.6122349330357143 0.7857299430074529 0.011858258928571428 0.01731696624287593
196 0.6153738839285714 0.7461639631740464 0.011997767857142858 0.018851380973257344
181 0.6796875 0.6844585708022797 0.009486607142857142 0.00898728627794827
63 0.7127511160714286 0.6841297676457694 0.010323660714285714 0.00920648838228847
176 0.6154436383928571 0.45155633494081543 0.005998883928571429 0.012713722051731697
14 0.15757533482142858 0.7074747917580009 0.005719866071428571 0.014248136782113108
179 0.15659877232142858 0.6585927224901359 0.008231026785714286 0.016440157825515125
119 0.15443638392857142 0.5745287154756685 0.011997767857142858 0.016220955721174924
190 0.23842075892857142 0.6927882507672074 0.005859375 0.010740903112669882
191 0.28041294642857145 0.6420429636124507 0.008370535714285714 0.0131521262604121
102 0.30343191964285715 0.642371766768961 0.009486607142857142 0.00898728627794827
186 0.26576450892857145 0.6622095572117492 0.006975446428571429 0.01183691363437089
194 0.26534598214285715 0.7908811924594477 0.011439732142857142 0.018851380973257344
184 0.19538225446428573 0.8180622533976326 0.004324776785714286 0.02235861464270057
187 0.21149553571428573 0.5363875493204735 0.005859375 0.004822446295484437
194 0.25223214285714285 0.5574309513371328 0.012555803571428572 0.01972818939061815
14 0.21142578125 0.5769399386234108 0.005719866071428571 0.016220955721174924
186 0.23835100446428573 0.7497807978956598 0.007114955357142857 0.011617711530030689
195 0.2528599330357143 0.7689609820254274 0.012416294642857142 0.019289785181937746