187 0.5669642857142857 0.6263977197982898 0.008649553571428572 0.007016005262003947
187 0.61865234375 0.23744792808594606 0.004603794642857143 0.013593510195132646
187 0.6862444196428571 0.2577285682964262 0.008649553571428572 0.00723525542644157
187 0.11083984375 0.23744792808594606 0.004603794642857143 0.013593510195132646
187 0.5272042410714286 0.665314623985968 0.008649553571428572 0.00723525542644157
187 0.7260044642857143 0.8901556676167507 0.008649553571428572 0.007016005262003947
187 0.12472098214285714 0.29993422495066874 0.004464285714285714 0.013593510195132646
187 0.14494977678571427 0.1749616312212234 0.004464285714285714 0.013593510195132646
187 0.2885044642857143 0.7246217934663451 0.008649553571428572 0.007016005262003947
187 0.6789202008928571 0.9250164437623328 0.004603794642857143 0.013593510195132646
187 0.16922433035714285 0.627493970620478 0.008649553571428572 0.007016005262003947
119 0.5623604910714286 0.4605349704012278 0.017299107142857144 0.020828765621574215
189 0.5669642857142857 0.39256741942556456 0.008649553571428572 0.031352773514580136
119 0.6112583705357143 0.6339618504713879 0.017438616071428572 0.02302126726595045
193 0.6067940848214286 0.7074106555579917 0.018833705357142856 0.029598772199079148
196 0.6067940848214286 0.5781626836220127 0.017717633928571428 0.028064021048015787
182 0.6064453125 0.4413505810129358 0.008928571428571428 0.012716509537382154
14 0.6316266741071429 0.42523569392677046 0.012416294642857142 0.014251260688445516
182 0.23918805803571427 0.9250164437623328 0.008510044642857142 0.013593510195132646
191 0.267578125 0.9250164437623328 0.011160714285714286 0.017540013155009866
175 0.208984375 0.8251479938609954 0.008370535714285714 0.021267265950449463
60 0.32840401785714285 0.7704450778338083 0.008649553571428572 0.018855514141635606
188 0.20905412946428573 0.7120149090111818 0.0126953125 0.010743258057443543
193 0.20905412946428573 0.6422933567200175 0.017438616071428572 0.027844770883578163
14 0.22746930803571427 0.6121464591098443 0.013532366071428572 0.0131550098662574
184 0.21519252232142858 0.4548344661258496 0.021344866071428572 0.010304757728568297
184 0.23556082589285715 0.4776364832273624 0.006556919642857143 0.03310677483008112
25 0.18359375 0.6143389607542206 0.012276785714285714 0.01710151282613462
60 0.5498046875 0.42457794343345756 0.010602678571428572 0.014689761017320764
192 0.72607421875 0.39421179565884673 0.0185546875 0.029379522034641527
183 0.7122628348214286 0.4309361982021487 0.0068359375 0.026529269896952423
187 0.5868443080357143 0.424906818680114 0.004603794642857143 0.013593510195132646
188 0.48744419642857145 0.3206533654900241 0.01171875 0.012058759044069283
178 0.4873046875 0.39903529927647446 0.008649553571428572 0.02367901775926332
191 0.5093470982142857 0.23744792808594606 0.013392857142857142 0.02104801578601184
193 0.3681640625 0.2077395308046481 0.017299107142857144 0.027844770883578163
14 0.36830357142857145 0.2684718263538698 0.008928571428571428 0.017320762990572242
119 0.39285714285714285 0.29269896952422714 0.014508928571428572 0.02762552071914054
14 0.42027064732142855 0.30037272527954395 0.011021205357142858 0.013593510195132646
190 0.40792410714285715 0.4035299276474457 0.008649553571428572 0.014251260688445516
178 0.43282645089285715 0.42534531900898925 0.013253348214285714 0.014032010524007894
175 0.27162388392857145 0.36209164656873494 0.013950892857142858 0.01381276035957027
188 0.22321428571428573 0.36242052181539136 0.0078125 0.022802017101512827
190 0.67138671875 0.29993422495066874 0.009626116071428572 0.012278009208506906
63 0.6464146205357143 0.3214207410655558 0.008510044642857142 0.02455601841701381
188 0.5272042410714286 0.3966235474676606 0.015904017857142856 0.011401008550756413
192 0.30775669642857145 0.5499890374917781 0.017857142857142856 0.028283271212453408
188 0.306640625 0.6124753343565008 0.008091517857142858 0.023459767594825695
119 0.14362444196428573 0.3552948914711686 0.017717633928571428 0.027406270554702915
195 0.18959263392857142 0.36242052181539136 0.015345982142857142 0.024117518088138567
189 0.26974051339285715 0.424906818680114 0.019949776785714284 0.012716509537382154
192 0.30908203125 0.424906818680114 0.017717633928571428 0.02762552071914054
187 0.24874441964285715 0.45614996711247535 0.008649553571428572 0.00723525542644157
195 0.18756975446428573 0.48750274062705545 0.017996651785714284 0.028283271212453408
182 0.40771484375 0.6312212234159176 0.009068080357142858 0.01447051085288314
183 0.38351004464285715 0.5561280420960316 0.006417410714285714 0.026090769568077175
188 0.34165736607142855 0.924906818680114 0.008091517857142858 0.027844770883578163
178 0.6067940848214286 0.2614558210918658 0.008510044642857142 0.022582766937075203
181 0.6070731026785714 0.15347511510633632 0.008510044642857142 0.024117518088138567
178 0.646484375 0.8920192940144706 0.008649553571428572 0.025213768910326683
192 0.6256975446428571 0.9250164437623328 0.018136160714285716 0.02850252137689103
102 0.6464146205357143 0.7755974566980925 0.008510044642857142 0.02039026529269897
179 0.5825892857142857 0.7397500548125411 0.017299107142857144 0.019294014470510854
32 0.46268136160714285 0.7356939267704451 0.015485491071428572 0.016882262661696998
142 0.43373325892857145 0.7375575531681648 0.008649553571428572 0.013593510195132646
189 0.38755580357142855 0.7374479280859461 0.020089285714285716 0.012058759044069283
192 0.5272042410714286 0.4552729664547248 0.018136160714285716 0.028721771541328656
178 0.7256556919642857 0.8386318789739092 0.0087890625 0.018855514141635606
119 0.7214006696428571 0.7709932032449024 0.017299107142857144 0.020828765621574215
142 0.6550641741071429 0.5498794124095593 0.008510044642857142 0.013593510195132646
25 0.6455078125 0.4509975882481912 0.010881696428571428 0.021925016443762334
191 0.72607421875 0.2077395308046481 0.0126953125 0.019951764963823723
182 0.72607421875 0.1625739969304977 0.0087890625 0.01381276035957027
192 0.7054966517857143 0.29993422495066874 0.017857142857142856 0.028064021048015787
192 0.5860072544642857 0.29993422495066874 0.017717633928571428 0.02718702039026529
14 0.4649135044642857 0.3000438500328875 0.014090401785714286 0.013374260030695024
176 0.19566127232142858 0.2998245998684499 0.012974330357142858 0.013374260030695024
14 0.15171595982142858 0.2998245998684499 0.014927455357142858 0.01381276035957027
180 0.20884486607142858 0.2763648322736242 0.008649553571428572 0.020828765621574215
194 0.2694614955357143 0.17485200613900462 0.017717633928571428 0.027406270554702915
195 0.3091517857142857 0.17485200613900462 0.017857142857142856 0.028283271212453408
195 0.2275390625 0.5498794124095593 0.015904017857142856 0.02499451874588906
191 0.28857421875 0.585617189212892 0.012137276785714286 0.018855514141635606
14 0.32833426339285715 0.904516553387415 0.008510044642857142 0.023459767594825695
183 0.32435825892857145 0.8305196228897171 0.016462053571428572 0.01052400789300592
192 0.32833426339285715 0.7041219030914273 0.017159598214285716 0.027844770883578163
190 0.42857142857142855 0.924906818680114 0.009207589285714286 0.014251260688445516
187 0.46756417410714285 0.9250164437623328 0.004603794642857143 0.013593510195132646
142 0.5499441964285714 0.9246875685156764 0.008091517857142858 0.014251260688445516
175 0.6070731026785714 0.3194474895856172 0.009068080357142858 0.02104801578601184
175 0.5919363839285714 0.17441350581012935 0.013671875 0.013374260030695024
192 0.46561104910714285 0.1749616312212234 0.0185546875 0.029379522034641527
184 0.3892299107142857 0.18471826353869766 0.006417410714285714 0.03310677483008112
193 0.34633091517857145 0.17485200613900462 0.017717633928571428 0.027406270554702915
192 0.32833426339285715 0.39048454286340717 0.017996651785714284 0.028064021048015787
60 0.3681640625 0.6445954834466125 0.008649553571428572 0.018855514141635606
32 0.3549107142857143 0.6732076299057225 0.015066964285714286 0.016882262661696998
193 0.3076171875 0.6749616312212234 0.018694196428571428 0.029160271870203903
177 0.14536830357142858 0.23744792808594606 0.015625 0.0131550098662574
194 0.23039899553571427 0.23744792808594606 0.018275669642857144 0.02850252137689103
193 0.24874441964285715 0.27011620258715197 0.018415178571428572 0.02894102170576628
178 0.24867466517857142 0.3335891251918439 0.008510044642857142 0.019951764963823723
63 0.56689453125 0.776474457355843 0.0087890625 0.02302126726595045
187 0.5669642857142857 0.8937732953299715 0.008649553571428572 0.00723525542644157
185 0.16301618303571427 0.5794781846086384 0.021065848214285716 0.010085507564130673
196 0.16929408482142858 0.5157860118395089 0.017996651785714284 0.028283271212453408
178 0.48744419642857145 0.5228020171015129 0.008649553571428572 0.021267265950449463