187 0.7260044642857143 0.6056785792589344 0.008649553571428572 0.00723525542644157
187 0.2885044642857143 0.6517211137908353 0.008649553571428572 0.00723525542644157
187 0.19273158482142858 0.23744792808594606 0.004603794642857143 0.013593510195132646
187 0.25892857142857145 0.9250164437623328 0.004464285714285714 0.013593510195132646
187 0.20186941964285715 0.11247533435650077 0.004464285714285714 0.013593510195132646
187 0.24874441964285715 0.2774610830958123 0.008649553571428572 0.00723525542644157
187 0.6738978794642857 0.9250164437623328 0.004603794642857143 0.013593510195132646
187 0.3203822544642857 0.8000438500328875 0.004603794642857143 0.013593510195132646
187 0.6983119419642857 0.11247533435650077 0.004603794642857143 0.013593510195132646
187 0.208984375 0.8966235474676606 0.008649553571428572 0.00723525542644157
191 0.28857421875 0.21760578820434115 0.012137276785714286 0.01907476430607323
192 0.26681082589285715 0.17485200613900462 0.017717633928571428 0.027844770883578163
119 0.22809709821428573 0.1823065117298838 0.015345982142857142 0.027844770883578163
177 0.19035993303571427 0.17507125630344222 0.015206473214285714 0.013374260030695024
177 0.28857421875 0.33589125191843894 0.008510044642857142 0.019294014470510854
176 0.2714146205357143 0.4247971935978952 0.013811383928571428 0.013374260030695024
14 0.22726004464285715 0.424906818680114 0.014787946428571428 0.014032010524007894
60 0.7034737723214286 0.48750274062705545 0.011579241071428572 0.014251260688445516
195 0.646484375 0.455163341372506 0.018136160714285716 0.02850252137689103
102 0.6463448660714286 0.38686691515018634 0.008649553571428572 0.018636263977197982
187 0.2885044642857143 0.518636263977198 0.008649553571428572 0.00723525542644157
180 0.34995814732142855 0.48739311554483666 0.015764508928571428 0.0131550098662574
185 0.30594308035714285 0.5402324051743039 0.006417410714285714 0.03332602499451875
196 0.34835379464285715 0.5499890374917781 0.017857142857142856 0.028283271212453408
185 0.39815848214285715 0.5400131550098662 0.006696428571428571 0.0328875246656435
194 0.08970424107142858 0.45351896513922385 0.017020089285714284 0.027844770883578163
175 0.16943359375 0.4537382153036615 0.0087890625 0.020828765621574215
32 0.18422154017857142 0.36132427099320324 0.015764508928571428 0.016663012497259374
32 0.23423549107142858 0.36132427099320324 0.011997767857142858 0.015786011839508878
14 0.24881417410714285 0.39607542205656654 0.008510044642857142 0.02170576627932471
176 0.24881417410714285 0.45702696777022583 0.009068080357142858 0.02039026529269897
195 0.72607421875 0.45724621793466347 0.015206473214285714 0.02433676825257619
190 0.72607421875 0.394650295987722 0.007393973214285714 0.013593510195132646
179 0.7245396205357143 0.2791054593290945 0.012137276785714286 0.02455601841701381
63 0.7260044642857143 0.21365928524446393 0.008649553571428572 0.02302126726595045
184 0.6314174107142857 0.18460863845647885 0.006417410714285714 0.03332602499451875
190 0.7173549107142857 0.424906818680114 0.008649553571428572 0.014909011181758386
102 0.6279994419642857 0.42501644376233283 0.013532366071428572 0.013374260030695024
177 0.5458984375 0.424906818680114 0.015345982142857142 0.01447051085288314
179 0.13120814732142858 0.21300153475115105 0.011858258928571428 0.02565226923920193
192 0.12946428571428573 0.26989695242271433 0.017857142857142856 0.028064021048015787
25 0.13058035714285715 0.38368778776584084 0.010881696428571428 0.020171015128261346
195 0.18987165178571427 0.424906818680114 0.015904017857142856 0.02499451874588906
192 0.4476841517857143 0.6458013593510196 0.017020089285714284 0.027844770883578163
178 0.44761439732142855 0.7121245340934006 0.008510044642857142 0.02236351677263758
190 0.44754464285714285 0.78228458671344 0.008649553571428572 0.010085507564130673
186 0.34521484375 0.6124753343565008 0.011021205357142858 0.016005262003946502
178 0.32826450892857145 0.5804648103486078 0.008649553571428572 0.022144266608199955
179 0.32993861607142855 0.2010524007893006 0.012276785714285714 0.021925016443762334
190 0.32833426339285715 0.26266169699627273 0.010463169642857142 0.010085507564130673
195 0.30698939732142855 0.29993422495066874 0.015485491071428572 0.02324051743038807
186 0.2699497767857143 0.29993422495066874 0.01171875 0.01447051085288314
195 0.22732979910714285 0.29993422495066874 0.015764508928571428 0.02455601841701381
191 0.20905412946428573 0.2638675729006797 0.012974330357142858 0.02039026529269897
183 0.33217075892857145 0.33852225389169044 0.017020089285714284 0.010085507564130673
185 0.35791015625 0.3525542644156983 0.006277901785714286 0.03332602499451875
184 0.37723214285714285 0.3526638894979171 0.006417410714285714 0.03354527515895637
60 0.32833426339285715 0.8256961192720894 0.008510044642857142 0.01710151282613462
60 0.3062220982142857 0.8623108967331725 0.011997767857142858 0.013593510195132646
178 0.3134068080357143 0.9252356939267704 0.014090401785714286 0.013593510195132646
190 0.2640904017857143 0.7374479280859461 0.010881696428571428 0.010743258057443543
182 0.24860491071428573 0.6546809910107433 0.008928571428571428 0.014032010524007894
184 0.24253627232142858 0.591975443981583 0.021065848214285716 0.010085507564130673
184 0.45375279017857145 0.21563253672440255 0.021344866071428572 0.00986625739969305
179 0.42333984375 0.24018855514141635 0.016322544642857144 0.018197763648322735
195 0.38609095982142855 0.23744792808594606 0.015764508928571428 0.02455601841701381
193 0.26778738839285715 0.11236570927428195 0.017717633928571428 0.027406270554702915
193 0.22781808035714285 0.11247533435650077 0.018415178571428572 0.02894102170576628
177 0.10714285714285714 0.5498794124095593 0.013392857142857142 0.0131550098662574
191 0.10728236607142858 0.29993422495066874 0.012555803571428572 0.0197325147993861
175 0.40799386160714285 0.4552729664547248 0.008510044642857142 0.020828765621574215
178 0.40771484375 0.39147116860337644 0.008510044642857142 0.02170576627932471
184 0.4141322544642857 0.5350800263100197 0.021065848214285716 0.010304757728568297
102 0.40806361607142855 0.5839728129796098 0.008649553571428572 0.022582766937075203
185 0.31961495535714285 0.622231966673975 0.006417410714285714 0.03332602499451875
63 0.6861049107142857 0.19776364832273624 0.008649553571428572 0.024117518088138567
192 0.6649693080357143 0.36242052181539136 0.017717633928571428 0.02718702039026529
187 0.208984375 0.33117737338303005 0.008649553571428572 0.00723525542644157
178 0.208984375 0.3822626616969963 0.008928571428571428 0.019513264634948475
188 0.30698939732142855 0.424906818680114 0.008231026785714286 0.02718702039026529
178 0.34542410714285715 0.42523569392677046 0.014508928571428572 0.01381276035957027
183 0.3641880580357143 0.400460425345319 0.0166015625 0.00986625739969305
25 0.48863002232142855 0.38489366367024774 0.0107421875 0.023459767594825695
178 0.47216796875 0.424906818680114 0.012416294642857142 0.0131550098662574
142 0.4873744419642857 0.3204341153255865 0.0087890625 0.013374260030695024
182 0.46254185267857145 0.236899802674852 0.008510044642857142 0.01381276035957027
195 0.6863141741071429 0.8340276255207192 0.015764508928571428 0.02455601841701381
14 0.6706891741071429 0.6748520061390046 0.010184151785714286 0.0131550098662574
60 0.3281947544642857 0.7007235255426442 0.0087890625 0.021925016443762334
183 0.32449776785714285 0.6572023679017759 0.016741071428571428 0.010304757728568297
176 0.20905412946428573 0.5858364393773295 0.0087890625 0.02324051743038807
192 0.20905412946428573 0.5160052620039465 0.017438616071428572 0.027844770883578163
177 0.20870535714285715 0.4597675948256961 0.008928571428571428 0.01841701381276036
182 0.14641462053571427 0.5498794124095593 0.008510044642857142 0.013593510195132646
194 0.6281389508928571 0.11236570927428195 0.0185546875 0.029160271870203903
181 0.5269949776785714 0.3298618723964043 0.0087890625 0.023459767594825695
182 0.6170479910714286 0.3001534751151063 0.008370535714285714 0.014032010524007894
119 0.6908482142857143 0.5739969304976978 0.017578125 0.02718702039026529
119 0.4033203125 0.8238324928743697 0.017578125 0.02696777022582767
142 0.36788504464285715 0.25707081780311336 0.008649553571428572 0.01381276035957027
182 0.3681640625 0.34268800701600527 0.008649553571428572 0.012716509537382154
32 0.38016183035714285 0.42381056785792587 0.01171875 0.015786011839508878
32 0.6314871651785714 0.8613242709932033 0.0166015625 0.016882262661696998
187 0.5868443080357143 0.8625301468976102 0.004603794642857143 0.013593510195132646
176 0.5089285714285714 0.8623108967331725 0.010323660714285714 0.013593510195132646
187 0.3681640625 0.518636263977198 0.008649553571428572 0.00723525542644157
196 0.3680943080357143 0.4549440912080684 0.018275669642857144 0.02850252137689103
176 0.6298828125 0.48739311554483666 0.013392857142857142 0.013593510195132646
190 0.6067243303571429 0.5821091865818899 0.006417410714285714 0.012716509537382154
190 0.208984375 0.8174742381056785 0.007254464285714286 0.011620258715194036
14 0.20884486607142858 0.7149747862310897 0.008649553571428572 0.019294014470510854
102 0.20891462053571427 0.6547906160929621 0.008510044642857142 0.02170576627932471