187 0.7401646205357143 0.8958790004384042 0.003208705357142857 0.00920648838228847
187 0.6153738839285714 0.14138535729943008 0.005859375 0.004822446295484437
187 0.373046875 0.11376589215256466 0.005859375 0.004822446295484437
187 0.7260044642857143 0.17667689609820253 0.0030691964285714285 0.00920648838228847
60 0.5077427455357143 0.8807540552389302 0.005719866071428571 0.011398509425690487
184 0.50341796875 0.8012932924156072 0.014369419642857142 0.006795265234546251
186 0.5076032366071429 0.7081323980710215 0.006556919642857143 0.010740903112669882
179 0.5064871651785714 0.6227531784305129 0.007952008928571428 0.016220955721174924
181 0.5076729910714286 0.5763919333625602 0.005859375 0.012056115738711091
183 0.5235770089285714 0.8494081543182814 0.004743303571428571 0.01797457255589654
14 0.5968889508928571 0.8535729943007453 0.009068080357142858 0.008768084173608066
184 0.6548549107142857 0.8893029373081982 0.004185267857142857 0.022797018851380975
63 0.7134486607142857 0.8958790004384042 0.009207589285714286 0.00920648838228847
119 0.5992606026785714 0.3932485751863218 0.010184151785714286 0.018851380973257344
175 0.5475027901785714 0.38809732573432704 0.0087890625 0.009425690486628672
191 0.6153041294642857 0.284743533537922 0.007114955357142857 0.010960105217010083
32 0.6158621651785714 0.4499123191582639 0.006556919642857143 0.012932924156071899
142 0.5941685267857143 0.5573213502849628 0.005580357142857143 0.00898728627794827
178 0.5498744419642857 0.5576501534414731 0.010463169642857142 0.00920648838228847
184 0.5134626116071429 0.5640070144673389 0.004324776785714286 0.022797018851380975
179 0.5355747767857143 0.35883384480491015 0.008370535714285714 0.014905743095133712
195 0.5345982142857143 0.23827268741779922 0.012276785714285714 0.019289785181937746
194 0.5206473214285714 0.21898290223586148 0.011997767857142858 0.018851380973257344
195 0.46658761160714285 0.21909250328803156 0.012137276785714286 0.019070583077597545
60 0.49239676339285715 0.2613985094256905 0.007952008928571428 0.00898728627794827
175 0.4428013392857143 0.26161771153003066 0.007533482142857143 0.00898728627794827
192 0.41287667410714285 0.26128890837352037 0.0126953125 0.01972818939061815
102 0.13078962053571427 0.6273564226216571 0.005719866071428571 0.016220955721174924
119 0.16866629464285715 0.5949145111793073 0.011439732142857142 0.01841297676457694
178 0.19886997767857142 0.5997369574747917 0.009626116071428572 0.00920648838228847
196 0.13065011160714285 0.5356203419552827 0.012137276785714286 0.019070583077597545
192 0.14474051339285715 0.6843489697501096 0.012137276785714286 0.019289785181937746
184 0.23053850446428573 0.6777729066199035 0.004324776785714286 0.022797018851380975
119 0.27999441964285715 0.6796361245067952 0.009765625 0.019070583077597545
187 0.3056640625 0.6843489697501096 0.0030691964285714285 0.00920648838228847
181 0.14271763392857142 0.430403331871986 0.008091517857142858 0.00898728627794827
180 0.23835100446428573 0.36256028057869355 0.005719866071428571 0.016659359929855327
195 0.23835100446428573 0.32354230600613765 0.011579241071428572 0.018851380973257344
192 0.23835100446428573 0.28046909250328805 0.012137276785714286 0.019070583077597545
193 0.23842075892857142 0.23860149057430952 0.012276785714285714 0.019508987286277948
179 0.16796875 0.22062691801841297 0.01171875 0.012932924156071899
176 0.23849051339285715 0.19289785181937746 0.005998883928571429 0.01446733888645331
192 0.25258091517857145 0.17678649715037265 0.012137276785714286 0.019070583077597545
183 0.5689871651785714 0.900043840420868 0.004603794642857143 0.017536168347216132
176 0.46323939732142855 0.8956597983340641 0.007952008928571428 0.00920648838228847
186 0.41434151785714285 0.8956597983340641 0.007533482142857143 0.010960105217010083
119 0.3340541294642857 0.9007014467338886 0.011579241071428572 0.019289785181937746
182 0.3047572544642857 0.8958790004384042 0.005440848214285714 0.00920648838228847
186 0.45382254464285715 0.11168347216133274 0.006417410714285714 0.012056115738711091
178 0.45375279017857145 0.1582639193336256 0.005998883928571429 0.015344147303814117
14 0.45375279017857145 0.19322665497588776 0.005998883928571429 0.015124945199473916
187 0.45382254464285715 0.24024550635686104 0.005859375 0.004822446295484437
194 0.45375279017857145 0.2839763261727313 0.012416294642857142 0.019508987286277948
179 0.3642578125 0.30556773345024113 0.011160714285714286 0.012713722051731697
179 0.27769252232142855 0.305458132398071 0.011300223214285714 0.012494519947391494
189 0.25118582589285715 0.5997369574747917 0.013532366071428572 0.008768084173608066
188 0.22746930803571427 0.5998465585269619 0.005161830357142857 0.016440157825515125
178 0.22481863839285715 0.472818939061815 0.010184151785714286 0.008768084173608066
195 0.18450055803571427 0.4499123191582639 0.0107421875 0.016878562034195528
102 0.48074776785714285 0.5737615081104779 0.005859375 0.012494519947391494
177 0.46651785714285715 0.5573213502849628 0.010602678571428572 0.00898728627794827
192 0.48074776785714285 0.6227531784305129 0.011997767857142858 0.018851380973257344
196 0.48067801339285715 0.70648838228847 0.011858258928571428 0.018851380973257344
194 0.48067801339285715 0.5351819377466024 0.012137276785714286 0.019070583077597545
191 0.46986607142857145 0.5151249451994739 0.008091517857142858 0.012713722051731697
184 0.40625 0.5218106093818501 0.004464285714285714 0.02257781674704077
179 0.3321010044642857 0.5169881630863656 0.010463169642857142 0.012932924156071899
25 0.30636160714285715 0.21788689171416045 0.009765625 0.011398509425690487
192 0.36063058035714285 0.21898290223586148 0.011997767857142858 0.018851380973257344
183 0.40980747767857145 0.21492766330556773 0.004324776785714286 0.017755370451556333
102 0.3335658482142857 0.13448049101271373 0.009765625 0.00898728627794827
119 0.39683314732142855 0.11266988163086365 0.011858258928571428 0.014028934677772907
189 0.25062779017857145 0.21909250328803156 0.013532366071428572 0.0076720736519070585
178 0.31898716517857145 0.15212626041209995 0.005719866071428571 0.014028934677772907
179 0.31808035714285715 0.11179307321350285 0.008091517857142858 0.017536168347216132
187 0.3325892857142857 0.0920648838228847 0.0030691964285714285 0.00920648838228847
63 0.6844308035714286 0.13448049101271373 0.009486607142857142 0.009425690486628672
192 0.6422991071428571 0.15585269618588338 0.011997767857142858 0.018851380973257344
177 0.5990513392857143 0.17689609820254273 0.008091517857142858 0.00920648838228847
142 0.5824497767857143 0.17689609820254273 0.005580357142857143 0.009644892590968873
190 0.5147181919642857 0.17656729504603244 0.007393973214285714 0.010302498903989479
25 0.45445033482142855 0.6211091626479615 0.007393973214285714 0.014686540990793511
14 0.45396205357142855 0.7504384042086804 0.005859375 0.012494519947391494
177 0.4696568080357143 0.8531345900920649 0.007672991071428571 0.00920648838228847
181 0.45375279017857145 0.8666155195089873 0.005719866071428571 0.016001753616834723
63 0.73291015625 0.13459009206488382 0.0087890625 0.00920648838228847
179 0.6810825892857143 0.2207365190705831 0.010044642857142858 0.012713722051731697
142 0.6558314732142857 0.21898290223586148 0.006138392857142857 0.00920648838228847
187 0.6287667410714286 0.21898290223586148 0.0030691964285714285 0.00920648838228847
181 0.6049107142857143 0.21909250328803156 0.009765625 0.009425690486628672
181 0.5440848214285714 0.21898290223586148 0.010323660714285714 0.00920648838228847
190 0.7499302455357143 0.11025865848312144 0.004324776785714286 0.00789127575624726
179 0.6842215401785714 0.09392810170977642 0.009068080357142858 0.012494519947391494
142 0.6009347098214286 0.0920648838228847 0.005719866071428571 0.00920648838228847
182 0.5252511160714286 0.0918456817185445 0.005580357142857143 0.00920648838228847
195 0.46665736607142855 0.0920648838228847 0.010881696428571428 0.01709776413853573
102 0.4442661830357143 0.0920648838228847 0.008231026785714286 0.00920648838228847
196 0.15764508928571427 0.49561595791319596 0.011997767857142858 0.018851380973257344
175 0.15757533482142858 0.41483998246383164 0.005719866071428571 0.014248136782113108
196 0.15764508928571427 0.366286716352477 0.012276785714285714 0.019289785181937746
181 0.18443080357142858 0.27696185883384483 0.005859375 0.014686540990793511
180 0.1845703125 0.24035510740903113 0.005859375 0.014686540990793511
191 0.18450055803571427 0.20133713283647522 0.007672991071428571 0.012056115738711091
195 0.22579520089285715 0.17667689609820253 0.012974330357142858 0.020166593599298552
188 0.3729771205357143 0.8708899605436212 0.010184151785714286 0.008329679964927663
183 0.37039620535714285 0.785949145111793 0.011439732142857142 0.006795265234546251
14 0.36453683035714285 0.7266549758877685 0.008649553571428572 0.009644892590968873
184 0.3304966517857143 0.7333406400701447 0.004464285714285714 0.02257781674704077
196 0.373046875 0.6628671635247698 0.011997767857142858 0.018851380973257344
180 0.3863002232142857 0.5574309513371328 0.008649553571428572 0.008768084173608066
191 0.4180385044642857 0.5574309513371328 0.007672991071428571 0.012275317843051293
184 0.5574079241071429 0.35609381850065763 0.0146484375 0.006795265234546251
14 0.5232282366071429 0.3034853134590092 0.008510044642857142 0.00898728627794827
142 0.5073939732142857 0.27049539675580886 0.006138392857142857 0.008329679964927663
182 0.22307477678571427 0.7265453748355984 0.005580357142857143 0.009425690486628672
119 0.18756975446428573 0.8296799649276633 0.012137276785714286 0.01446733888645331
180 0.22614397321428573 0.8958790004384042 0.008091517857142858 0.008768084173608066
189 0.31919642857142855 0.5777071459886015 0.005859375 0.021262604120999562
32 0.32784598214285715 0.5566637439719422 0.008091517857142858 0.010740903112669882
14 0.3588169642857143 0.5574309513371328 0.010044642857142858 0.00920648838228847
184 0.30922154017857145 0.1832529592284086 0.004324776785714286 0.022797018851380975
184 0.28285435267857145 0.1833625602805787 0.004324776785714286 0.02257781674704077
25 0.34549386160714285 0.11266988163086365 0.0068359375 0.01709776413853573
192 0.3729771205357143 0.15563349408154317 0.011858258928571428 0.018851380973257344
195 0.15757533482142858 0.19596668128014028 0.011858258928571428 0.018851380973257344
175 0.17194475446428573 0.17678649715037265 0.0087890625 0.00898728627794827
63 0.15757533482142858 0.16188075405523894 0.005719866071428571 0.011617711530030689
142 0.15757533482142858 0.11562911003945638 0.005998883928571429 0.009425690486628672
176 0.22440011160714285 0.09217448487505481 0.007393973214285714 0.00898728627794827
180 0.3096400669642857 0.0920648838228847 0.0087890625 0.00920648838228847
195 0.23842075892857142 0.7463831652783867 0.01171875 0.018851380973257344
182 0.29952566964285715 0.8534633932485752 0.005859375 0.009425690486628672
190 0.3461216517857143 0.8704515563349409 0.006138392857142857 0.008768084173608066
180 0.21135602678571427 0.6188075405523893 0.005859375 0.01446733888645331
189 0.21149553571428573 0.5768303375712407 0.005301339285714286 0.021262604120999562
194 0.21142578125 0.5346339324857519 0.012974330357142858 0.020166593599298552
25 0.22670200892857142 0.5141385357299431 0.008370535714285714 0.011617711530030689
184 0.21568080357142858 0.6574967119684348 0.014229910714285714 0.006795265234546251
187 0.21149553571428573 0.49408154318281455 0.005859375 0.004822446295484437
177 0.42689732142857145 0.11223147742218326 0.005859375 0.01446733888645331
14 0.42689732142857145 0.2366286716352477 0.005859375 0.014248136782113108
180 0.42689732142857145 0.28463393248575186 0.005859375 0.011179307321350284
193 0.4268275669642857 0.3677115300306883 0.0126953125 0.01994739149495835
182 0.46337890625 0.43051293292415604 0.005719866071428571 0.00920648838228847
102 0.72314453125 0.8735203857957037 0.005719866071428571 0.016659359929855327
189 0.7230050223214286 0.7896755808855765 0.007393973214285714 0.021262604120999562
175 0.7230747767857143 0.70648838228847 0.005580357142857143 0.015344147303814117
181 0.7230050223214286 0.582639193336256 0.005998883928571429 0.01446733888645331
186 0.7095424107142857 0.5577597544936431 0.0078125 0.010740903112669882
186 0.68310546875 0.5574309513371328 0.007114955357142857 0.010960105217010083
119 0.46449497767857145 0.9431170539237177 0.011579241071428572 0.019070583077597545
187 0.41336495535714285 0.9381850065760632 0.0030691964285714285 0.00920648838228847
187 0.3461216517857143 0.9169224024550636 0.005859375 0.004822446295484437
188 0.5076032366071429 0.44859710653222273 0.011300223214285714 0.007233669443226655
193 0.5076032366071429 0.49441034633932485 0.012416294642857142 0.019508987286277948
184 0.49623325892857145 0.5218106093818501 0.004185267857142857 0.02257781674704077
191 0.7342354910714286 0.43062253397632616 0.007254464285714286 0.011617711530030689
14 0.6042829241071429 0.4307321350284963 0.007952008928571428 0.00920648838228847
182 0.49100167410714285 0.4307321350284963 0.005440848214285714 0.009644892590968873
175 0.3192661830357143 0.8395440596229724 0.005719866071428571 0.012275317843051293
142 0.31033761160714285 0.5997369574747917 0.005719866071428571 0.00920648838228847