187 0.46400669642857145 0.8535729943007453 0.0030691964285714285 0.00920648838228847
187 0.5813337053571429 0.3035949145111793 0.0030691964285714285 0.00920648838228847
187 0.31919642857142855 0.6933362560280578 0.005859375 0.004822446295484437
187 0.4638671875 0.1343708899605436 0.0030691964285714285 0.00920648838228847
187 0.6691545758928571 0.8713283647523016 0.005719866071428571 0.004822446295484437
187 0.7385602678571429 0.8112669881630864 0.0030691964285714285 0.00920648838228847
187 0.13518415178571427 0.17667689609820253 0.0030691964285714285 0.00920648838228847
187 0.5076729910714286 0.15344147303814118 0.005859375 0.004822446295484437
187 0.5615234375 0.5096448925909689 0.005859375 0.004822446295484437
177 0.5749860491071429 0.6419333625602806 0.008231026785714286 0.00898728627794827
191 0.6036551339285714 0.6420429636124507 0.008649553571428572 0.013590530469092503
175 0.5611049107142857 0.5721174923279263 0.006138392857142857 0.013590530469092503
192 0.5345982142857143 0.49342393686979397 0.012276785714285714 0.019289785181937746
179 0.521484375 0.4746821569487067 0.010602678571428572 0.012932924156071899
185 0.4930943080357143 0.47950460324419114 0.004324776785714286 0.02257781674704077
185 0.6008649553571429 0.6777729066199035 0.004464285714285714 0.022797018851380975
177 0.6572265625 0.6843489697501096 0.008370535714285714 0.009644892590968873
186 0.6847098214285714 0.6844585708022797 0.008091517857142858 0.011179307321350284
181 0.6422293526785714 0.5866944322665497 0.005998883928571429 0.013371328364752301
119 0.6336495535714286 0.47775098640946956 0.010323660714285714 0.018632178868917142
178 0.5990513392857143 0.4727093380096449 0.009765625 0.00898728627794827
191 0.4183872767857143 0.8535729943007453 0.007533482142857143 0.01183691363437089
181 0.3731166294642857 0.9220736519070583 0.005719866071428571 0.012494519947391494
177 0.3609095982142857 0.937965804471723 0.010044642857142858 0.00920648838228847
188 0.33084542410714285 0.9381850065760632 0.004324776785714286 0.0131521262604121
60 0.20228794642857142 0.9377466023673827 0.0078125 0.009644892590968873
181 0.3729771205357143 0.7952652345462516 0.005998883928571429 0.016220955721174924
184 0.36893136160714285 0.6672512056115739 0.0146484375 0.0070144673388864535
187 0.3325892857142857 0.5997369574747917 0.0030691964285714285 0.00920648838228847
182 0.22251674107142858 0.5997369574747917 0.005859375 0.00920648838228847
177 0.7499302455357143 0.6591407277509864 0.005719866071428571 0.01183691363437089
181 0.7340959821428571 0.6843489697501096 0.009486607142857142 0.009644892590968873
25 0.7353515625 0.6433581762384919 0.0078125 0.01183691363437089
63 0.7147739955357143 0.6419333625602806 0.007672991071428571 0.00898728627794827
186 0.6828962053571429 0.6421525646646208 0.0078125 0.009864094695309075
183 0.6628069196428571 0.6460982025427444 0.004464285714285714 0.01819377466023674
190 0.7499302455357143 0.7008987286277948 0.004603794642857143 0.010740903112669882
63 0.7328404017857143 0.7689609820254274 0.009765625 0.008768084173608066
187 0.7095424107142857 0.7689609820254274 0.0030691964285714285 0.00920648838228847
181 0.6786411830357143 0.4727093380096449 0.0107421875 0.00898728627794827
185 0.7091936383928571 0.466352476983779 0.004603794642857143 0.023016220955721176
186 0.7232840401785714 0.5774879438842613 0.007393973214285714 0.011617711530030689
183 0.4564732142857143 0.22928540113985094 0.011160714285714286 0.00657606313020605
177 0.45382254464285715 0.2790442788250767 0.005859375 0.016220955721174924
177 0.46937779017857145 0.3034853134590092 0.008231026785714286 0.00898728627794827
63 0.5164620535714286 0.30370451556334943 0.010044642857142858 0.009425690486628672
175 0.45375279017857145 0.3256247259973696 0.005719866071428571 0.012932924156071899
178 0.4921177455357143 0.34612012275317844 0.008510044642857142 0.009644892590968873
177 0.5467354910714286 0.34579131959666815 0.009207589285714286 0.009425690486628672
102 0.5344587053571429 0.7426567295046033 0.005859375 0.013590530469092503
14 0.5344587053571429 0.7006795265234547 0.005859375 0.015563349408154318
194 0.5759626116071429 0.7689609820254274 0.012137276785714286 0.019289785181937746
195 0.36000279017857145 0.7689609820254274 0.010463169642857142 0.016220955721174924
176 0.31905691964285715 0.8360368259535291 0.005859375 0.015344147303814117
186 0.41329520089285715 0.7690705830775976 0.007393973214285714 0.010302498903989479
190 0.48897879464285715 0.7689609820254274 0.006138392857142857 0.00657606313020605
25 0.18387276785714285 0.8774660236738273 0.007254464285714286 0.013590530469092503
119 0.18150111607142858 0.8342832091188075 0.011997767857142858 0.01797457255589654
180 0.140625 0.8112669881630864 0.010044642857142858 0.00920648838228847
25 0.18401227678571427 0.7930732135028496 0.006975446428571429 0.014905743095133712
175 0.1845703125 0.7024331433581762 0.005859375 0.012494519947391494
175 0.15750558035714285 0.6606751424813678 0.006138392857142857 0.01709776413853573
189 0.15764508928571427 0.49265672950460326 0.006696428571428571 0.021262604120999562
196 0.15764508928571427 0.4510083296799649 0.012555803571428572 0.019508987286277948
195 0.15764508928571427 0.4077159140727751 0.011997767857142858 0.018851380973257344
192 0.15757533482142858 0.36595791319596666 0.012137276785714286 0.019070583077597545
190 0.15757533482142858 0.3137878123629987 0.0048828125 0.008548882069267865
195 0.15757533482142858 0.24188952213941253 0.012137276785714286 0.019070583077597545
188 0.19621930803571427 0.21898290223586148 0.004324776785714286 0.0131521262604121
195 0.22516741071428573 0.21909250328803156 0.012276785714285714 0.019070583077597545
142 0.2988978794642857 0.21909250328803156 0.005719866071428571 0.009425690486628672
195 0.17131696428571427 0.17667689609820253 0.012276785714285714 0.019289785181937746
185 0.20528738839285715 0.1701008329679965 0.004324776785714286 0.02235861464270057
190 0.21498325892857142 0.17667689609820253 0.005859375 0.010083296799649276
184 0.3119419642857143 0.1701008329679965 0.004464285714285714 0.02235861464270057
187 0.3325892857142857 0.17667689609820253 0.0030691964285714285 0.00920648838228847
182 0.3516322544642857 0.17700569925471285 0.005719866071428571 0.009864094695309075
63 0.38330078125 0.17689609820254273 0.0087890625 0.00920648838228847
188 0.7230050223214286 0.752192021043402 0.009626116071428572 0.006795265234546251
196 0.7230050223214286 0.7052827707145989 0.012137276785714286 0.019070583077597545
185 0.7043108258928571 0.8178430512932924 0.004603794642857143 0.022797018851380975
178 0.13065011160714285 0.9221832529592284 0.005719866071428571 0.014905743095133712
189 0.14488002232142858 0.9381850065760632 0.013532366071428572 0.010960105217010083
179 0.19991629464285715 0.6824857518632179 0.011439732142857142 0.012494519947391494
175 0.21142578125 0.669552827707146 0.005719866071428571 0.015563349408154318
194 0.22502790178571427 0.6420429636124507 0.011997767857142858 0.01841297676457694
190 0.13065011160714285 0.6709776413853573 0.007393973214285714 0.00920648838228847
184 0.12639508928571427 0.6132178868917142 0.014229910714285714 0.006795265234546251
175 0.13071986607142858 0.37417799210872427 0.005859375 0.01183691363437089
178 0.6691545758928571 0.538031565103025 0.005719866071428571 0.013371328364752301
188 0.6691545758928571 0.5846120122753179 0.007952008928571428 0.008329679964927663
119 0.67236328125 0.6208899605436212 0.011858258928571428 0.016878562034195528
196 0.6691545758928571 0.6633055677334503 0.011858258928571428 0.018851380973257344
188 0.6691545758928571 0.4930951337132837 0.011579241071428572 0.007233669443226655
175 0.6961495535714286 0.580447172292854 0.006138392857142857 0.016220955721174924
185 0.6904994419642857 0.5218106093818501 0.004324776785714286 0.02257781674704077
195 0.31919642857142855 0.23936869793950022 0.010602678571428572 0.016659359929855327
25 0.31849888392857145 0.19870670758439282 0.007254464285714286 0.016001753616834723
192 0.38720703125 0.0920648838228847 0.0126953125 0.020166593599298552
184 0.3233119419642857 0.278277071459886 0.014369419642857142 0.006795265234546251
191 0.3065708705357143 0.30370451556334943 0.007393973214285714 0.011617711530030689
190 0.25076729910714285 0.3035949145111793 0.007114955357142857 0.010960105217010083
192 0.16999162946428573 0.30370451556334943 0.012137276785714286 0.019070583077597545
187 0.3325892857142857 0.1343708899605436 0.0030691964285714285 0.00920648838228847
25 0.38260323660714285 0.13327487943884261 0.009626116071428572 0.011398509425690487
187 0.41336495535714285 0.1343708899605436 0.0030691964285714285 0.00920648838228847
187 0.6691545758928571 0.8323103901797457 0.005719866071428571 0.004822446295484437
25 0.5876116071428571 0.6144234984655853 0.007254464285714286 0.01578255151249452
182 0.48067801339285715 0.4824638316527839 0.005998883928571429 0.008768084173608066
194 0.5491071428571429 0.472818939061815 0.012276785714285714 0.019289785181937746
60 0.48060825892857145 0.5774879438842613 0.005859375 0.015124945199473916
32 0.4810267857142857 0.747807978956598 0.006696428571428571 0.014248136782113108
192 0.4125279017857143 0.6420429636124507 0.011997767857142858 0.01841297676457694
181 0.33217075892857145 0.6419333625602806 0.008091517857142858 0.00898728627794827
195 0.42689732142857145 0.24156071898290224 0.010602678571428572 0.016659359929855327
190 0.4268275669642857 0.2855107409031127 0.005161830357142857 0.010740903112669882
192 0.44056919642857145 0.3035949145111793 0.012834821428571428 0.020166593599298552
189 0.13071986607142858 0.2813459009206488 0.006417410714285714 0.021262604120999562
187 0.17103794642857142 0.5574309513371328 0.0030691964285714285 0.00920648838228847
186 0.21128627232142858 0.5786935554581324 0.007114955357142857 0.01183691363437089
195 0.1845703125 0.451117930732135 0.010602678571428572 0.016659359929855327
192 0.18450055803571427 0.4074967119684349 0.011858258928571428 0.018851380973257344
60 0.17292131696428573 0.38831652783866727 0.009905133928571428 0.00898728627794827
179 0.14027622767857142 0.39007014467338885 0.0107421875 0.012932924156071899
187 0.44029017857142855 0.17667689609820253 0.0030691964285714285 0.00920648838228847
191 0.5076032366071429 0.20604997807978956 0.0068359375 0.01052170100832968
119 0.5107421875 0.24528715475668567 0.011997767857142858 0.016659359929855327
194 0.5219029017857143 0.26128890837352037 0.012276785714285714 0.019289785181937746
195 0.5484095982142857 0.26128890837352037 0.012555803571428572 0.01972818939061815
102 0.5751953125 0.26128890837352037 0.010323660714285714 0.00920648838228847
187 0.6153738839285714 0.28255151249451993 0.005859375 0.004822446295484437
191 0.5076729910714286 0.28233231039017975 0.008649553571428572 0.013590530469092503
178 0.5078822544642857 0.40344147303814115 0.005998883928571429 0.012932924156071899
193 0.5076032366071429 0.45199473914949584 0.011858258928571428 0.018851380973257344
176 0.5614536830357143 0.45396755808855765 0.005719866071428571 0.01578255151249452
189 0.5614536830357143 0.4089215256466462 0.006556919642857143 0.021262604120999562
175 0.5615234375 0.36332748794388425 0.005859375 0.012932924156071899
192 0.6819196428571429 0.5574309513371328 0.012555803571428572 0.01972818939061815
25 0.6602957589285714 0.5588557650153442 0.009765625 0.011617711530030689
186 0.6960797991071429 0.44980271810609385 0.0068359375 0.012275317843051293
119 0.6929408482142857 0.32135028496273566 0.011997767857142858 0.01841297676457694
187 0.6826171875 0.3035949145111793 0.0030691964285714285 0.00920648838228847
187 0.5884486607142857 0.4094695309074967 0.005859375 0.004822446295484437
142 0.5345982142857143 0.45615957913195965 0.005859375 0.00920648838228847
187 0.5884486607142857 0.49408154318281455 0.005859375 0.004822446295484437
194 0.15764508928571427 0.11234107847435336 0.012834821428571428 0.020385795703638757
119 0.19733537946428573 0.08746163963174046 0.009068080357142858 0.018851380973257344
192 0.22530691964285715 0.0920648838228847 0.011997767857142858 0.018851380973257344
187 0.3056640625 0.0920648838228847 0.0030691964285714285 0.00920648838228847
177 0.45361328125 0.8336256028057869 0.005998883928571429 0.014028934677772907
179 0.4527064732142857 0.7073651907058308 0.008091517857142858 0.01841297676457694
32 0.5236467633928571 0.5989697501096011 0.010184151785714286 0.011179307321350284
187 0.494140625 0.8112669881630864 0.0030691964285714285 0.00920648838228847
196 0.6692243303571429 0.746711968434897 0.011997767857142858 0.019070583077597545
188 0.6691545758928571 0.6955282770714599 0.008231026785714286 0.00920648838228847
179 0.5984933035714286 0.6014905743095134 0.01171875 0.012713722051731697
177 0.08942522321428571 0.5997369574747917 0.008091517857142858 0.009644892590968873
184 0.16887555803571427 0.5929416922402455 0.004324776785714286 0.02235861464270057
102 0.07679966517857142 0.6215475668566418 0.005719866071428571 0.016440157825515125
189 0.07679966517857142 0.6642919772029812 0.007672991071428571 0.021262604120999562
196 0.07679966517857142 0.9176896098202543 0.012137276785714286 0.019070583077597545
195 0.11781529017857142 0.9381850065760632 0.010463169642857142 0.016220955721174924
119 0.07373046875 0.5850504164839982 0.011858258928571428 0.016659359929855327
119 0.07373046875 0.49342393686979397 0.011858258928571428 0.014028934677772907
176 0.1845703125 0.36321788689171414 0.005859375 0.0131521262604121
25 0.18380301339285715 0.3329679964927663 0.007114955357142857 0.012713722051731697
190 0.16392299107142858 0.26128890837352037 0.005580357142857143 0.009644892590968873
177 0.14536830357142858 0.2613985094256905 0.009486607142857142 0.00898728627794827
195 0.18450055803571427 0.19563787812362998 0.0107421875 0.016878562034195528
63 0.18450055803571427 0.11617711530030689 0.005719866071428571 0.01578255151249452