187 0.14097377232142858 0.1749616312212234 0.004603794642857143 0.013593510195132646
187 0.6862444196428571 0.21201490901118175 0.008649553571428572 0.007016005262003947
187 0.5523158482142857 0.29993422495066874 0.004464285714285714 0.013593510195132646
187 0.43380301339285715 0.11247533435650077 0.004603794642857143 0.013593510195132646
187 0.4686802455357143 0.36242052181539136 0.004603794642857143 0.013593510195132646
187 0.12241908482142858 0.9250164437623328 0.004603794642857143 0.013593510195132646
187 0.5966099330357143 0.9250164437623328 0.004603794642857143 0.013593510195132646
187 0.08970424107142858 0.3125411094058321 0.008649553571428572 0.00723525542644157
187 0.4476841517857143 0.5128261346196009 0.008649553571428572 0.007016005262003947
187 0.10051618303571429 0.23744792808594606 0.004603794642857143 0.013593510195132646
187 0.48744419642857145 0.1202587151940364 0.008649553571428572 0.00723525542644157
194 0.208984375 0.20324490243367682 0.018694196428571428 0.029379522034641527
193 0.208984375 0.2693488270116203 0.017020089285714284 0.027844770883578163
196 0.22893415178571427 0.29993422495066874 0.018136160714285716 0.02850252137689103
186 0.27078683035714285 0.2993860995395747 0.011160714285714286 0.015566761675071256
193 0.3090122767857143 0.36242052181539136 0.018415178571428572 0.02894102170576628
189 0.3500279017857143 0.36242052181539136 0.020089285714285716 0.01447051085288314
177 0.6863141741071429 0.2719798289848717 0.008510044642857142 0.019951764963823723
14 0.6337193080357143 0.29993422495066874 0.015206473214285714 0.0131550098662574
185 0.5911690848214286 0.3094716071037053 0.0068359375 0.03354527515895637
192 0.6662946428571429 0.36242052181539136 0.017857142857142856 0.028064021048015787
178 0.6215122767857143 0.36209164656873494 0.014229910714285714 0.013374260030695024
142 0.6862444196428571 0.3811664108748082 0.008649553571428572 0.01381276035957027
180 0.5415736607142857 0.42457794343345756 0.014787946428571428 0.013374260030695024
102 0.5271344866071429 0.4479280859460645 0.008510044642857142 0.019294014470510854
119 0.5101143973214286 0.4946283709712782 0.013532366071428572 0.02762552071914054
180 0.46268136160714285 0.4877219907914931 0.012416294642857142 0.01381276035957027
119 0.5318777901785714 0.5065775049331287 0.017438616071428572 0.020828765621574215
182 0.6199776785714286 0.5498794124095593 0.008370535714285714 0.013593510195132646
180 0.6699916294642857 0.5497697873273405 0.012974330357142858 0.013374260030695024
175 0.2885044642857143 0.5732295549221662 0.008649553571428572 0.021267265950449463
194 0.2684849330357143 0.7374479280859461 0.017996651785714284 0.028283271212453408
14 0.28857421875 0.7643060732295549 0.0087890625 0.02236351677263758
142 0.32840401785714285 0.9102170576627933 0.008649553571428572 0.012935759701819776
102 0.16922433035714285 0.6419644814733612 0.008370535714285714 0.018855514141635606
60 0.12939453125 0.5734488050866038 0.008510044642857142 0.019951764963823723
192 0.16922433035714285 0.5793685595264196 0.017299107142857144 0.027844770883578163
194 0.19084821428571427 0.7374479280859461 0.018136160714285716 0.028721771541328656
102 0.30440848214285715 0.7376671782503836 0.011997767857142858 0.013374260030695024
188 0.32833426339285715 0.7179346634509975 0.0126953125 0.010743258057443543
63 0.32826450892857145 0.6541328655996492 0.008649553571428572 0.02039026529269897
142 0.30594308035714285 0.30037272527954395 0.008649553571428572 0.013593510195132646
191 0.32833426339285715 0.21102828327121245 0.013811383928571428 0.02170576627932471
102 0.16915457589285715 0.2135496601622451 0.008510044642857142 0.022802017101512827
188 0.16922433035714285 0.27943433457575095 0.014508928571428572 0.010743258057443543
195 0.18994140625 0.29993422495066874 0.016322544642857144 0.02587151940363955
177 0.20912388392857142 0.3973909230431923 0.009207589285714286 0.02302126726595045
63 0.4877232142857143 0.3373163779872835 0.008649553571428572 0.018197763648322735
194 0.48744419642857145 0.3939925454944091 0.018415178571428572 0.02894102170576628
183 0.5498046875 0.8687787765840824 0.006417410714285714 0.026090769568077175
175 0.5670340401785714 0.8407147555360667 0.008510044642857142 0.018197763648322735
183 0.24490792410714285 0.33051962288971715 0.016880580357142856 0.010743258057443543
119 0.25327845982142855 0.4030914273185705 0.017717633928571428 0.022582766937075203
178 0.24881417410714285 0.8407147555360667 0.008510044642857142 0.020828765621574215
189 0.22830636160714285 0.924906818680114 0.019949776785714284 0.014251260688445516
187 0.18910435267857142 0.9250164437623328 0.004603794642857143 0.013593510195132646
184 0.13762555803571427 0.9344442008331506 0.007114955357142857 0.033764525323393996
177 0.24881417410714285 0.708397281297961 0.008510044642857142 0.016663012497259374
181 0.22307477678571427 0.6748520061390046 0.012276785714285714 0.013593510195132646
119 0.189453125 0.6197105897829424 0.017857142857142856 0.027844770883578163
190 0.2640904017857143 0.6123657092742819 0.008649553571428572 0.011401008550756413
186 0.24888392857142858 0.513374260030695 0.009765625 0.017320762990572242
196 0.22795758928571427 0.36242052181539136 0.018136160714285716 0.02850252137689103
191 0.3681640625 0.652488489366367 0.011160714285714286 0.017540013155009866
25 0.3154296875 0.6143389607542206 0.012834821428571428 0.017540013155009866
192 0.3680943080357143 0.7697873273404955 0.018833705357142856 0.029818022363516772
181 0.35386439732142855 0.9252356939267704 0.012137276785714286 0.013593510195132646
25 0.4222935267857143 0.8606665204998903 0.010602678571428572 0.016882262661696998
191 0.6862444196428571 0.6969962727472045 0.011160714285714286 0.017540013155009866
175 0.5873325892857143 0.42501644376233283 0.011160714285714286 0.013374260030695024
175 0.6676199776785714 0.7994957246217934 0.011858258928571428 0.014251260688445516
192 0.6259765625 0.8000438500328875 0.018136160714285716 0.02850252137689103
183 0.5375279017857143 0.8060732295549222 0.006696428571428571 0.026529269896952423
63 0.6319056919642857 0.924906818680114 0.015485491071428572 0.013374260030695024
142 0.18959263392857142 0.36253014689761015 0.008649553571428572 0.014251260688445516
177 0.14871651785714285 0.5497697873273405 0.011997767857142858 0.013374260030695024
142 0.40750558035714285 0.19699627274720455 0.009207589285714286 0.013374260030695024
63 0.14704241071428573 0.36231089673317257 0.012276785714285714 0.014251260688445516
102 0.08970424107142858 0.39333479500109625 0.008370535714285714 0.01841701381276036
25 0.09102957589285714 0.46206972155229115 0.011021205357142858 0.02039026529269897
179 0.09116908482142858 0.5154571365928524 0.012416294642857142 0.02367901775926332
187 0.10958426339285714 0.5498794124095593 0.004603794642857143 0.013593510195132646
195 0.5669642857142857 0.5194036395527296 0.016183035714285716 0.025433019074764307
14 0.5797293526785714 0.6749616312212234 0.0107421875 0.013374260030695024
119 0.6320452008928571 0.6677263757947819 0.0146484375 0.027406270554702915
185 0.6729910714285714 0.6652049989037492 0.006417410714285714 0.03332602499451875
102 0.40792410714285715 0.3860995395746547 0.008370535714285714 0.02104801578601184
60 0.3827427455357143 0.362639771979829 0.0107421875 0.0131550098662574
191 0.5669642857142857 0.4058320543740408 0.010323660714285714 0.016224512168384126
142 0.42898995535714285 0.9252356939267704 0.009486607142857142 0.013593510195132646
195 0.44761439732142855 0.892896294672221 0.0166015625 0.026090769568077175
194 0.30747767857142855 0.8625301468976102 0.018415178571428572 0.02894102170576628
195 0.4476841517857143 0.7679237009427757 0.017578125 0.027844770883578163
185 0.4681919642857143 0.665314623985968 0.006417410714285714 0.03354527515895637
182 0.5520368303571429 0.6748520061390046 0.008649553571428572 0.013593510195132646
195 0.5057198660714286 0.36242052181539136 0.015345982142857142 0.024117518088138567
176 0.12932477678571427 0.27011620258715197 0.008649553571428572 0.016663012497259374
25 0.4886997767857143 0.20368340276255206 0.011160714285714286 0.020609515457136594
195 0.38706752232142855 0.23744792808594606 0.018275669642857144 0.02850252137689103
119 0.34786551339285715 0.30727910545932907 0.014369419642857142 0.027406270554702915
25 0.7249581473214286 0.8385222538916904 0.0107421875 0.023459767594825695
195 0.72607421875 0.7681429511072133 0.015764508928571428 0.024775268581451435
187 0.7260044642857143 0.7062047796535847 0.008649553571428572 0.007016005262003947
190 0.7147042410714286 0.8625301468976102 0.006417410714285714 0.013593510195132646
184 0.6176060267857143 0.8722867792150845 0.006417410714285714 0.03310677483008112
196 0.6067243303571429 0.8305196228897171 0.018136160714285716 0.02850252137689103
63 0.12946428571428573 0.8889497917123438 0.008370535714285714 0.023459767594825695
186 0.14627511160714285 0.8623108967331725 0.0107421875 0.015786011839508878
192 0.12946428571428573 0.7663889497917123 0.018136160714285716 0.028721771541328656
193 0.12946428571428573 0.7035737776803332 0.018415178571428572 0.02894102170576628
25 0.14801897321428573 0.6733172549879413 0.011997767857142858 0.016224512168384126
187 0.18910435267857142 0.6749616312212234 0.004603794642857143 0.013374260030695024
177 0.34744698660714285 0.7372286779215085 0.012416294642857142 0.01381276035957027
193 0.32833426339285715 0.5789300591975444 0.017996651785714284 0.028283271212453408
181 0.31570870535714285 0.5498794124095593 0.012276785714285714 0.0131550098662574
196 0.12946428571428573 0.5172111379083534 0.018136160714285716 0.02850252137689103
178 0.16908482142857142 0.3275597456698093 0.008370535714285714 0.021486516114887087
177 0.36830357142857145 0.3919096689322517 0.008928571428571428 0.020828765621574215
192 0.3681640625 0.33051962288971715 0.017299107142857144 0.027844770883578163
32 0.3687220982142857 0.2600306950230213 0.009765625 0.021486516114887087