187 0.28843470982142855 0.9297457255589654 0.004045758928571429 0.012056115738711091
187 0.7499302455357143 0.1333844804910127 0.007672991071428571 0.006356861025865849
187 0.6099330357142857 0.9140727750986409 0.007533482142857143 0.006137658921525646
187 0.6882672991071429 0.8747259973695748 0.004045758928571429 0.012056115738711091
187 0.162109375 0.709776413853573 0.00390625 0.01183691363437089
187 0.21442522321428573 0.37976764576939936 0.00390625 0.012056115738711091
187 0.6907087053571429 0.7647961420429636 0.00390625 0.01183691363437089
187 0.7499302455357143 0.8528057869355545 0.007672991071428571 0.006356861025865849
196 0.5399693080357143 0.5153441473038142 0.015206473214285714 0.024550635686102586
60 0.5968191964285714 0.4901359053046909 0.013113839285714286 0.01183691363437089
196 0.6282087053571429 0.5998465585269619 0.015904017857142856 0.025208241999123193
182 0.45396205357142855 0.48980710214818063 0.007254464285714286 0.012056115738711091
196 0.34702845982142855 0.48980710214818063 0.016322544642857144 0.025646646207803596
25 0.12088448660714286 0.13996054362121876 0.009626116071428572 0.020385795703638757
192 0.11997767857142858 0.3524769837790443 0.016183035714285716 0.025427444103463395
195 0.11990792410714286 0.4089215256466462 0.014090401785714286 0.022139412538360367
25 0.12109375 0.45352915387987724 0.009486607142857142 0.021481806225339763
32 0.13546316964285715 0.5436212187637002 0.011997767857142858 0.014028934677772907
188 0.18073381696428573 0.5998465585269619 0.007672991071428571 0.016878562034195528
102 0.23918805803571427 0.5997369574747917 0.011021205357142858 0.01183691363437089
187 0.36495535714285715 0.1873081981587023 0.007533482142857143 0.006356861025865849
187 0.2774135044642857 0.10488820692678649 0.004045758928571429 0.012056115738711091
182 0.23667689732142858 0.10488820692678649 0.007393973214285714 0.012056115738711091
14 0.20277622767857142 0.1049978079789566 0.013811383928571428 0.01183691363437089
192 0.17117745535714285 0.10477860587461639 0.015625 0.024550635686102586
119 0.40394810267857145 0.9069487067075844 0.015485491071428572 0.019070583077597545
179 0.34647042410714285 0.9320473476545375 0.014090401785714286 0.016659359929855327
32 0.30789620535714285 0.9287593160894344 0.013392857142857142 0.01446733888645331
32 0.44921875 0.8735203857957037 0.012555803571428572 0.014905743095133712
196 0.4888392857142857 0.8747259973695748 0.015625 0.02389302937308198
192 0.3999720982142857 0.7915387987724682 0.015345982142857142 0.024550635686102586
181 0.36488560267857145 0.7440815431828146 0.007393973214285714 0.01731696624287593
25 0.36363002232142855 0.6809513371328365 0.009905133928571428 0.01819377466023674
14 0.2793666294642857 0.5994081543182814 0.010463169642857142 0.011617711530030689
102 0.6797572544642857 0.5811047786058746 0.007952008928571428 0.01797457255589654
187 0.6449497767857143 0.4072775098640947 0.007533482142857143 0.006137658921525646
195 0.6449497767857143 0.3509425690486629 0.013671875 0.021481806225339763
186 0.4180385044642857 0.5994081543182814 0.009905133928571428 0.013809732573432706
196 0.38232421875 0.5997369574747917 0.015485491071428572 0.024550635686102586
195 0.32993861607142855 0.5197281893906182 0.015625 0.024550635686102586
175 0.3301478794642857 0.4064007014467339 0.007393973214285714 0.020166593599298552
194 0.7499302455357143 0.1873081981587023 0.015764508928571428 0.024769837790442787
194 0.7499302455357143 0.29844366505918457 0.015485491071428572 0.024331433581762384
191 0.7368861607142857 0.3248575186321789 0.011997767857142858 0.018851380973257344
196 0.7499302455357143 0.3535729943007453 0.016043526785714284 0.02498903989478299
192 0.6965680803571429 0.48980710214818063 0.015625 0.024331433581762384
190 0.7379324776785714 0.3798772468215695 0.007952008928571428 0.01446733888645331
183 0.7050083705357143 0.3850284962735642 0.005719866071428571 0.02345462516440158
194 0.5559430803571429 0.3798772468215695 0.016741071428571428 0.0263042525208242
183 0.5214146205357143 0.3852476983779044 0.005998883928571429 0.023016220955721176
176 0.48263113839285715 0.3796580447172293 0.011300223214285714 0.01183691363437089
189 0.6099330357142857 0.844585708022797 0.006696428571428571 0.02761946514686541
102 0.5611746651785714 0.8197062691801841 0.012137276785714286 0.011617711530030689
191 0.45765904017857145 0.8197062691801841 0.009347098214285714 0.014686540990793511
179 0.42138671875 0.8224462954844366 0.012974330357142858 0.016220955721174924
177 0.6100027901785714 0.7886891714160456 0.007672991071428571 0.01797457255589654
177 0.6099330357142857 0.742327926348093 0.007533482142857143 0.022139412538360367
184 0.23039899553571427 0.6762384918895221 0.0185546875 0.008768084173608066
32 0.21142578125 0.708790004384042 0.0126953125 0.014248136782113108
188 0.11990792410714286 0.6181499342393687 0.014369419642857142 0.008768084173608066
196 0.22488839285714285 0.5697062691801841 0.015625 0.024550635686102586
196 0.22488839285714285 0.5170977641385357 0.015345982142857142 0.024550635686102586
196 0.0849609375 0.5724462954844366 0.015625 0.024331433581762384
176 0.1044921875 0.5450460324419114 0.009207589285714286 0.011617711530030689
119 0.21017020089285715 0.5383603682595353 0.013811383928571428 0.024550635686102586
32 0.08551897321428571 0.36223147742218326 0.008649553571428572 0.01731696624287593
14 0.08482142857142858 0.29756685664182375 0.007533482142857143 0.01731696624287593
63 0.08489118303571429 0.18259535291538798 0.007393973214285714 0.02104340201665936
191 0.3124302455357143 0.37976764576939936 0.009347098214285714 0.014686540990793511
193 0.24142020089285715 0.3798772468215695 0.015485491071428572 0.024112231477422183
142 0.7149135044642857 0.6264796142042963 0.007672991071428571 0.01183691363437089
195 0.7149832589285714 0.2954844366505918 0.016183035714285716 0.025427444103463395
60 0.6971261160714286 0.21492766330556773 0.013113839285714286 0.011617711530030689
179 0.6604352678571429 0.21722928540113984 0.013113839285714286 0.016220955721174924
184 0.4404296875 0.6677992108724243 0.018694196428571428 0.00898728627794827
196 0.41685267857142855 0.709776413853573 0.015625 0.024550635686102586
188 0.43491908482142855 0.6142042963612451 0.012416294642857142 0.01183691363437089
179 0.4335239955357143 0.5261946514686541 0.010463169642857142 0.019508987286277948
195 0.4160853794642857 0.6547566856641823 0.016043526785714284 0.02498903989478299
184 0.34493582589285715 0.6634151687856203 0.005719866071428571 0.02915387987724682
192 0.31124441964285715 0.6547566856641823 0.015904017857142856 0.02498903989478299
178 0.27880859375 0.6547566856641823 0.010184151785714286 0.01183691363437089
32 0.23953683035714285 0.6536606751424814 0.013113839285714286 0.014028934677772907
60 0.6100027901785714 0.5767207365190706 0.007672991071428571 0.016220955721174924
63 0.18994140625 0.6811705392371766 0.007952008928571428 0.015563349408154318
187 0.17243303571428573 0.43478737395879 0.00390625 0.012056115738711091
195 0.294921875 0.8465585269618588 0.016183035714285716 0.025427444103463395
14 0.376953125 0.8197062691801841 0.012834821428571428 0.011617711530030689
194 0.294921875 0.7349846558526962 0.015345982142857142 0.024550635686102586
189 0.3490513392857143 0.709776413853573 0.017578125 0.01446733888645331
182 0.29478236607142855 0.6137658921525647 0.0078125 0.012275317843051293
119 0.6837332589285714 0.3040333187198597 0.015625 0.020604997807978958
63 0.6798967633928571 0.4039894782989917 0.007393973214285714 0.017536168347216132
102 0.7498604910714286 0.7835379219640508 0.007533482142857143 0.01731696624287593
193 0.7499302455357143 0.7346558526961858 0.015764508928571428 0.024769837790442787
192 0.7499302455357143 0.6801841297676458 0.015485491071428572 0.024550635686102586
187 0.732421875 0.5997369574747917 0.00390625 0.01183691363437089
192 0.6966378348214286 0.5998465585269619 0.015764508928571428 0.024769837790442787
177 0.2601841517857143 0.5117273125822008 0.0078125 0.019070583077597545
180 0.2598353794642857 0.5640070144673389 0.007393973214285714 0.020604997807978958
194 0.27811104910714285 0.709776413853573 0.015764508928571428 0.02498903989478299
196 0.18994140625 0.6298772468215695 0.015764508928571428 0.024769837790442787
181 0.23932756696428573 0.4896975010960105 0.0126953125 0.01183691363437089
191 0.25990513392857145 0.14248136782113108 0.009765625 0.015344147303814117
187 0.2774135044642857 0.159798334064007 0.004045758928571429 0.01183691363437089
63 0.34256417410714285 0.15990793511617712 0.012974330357142858 0.011617711530030689
196 0.7317243303571429 0.8198158702323542 0.015625 0.024550635686102586
194 0.6799665178571429 0.8489697501096011 0.015625 0.024550635686102586
175 0.7341657366071429 0.6545374835598422 0.012137276785714286 0.01183691363437089
32 0.6598074776785714 0.6535510740903112 0.014090401785714286 0.014686540990793511
183 0.47328404017857145 0.40881192459447613 0.014927455357142858 0.008768084173608066
179 0.47140066964285715 0.466352476983779 0.010602678571428572 0.023016220955721176
196 0.46993582589285715 0.5737615081104779 0.015764508928571428 0.024769837790442787
178 0.49037388392857145 0.5998465585269619 0.01171875 0.011617711530030689
187 0.46993582589285715 0.2973476545374836 0.007672991071428571 0.006356861025865849
119 0.4658900669642857 0.18785620341955284 0.015206473214285714 0.023235423060061378
187 0.46993582589285715 0.6272468215694871 0.007672991071428571 0.006356861025865849
194 0.45193917410714285 0.709776413853573 0.015485491071428572 0.024550635686102586
102 0.5866350446428571 0.21492766330556773 0.011439732142857142 0.011617711530030689
176 0.5255998883928571 0.16012713722051733 0.012137276785714286 0.012056115738711091
190 0.5749162946428571 0.2348750548005261 0.008370535714285714 0.015124945199473916
195 0.5749162946428571 0.297786058746164 0.013671875 0.021262604120999562
25 0.5636160714285714 0.3263919333625603 0.009486607142857142 0.014905743095133712
195 0.41713169642857145 0.32474791758000876 0.015625 0.02389302937308198
184 0.14055524553571427 0.6082858395440596 0.005719866071428571 0.029373081981587022
193 0.18987165178571427 0.13469969311705393 0.016183035714285716 0.025646646207803596
184 0.20493861607142858 0.3161990355107409 0.005580357142857143 0.02915387987724682
14 0.31626674107142855 0.3248575186321789 0.013392857142857142 0.01183691363437089
187 0.17243303571428573 0.48980710214818063 0.00390625 0.012056115738711091
186 0.5904715401785714 0.26918018412976763 0.009905133928571428 0.014028934677772907
184 0.5549665178571429 0.2233669443226655 0.005859375 0.029373081981587022