187 0.2885044642857143 0.7655119491339618 0.008649553571428572 0.00723525542644157
187 0.208984375 0.6270554702916027 0.008649553571428572 0.007016005262003947
187 0.45382254464285715 0.23744792808594606 0.004464285714285714 0.013593510195132646
187 0.6529017857142857 0.8625301468976102 0.004464285714285714 0.013593510195132646
187 0.22028459821428573 0.11247533435650077 0.004464285714285714 0.013593510195132646
187 0.14641462053571427 0.1749616312212234 0.004603794642857143 0.013593510195132646
187 0.4476841517857143 0.7911642183731638 0.008649553571428572 0.00723525542644157
187 0.24874441964285715 0.6411971058978294 0.008649553571428572 0.00723525542644157
32 0.32896205357142855 0.19896952422714317 0.009765625 0.023898267923700943
181 0.328125 0.2743915807936856 0.009207589285714286 0.017320762990572242
184 0.3344029017857143 0.3365490024117518 0.021484375 0.01052400789300592
190 0.40792410714285715 0.44770883578162685 0.008649553571428572 0.011401008550756413
102 0.4081333705357143 0.6478842359131769 0.0087890625 0.025433019074764307
192 0.46944754464285715 0.6749616312212234 0.018136160714285716 0.028721771541328656
177 0.5032087053571429 0.6748520061390046 0.014508928571428572 0.013593510195132646
189 0.4291294642857143 0.424906818680114 0.020089285714285716 0.011401008550756413
119 0.23249162946428573 0.35507564130673097 0.017717633928571428 0.027844770883578163
178 0.390625 0.6122560841920631 0.013950892857142858 0.013374260030695024
102 0.43003627232142855 0.3627493970620478 0.013532366071428572 0.01381276035957027
190 0.24881417410714285 0.2059855294891471 0.009626116071428572 0.012058759044069283
185 0.23472377232142858 0.30958123218592415 0.006277901785714286 0.03332602499451875
188 0.19105747767857142 0.29993422495066874 0.006277901785714286 0.024117518088138567
181 0.15436662946428573 0.3000438500328875 0.012137276785714286 0.013374260030695024
176 0.24874441964285715 0.3209822407366806 0.008370535714285714 0.024117518088138567
184 0.48116629464285715 0.8196667397500548 0.021205357142857144 0.010304757728568297
181 0.46902901785714285 0.7375575531681648 0.011160714285714286 0.013593510195132646
182 0.5079520089285714 0.9246875685156764 0.008649553571428572 0.014251260688445516
176 0.5837751116071429 0.9251260688445516 0.0146484375 0.013374260030695024
14 0.4873744419642857 0.7161806621354966 0.009068080357142858 0.02039026529269897
175 0.43282645089285715 0.6122560841920631 0.012137276785714286 0.01381276035957027
189 0.7044503348214286 0.9250164437623328 0.019949776785714284 0.013593510195132646
192 0.72607421875 0.8308484981363736 0.017159598214285716 0.027844770883578163
60 0.7024972098214286 0.7998245998684499 0.013253348214285714 0.013593510195132646
25 0.6685965401785714 0.8015786011839509 0.012974330357142858 0.016224512168384126
175 0.6305803571428571 0.7994957246217934 0.014508928571428572 0.014251260688445516
192 0.58544921875 0.7999342249506687 0.017717633928571428 0.027406270554702915
192 0.54638671875 0.7999342249506687 0.017996651785714284 0.028283271212453408
180 0.16929408482142858 0.19765402324051742 0.008510044642857142 0.022582766937075203
175 0.208984375 0.33961850471387856 0.008370535714285714 0.016663012497259374
178 0.28836495535714285 0.7062047796535847 0.008928571428571428 0.02455601841701381
102 0.27525111607142855 0.6126945845209384 0.013671875 0.01381276035957027
181 0.3062220982142857 0.7375575531681648 0.013392857142857142 0.013593510195132646
187 0.4278041294642857 0.7375575531681648 0.004603794642857143 0.013593510195132646
196 0.28857421875 0.5166630124972593 0.018833705357142856 0.029598772199079148
14 0.3013392857142857 0.48717386538039903 0.011997767857142858 0.013593510195132646
102 0.349609375 0.4869546152159614 0.014787946428571428 0.014032010524007894
194 0.208984375 0.5790396842797632 0.018136160714285716 0.02850252137689103
177 0.20912388392857142 0.5225827669370752 0.008649553571428572 0.020828765621574215
180 0.20884486607142858 0.38566103924577944 0.008649553571428572 0.0197325147993861
180 0.3028041294642857 0.6125849594387196 0.015485491071428572 0.013593510195132646
25 0.5286690848214286 0.38960754220565663 0.011300223214285714 0.0197325147993861
187 0.50732421875 0.424906818680114 0.004603794642857143 0.013593510195132646
179 0.59033203125 0.35978951984213986 0.013811383928571428 0.018855514141635606
189 0.5272042410714286 0.3297522473141855 0.011439732142857142 0.031572023679017756
188 0.5272042410714286 0.2556456917342688 0.013113839285714286 0.011401008550756413
195 0.5272042410714286 0.20532777899583424 0.017578125 0.027844770883578163
14 0.5144391741071429 0.11236570927428195 0.013811383928571428 0.014251260688445516
25 0.46958705357142855 0.11401008550756413 0.014787946428571428 0.016224512168384126
193 0.38685825892857145 0.11247533435650077 0.018415178571428572 0.02894102170576628
175 0.72607421875 0.40111817583863185 0.008510044642857142 0.017320762990572242
195 0.6249302455357143 0.36242052181539136 0.018833705357142856 0.029818022363516772
181 0.7010323660714286 0.42457794343345756 0.013950892857142858 0.01381276035957027
179 0.6646205357142857 0.4275378206533655 0.013671875 0.019294014470510854
14 0.6277204241071429 0.42523569392677046 0.012974330357142858 0.01381276035957027
32 0.5516880580357143 0.42348169261126944 0.012974330357142858 0.016005262003946502
32 0.7264229910714286 0.45088796316597235 0.010044642857142858 0.02039026529269897
188 0.7107282366071429 0.5499890374917781 0.006277901785714286 0.027844770883578163
142 0.5901227678571429 0.5499890374917781 0.008370535714285714 0.01381276035957027
102 0.5671037946428571 0.5841920631440474 0.008928571428571428 0.018636263977197982
176 0.24874441964285715 0.3869765402324052 0.008370535714285714 0.017540013155009866
142 0.24874441964285715 0.5957026967770226 0.008649553571428572 0.012716509537382154
195 0.22858537946428573 0.42501644376233283 0.015485491071428572 0.02433676825257619
32 0.15450613839285715 0.4235913176934883 0.013811383928571428 0.016663012497259374
60 0.5519670758928571 0.11247533435650077 0.013811383928571428 0.0131550098662574
189 0.48744419642857145 0.27099320324490245 0.008649553571428572 0.031572023679017756
184 0.49365234375 0.37645253233939924 0.021065848214285716 0.010085507564130673
179 0.5079520089285714 0.35978951984213986 0.016462053571428572 0.018855514141635606
175 0.16943359375 0.33622012716509536 0.0087890625 0.023898267923700943
194 0.40785435267857145 0.14492435869326903 0.017996651785714284 0.028064021048015787
176 0.32847377232142855 0.46481034860776144 0.008510044642857142 0.02455601841701381
102 0.32833426339285715 0.5867134400350801 0.008510044642857142 0.02324051743038807
195 0.22914341517857142 0.7374479280859461 0.017996651785714284 0.028283271212453408
183 0.22140066964285715 0.8562815172111379 0.006696428571428571 0.026090769568077175
187 0.26869419642857145 0.8625301468976102 0.004464285714285714 0.013593510195132646
195 0.30894252232142855 0.8624205218153914 0.015485491071428572 0.02433676825257619
183 0.3413783482142857 0.8563911422933567 0.006417410714285714 0.0263100197325148
194 0.4291294642857143 0.8624205218153914 0.017857142857142856 0.028283271212453408
175 0.5392717633928571 0.6121464591098443 0.013253348214285714 0.013593510195132646
102 0.4478236607142857 0.5892348169261127 0.008649553571428572 0.018197763648322735
180 0.44789341517857145 0.4529708397281298 0.008510044642857142 0.02236351677263758
187 0.5272042410714286 0.6437184827888621 0.008649553571428572 0.007016005262003947
195 0.5062081473214286 0.48750274062705545 0.017996651785714284 0.028283271212453408
194 0.6465541294642857 0.5204998903749177 0.017996651785714284 0.028064021048015787
191 0.646484375 0.5737776803332603 0.010881696428571428 0.01710151282613462
193 0.6067940848214286 0.27011620258715197 0.018833705357142856 0.029818022363516772
175 0.5911690848214286 0.2993860995395747 0.011021205357142858 0.013374260030695024
187 0.6862444196428571 0.33117737338303005 0.008649553571428572 0.00723525542644157
176 0.6862444196428571 0.38829204121903094 0.008370535714285714 0.02455601841701381
195 0.6465541294642857 0.8922385441789081 0.017438616071428572 0.027844770883578163
195 0.646484375 0.7656215742161807 0.018136160714285716 0.02850252137689103
63 0.6465541294642857 0.6458013593510196 0.008510044642857142 0.019951764963823723
32 0.5126255580357143 0.6112694584520938 0.013253348214285714 0.015786011839508878