187 0.6862444196428571 0.16597237447928087 0.008649553571428572 0.007016005262003947
187 0.08970424107142858 0.14240298180223634 0.008649553571428572 0.00723525542644157
187 0.4476841517857143 0.9162464371848279 0.008649553571428572 0.007016005262003947
187 0.18819754464285715 0.8000438500328875 0.004464285714285714 0.013593510195132646
187 0.7260044642857143 0.7244025433019075 0.008649553571428572 0.007016005262003947
187 0.12946428571428573 0.7749397062047797 0.008649553571428572 0.00723525542644157
195 0.7079380580357143 0.6749616312212234 0.017717633928571428 0.027406270554702915
181 0.47300502232142855 0.6749616312212234 0.013532366071428572 0.013374260030695024
192 0.6863141741071429 0.26869107651830737 0.017717633928571428 0.027844770883578163
194 0.6651088169642857 0.36242052181539136 0.017717633928571428 0.02587151940363955
32 0.5422014508928571 0.2987283490462618 0.012416294642857142 0.015566761675071256
184 0.6926618303571429 0.3756851567638676 0.020926339285714284 0.010304757728568297
189 0.5859375 0.424906818680114 0.020089285714285716 0.012716509537382154
178 0.5436662946428571 0.4246875685156764 0.014787946428571428 0.013593510195132646
181 0.5056501116071429 0.4247971935978952 0.015206473214285714 0.01381276035957027
190 0.6359514508928571 0.36242052181539136 0.009068080357142858 0.012716509537382154
177 0.6862444196428571 0.45735584301688226 0.008928571428571428 0.021486516114887087
183 0.6693638392857143 0.4935321201490901 0.006417410714285714 0.0263100197325148
186 0.62841796875 0.48739311554483666 0.0107421875 0.014909011181758386
25 0.5833565848214286 0.4892567419425565 0.014090401785714286 0.017320762990572242
32 0.5896344866071429 0.5491120368340277 0.011858258928571428 0.015566761675071256
195 0.40792410714285715 0.7658408243806183 0.018136160714285716 0.02850252137689103
60 0.3939732142857143 0.7376671782503836 0.014508928571428572 0.01381276035957027
60 0.40799386160714285 0.6371409778557334 0.008510044642857142 0.01841701381276036
195 0.40792410714285715 0.5807936855952642 0.018694196428571428 0.029379522034641527
177 0.3080357142857143 0.6122560841920631 0.013950892857142858 0.01381276035957027
195 0.38839285714285715 0.6749616312212234 0.018415178571428572 0.028721771541328656
181 0.3427734375 0.6123657092742819 0.015066964285714286 0.013593510195132646
142 0.4297572544642857 0.6123657092742819 0.0087890625 0.013593510195132646
60 0.47237723214285715 0.6124753343565008 0.012834821428571428 0.013374260030695024
186 0.34702845982142855 0.17529050646787986 0.0107421875 0.016005262003946502
188 0.3124302455357143 0.17485200613900462 0.008231026785714286 0.019951764963823723
186 0.4077845982142857 0.2114667836000877 0.010323660714285714 0.01775926331944749
25 0.30873325892857145 0.3641745231308923 0.012276785714285714 0.016663012497259374
194 0.2666015625 0.36242052181539136 0.018415178571428572 0.02894102170576628
182 0.10142299107142858 0.17430388072791056 0.008649553571428572 0.013593510195132646
191 0.22140066964285715 0.1749616312212234 0.010881696428571428 0.01710151282613462
32 0.09040178571428571 0.3313966235474677 0.009765625 0.02039026529269897
182 0.08928571428571429 0.38598991449243586 0.008649553571428572 0.01381276035957027
194 0.08970424107142858 0.45614996711247535 0.017299107142857144 0.027844770883578163
192 0.08970424107142858 0.5210480157860118 0.018973214285714284 0.029598772199079148
186 0.208984375 0.4552729664547248 0.010044642857142858 0.017320762990572242
182 0.41810825892857145 0.8002631001973252 0.008928571428571428 0.014032010524007894
102 0.4654017857142857 0.7998245998684499 0.014229910714285714 0.014032010524007894
189 0.48744419642857145 0.7670467002850252 0.007254464285714286 0.031352773514580136
194 0.34695870535714285 0.8000438500328875 0.018136160714285716 0.02850252137689103
181 0.2490234375 0.7609076956807718 0.008928571428571428 0.018197763648322735
181 0.24867466517857142 0.6351677263757948 0.008510044642857142 0.02236351677263758
119 0.26339285714285715 0.6054593290944968 0.016462053571428572 0.027844770883578163
63 0.20891462053571427 0.5931813198859899 0.0087890625 0.017320762990572242
32 0.18812779017857142 0.5482350361762771 0.015764508928571428 0.016882262661696998
32 0.14467075892857142 0.54889278666959 0.015904017857142856 0.016005262003946502
179 0.10707310267857142 0.5526200394650296 0.014927455357142858 0.01907476430607323
196 0.20905412946428573 0.6447051085288314 0.017996651785714284 0.028283271212453408
176 0.5109514508928571 0.6124753343565008 0.010463169642857142 0.013374260030695024
189 0.5272042410714286 0.6448147336110502 0.008091517857142858 0.031572023679017756
195 0.5062081473214286 0.7999342249506687 0.015485491071428572 0.023898267923700943
185 0.28236607142857145 0.5689541767156325 0.021205357142857144 0.010085507564130673
195 0.26778738839285715 0.5499890374917781 0.015764508928571428 0.024775268581451435
187 0.24874441964285715 0.518636263977198 0.008649553571428572 0.00723525542644157
182 0.24881417410714285 0.4409120806840605 0.0087890625 0.014032010524007894
181 0.23207310267857142 0.42534531900898925 0.015764508928571428 0.014032010524007894
181 0.10477120535714286 0.424906818680114 0.013671875 0.014032010524007894
176 0.44810267857142855 0.6398816049112037 0.008649553571428572 0.022144266608199955
119 0.48304966517857145 0.5917561938171454 0.017717633928571428 0.024117518088138567
177 0.6253487723214286 0.6124753343565008 0.014927455357142858 0.013374260030695024
178 0.08963448660714286 0.5927428195571147 0.008510044642857142 0.023459767594825695
183 0.17299107142857142 0.6520499890374918 0.017020089285714284 0.01052400789300592
102 0.18240792410714285 0.6749616312212234 0.011579241071428572 0.013374260030695024
192 0.23060825892857142 0.6749616312212234 0.018694196428571428 0.029160271870203903
188 0.72607421875 0.6517211137908353 0.013253348214285714 0.010743258057443543
32 0.7046595982142857 0.6109405832054374 0.013671875 0.01644376233282175
177 0.6631556919642857 0.6122560841920631 0.011858258928571428 0.01381276035957027
179 0.32666015625 0.13933347950010963 0.011858258928571428 0.023898267923700943
179 0.3300083705357143 0.2611269458452094 0.011858258928571428 0.028064021048015787
176 0.32833426339285715 0.32087261565446173 0.008510044642857142 0.01907476430607323
119 0.33272879464285715 0.39114229335672 0.017857142857142856 0.02104801578601184
195 0.54736328125 0.23733830300372724 0.0166015625 0.026090769568077175
196 0.44761439732142855 0.27110282832712124 0.017996651785714284 0.028283271212453408
188 0.4476841517857143 0.3220784915588687 0.015066964285714286 0.010085507564130673
32 0.12995256696428573 0.636812102609077 0.009905133928571428 0.022144266608199955
195 0.12946428571428573 0.5806840605130453 0.017857142857142856 0.028283271212453408
176 0.15025111607142858 0.6749616312212234 0.014229910714285714 0.013374260030695024
175 0.12953404017857142 0.5300372725279544 0.008510044642857142 0.018197763648322735
194 0.5272042410714286 0.3324928743696558 0.017299107142857144 0.027844770883578163
102 0.43247767857142855 0.36242052181539136 0.011160714285714286 0.013593510195132646
119 0.18931361607142858 0.6056785792589344 0.014508928571428572 0.027844770883578163
191 0.23005022321428573 0.6124753343565008 0.012834821428571428 0.019951764963823723
191 0.16929408482142858 0.515128261346196 0.011858258928571428 0.018636263977197982
191 0.4252232142857143 0.29993422495066874 0.012276785714285714 0.019294014470510854
192 0.4677734375 0.29993422495066874 0.018973214285714284 0.029818022363516772
191 0.6067243303571429 0.319557114667836 0.011997767857142858 0.01907476430607323
182 0.6067243303571429 0.12530146897610173 0.008928571428571428 0.012935759701819776
175 0.5817522321428571 0.11269458452093839 0.013113839285714286 0.013593510195132646
119 0.5438058035714286 0.11960096470072352 0.012834821428571428 0.028283271212453408
176 0.5130440848214286 0.11214645910984433 0.015206473214285714 0.01381276035957027
183 0.47914341517857145 0.11872396404297303 0.006277901785714286 0.026090769568077175
176 0.5528041294642857 0.48750274062705545 0.011858258928571428 0.013374260030695024
192 0.48744419642857145 0.4538478403858803 0.018415178571428572 0.02894102170576628
190 0.48744419642857145 0.39421179565884673 0.008649553571428572 0.015786011839508878
179 0.48570033482142855 0.3327121245340934 0.011858258928571428 0.02565226923920193
119 0.18938337053571427 0.3071694803771103 0.017438616071428572 0.02762552071914054
25 0.27085658482142855 0.23580355185266388 0.0126953125 0.017320762990572242
188 0.3047572544642857 0.23733830300372724 0.0068359375 0.018636263977197982
189 0.3496791294642857 0.23744792808594606 0.019949776785714284 0.017978513483885114
178 0.36830357142857145 0.20993203244902434 0.008928571428571428 0.020828765621574215
175 0.5668247767857143 0.575093181319886 0.008649553571428572 0.02455601841701381