187 0.37869698660714285 0.23744792808594606 0.004603794642857143 0.013593510195132646
187 0.48744419642857145 0.6835123876342907 0.008649553571428572 0.00723525542644157
187 0.3681640625 0.1411971058978294 0.008649553571428572 0.007016005262003947
187 0.2885044642857143 0.7725279543959658 0.008649553571428572 0.00723525542644157
187 0.08970424107142858 0.6607103705327779 0.008649553571428572 0.00723525542644157
187 0.3681640625 0.655996491997369 0.008649553571428572 0.007016005262003947
187 0.6807338169642857 0.36242052181539136 0.004603794642857143 0.013593510195132646
187 0.3120814732142857 0.11247533435650077 0.004464285714285714 0.013593510195132646
187 0.12946428571428573 0.7549879412409559 0.008649553571428572 0.00723525542644157
25 0.42452566964285715 0.30190747643060734 0.011997767857142858 0.016663012497259374
194 0.48744419642857145 0.45724621793466347 0.018136160714285716 0.028721771541328656
193 0.48744419642857145 0.5836439377329533 0.018415178571428572 0.02894102170576628
190 0.48744419642857145 0.6266169699627274 0.009486607142857142 0.013593510195132646
176 0.46798270089285715 0.6123657092742819 0.014927455357142858 0.013593510195132646
102 0.5270647321428571 0.45965796974347733 0.008928571428571428 0.022144266608199955
192 0.4268275669642857 0.48750274062705545 0.017996651785714284 0.028283271212453408
179 0.39369419642857145 0.49013374260030695 0.015904017857142856 0.018636263977197982
32 0.3529575892857143 0.4857487393115545 0.015904017857142856 0.01644376233282175
63 0.12946428571428573 0.5721333040999781 0.008649553571428572 0.018197763648322735
142 0.13895089285714285 0.6121464591098443 0.008649553571428572 0.014032010524007894
63 0.2660435267857143 0.6123657092742819 0.013113839285714286 0.013593510195132646
178 0.32833426339285715 0.5910984433238325 0.008510044642857142 0.020171015128261346
119 0.2666713169642857 0.18186801140100856 0.016043526785714284 0.027406270554702915
25 0.32958984375 0.2135496601622451 0.011021205357142858 0.01710151282613462
191 0.32833426339285715 0.27669370752028066 0.011300223214285714 0.017978513483885114
187 0.3681640625 0.33117737338303005 0.008649553571428572 0.00723525542644157
142 0.3926478794642857 0.4251260688445516 0.0087890625 0.014032010524007894
192 0.4286411830357143 0.424906818680114 0.017717633928571428 0.02762552071914054
188 0.28857421875 0.39881604911203683 0.016322544642857144 0.011401008550756413
179 0.22516741071428573 0.364941898706424 0.013392857142857142 0.018636263977197982
60 0.32833426339285715 0.6367024775268582 0.008510044642857142 0.02236351677263758
175 0.32826450892857145 0.7073010304757729 0.008370535714285714 0.0197325147993861
14 0.3051060267857143 0.7373383030037273 0.012555803571428572 0.013593510195132646
181 0.08970424107142858 0.20423152817364612 0.008928571428571428 0.022582766937075203
175 0.22865513392857142 0.17518088138566104 0.015345982142857142 0.013593510195132646
191 0.10344587053571429 0.23744792808594606 0.0107421875 0.016663012497259374
181 0.14285714285714285 0.2376671782503837 0.012276785714285714 0.013593510195132646
32 0.20954241071428573 0.26485419864064896 0.009765625 0.02455601841701381
63 0.22593470982142858 0.29949572462179347 0.013811383928571428 0.013593510195132646
63 0.2723911830357143 0.30026310019732516 0.015485491071428572 0.01381276035957027
192 0.46630859375 0.424906818680114 0.017717633928571428 0.02762552071914054
32 0.52783203125 0.5132646349484762 0.009626116071428572 0.021925016443762334
196 0.5272042410714286 0.39223854417890813 0.017857142857142856 0.028064021048015787
178 0.5272739955357143 0.3352335014251261 0.008510044642857142 0.020609515457136594
185 0.6584821428571429 0.2470949353212015 0.006417410714285714 0.03332602499451875
176 0.6658063616071429 0.3000438500328875 0.014927455357142858 0.013374260030695024
190 0.6275809151785714 0.36242052181539136 0.008231026785714286 0.011401008550756413
194 0.58544921875 0.36242052181539136 0.017717633928571428 0.02762552071914054
63 0.6464146205357143 0.4030914273185705 0.008510044642857142 0.020828765621574215
63 0.6466238839285714 0.44979171234378423 0.008928571428571428 0.016882262661696998
189 0.6465541294642857 0.5199517649638237 0.007672991071428571 0.031352773514580136
195 0.46791294642857145 0.6749616312212234 0.018136160714285716 0.028721771541328656
187 0.4476841517857143 0.518636263977198 0.008649553571428572 0.00723525542644157
142 0.4258510044642857 0.7373383030037273 0.009068080357142858 0.013593510195132646
14 0.3521205357142857 0.7375575531681648 0.013113839285714286 0.013593510195132646
192 0.28857421875 0.7032449024336769 0.017438616071428572 0.027844770883578163
195 0.28857421875 0.640868230651173 0.016322544642857144 0.02587151940363955
184 0.3926478794642857 0.6029379522034641 0.006277901785714286 0.033764525323393996
183 0.30552455357142855 0.43104582328436747 0.006417410714285714 0.0263100197325148
180 0.7259347098214286 0.7073010304757729 0.008510044642857142 0.02104801578601184
182 0.7141462053571429 0.8000438500328875 0.008649553571428572 0.014032010524007894
196 0.7260044642857143 0.5172111379083534 0.018415178571428572 0.02894102170576628
183 0.6725725446428571 0.43115544836658626 0.006417410714285714 0.026090769568077175
32 0.6257672991071429 0.4235913176934883 0.015485491071428572 0.015786011839508878
177 0.5867745535714286 0.42457794343345756 0.012834821428571428 0.013374260030695024
32 0.6650390625 0.7985090988818242 0.015345982142857142 0.016663012497259374
60 0.6467633928571429 0.7594825696119272 0.008928571428571428 0.017540013155009866
176 0.5508510044642857 0.7372286779215085 0.0146484375 0.013374260030695024
102 0.5053013392857143 0.675180881385661 0.010602678571428572 0.01381276035957027
187 0.646484375 0.7062047796535847 0.008649553571428572 0.007016005262003947
184 0.6402762276785714 0.6467879850909888 0.021065848214285716 0.010085507564130673
194 0.08970424107142858 0.5806840605130453 0.017857142857142856 0.028283271212453408
192 0.08970424107142858 0.5178688884016663 0.018136160714285716 0.02850252137689103
191 0.10546875 0.36242052181539136 0.012276785714285714 0.019294014470510854
178 0.7264229910714286 0.33786450339837754 0.008928571428571428 0.02104801578601184
175 0.7073102678571429 0.3001534751151063 0.013392857142857142 0.0131550098662574
196 0.6252092633928571 0.29993422495066874 0.017717633928571428 0.02762552071914054
102 0.6863141741071429 0.8921289190966893 0.0087890625 0.017978513483885114
186 0.6670619419642857 0.92435869326902 0.0107421875 0.015347511510633634
178 0.6859654017857143 0.718263538697654 0.008370535714285714 0.02499451874588906
192 0.6863141741071429 0.516882262661697 0.0185546875 0.029160271870203903
63 0.6862444196428571 0.4633852225389169 0.008928571428571428 0.01907476430607323
183 0.279296875 0.4812541109405832 0.006696428571428571 0.0263100197325148
195 0.24881417410714285 0.5838631878973909 0.015764508928571428 0.02455601841701381
190 0.5918666294642857 0.6123657092742819 0.007393973214285714 0.011401008550756413
177 0.150390625 0.2998245998684499 0.014229910714285714 0.013374260030695024
191 0.16922433035714285 0.26529269896952423 0.011439732142857142 0.017978513483885114
194 0.16922433035714285 0.5215961411971058 0.018136160714285716 0.02850252137689103
176 0.6067940848214286 0.3967331725498794 0.008510044642857142 0.023459767594825695
190 0.6067940848214286 0.3197763648322736 0.0068359375 0.00986625739969305
190 0.28857421875 0.12990572242929183 0.009626116071428572 0.017320762990572242
181 0.2885044642857143 0.19436527077395307 0.008649553571428572 0.02170576627932471
193 0.28857421875 0.270664327998246 0.0185546875 0.029160271870203903
196 0.18903459821428573 0.29993422495066874 0.017857142857142856 0.028064021048015787
185 0.21519252232142858 0.3411532558649419 0.021344866071428572 0.01052400789300592
183 0.14557756696428573 0.11850471387853541 0.0068359375 0.026529269896952423
192 0.10881696428571429 0.11247533435650077 0.018415178571428572 0.02894102170576628
183 0.5100446428571429 0.3563911422933567 0.006696428571428571 0.026529269896952423
191 0.47042410714285715 0.36242052181539136 0.011160714285714286 0.017540013155009866
142 0.12932477678571427 0.7199079149309362 0.008649553571428572 0.012935759701819776