187 0.12039620535714286 0.23744792808594606 0.004464285714285714 0.013593510195132646
187 0.6862444196428571 0.4577943433457575 0.008649553571428572 0.007016005262003947
187 0.4476841517857143 0.7436965577724183 0.008649553571428572 0.007016005262003947
187 0.17375837053571427 0.36242052181539136 0.004603794642857143 0.013593510195132646
187 0.7260044642857143 0.5741065555799166 0.008649553571428572 0.00723525542644157
187 0.12151227678571429 0.1749616312212234 0.004464285714285714 0.013593510195132646
187 0.5669642857142857 0.8697654023240518 0.008649553571428572 0.007016005262003947
178 0.22286551339285715 0.11258495943871957 0.016043526785714284 0.013374260030695024
194 0.26890345982142855 0.11236570927428195 0.017996651785714284 0.028283271212453408
195 0.30908203125 0.11236570927428195 0.017717633928571428 0.027844770883578163
60 0.59375 0.424906818680114 0.012276785714285714 0.0131550098662574
32 0.7267717633928571 0.265402324051743 0.009905133928571428 0.020828765621574215
175 0.6861746651785714 0.7172769129576847 0.008510044642857142 0.016882262661696998
189 0.6863141741071429 0.5787108090331068 0.009068080357142858 0.031352773514580136
192 0.6644112723214286 0.5499890374917781 0.017717633928571428 0.027406270554702915
186 0.6466238839285714 0.5132646349484762 0.010323660714285714 0.017540013155009866
194 0.646484375 0.45362859022144264 0.018415178571428572 0.02894102170576628
175 0.6614118303571429 0.7374479280859461 0.014229910714285714 0.013374260030695024
183 0.6204659598214286 0.7438061828546372 0.006556919642857143 0.026090769568077175
142 0.59326171875 0.7366805525104144 0.008510044642857142 0.013593510195132646
189 0.46651785714285715 0.7374479280859461 0.020089285714285716 0.01775926331944749
184 0.38929966517857145 0.6846086384564788 0.006556919642857143 0.03354527515895637
196 0.4476841517857143 0.6417452313089235 0.018415178571428572 0.02894102170576628
193 0.44761439732142855 0.5164437623328217 0.019112723214285716 0.030037272527954396
189 0.5089983258928571 0.5499890374917781 0.019949776785714284 0.012935759701819776
181 0.6464146205357143 0.5788204341153256 0.0087890625 0.02324051743038807
195 0.6677594866071429 0.6124753343565008 0.015485491071428572 0.023898267923700943
32 0.6471819196428571 0.39256741942556456 0.009765625 0.022582766937075203
175 0.6702008928571429 0.36242052181539136 0.015345982142857142 0.0131550098662574
179 0.3480747767857143 0.17737338303003727 0.014787946428571428 0.018855514141635606
178 0.40792410714285715 0.20828765621574216 0.008370535714285714 0.02455601841701381
177 0.42689732142857145 0.2377768033326025 0.012276785714285714 0.013374260030695024
63 0.46205357142857145 0.23722867792150845 0.014229910714285714 0.01447051085288314
193 0.5084402901785714 0.23744792808594606 0.018275669642857144 0.02850252137689103
183 0.205078125 0.34509975882481914 0.016741071428571428 0.010085507564130673
60 0.16915457589285715 0.2788862091646569 0.008510044642857142 0.02236351677263758
178 0.16908482142857142 0.20795878096908574 0.008370535714285714 0.022144266608199955
175 0.28857421875 0.2677044507783381 0.008510044642857142 0.017540013155009866
188 0.28857421875 0.21683841262880948 0.013532366071428572 0.013593510195132646
179 0.5908203125 0.114667836000877 0.017299107142857144 0.019294014470510854
186 0.5497349330357143 0.11203683402762551 0.011300223214285714 0.016224512168384126
195 0.5057198660714286 0.11247533435650077 0.018415178571428572 0.02894102170576628
183 0.40394810267857145 0.640868230651173 0.0166015625 0.01052400789300592
184 0.40164620535714285 0.5667616750712563 0.021205357142857144 0.010085507564130673
195 0.40792410714285715 0.7075202806402104 0.018136160714285716 0.02850252137689103
179 0.40966796875 0.777022582766937 0.011858258928571428 0.02104801578601184
178 0.3944614955357143 0.7999342249506687 0.015206473214285714 0.013374260030695024
175 0.34493582589285715 0.8001534751151064 0.0146484375 0.013374260030695024
195 0.44761439732142855 0.45351896513922385 0.015485491071428572 0.02433676825257619
175 0.5493861607142857 0.4251260688445516 0.014229910714285714 0.0131550098662574
191 0.2885044642857143 0.5189651392238545 0.009765625 0.015347511510633634
193 0.30936104910714285 0.48739311554483666 0.018275669642857144 0.02894102170576628
177 0.22816685267857142 0.3619820214865161 0.011579241071428572 0.013593510195132646
186 0.3281947544642857 0.5770664327998246 0.010184151785714286 0.01710151282613462
32 0.32924107142857145 0.6394431045823284 0.009765625 0.023459767594825695
192 0.32833426339285715 0.7062047796535847 0.017717633928571428 0.028064021048015787
187 0.38797433035714285 0.7375575531681648 0.004464285714285714 0.013593510195132646
142 0.6549246651785714 0.29993422495066874 0.009068080357142858 0.014032010524007894
192 0.7260044642857143 0.5167726375794782 0.018415178571428572 0.02894102170576628
32 0.7267717633928571 0.4577943433457575 0.009905133928571428 0.024117518088138567
188 0.70849609375 0.424906818680114 0.0068359375 0.021486516114887087
63 0.7096121651785714 0.5502082876562158 0.012416294642857142 0.01381276035957027
142 0.23102678571428573 0.23679017759263318 0.008370535714285714 0.013593510195132646
180 0.23332868303571427 0.1749616312212234 0.013811383928571428 0.0131550098662574
189 0.26674107142857145 0.17485200613900462 0.020089285714285716 0.01644376233282175
60 0.3412388392857143 0.29993422495066874 0.014787946428571428 0.013593510195132646
195 0.38943917410714285 0.2998245998684499 0.017717633928571428 0.027844770883578163
189 0.26925223214285715 0.7999342249506687 0.020089285714285716 0.012058759044069283
192 0.12946428571428573 0.5790396842797632 0.018694196428571428 0.029379522034641527
192 0.12946428571428573 0.5157860118395089 0.017299107142857144 0.027844770883578163
180 0.12946428571428573 0.3862091646568735 0.008649553571428572 0.02039026529269897
184 0.49365234375 0.18833589125191844 0.021065848214285716 0.010085507564130673
177 0.48744419642857145 0.26551194913396187 0.008370535714285714 0.01710151282613462
176 0.47293526785714285 0.2998245998684499 0.012834821428571428 0.01381276035957027
63 0.54638671875 0.17485200613900462 0.011021205357142858 0.013374260030695024
185 0.5933314732142857 0.16520499890374918 0.006417410714285714 0.03354527515895637
175 0.6243722098214286 0.23722867792150845 0.014369419642857142 0.013593510195132646
191 0.15164620535714285 0.48739311554483666 0.011160714285714286 0.017540013155009866
186 0.22970145089285715 0.48717386538039903 0.011021205357142858 0.015347511510633634
63 0.3505161830357143 0.6743038807279106 0.013253348214285714 0.013374260030695024
178 0.3090122767857143 0.6123657092742819 0.012555803571428572 0.013593510195132646
185 0.2802734375 0.6220127165095374 0.006417410714285714 0.033764525323393996
177 0.19001116071428573 0.6123657092742819 0.011160714285714286 0.013593510195132646
63 0.14341517857142858 0.6122560841920631 0.011160714285714286 0.013374260030695024
186 0.42794363839285715 0.48739311554483666 0.0107421875 0.015786011839508878
14 0.39083426339285715 0.48750274062705545 0.011579241071428572 0.01381276035957027
195 0.34640066964285715 0.424906818680114 0.015904017857142856 0.02499451874588906
142 0.40799386160714285 0.5012058759044069 0.009626116071428572 0.0131550098662574
119 0.4921875 0.44387195790396844 0.017857142857142856 0.022144266608199955
191 0.46435546875 0.48739311554483666 0.011021205357142858 0.017540013155009866
185 0.5608956473214286 0.2133304099978075 0.021344866071428572 0.01052400789300592
182 0.5669642857142857 0.2725279543959658 0.008649553571428572 0.0131550098662574
25 0.6228376116071429 0.29763209822407366 0.013532366071428572 0.016882262661696998
196 0.5669642857142857 0.33205437404078053 0.017020089285714284 0.027844770883578163
191 0.5877511160714286 0.36242052181539136 0.013113839285714286 0.020609515457136594
192 0.46616908482142855 0.11247533435650077 0.017717633928571428 0.026748520061390047
177 0.40799386160714285 0.33194474895856174 0.008510044642857142 0.018855514141635606
32 0.6319056919642857 0.611159833369875 0.013532366071428572 0.016005262003946502
183 0.6027483258928571 0.34477088357816266 0.0166015625 0.00986625739969305
183 0.5631277901785714 0.7751589563692173 0.016880580357142856 0.00986625739969305
178 0.5671037946428571 0.5934005700504276 0.008649553571428572 0.022144266608199955
195 0.20905412946428573 0.3936636702477527 0.015485491071428572 0.02433676825257619
186 0.42996651785714285 0.424906818680114 0.010602678571428572 0.016224512168384126
102 0.15032087053571427 0.29993422495066874 0.013532366071428572 0.0131550098662574
177 0.5894252232142857 0.48750274062705545 0.015345982142857142 0.013374260030695024
102 0.5535016741071429 0.48717386538039903 0.015206473214285714 0.014032010524007894
193 0.5669642857142857 0.4532997149747862 0.018973214285714284 0.029598772199079148
195 0.5467354910714286 0.23744792808594606 0.018136160714285716 0.02850252137689103