187 0.21149553571428573 0.9300745287154757 0.005859375 0.004822446295484437
187 0.6422991071428571 0.6104778605874617 0.005859375 0.004822446295484437
187 0.13071986607142858 0.2518632178868917 0.005859375 0.004822446295484437
187 0.26534598214285715 0.16483998246383166 0.005859375 0.004822446295484437
187 0.31919642857142855 0.7805786935554582 0.005859375 0.004822446295484437
187 0.373046875 0.6349188952213941 0.005859375 0.005041648399824638
187 0.48074776785714285 0.9202104340201666 0.005859375 0.004822446295484437
187 0.24993024553571427 0.0920648838228847 0.003208705357142857 0.00920648838228847
187 0.17215401785714285 0.9381850065760632 0.0030691964285714285 0.00920648838228847
195 0.6960797991071429 0.8338448049101271 0.0107421875 0.016659359929855327
192 0.6960797991071429 0.8758220078912757 0.0126953125 0.01994739149495835
178 0.6958705357142857 0.791319596668128 0.005859375 0.01446733888645331
185 0.6919642857142857 0.7546032441911442 0.014508928571428572 0.006795265234546251
192 0.6960797991071429 0.5767207365190706 0.011579241071428572 0.018851380973257344
196 0.6824776785714286 0.5574309513371328 0.011997767857142858 0.01841297676457694
193 0.6549246651785714 0.5574309513371328 0.012416294642857142 0.01972818939061815
32 0.6049107142857143 0.5562253397632617 0.010881696428571428 0.011179307321350284
189 0.5472237723214286 0.5574309513371328 0.013532366071428572 0.01052170100832968
175 0.6962193080357143 0.5297018851380974 0.005719866071428571 0.013371328364752301
190 0.6960797991071429 0.44355545813239805 0.0068359375 0.007233669443226655
181 0.6960797991071429 0.40300306882946074 0.005719866071428571 0.013809732573432706
191 0.31912667410714285 0.32277509864094694 0.0087890625 0.013809732573432706
177 0.3071986607142857 0.21898290223586148 0.009207589285714286 0.00920648838228847
186 0.2533482142857143 0.21887330118369136 0.007254464285714286 0.010740903112669882
192 0.22391183035714285 0.38820692678649715 0.011997767857142858 0.018851380973257344
183 0.19384765625 0.3924813678211311 0.004324776785714286 0.017755370451556333
175 0.16671316964285715 0.38820692678649715 0.009207589285714286 0.00920648838228847
185 0.13943917410714285 0.3948925909688733 0.004324776785714286 0.02257781674704077
195 0.359375 0.3459009206488382 0.011160714285714286 0.017536168347216132
180 0.3998325892857143 0.37099956159579134 0.005859375 0.013371328364752301
194 0.39990234375 0.4101271372205173 0.012416294642857142 0.01972818939061815
183 0.40248325892857145 0.4517755370451556 0.011439732142857142 0.0070144673388864535
185 0.40415736607142855 0.4912319158263919 0.014229910714285714 0.0070144673388864535
187 0.3999720982142857 0.5786935554581324 0.005859375 0.004822446295484437
196 0.39990234375 0.6633055677334503 0.012137276785714286 0.019289785181937746
177 0.21121651785714285 0.8788908373520385 0.005859375 0.016001753616834723
102 0.21142578125 0.8381192459447611 0.005719866071428571 0.015563349408154318
185 0.14104352678571427 0.8177334502411223 0.004464285714285714 0.023016220955721176
190 0.21142578125 0.8024989039894783 0.004603794642857143 0.00920648838228847
196 0.21142578125 0.7040771591407278 0.011579241071428572 0.018851380973257344
25 0.20284598214285715 0.6853353792196405 0.009486607142857142 0.011179307321350284
193 0.2529296875 0.6843489697501096 0.012276785714285714 0.019289785181937746
183 0.27071707589285715 0.6800745287154757 0.004324776785714286 0.017755370451556333
175 0.33447265625 0.6842393686979396 0.010184151785714286 0.00898728627794827
60 0.6533900669642857 0.9381850065760632 0.007672991071428571 0.00920648838228847
189 0.57373046875 0.9381850065760632 0.013532366071428572 0.01052170100832968
175 0.5260881696428571 0.9382946076282332 0.009486607142857142 0.009425690486628672
175 0.26534598214285715 0.4593380096448926 0.005859375 0.015124945199473916
178 0.2652064732142857 0.4079351161771153 0.005859375 0.01709776413853573
179 0.2665318080357143 0.4886014905743095 0.008231026785714286 0.016220955721174924
142 0.24748883928571427 0.5575405523893029 0.006138392857142857 0.009425690486628672
175 0.17633928571428573 0.5573213502849628 0.009207589285714286 0.00898728627794827
191 0.26527622767857145 0.37056115738711093 0.0087890625 0.013809732573432706
183 0.6448800223214286 0.3368040333187199 0.011300223214285714 0.006795265234546251
179 0.6520647321428571 0.3440377027619465 0.008649553571428572 0.012494519947391494
119 0.7131696428571429 0.341297676457694 0.01171875 0.018851380973257344
119 0.5464564732142857 0.35072336694432266 0.011160714285714286 0.018851380973257344
192 0.49337332589285715 0.3459009206488382 0.012416294642857142 0.01972818939061815
193 0.44022042410714285 0.3459009206488382 0.012974330357142858 0.020166593599298552
182 0.6422991071428571 0.5702542744410346 0.006138392857142857 0.00898728627794827
179 0.6411830357142857 0.4050854888206927 0.008091517857142858 0.018851380973257344
191 0.6521344866071429 0.3035949145111793 0.007952008928571428 0.012713722051731697
188 0.6153041294642857 0.4610916264796142 0.011021205357142858 0.008110477860587462
187 0.6153738839285714 0.4094695309074967 0.005859375 0.004822446295484437
186 0.6153738839285714 0.36299868478737396 0.006975446428571429 0.01183691363437089
176 0.6153041294642857 0.2469311705392372 0.005719866071428571 0.012056115738711091
190 0.6339983258928571 0.13448049101271373 0.005440848214285714 0.011617711530030689
181 0.4267578125 0.5762823323103902 0.005859375 0.0131521262604121
142 0.4267578125 0.6149715037264357 0.005859375 0.00898728627794827
196 0.4268275669642857 0.49287593160894344 0.012137276785714286 0.019070583077597545
192 0.4268275669642857 0.4514467338886453 0.0126953125 0.01994739149495835
189 0.42689732142857145 0.4080447172292854 0.005580357142857143 0.021262604120999562
190 0.41176060267857145 0.38831652783866727 0.004603794642857143 0.007233669443226655
193 0.38553292410714285 0.38820692678649715 0.012416294642857142 0.01972818939061815
182 0.34605189732142855 0.3742875931608943 0.005998883928571429 0.00898728627794827
184 0.43101283482142855 0.6931170539237177 0.014369419642857142 0.0070144673388864535
119 0.3599330357142857 0.7740026304252521 0.012276785714285714 0.018851380973257344
193 0.33231026785714285 0.7689609820254274 0.012276785714285714 0.019289785181937746
178 0.6691545758928571 0.14807102148180623 0.005719866071428571 0.015124945199473916
14 0.6691545758928571 0.23421744848750548 0.005719866071428571 0.014686540990793511
188 0.6691545758928571 0.28068829460762823 0.009905133928571428 0.008548882069267865
192 0.13065011160714285 0.28309951775537046 0.013253348214285714 0.02082419991231916
186 0.13051060267857142 0.3655195089872863 0.0068359375 0.011179307321350284
186 0.13071986607142858 0.410894344585708 0.006417410714285714 0.012056115738711091
185 0.21568080357142858 0.45966681280140287 0.014229910714285714 0.00657606313020605
60 0.27755301339285715 0.4725997369574748 0.008510044642857142 0.00920648838228847
180 0.10372488839285714 0.669552827707146 0.005719866071428571 0.014686540990793511
119 0.14669363839285715 0.6795265234546252 0.009626116071428572 0.018851380973257344
63 0.10372488839285714 0.5415387987724682 0.005719866071428571 0.015563349408154318
194 0.11809430803571429 0.5151249451994739 0.012137276785714286 0.019289785181937746
187 0.15764508928571427 0.4094695309074967 0.005859375 0.004822446295484437
189 0.15764508928571427 0.5373739587900044 0.005580357142857143 0.021262604120999562
177 0.3192661830357143 0.751096010521701 0.005719866071428571 0.015563349408154318
102 0.31912667410714285 0.6147523016220956 0.005719866071428571 0.011617711530030689
185 0.31508091517857145 0.5485532661113547 0.0146484375 0.006795265234546251
189 0.13065011160714285 0.49397194213064444 0.007672991071428571 0.021262604120999562
178 0.13058035714285715 0.5294826830337571 0.005859375 0.013371328364752301
184 0.18038504464285715 0.5281674704077159 0.014508928571428572 0.006795265234546251
63 0.1845703125 0.4461858833844805 0.006138392857142857 0.015563349408154318
191 0.6691545758928571 0.3176238491889522 0.008510044642857142 0.013590530469092503
193 0.6691545758928571 0.41078474353353794 0.0126953125 0.020166593599298552
175 0.6067940848214286 0.5151249451994739 0.007393973214285714 0.008768084173608066
184 0.5398995535714286 0.5215914072775099 0.004464285714285714 0.023016220955721176
190 0.5186941964285714 0.5151249451994739 0.006138392857142857 0.008329679964927663
184 0.46030970982142855 0.5218106093818501 0.004324776785714286 0.02257781674704077
119 0.44517299107142855 0.5199473914949584 0.011439732142857142 0.01841297676457694
176 0.373046875 0.5814335817623849 0.005859375 0.014248136782113108
192 0.373046875 0.535949145111793 0.011997767857142858 0.018851380973257344
187 0.7364676339285714 0.3459009206488382 0.0030691964285714285 0.00920648838228847
190 0.7499302455357143 0.18895221394125383 0.0068359375 0.01052170100832968
142 0.75 0.16122314774221833 0.006138392857142857 0.00898728627794827
184 0.7541852678571429 0.44245944761069705 0.014229910714285714 0.006795265234546251
195 0.7499302455357143 0.5362779482683033 0.011300223214285714 0.017755370451556333
187 0.7499302455357143 0.7476983779044278 0.005719866071428571 0.004822446295484437
25 0.5337611607142857 0.5328803156510302 0.0078125 0.010960105217010083
195 0.5345982142857143 0.6226435773783429 0.010323660714285714 0.016440157825515125
186 0.5345982142857143 0.49605436212187637 0.005859375 0.012275317843051293
14 0.5345284598214286 0.45309074967119684 0.005719866071428571 0.012275317843051293
176 0.48060825892857145 0.8701227531784305 0.005859375 0.015563349408154318
186 0.5226702008928571 0.8534633932485752 0.007393973214285714 0.010740903112669882
182 0.5457589285714286 0.8957693993862341 0.005859375 0.009425690486628672
175 0.5980747767857143 0.8956597983340641 0.007254464285714286 0.00920648838228847
187 0.6287667410714286 0.8958790004384042 0.0030691964285714285 0.00920648838228847
193 0.6833844866071429 0.8958790004384042 0.0126953125 0.01972818939061815
60 0.548828125 0.8113765892152565 0.009486607142857142 0.00898728627794827
194 0.29220145089285715 0.703309951775537 0.012137276785714286 0.019070583077597545
178 0.29213169642857145 0.8260631302060499 0.005859375 0.013809732573432706
177 0.3344029017857143 0.8958790004384042 0.008370535714285714 0.009644892590968873
184 0.3583984375 0.8894125383603683 0.004185267857142857 0.023016220955721176
63 0.4404994419642857 0.8958790004384042 0.0087890625 0.00920648838228847
60 0.18450055803571427 0.3669443226654976 0.005998883928571429 0.012275317843051293
177 0.3042689732142857 0.3460105217010083 0.010323660714285714 0.009864094695309075
185 0.5304827008928571 0.8797676457693994 0.0146484375 0.006795265234546251
191 0.5345982142857143 0.7852915387987724 0.0078125 0.012494519947391494
63 0.3041294642857143 0.4307321350284963 0.010044642857142858 0.00920648838228847
186 0.33056640625 0.4308417360806664 0.007393973214285714 0.009864094695309075
185 0.2880859375 0.3994958351600175 0.014508928571428572 0.007233669443226655
183 0.23577008928571427 0.20374835598421745 0.011439732142857142 0.006795265234546251
196 0.23835100446428573 0.2828803156510302 0.012137276785714286 0.019070583077597545
188 0.23842075892857142 0.4010302498903989 0.008370535714285714 0.00898728627794827
184 0.22942243303571427 0.43719859710653225 0.004324776785714286 0.02257781674704077
185 0.19133649553571427 0.43719859710653225 0.004603794642857143 0.02257781674704077
25 0.18519810267857142 0.753288031565103 0.007114955357142857 0.014248136782113108
186 0.22523716517857142 0.7692897851819378 0.007672991071428571 0.011617711530030689
14 0.18464006696428573 0.7121876370013153 0.005998883928571429 0.014905743095133712
190 0.18450055803571427 0.6730600613765892 0.0048828125 0.007233669443226655
187 0.19796316964285715 0.5997369574747917 0.0030691964285714285 0.00920648838228847
193 0.13071986607142858 0.8765892152564665 0.011439732142857142 0.018851380973257344
187 0.14411272321428573 0.9381850065760632 0.0030691964285714285 0.00920648838228847
177 0.13065011160714285 0.7049539675580886 0.005719866071428571 0.014028934677772907
192 0.13065011160714285 0.6614423498465585 0.012137276785714286 0.019070583077597545
102 0.13065011160714285 0.6192459447610698 0.005719866071428571 0.016220955721174924