187 0.18017578125 0.21481806225339764 0.004045758928571429 0.01183691363437089
187 0.66455078125 0.48980710214818063 0.004045758928571429 0.012056115738711091
187 0.6840122767857143 0.159798334064007 0.00390625 0.01183691363437089
187 0.7499302455357143 0.8902893467777291 0.007672991071428571 0.006356861025865849
182 0.5398297991071429 0.3627794826830338 0.007672991071428571 0.012275317843051293
32 0.5909598214285714 0.3237615081104779 0.010602678571428572 0.013590530469092503
196 0.6288364955357143 0.32474791758000876 0.016043526785714284 0.025208241999123193
183 0.7015206473214286 0.3192678649715037 0.005719866071428571 0.023016220955721176
178 0.5890066964285714 0.4351161771153003 0.01171875 0.012275317843051293
189 0.5749162946428571 0.5723366944322665 0.006417410714285714 0.02761946514686541
183 0.5715680803571429 0.29559403770276194 0.014787946428571428 0.00898728627794827
14 0.32979910714285715 0.7973476545374836 0.007533482142857143 0.016440157825515125
32 0.28006417410714285 0.7638097325734327 0.0126953125 0.014248136782113108
192 0.32993861607142855 0.9038798772468216 0.015904017857142856 0.025208241999123193
14 0.17096819196428573 0.9297457255589654 0.012416294642857142 0.012056115738711091
185 0.13211495535714285 0.9384042086804033 0.005580357142857143 0.029373081981587022
119 0.09779575892857142 0.9359929855326611 0.011997767857142858 0.024112231477422183
142 0.330078125 0.7463831652783867 0.0078125 0.010960105217010083
192 0.32993861607142855 0.680403331871986 0.015904017857142856 0.02498903989478299
181 0.32986886160714285 0.6243971942130645 0.007393973214285714 0.019508987286277948
190 0.32986886160714285 0.5588557650153442 0.0087890625 0.015124945199473916
196 0.32993861607142855 0.5149057430951337 0.016462053571428572 0.025865848312143797
189 0.2060546875 0.48980710214818063 0.017578125 0.012056115738711091
196 0.18994140625 0.1846777729066199 0.015485491071428572 0.024331433581762384
63 0.18994140625 0.29263480929416924 0.007393973214285714 0.01841297676457694
195 0.25997488839285715 0.3528057869355546 0.013811383928571428 0.021701008329679965
182 0.30433872767857145 0.37976764576939936 0.007114955357142857 0.012056115738711091
182 0.0849609375 0.8350504164839982 0.008091517857142858 0.010740903112669882
192 0.0849609375 0.7904427882507672 0.016183035714285716 0.025427444103463395
195 0.0849609375 0.7358614642700569 0.014229910714285714 0.02235861464270057
63 0.08510044642857142 0.5677334502411223 0.007533482142857143 0.021481806225339763
196 0.13895089285714285 0.48980710214818063 0.015904017857142856 0.025208241999123193
186 0.17061941964285715 0.8747259973695748 0.009486607142857142 0.014248136782113108
192 0.24386160714285715 0.8748355984217449 0.016183035714285716 0.025427444103463395
187 0.294921875 0.8473257343270495 0.007533482142857143 0.006356861025865849
32 0.29561941964285715 0.8024989039894783 0.008649553571428572 0.01797457255589654
182 0.38497488839285715 0.7649057430951337 0.007114955357142857 0.012056115738711091
186 0.4146205357142857 0.7647961420429636 0.009486607142857142 0.013590530469092503
179 0.4335239955357143 0.7372862779482683 0.010463169642857142 0.01994739149495835
32 0.7504185267857143 0.5682814555019728 0.008649553571428572 0.019508987286277948
185 0.7444196428571429 0.44629548443665057 0.018694196428571428 0.008768084173608066
102 0.66259765625 0.4346777729066199 0.012416294642857142 0.01183691363437089
185 0.732421875 0.5533757124068391 0.005580357142857143 0.02915387987724682
185 0.4476841517857143 0.4262384918895221 0.005580357142857143 0.02915387987724682
179 0.6298130580357143 0.6018193774660237 0.0126953125 0.016878562034195528
190 0.6021205357142857 0.5997369574747917 0.006696428571428571 0.010083296799649276
189 0.5558035714285714 0.5997369574747917 0.017578125 0.010083296799649276
194 0.6448800223214286 0.5693774660236738 0.0166015625 0.026085050416484
185 0.19768415178571427 0.38842612889083733 0.005580357142857143 0.029373081981587022
190 0.294921875 0.40925032880315654 0.007533482142857143 0.01183691363437089
177 0.2949916294642857 0.4605436212187637 0.007393973214285714 0.021920210434020166
190 0.6521344866071429 0.6547566856641823 0.007952008928571428 0.010083296799649276
183 0.6199776785714286 0.6601271372205173 0.005580357142857143 0.02345462516440158
142 0.6799665178571429 0.5714598860149057 0.008091517857142858 0.01183691363437089
178 0.5398297991071429 0.2916483998246383 0.007672991071428571 0.022139412538360367
32 0.5198800223214286 0.3237615081104779 0.011579241071428572 0.01446733888645331
102 0.49204799107142855 0.32518632178868917 0.009486607142857142 0.012056115738711091
182 0.6213030133928571 0.3795484436650592 0.007672991071428571 0.012494519947391494
192 0.6985212053571429 0.37976764576939936 0.015904017857142856 0.025208241999123193
63 0.7147739955357143 0.4055238930293731 0.007393973214285714 0.021481806225339763
119 0.7009626116071429 0.4961639631740465 0.015485491071428572 0.02389302937308198
185 0.41859654017857145 0.38842612889083733 0.005719866071428571 0.029373081981587022
176 0.43491908482142855 0.36036825953529156 0.007393973214285714 0.01797457255589654
142 0.3212890625 0.3248575186321789 0.007254464285714286 0.01183691363437089
25 0.44614955357142855 0.37790442788250767 0.01171875 0.015344147303814117
195 0.5228794642857143 0.3798772468215695 0.014229910714285714 0.02235861464270057
181 0.3651646205357143 0.3531345900920649 0.007393973214285714 0.019289785181937746
189 0.45340401785714285 0.2698377904427883 0.017578125 0.014028934677772907
186 0.5205078125 0.2695089872862779 0.010044642857142858 0.013809732573432706
32 0.36544363839285715 0.2524112231477422 0.008510044642857142 0.018632178868917142
142 0.7499302455357143 0.18128014028934678 0.007672991071428571 0.010960105217010083
175 0.7272600446428571 0.15990793511617712 0.010881696428571428 0.011617711530030689
185 0.75537109375 0.33800964489259094 0.018833705357142856 0.008768084173608066
181 0.7147739955357143 0.24484875054800526 0.007393973214285714 0.016220955721174924
14 0.6247209821428571 0.43478737395879 0.010881696428571428 0.012056115738711091
194 0.0849609375 0.9036606751424814 0.015625 0.024331433581762384
14 0.20807756696428573 0.8197062691801841 0.011579241071428572 0.011617711530030689
184 0.23032924107142858 0.8636562911003945 0.018694196428571428 0.008768084173608066
186 0.31424386160714285 0.8193774660236738 0.0107421875 0.01446733888645331
182 0.24148995535714285 0.7099956159579132 0.007254464285714286 0.012275317843051293
192 0.2787388392857143 0.709776413853573 0.015904017857142856 0.02498903989478299
192 0.3124302455357143 0.709776413853573 0.016322544642857144 0.025427444103463395
179 0.36635044642857145 0.7429855326611136 0.010602678571428572 0.02345462516440158
32 0.22565569196428573 0.18106093818500657 0.0087890625 0.016220955721174924
142 0.16538783482142858 0.10488820692678649 0.007393973214285714 0.012056115738711091
178 0.14174107142857142 0.1046690048224463 0.011997767857142858 0.012056115738711091
175 0.3999720982142857 0.5780359491451118 0.007533482142857143 0.01578255151249452
196 0.4536830357142857 0.5447172292854011 0.016183035714285716 0.025427444103463395
60 0.4813755580357143 0.5449364313897413 0.0107421875 0.01183691363437089
142 0.18994140625 0.4740245506356861 0.007952008928571428 0.012056115738711091
189 0.18994140625 0.35181937746602365 0.008510044642857142 0.02761946514686541
63 0.1201171875 0.24210872424375274 0.007533482142857143 0.017755370451556333
179 0.5414341517857143 0.6734984655852696 0.010323660714285714 0.02345462516440158
184 0.5914481026785714 0.701117930732135 0.005719866071428571 0.02915387987724682
182 0.6275111607142857 0.709776413853573 0.0078125 0.012275317843051293
193 0.103515625 0.159798334064007 0.016183035714285716 0.025427444103463395
14 0.24037388392857142 0.1049978079789566 0.013392857142857142 0.01183691363437089
60 0.08482142857142858 0.305458132398071 0.007533482142857143 0.019070583077597545
191 0.13706752232142858 0.3248575186321789 0.010463169642857142 0.016220955721174924
188 0.16810825892857142 0.3248575186321789 0.007254464285714286 0.017536168347216132
182 0.7499302455357143 0.8451337132836475 0.007672991071428571 0.011617711530030689
175 0.6798967633928571 0.459776413853573 0.007672991071428571 0.01994739149495835
60 0.6800362723214286 0.4013590530469093 0.007672991071428571 0.01972818939061815
186 0.6798270089285714 0.3549978079789566 0.008091517857142858 0.015563349408154318
188 0.6799665178571429 0.2856203419552828 0.015625 0.010083296799649276
142 0.294921875 0.1975010960105217 0.007533482142857143 0.012275317843051293
188 0.7059151785714286 0.21481806225339764 0.005580357142857143 0.014905743095133712
187 0.6974748883928571 0.2698377904427883 0.004045758928571429 0.01183691363437089
180 0.6660853794642857 0.26994739149495833 0.011021205357142858 0.012056115738711091
192 0.6798967633928571 0.5198377904427882 0.015764508928571428 0.024769837790442787
179 0.2583705357142857 0.7955940377027619 0.010602678571428572 0.024769837790442787
178 0.25997488839285715 0.5763919333625602 0.007393973214285714 0.019070583077597545
175 0.25990513392857145 0.5126041209995615 0.007533482142857143 0.01994739149495835
63 0.6099330357142857 0.40004384042086805 0.007533482142857143 0.020604997807978958
187 0.6099330357142857 0.3523673827268742 0.007533482142857143 0.006356861025865849