187 0.7230050223214286 0.16944322665497588 0.005719866071428571 0.004822446295484437
187 0.59765625 0.8535729943007453 0.0030691964285714285 0.00920648838228847
187 0.26534598214285715 0.6744848750548005 0.005859375 0.004822446295484437
187 0.7276785714285714 0.8112669881630864 0.0030691964285714285 0.00920648838228847
187 0.15764508928571427 0.70648838228847 0.005859375 0.004822446295484437
187 0.7499302455357143 0.1714160455940377 0.005719866071428571 0.004822446295484437
176 0.7230050223214286 0.20451556334940815 0.005719866071428571 0.013590530469092503
192 0.7230050223214286 0.3248575186321789 0.011579241071428572 0.018851380973257344
178 0.7330496651785714 0.3459009206488382 0.010184151785714286 0.00920648838228847
142 0.7497209821428571 0.41834721613327486 0.005859375 0.009425690486628672
190 0.6582728794642857 0.3035949145111793 0.004603794642857143 0.008329679964927663
194 0.4681919642857143 0.8535729943007453 0.011997767857142858 0.018851380973257344
60 0.49288504464285715 0.8533537921964051 0.008091517857142858 0.00920648838228847
190 0.5133928571428571 0.8535729943007453 0.006417410714285714 0.009644892590968873
186 0.5500837053571429 0.8535729943007453 0.007254464285714286 0.010960105217010083
186 0.5735212053571429 0.8537921964050855 0.007533482142857143 0.01052170100832968
176 0.26527622767857145 0.582639193336256 0.005719866071428571 0.014028934677772907
194 0.26527622767857145 0.5350723366944322 0.011858258928571428 0.018851380973257344
188 0.26527622767857145 0.49145111793073215 0.007393973214285714 0.008768084173608066
184 0.22788783482142858 0.47950460324419114 0.004603794642857143 0.02257781674704077
142 0.27406529017857145 0.5151249451994739 0.005440848214285714 0.009644892590968873
14 0.33321707589285715 0.5150153441473038 0.007393973214285714 0.00898728627794827
194 0.3867885044642857 0.5151249451994739 0.0126953125 0.01972818939061815
184 0.23416573660714285 0.144563787812363 0.014369419642857142 0.006795265234546251
14 0.23835100446428573 0.10817623849188952 0.005719866071428571 0.012494519947391494
195 0.17061941964285715 0.0920648838228847 0.012276785714285714 0.019289785181937746
184 0.24260602678571427 0.2384918895221394 0.014229910714285714 0.0070144673388864535
184 0.24260602678571427 0.27005699254712845 0.014229910714285714 0.0070144673388864535
63 0.22705078125 0.3460105217010083 0.009347098214285714 0.00898728627794827
191 0.20026506696428573 0.3460105217010083 0.009068080357142858 0.014248136782113108
190 0.14348493303571427 0.3459009206488382 0.0048828125 0.01052170100832968
32 0.23869977678571427 0.49715037264357737 0.006696428571428571 0.015344147303814117
119 0.25404575892857145 0.5100832967996493 0.009486607142857142 0.018851380973257344
176 0.6012834821428571 0.7689609820254274 0.010323660714285714 0.008768084173608066
102 0.6301618303571429 0.8111573871109162 0.007254464285714286 0.00898728627794827
25 0.49490792410714285 0.7701665935992985 0.010463169642857142 0.011179307321350284
176 0.1845703125 0.4437746602367383 0.005859375 0.014686540990793511
182 0.18450055803571427 0.41275756247259976 0.005998883928571429 0.008768084173608066
142 0.1845703125 0.37253397632617274 0.005859375 0.00898728627794827
177 0.28111049107142855 0.3463393248575186 0.008649553571428572 0.00920648838228847
180 0.30245535714285715 0.3459009206488382 0.008091517857142858 0.00920648838228847
14 0.1845703125 0.5350723366944322 0.005859375 0.012275317843051293
142 0.16713169642857142 0.6842393686979396 0.006138392857142857 0.009864094695309075
177 0.5615931919642857 0.8296799649276633 0.005998883928571429 0.01446733888645331
188 0.5614536830357143 0.7994300745287155 0.007672991071428571 0.008768084173608066
179 0.5603376116071429 0.7503288031565103 0.008231026785714286 0.01446733888645331
32 0.5887974330357143 0.7959228408592722 0.006556919642857143 0.014028934677772907
14 0.07672991071428571 0.10795703638754932 0.005859375 0.012494519947391494
63 0.14027622767857142 0.0922840859272249 0.010184151785714286 0.00920648838228847
175 0.07679966517857142 0.1958570802279702 0.005719866071428571 0.014686540990793511
193 0.07679966517857142 0.24090311266988162 0.011858258928571428 0.018851380973257344
25 0.14090401785714285 0.3024989039894783 0.010044642857142858 0.011398509425690487
180 0.16671316964285715 0.387987724682157 0.009765625 0.00920648838228847
189 0.07686941964285714 0.4106751424813678 0.006975446428571429 0.021262604120999562
184 0.08098493303571429 0.4510083296799649 0.014369419642857142 0.006795265234546251
178 0.07707868303571429 0.4907935116177115 0.005998883928571429 0.01578255151249452
189 0.09061104910714286 0.5151249451994739 0.013532366071428572 0.010083296799649276
182 0.19475446428571427 0.515234546251644 0.005580357142857143 0.009425690486628672
179 0.15645926339285715 0.6654975887768523 0.007952008928571428 0.017536168347216132
119 0.16845703125 0.6373301183691363 0.011021205357142858 0.019070583077597545
195 0.15764508928571427 0.6201227531784305 0.012276785714285714 0.019289785181937746
185 0.15339006696428573 0.45133713283647525 0.014369419642857142 0.0070144673388864535
177 0.6800362723214286 0.8535729943007453 0.009626116071428572 0.008768084173608066
178 0.6526925223214286 0.8539017974572556 0.009626116071428572 0.00898728627794827
195 0.6280691964285714 0.8958790004384042 0.011997767857142858 0.018851380973257344
185 0.6077706473214286 0.9024550635686103 0.004324776785714286 0.022797018851380975
192 0.5884486607142857 0.8735203857957037 0.011997767857142858 0.018851380973257344
184 0.69189453125 0.7390398947829899 0.014369419642857142 0.006795265234546251
196 0.6960797991071429 0.7052827707145989 0.012137276785714286 0.019070583077597545
195 0.6960797991071429 0.6623191582639193 0.010463169642857142 0.016440157825515125
187 0.6960797991071429 0.6208899605436212 0.005719866071428571 0.005041648399824638
188 0.6960797991071429 0.5879000438404208 0.007393973214285714 0.007452871547566856
32 0.6964983258928571 0.49473914949583514 0.006556919642857143 0.014028934677772907
185 0.7107282366071429 0.46624287593160896 0.004324776785714286 0.022797018851380975
183 0.6794782366071429 0.35006576063130207 0.004324776785714286 0.01797457255589654
179 0.6014229910714286 0.3478737395879 0.008649553571428572 0.012713722051731697
102 0.5615234375 0.28342832091188075 0.006138392857142857 0.012713722051731697
188 0.5732421875 0.21909250328803156 0.005022321428571429 0.016440157825515125
191 0.6508091517857143 0.21898290223586148 0.008928571428571428 0.014028934677772907
182 0.68994140625 0.21920210434020165 0.005440848214285714 0.009644892590968873
14 0.7082170758928571 0.21898290223586148 0.009905133928571428 0.00920648838228847
195 0.5614536830357143 0.4104559403770276 0.011300223214285714 0.017755370451556333
102 0.5613839285714286 0.4579131959666813 0.005859375 0.01446733888645331
184 0.54931640625 0.479395002192021 0.004324776785714286 0.022797018851380975
187 0.45382254464285715 0.4517755370451556 0.005859375 0.004822446295484437
181 0.45375279017857145 0.4872862779482683 0.005719866071428571 0.012275317843051293
142 0.45382254464285715 0.5473476545374836 0.005859375 0.00920648838228847
193 0.45375279017857145 0.6216571679088119 0.011858258928571428 0.018851380973257344
32 0.4541713169642857 0.6659359929855326 0.006556919642857143 0.016220955721174924
176 0.6691545758928571 0.4048662867163525 0.005719866071428571 0.016659359929855327
183 0.6828264508928571 0.38404208680403334 0.004603794642857143 0.017536168347216132
179 0.6680385044642857 0.32507672073651905 0.008231026785714286 0.01797457255589654
192 0.6547154017857143 0.472818939061815 0.012555803571428572 0.01972818939061815
184 0.5695452008928571 0.47950460324419114 0.004324776785714286 0.02257781674704077
178 0.26527622767857145 0.3685883384480491 0.005719866071428571 0.01731696624287593
192 0.7230050223214286 0.8340640070144674 0.0126953125 0.020166593599298552
185 0.7188197544642857 0.8023893029373081 0.014369419642857142 0.006795265234546251
189 0.7230050223214286 0.746711968434897 0.007114955357142857 0.021262604120999562
183 0.7204938616071429 0.6686760192897852 0.011579241071428572 0.006795265234546251
32 0.7234933035714286 0.616286716352477 0.006696428571428571 0.016440157825515125
175 0.7230050223214286 0.4537483559842174 0.005719866071428571 0.012275317843051293
186 0.7229352678571429 0.41078474353353794 0.006696428571428571 0.01183691363437089
182 0.43875558035714285 0.5150153441473038 0.005580357142857143 0.00898728627794827
192 0.5076032366071429 0.3237615081104779 0.011579241071428572 0.018851380973257344
102 0.5076729910714286 0.28529153879877245 0.005859375 0.011617711530030689
190 0.5076032366071429 0.24583516001753616 0.006556919642857143 0.008548882069267865
14 0.5077427455357143 0.20177553704515563 0.005719866071428571 0.012494519947391494
196 0.5210658482142857 0.17678649715037265 0.012555803571428572 0.019508987286277948
179 0.3203125 0.4491451117930732 0.008091517857142858 0.016659359929855327
102 0.30405970982142855 0.38853572994300745 0.007672991071428571 0.00898728627794827
63 0.27797154017857145 0.38831652783866727 0.0087890625 0.00898728627794827
192 0.373046875 0.7498903989478299 0.011997767857142858 0.018851380973257344
63 0.4379185267857143 0.6419333625602806 0.008370535714285714 0.00898728627794827
181 0.3729771205357143 0.6145330995177554 0.005998883928571429 0.014686540990793511
32 0.3734654017857143 0.5724462954844366 0.006696428571428571 0.015563349408154318
142 0.3729771205357143 0.5283866725120561 0.005998883928571429 0.008548882069267865
14 0.37283761160714285 0.4970407715914073 0.005998883928571429 0.014248136782113108
179 0.3900669642857143 0.47117492327926347 0.010323660714285714 0.012932924156071899
32 0.43777901785714285 0.47194213064445417 0.009765625 0.010960105217010083
32 0.18505859375 0.11102586584831214 0.006556919642857143 0.012494519947391494
188 0.1845703125 0.2732354230600614 0.008649553571428572 0.008110477860587462
195 0.18450055803571427 0.3252959228408593 0.011858258928571428 0.018851380973257344
183 0.22000558035714285 0.42645769399386235 0.004185267857142857 0.017755370451556333
14 0.21142578125 0.45703638754932047 0.005719866071428571 0.012713722051731697
195 0.21149553571428573 0.4083735203857957 0.011997767857142858 0.018851380973257344
175 0.21142578125 0.36442349846558525 0.005719866071428571 0.016001753616834723
196 0.21142578125 0.5374835598421744 0.012137276785714286 0.019289785181937746
175 0.21135602678571427 0.6270276194651468 0.005859375 0.012494519947391494
191 0.14913504464285715 0.38809732573432704 0.009207589285714286 0.014686540990793511
192 0.13071986607142858 0.3666155195089873 0.012276785714285714 0.019508987286277948
63 0.13065011160714285 0.33088557650153444 0.005998883928571429 0.013371328364752301
102 0.17180524553571427 0.2613985094256905 0.007952008928571428 0.00898728627794827
14 0.13065011160714285 0.24572555896536608 0.005719866071428571 0.012275317843051293
196 0.13071986607142858 0.19596668128014028 0.011997767857142858 0.018851380973257344
190 0.13071986607142858 0.16122314774221833 0.006138392857142857 0.0076720736519070585
176 0.7500697544642857 0.24638316527838666 0.005719866071428571 0.014905743095133712
181 0.4268275669642857 0.7530688294607628 0.005719866071428571 0.013371328364752301
177 0.4268275669642857 0.6628671635247698 0.005719866071428571 0.01183691363437089
192 0.42689732142857145 0.6188075405523893 0.01171875 0.018851380973257344
119 0.4237583705357143 0.5778167470407716 0.011858258928571428 0.01709776413853573
181 0.4268275669642857 0.5350723366944322 0.005719866071428571 0.014028934677772907
189 0.3594447544642857 0.6420429636124507 0.013532366071428572 0.00920648838228847
176 0.73388671875 0.43051293292415604 0.007952008928571428 0.008768084173608066
175 0.7230050223214286 0.3712187637001315 0.005719866071428571 0.011617711530030689
185 0.7071010044642857 0.43719859710653225 0.004324776785714286 0.02257781674704077
185 0.4878627232142857 0.436979395002192 0.004464285714285714 0.023016220955721176
32 0.48109654017857145 0.7514248136782113 0.0068359375 0.014905743095133712
189 0.48067801339285715 0.7918676019289785 0.005161830357142857 0.021262604120999562
191 0.48067801339285715 0.6570583077597545 0.007393973214285714 0.011617711530030689
195 0.48074776785714285 0.6207803594914512 0.010602678571428572 0.016659359929855327
25 0.4799107142857143 0.5842832091188075 0.007254464285714286 0.012932924156071899
179 0.4794921875 0.5344147303814116 0.008091517857142858 0.01578255151249452
63 0.6153041294642857 0.4079351161771153 0.005998883928571429 0.01578255151249452
177 0.6547154017857143 0.4308417360806664 0.008928571428571428 0.009425690486628672
191 0.6340680803571429 0.38820692678649715 0.008370535714285714 0.0131521262604121
188 0.6153041294642857 0.327159140727751 0.008510044642857142 0.006795265234546251
192 0.6153041294642857 0.28068829460762823 0.012137276785714286 0.019070583077597545
193 0.5466657366071429 0.17678649715037265 0.012416294642857142 0.019508987286277948
179 0.4257114955357143 0.4973695747479176 0.008231026785714286 0.016220955721174924
194 0.42689732142857145 0.4503507233669443 0.012276785714285714 0.019508987286277948
178 0.4267578125 0.36398509425690484 0.006138392857142857 0.016878562034195528
176 0.38685825892857145 0.34568171854449803 0.008928571428571428 0.00920648838228847
184 0.33572823660714285 0.3523673827268742 0.004324776785714286 0.023016220955721176
179 0.5357142857142857 0.40344147303814115 0.008091517857142858 0.016001753616834723
191 0.5345284598214286 0.36288908373520384 0.009347098214285714 0.014686540990793511
194 0.5345284598214286 0.28167470407715917 0.0126953125 0.01972818939061815
192 0.5345284598214286 0.23958790004384042 0.012974330357142858 0.020604997807978958
184 0.5817522321428571 0.3816308636562911 0.004464285714285714 0.022797018851380975