187 0.31912667410714285 0.8000438500328875 0.004603794642857143 0.013593510195132646
187 0.08970424107142858 0.14130673098004823 0.008649553571428572 0.00723525542644157
187 0.6959402901785714 0.11247533435650077 0.004603794642857143 0.013593510195132646
187 0.63720703125 0.11247533435650077 0.004603794642857143 0.013593510195132646
187 0.5315987723214286 0.11247533435650077 0.004603794642857143 0.013593510195132646
187 0.10832868303571429 0.8625301468976102 0.004603794642857143 0.013593510195132646
187 0.12946428571428573 0.577943433457575 0.008649553571428572 0.007016005262003947
192 0.7045200892857143 0.48739311554483666 0.018136160714285716 0.02850252137689103
180 0.5827985491071429 0.4877219907914931 0.013811383928571428 0.013374260030695024
179 0.17096819196428573 0.2677044507783381 0.012137276785714286 0.022802017101512827
192 0.14892578125 0.2998245998684499 0.017717633928571428 0.027844770883578163
187 0.10958426339285714 0.29993422495066874 0.004603794642857143 0.013593510195132646
195 0.22998046875 0.2998245998684499 0.017717633928571428 0.027844770883578163
176 0.16908482142857142 0.32372286779215087 0.008370535714285714 0.022582766937075203
32 0.15283203125 0.4858583643937733 0.015206473214285714 0.016663012497259374
186 0.12932477678571427 0.5154571365928524 0.010044642857142858 0.01841701381276036
63 0.5275530133928571 0.9032010524007893 0.008510044642857142 0.02302126726595045
119 0.5486886160714286 0.8555141416356062 0.015345982142857142 0.028064021048015787
179 0.5851004464285714 0.7974128480596361 0.015345982142857142 0.018855514141635606
195 0.6268136160714286 0.8000438500328875 0.018415178571428572 0.02894102170576628
193 0.48744419642857145 0.8289848717386538 0.018415178571428572 0.02894102170576628
102 0.42592075892857145 0.8004823503617627 0.015625 0.013593510195132646
142 0.37876674107142855 0.7997149747862311 0.008370535714285714 0.014251260688445516
179 0.6845005580357143 0.5211576408682307 0.011579241071428572 0.02499451874588906
60 0.6734793526785714 0.550098662573997 0.013811383928571428 0.013593510195132646
194 0.646484375 0.5816706862530147 0.018136160714285716 0.02850252137689103
182 0.48709542410714285 0.5757509318131988 0.008510044642857142 0.0131550098662574
177 0.48716517857142855 0.639662354746766 0.008928571428571428 0.021267265950449463
192 0.50830078125 0.6749616312212234 0.017996651785714284 0.028283271212453408
188 0.5926339285714286 0.6749616312212234 0.008091517857142858 0.02302126726595045
182 0.4686802455357143 0.6747423810567857 0.007952008928571428 0.01381276035957027
196 0.10784040178571429 0.1747423810567858 0.018136160714285716 0.02850252137689103
186 0.24867466517857142 0.3318351238763429 0.009905133928571428 0.016882262661696998
142 0.17801339285714285 0.5499890374917781 0.008091517857142858 0.01381276035957027
186 0.14697265625 0.5497697873273405 0.010463169642857142 0.015566761675071256
194 0.30845424107142855 0.48739311554483666 0.017857142857142856 0.02762552071914054
178 0.3535853794642857 0.4872834904626179 0.013253348214285714 0.013374260030695024
32 0.14704241071428573 0.23602280201710152 0.015904017857142856 0.016005262003946502
32 0.18722098214285715 0.48552948914711686 0.016183035714285716 0.016882262661696998
14 0.22481863839285715 0.4872834904626179 0.011858258928571428 0.013374260030695024
195 0.12953404017857142 0.2680333260249945 0.017717633928571428 0.027844770883578163
179 0.13113839285714285 0.39684279763209823 0.011997767857142858 0.026748520061390047
176 0.12946428571428573 0.4503398377548783 0.008928571428571428 0.020609515457136594
194 0.26834542410714285 0.7374479280859461 0.017717633928571428 0.02696777022582767
183 0.33231026785714285 0.8169261126945845 0.016741071428571428 0.01052400789300592
175 0.35205078125 0.862639771979829 0.011021205357142858 0.013374260030695024
32 0.390625 0.8607761455821091 0.015345982142857142 0.016663012497259374
195 0.4278041294642857 0.8625301468976102 0.017717633928571428 0.026748520061390047
175 0.5272739955357143 0.5172111379083534 0.0087890625 0.024117518088138567
192 0.5272042410714286 0.5835343126507345 0.017299107142857144 0.027844770883578163
187 0.5470842633928571 0.5498794124095593 0.004603794642857143 0.013593510195132646
187 0.5868443080357143 0.5498794124095593 0.004603794642857143 0.013593510195132646
102 0.6067940848214286 0.521486516114887 0.008510044642857142 0.017320762990572242
188 0.6862444196428571 0.45658846744135057 0.013671875 0.012935759701819776
176 0.6865234375 0.5841920631440474 0.008928571428571428 0.018636263977197982
178 0.6864536830357143 0.3857706643279982 0.0087890625 0.023898267923700943
32 0.6868024553571429 0.3393992545494409 0.010044642857142858 0.020609515457136594
180 0.6861049107142857 0.15062486296864722 0.008649553571428572 0.021925016443762334
186 0.48744419642857145 0.26912957684718264 0.010044642857142858 0.016882262661696998
25 0.4862583705357143 0.20039465029598771 0.0107421875 0.02236351677263758
63 0.5051618303571429 0.1749616312212234 0.015345982142857142 0.014032010524007894
179 0.5458286830357143 0.17222100416575312 0.015485491071428572 0.018636263977197982
192 0.38623046875 0.2998245998684499 0.017717633928571428 0.027844770883578163
60 0.3495396205357143 0.29960534970401226 0.011579241071428572 0.013374260030695024
102 0.5270647321428571 0.8220784915588687 0.008649553571428572 0.021267265950449463
25 0.5264369419642857 0.7615654461740846 0.009905133928571428 0.021267265950449463
142 0.28885323660714285 0.27406270554702916 0.0087890625 0.013593510195132646
181 0.26304408482142855 0.2376671782503837 0.011021205357142858 0.013593510195132646
60 0.28857421875 0.45812321859241395 0.008510044642857142 0.022144266608199955
180 0.2886439732142857 0.20653365490024117 0.008928571428571428 0.020171015128261346
183 0.2601841517857143 0.1813198859899145 0.006417410714285714 0.02587151940363955
196 0.6681082589285714 0.6124753343565008 0.017857142857142856 0.027844770883578163
186 0.44754464285714285 0.8897171672878754 0.010044642857142858 0.017540013155009866
60 0.5523158482142857 0.9250164437623328 0.012834821428571428 0.0131550098662574
195 0.12946428571428573 0.7660600745450559 0.017857142857142856 0.028064021048015787
181 0.14990234375 0.7374479280859461 0.011300223214285714 0.01381276035957027
188 0.13971819196428573 0.6749616312212234 0.0068359375 0.02433676825257619
182 0.16908482142857142 0.6383468537601403 0.008649553571428572 0.013374260030695024
119 0.16476004464285715 0.575093181319886 0.017857142857142856 0.02236351677263758
193 0.08970424107142858 0.5166630124972593 0.017857142857142856 0.028283271212453408
183 0.08572823660714286 0.40100855075641306 0.0166015625 0.01052400789300592
195 0.20905412946428573 0.33051962288971715 0.017717633928571428 0.027844770883578163
142 0.7260044642857143 0.6499671124753343 0.008649553571428572 0.014251260688445516
189 0.7047991071428571 0.6124753343565008 0.020089285714285716 0.012935759701819776
175 0.6314174107142857 0.5498794124095593 0.011439732142857142 0.0131550098662574
190 0.6607142857142857 0.11236570927428195 0.007254464285714286 0.012058759044069283
177 0.6465541294642857 0.14349923262442446 0.009068080357142858 0.019513264634948475
181 0.6463448660714286 0.39026529269896953 0.008649553571428572 0.02236351677263758
186 0.646484375 0.45242271431703573 0.009765625 0.017320762990572242
63 0.56689453125 0.20554702916027187 0.0087890625 0.020828765621574215
185 0.5732421875 0.26057882043411534 0.021205357142857144 0.010304757728568297
32 0.5080217633928571 0.3609953957465468 0.013532366071428572 0.017320762990572242
195 0.5272042410714286 0.45614996711247535 0.017857142857142856 0.028283271212453408
194 0.5860072544642857 0.17485200613900462 0.017717633928571428 0.027844770883578163
119 0.611328125 0.3308484981363736 0.017578125 0.02499451874588906
193 0.5857979910714286 0.36242052181539136 0.018136160714285716 0.02850252137689103
183 0.6106305803571429 0.38489366367024774 0.016741071428571428 0.00986625739969305
195 0.6067940848214286 0.7716509537382154 0.015206473214285714 0.02433676825257619
196 0.5858677455357143 0.924906818680114 0.017717633928571428 0.027844770883578163
195 0.14864676339285715 0.8624205218153914 0.015485491071428572 0.02433676825257619
191 0.208984375 0.7132207849155887 0.011997767857142858 0.018855514141635606
60 0.208984375 0.6485419864064899 0.008370535714285714 0.024117518088138567
119 0.3433314732142857 0.6677263757947819 0.016462053571428572 0.027844770883578163