187 0.5559430803571429 0.37976764576939936 0.00390625 0.012056115738711091
187 0.22495814732142858 0.8681499342393687 0.007672991071428571 0.006356861025865849
187 0.5749162946428571 0.9240464708461201 0.007533482142857143 0.006356861025865849
187 0.43896484375 0.7647961420429636 0.004045758928571429 0.01183691363437089
187 0.15129743303571427 0.159798334064007 0.004045758928571429 0.01183691363437089
187 0.7149135044642857 0.9019070583077597 0.007672991071428571 0.006356861025865849
187 0.7499302455357143 0.881521262604121 0.007672991071428571 0.006356861025865849
187 0.6629464285714286 0.10488820692678649 0.00390625 0.012056115738711091
185 0.5694056919642857 0.5297018851380974 0.0185546875 0.00898728627794827
32 0.5755440848214286 0.46043402016659357 0.008510044642857142 0.021262604120999562
182 0.5749162946428571 0.5664182376150811 0.007533482142857143 0.012275317843051293
177 0.5594308035714286 0.6549758877685226 0.010881696428571428 0.012275317843051293
184 0.5103236607142857 0.6786497150372643 0.018694196428571428 0.008768084173608066
187 0.48744419642857145 0.709776413853573 0.00390625 0.01183691363437089
176 0.5748465401785714 0.34535291538798774 0.007672991071428571 0.01731696624287593
193 0.5749162946428571 0.29449802718106094 0.015904017857142856 0.025208241999123193
178 0.5748465401785714 0.2504384042086804 0.007672991071428571 0.02082419991231916
177 0.5909598214285714 0.21492766330556773 0.011160714285714286 0.011617711530030689
193 0.20633370535714285 0.8198158702323542 0.015625 0.024550635686102586
180 0.22495814732142858 0.7415607189829022 0.007393973214285714 0.016659359929855327
119 0.15101841517857142 0.6213283647523016 0.015485491071428572 0.02345462516440158
183 0.17633928571428573 0.5393467777290663 0.005580357142857143 0.023016220955721176
185 0.27915736607142855 0.7012275317843051 0.005859375 0.029373081981587022
181 0.34591238839285715 0.7096668128014029 0.012974330357142858 0.012056115738711091
187 0.4174107142857143 0.709776413853573 0.00390625 0.01183691363437089
194 0.10184151785714286 0.6547566856641823 0.016462053571428572 0.025865848312143797
186 0.12018694196428571 0.6224243752740026 0.0087890625 0.015563349408154318
183 0.1318359375 0.5942569048662867 0.005580357142857143 0.022797018851380975
183 0.11648995535714286 0.503288031565103 0.014787946428571428 0.008768084173608066
187 0.11990792410714286 0.4072775098640947 0.007672991071428571 0.006137658921525646
193 0.11990792410714286 0.3501753616834722 0.016043526785714284 0.025208241999123193
194 0.5929827008928571 0.8197062691801841 0.015764508928571428 0.024769837790442787
119 0.5967494419642857 0.7034195528277072 0.012974330357142858 0.024550635686102586
178 0.24441964285714285 0.15990793511617712 0.013671875 0.011617711530030689
182 0.27957589285714285 0.159798334064007 0.0078125 0.01183691363437089
179 0.22635323660714285 0.19388426128890837 0.0107421875 0.01994739149495835
14 0.22502790178571427 0.23213502849627357 0.007533482142857143 0.01797457255589654
60 0.22481863839285715 0.4572555896536607 0.007393973214285714 0.020166593599298552
188 0.6799665178571429 0.1819377466023674 0.011997767857142858 0.010083296799649276
189 0.662109375 0.2698377904427883 0.017578125 0.011398509425690487
182 0.5883091517857143 0.26994739149495833 0.007254464285714286 0.012056115738711091
196 0.5559430803571429 0.159798334064007 0.016462053571428572 0.025865848312143797
25 0.59228515625 0.5469092503288031 0.010184151785714286 0.016220955721174924
195 0.5570591517857143 0.5447172292854011 0.016183035714285716 0.025427444103463395
184 0.25209263392857145 0.27849627356422624 0.005580357142857143 0.02915387987724682
186 0.20619419642857142 0.2698377904427883 0.009765625 0.012713722051731697
192 0.13671875 0.21481806225339764 0.015625 0.024550635686102586
119 0.10344587053571429 0.22128452433143359 0.014369419642857142 0.024331433581762384
196 0.0849609375 0.24243752740026303 0.016183035714285716 0.025427444103463395
63 0.5954938616071429 0.15968873301183692 0.011021205357142858 0.012056115738711091
182 0.6536690848214286 0.15968873301183692 0.007952008928571428 0.012056115738711091
182 0.48486328125 0.159798334064007 0.007672991071428571 0.01183691363437089
177 0.4540318080357143 0.15990793511617712 0.0126953125 0.011617711530030689
60 0.41908482142857145 0.15968873301183692 0.010881696428571428 0.012056115738711091
193 0.6268136160714286 0.21481806225339764 0.015625 0.024112231477422183
25 0.6454380580357143 0.2356422621657168 0.009347098214285714 0.01797457255589654
191 0.7015206473214286 0.2698377904427883 0.009905133928571428 0.015344147303814117
196 0.6449497767857143 0.2982244629548444 0.016462053571428572 0.025646646207803596
193 0.6449497767857143 0.4640508548882069 0.015904017857142856 0.02498903989478299
191 0.5749162946428571 0.6817185444980272 0.011997767857142858 0.018851380973257344
181 0.4697963169642857 0.6264796142042963 0.007393973214285714 0.020604997807978958
60 0.48207310267857145 0.5446076282332311 0.013532366071428572 0.012056115738711091
178 0.5258091517857143 0.5444980271810609 0.012276785714285714 0.012275317843051293
102 0.45542689732142855 0.819596668128014 0.0126953125 0.01183691363437089
192 0.41671316964285715 0.8198158702323542 0.015625 0.024550635686102586
182 0.38009207589285715 0.819596668128014 0.007393973214285714 0.01183691363437089
119 0.3452845982142857 0.8260631302060499 0.014787946428571428 0.024769837790442787
142 0.30650111607142855 0.8200350723366945 0.0078125 0.012275317843051293
190 0.2733677455357143 0.8197062691801841 0.009626116071428572 0.009425690486628672
190 0.09842354910714286 0.2698377904427883 0.007672991071428571 0.01183691363437089
193 0.11990792410714286 0.24188952213941253 0.016043526785714284 0.025208241999123193
177 0.18987165178571427 0.1854449802718106 0.007533482142857143 0.021920210434020166
182 0.14474051339285715 0.5444980271810609 0.007114955357142857 0.012275317843051293
187 0.20744977678571427 0.5997369574747917 0.00390625 0.01183691363437089
182 0.19873046875 0.5444980271810609 0.007672991071428571 0.01183691363437089
60 0.13895089285714285 0.37976764576939936 0.011439732142857142 0.011617711530030689
142 0.09521484375 0.3798772468215695 0.007114955357142857 0.012275317843051293
192 0.0849609375 0.35138097325734324 0.015066964285714286 0.024550635686102586
183 0.08837890625 0.6328364752301622 0.0146484375 0.008768084173608066
63 0.08482142857142858 0.6762384918895221 0.007533482142857143 0.01709776413853573
187 0.0849609375 0.7372862779482683 0.007533482142857143 0.006356861025865849
191 0.48618861607142855 0.7647961420429636 0.010602678571428572 0.016659359929855327
181 0.5400390625 0.7440815431828146 0.007533482142857143 0.016878562034195528
192 0.5398995535714286 0.7924156071898291 0.016462053571428572 0.025865848312143797
178 0.60986328125 0.8494081543182814 0.007672991071428571 0.01841297676457694
176 0.6630161830357143 0.8746163963174046 0.009347098214285714 0.01183691363437089
192 0.25997488839285715 0.1318500657606313 0.0166015625 0.026085050416484
119 0.23835100446428573 0.11135466900482245 0.012974330357142858 0.024550635686102586
177 0.15492466517857142 0.131521262604121 0.007393973214285714 0.019289785181937746
25 0.5592912946428571 0.10357299430074529 0.010044642857142858 0.014248136782113108
195 0.5927036830357143 0.10488820692678649 0.016043526785714284 0.025208241999123193
189 0.7329799107142857 0.8748355984217449 0.017578125 0.010083296799649276
182 0.64501953125 0.7995396755808856 0.007672991071428571 0.011617711530030689
193 0.15492466517857142 0.24134151687856203 0.016880580357142856 0.026742656729504603
183 0.15841238839285715 0.4066199035510741 0.0146484375 0.00920648838228847
176 0.15513392857142858 0.4585708022797019 0.0078125 0.021481806225339763
182 0.7498604910714286 0.7346558526961858 0.0078125 0.011617711530030689
142 0.7499302455357143 0.6822665497588777 0.007672991071428571 0.011179307321350284
63 0.7343052455357143 0.5447172292854011 0.0107421875 0.01183691363437089
32 0.6802455357142857 0.7338886453309952 0.008649553571428572 0.017536168347216132
32 0.6805943080357143 0.6876370013152127 0.0087890625 0.01709776413853573
183 0.6764090401785714 0.5653222270933801 0.0146484375 0.008768084173608066
189 0.17313058035714285 0.15990793511617712 0.017578125 0.013809732573432706
191 0.15492466517857142 0.19048662867163524 0.012137276785714286 0.019289785181937746
195 0.22495814732142858 0.12987724682156948 0.016043526785714284 0.025208241999123193
192 0.294921875 0.1330556773345024 0.017578125 0.02761946514686541
192 0.6970563616071429 0.21481806225339764 0.016322544642857144 0.025865848312143797
193 0.6611328125 0.21481806225339764 0.015625 0.024550635686102586
195 0.25997488839285715 0.5193993862341079 0.016043526785714284 0.025208241999123193
181 0.24623325892857142 0.5451556334940816 0.010323660714285714 0.01183691363437089
183 0.25655691964285715 0.30556773345024113 0.014787946428571428 0.00920648838228847
14 0.24330357142857142 0.3792196405085489 0.011439732142857142 0.01183691363437089
189 0.46993582589285715 0.8494081543182814 0.008510044642857142 0.02761946514686541
192 0.48897879464285715 0.8747259973695748 0.015625 0.02389302937308198
119 0.3135463169642857 0.6060938185006576 0.0126953125 0.024112231477422183
25 0.10002790178571429 0.48838228846996934 0.013113839285714286 0.01446733888645331
176 0.13790457589285715 0.48991670320035074 0.0107421875 0.01183691363437089
14 0.75 0.12384918895221395 0.007533482142857143 0.01972818939061815
181 0.7499302455357143 0.19092503288031565 0.007672991071428571 0.016659359929855327
63 0.7497907366071429 0.29723805348531346 0.007393973214285714 0.018851380973257344
180 0.7499302455357143 0.34732573432704955 0.007393973214285714 0.016878562034195528