187 0.34633091517857145 0.7375575531681648 0.004603794642857143 0.013593510195132646
187 0.6366489955357143 0.9250164437623328 0.004603794642857143 0.013593510195132646
187 0.5833565848214286 0.6749616312212234 0.004603794642857143 0.013374260030695024
187 0.265625 0.9250164437623328 0.004464285714285714 0.013593510195132646
187 0.16127232142857142 0.29993422495066874 0.004464285714285714 0.013593510195132646
187 0.646484375 0.8235036176277132 0.008649553571428572 0.007016005262003947
187 0.6862444196428571 0.6395527296645472 0.008649553571428572 0.007016005262003947
187 0.37255859375 0.9250164437623328 0.004603794642857143 0.013593510195132646
14 0.24867466517857142 0.895856171892129 0.008510044642857142 0.019294014470510854
176 0.24860491071428573 0.8245998684499013 0.008649553571428572 0.019294014470510854
191 0.24874441964285715 0.7132207849155887 0.013392857142857142 0.02104801578601184
175 0.14655412946428573 0.8000438500328875 0.011858258928571428 0.013593510195132646
190 0.24881417410714285 0.6575312431484324 0.009626116071428572 0.013593510195132646
179 0.2470703125 0.5726814295110721 0.01171875 0.02324051743038807
63 0.4873744419642857 0.8330409997807499 0.008510044642857142 0.021267265950449463
191 0.46400669642857145 0.7999342249506687 0.013113839285714286 0.020828765621574215
185 0.48116629464285715 0.7787765840824381 0.021205357142857144 0.010085507564130673
177 0.46937779017857145 0.7376671782503836 0.014090401785714286 0.01381276035957027
63 0.6865234375 0.3260249945187459 0.008649553571428572 0.02236351677263758
178 0.6649693080357143 0.1749616312212234 0.012974330357142858 0.0131550098662574
191 0.5812639508928571 0.23733830300372724 0.012974330357142858 0.02039026529269897
180 0.5887974330357143 0.4247971935978952 0.015764508928571428 0.01381276035957027
193 0.5272042410714286 0.5190747643060732 0.018973214285714284 0.029598772199079148
191 0.5272042410714286 0.7802017101512826 0.014229910714285714 0.022582766937075203
32 0.16985212053571427 0.40221442666081997 0.010463169642857142 0.022144266608199955
181 0.18226841517857142 0.5499890374917781 0.014369419642857142 0.013374260030695024
176 0.23095703125 0.5497697873273405 0.011579241071428572 0.013374260030695024
102 0.14836774553571427 0.6124753343565008 0.015485491071428572 0.013374260030695024
188 0.3680943080357143 0.8169261126945845 0.017717633928571428 0.01052400789300592
119 0.36363002232142855 0.7025871519403639 0.017717633928571428 0.022582766937075203
180 0.3681640625 0.6493093619820215 0.008649553571428572 0.02039026529269897
180 0.35023716517857145 0.6124753343565008 0.012974330357142858 0.013374260030695024
186 0.26632254464285715 0.6755097566323175 0.011160714285714286 0.01447051085288314
195 0.20905412946428573 0.642622231966674 0.015206473214285714 0.024117518088138567
182 0.20884486607142858 0.5874808156106117 0.008928571428571428 0.01381276035957027
142 0.20891462053571427 0.5351896513922385 0.0087890625 0.012716509537382154
184 0.2197265625 0.4776364832273624 0.006975446428571429 0.03310677483008112
60 0.56689453125 0.7053277789958342 0.0087890625 0.017978513483885114
63 0.56689453125 0.8375356281517211 0.008510044642857142 0.017540013155009866
193 0.5669642857142857 0.8947599210699408 0.018694196428571428 0.029379522034641527
192 0.5876813616071429 0.9250164437623328 0.017717633928571428 0.02762552071914054
177 0.48744419642857145 0.6427318570488928 0.008370535714285714 0.022582766937075203
186 0.23011997767857142 0.36242052181539136 0.0107421875 0.014909011181758386
182 0.27601841517857145 0.36242052181539136 0.0087890625 0.013593510195132646
179 0.3925083705357143 0.8651611488708617 0.015485491071428572 0.018855514141635606
184 0.4414760044642857 0.8360008770006577 0.021344866071428572 0.010085507564130673
184 0.4413364955357143 0.5906599429949573 0.021065848214285716 0.010085507564130673
185 0.47446986607142855 0.5402324051743039 0.006696428571428571 0.03332602499451875
188 0.3929966517857143 0.29993422495066874 0.008649553571428572 0.024117518088138567
191 0.3402622767857143 0.2997149747862311 0.011160714285714286 0.017540013155009866
182 0.40771484375 0.20280640210480158 0.009068080357142858 0.014032010524007894
102 0.40771484375 0.3190089892567419 0.0087890625 0.016663012497259374
179 0.42599051339285715 0.4221661916246437 0.0166015625 0.018636263977197982
185 0.5438058035714286 0.4776364832273624 0.006696428571428571 0.03310677483008112
181 0.48744419642857145 0.2624424468318351 0.008370535714285714 0.017978513483885114
189 0.5458286830357143 0.5498794124095593 0.019949776785714284 0.015786011839508878
181 0.5668247767857143 0.5878096908572682 0.008649553571428572 0.017978513483885114
188 0.5669642857142857 0.46459109844332386 0.016462053571428572 0.01052400789300592
188 0.5669642857142857 0.4005700504275378 0.016741071428571428 0.011401008550756413
194 0.12946428571428573 0.7090550317912738 0.017857142857142856 0.028064021048015787
186 0.12932477678571427 0.6399912299934225 0.010044642857142858 0.01710151282613462
14 0.14899553571428573 0.5498794124095593 0.013392857142857142 0.0131550098662574
182 0.6065848214285714 0.13933347950010963 0.008649553571428572 0.01381276035957027
196 0.6067243303571429 0.26989695242271433 0.018415178571428572 0.02894102170576628
188 0.6067243303571429 0.3317254987941241 0.012276785714285714 0.012278009208506906
186 0.30629185267857145 0.2998245998684499 0.011579241071428572 0.014689761017320764
181 0.2660435267857143 0.2997149747862311 0.014508928571428572 0.0131550098662574
185 0.22802734375 0.30958123218592415 0.006556919642857143 0.03332602499451875
195 0.42836216517857145 0.48750274062705545 0.017996651785714284 0.028283271212453408
180 0.18247767857142858 0.6124753343565008 0.013113839285714286 0.013374260030695024
196 0.23074776785714285 0.6123657092742819 0.018415178571428572 0.02894102170576628
142 0.19391741071428573 0.4876123657092743 0.008370535714285714 0.014032010524007894
187 0.2885044642857143 0.3936636702477527 0.008649553571428572 0.00723525542644157
176 0.28836495535714285 0.5801359351019513 0.008370535714285714 0.02236351677263758
195 0.40785435267857145 0.8297522473141855 0.015206473214285714 0.02433676825257619
186 0.6256277901785714 0.7377768033326025 0.011300223214285714 0.014032010524007894
195 0.5272042410714286 0.27132207849155887 0.017857142857142856 0.027844770883578163
180 0.5269949776785714 0.321311115983337 0.008510044642857142 0.023459767594825695
189 0.5272042410714286 0.39530804648103485 0.011439732142857142 0.031572023679017756
102 0.6697126116071429 0.6123657092742819 0.012137276785714286 0.013593510195132646
119 0.6312081473214286 0.4945187458890594 0.016880580357142856 0.027844770883578163
185 0.6776646205357143 0.3722867792150844 0.006277901785714286 0.03332602499451875
178 0.42564174107142855 0.924906818680114 0.015345982142857142 0.013374260030695024
102 0.46665736607142855 0.9252356939267704 0.015066964285714286 0.013593510195132646
194 0.3485630580357143 0.424906818680114 0.017996651785714284 0.028064021048015787
194 0.3680943080357143 0.39322516991887746 0.017717633928571428 0.027844770883578163
187 0.5868443080357143 0.11247533435650077 0.004603794642857143 0.013593510195132646
175 0.6465541294642857 0.21015128261346197 0.008510044642857142 0.01775926331944749
189 0.6259765625 0.29993422495066874 0.020089285714285716 0.011401008550756413
188 0.08970424107142858 0.77768033326025 0.017857142857142856 0.013593510195132646
185 0.09870256696428571 0.7901775926331944 0.006277901785714286 0.03332602499451875
177 0.08977399553571429 0.6439377329532997 0.008510044642857142 0.02104801578601184
60 0.08970424107142858 0.5754220565665424 0.008370535714285714 0.017320762990572242
178 0.3681640625 0.4537382153036615 0.008649553571428572 0.022582766937075203
196 0.38832310267857145 0.36242052181539136 0.017717633928571428 0.028064021048015787
192 0.4476841517857143 0.32942337206752903 0.017020089285714284 0.027844770883578163
190 0.4476841517857143 0.29083534312650733 0.0078125 0.01512826134619601