187 0.37925502232142855 0.1749616312212234 0.004603794642857143 0.013593510195132646
187 0.10672433035714286 0.11247533435650077 0.004464285714285714 0.013593510195132646
187 0.12946428571428573 0.6954615215961412 0.008649553571428572 0.007016005262003947
187 0.6067243303571429 0.5224731418548564 0.008649553571428572 0.007016005262003947
187 0.2885044642857143 0.916794562595922 0.008649553571428572 0.00723525542644157
179 0.6846400669642857 0.15018636263977198 0.012137276785714286 0.020609515457136594
177 0.6862444196428571 0.20160052620039465 0.008928571428571428 0.022582766937075203
25 0.6681082589285714 0.1767156325367244 0.013950892857142858 0.017540013155009866
184 0.6195591517857143 0.18471826353869766 0.006417410714285714 0.03310677483008112
119 0.541015625 0.18219688664766498 0.017020089285714284 0.02762552071914054
188 0.4755859375 0.17485200613900462 0.006417410714285714 0.02433676825257619
177 0.48744419642857145 0.6473361105020828 0.008928571428571428 0.018636263977197982
190 0.48744419642857145 0.599539574654681 0.007254464285714286 0.012935759701819776
195 0.4873744419642857 0.5181977636483227 0.017717633928571428 0.027844770883578163
195 0.48744419642857145 0.7062047796535847 0.015625 0.02455601841701381
63 0.48765345982142855 0.7664985748739311 0.008510044642857142 0.02104801578601184
25 0.46993582589285715 0.8014689761017321 0.012137276785714286 0.01644376233282175
119 0.5115094866071429 0.7302126726595045 0.016043526785714284 0.027844770883578163
102 0.08977399553571429 0.5122780092085069 0.0087890625 0.023459767594825695
186 0.08970424107142858 0.45340934005700506 0.010044642857142858 0.01710151282613462
187 0.08970424107142858 0.3936636702477527 0.008649553571428572 0.00723525542644157
192 0.08970424107142858 0.5841920631440474 0.017299107142857144 0.027844770883578163
178 0.23109654017857142 0.6749616312212234 0.013253348214285714 0.013374260030695024
175 0.18861607142857142 0.36242052181539136 0.015904017857142856 0.0131550098662574
191 0.2733677455357143 0.42501644376233283 0.012974330357142858 0.02039026529269897
102 0.18582589285714285 0.5499890374917781 0.011160714285714286 0.01381276035957027
14 0.3827427455357143 0.7375575531681648 0.014927455357142858 0.013593510195132646
185 0.42396763392857145 0.871957903968428 0.006417410714285714 0.033764525323393996
32 0.4482421875 0.7144266608199956 0.009765625 0.025213768910326683
192 0.4476841517857143 0.5177592633194474 0.017578125 0.027844770883578163
184 0.13567243303571427 0.21398816049112038 0.021344866071428572 0.010085507564130673
179 0.18770926339285715 0.23459767594825695 0.015764508928571428 0.018855514141635606
183 0.25279017857142855 0.28261346196009646 0.016462053571428572 0.010085507564130673
179 0.13127790178571427 0.25794781846086384 0.011997767857142858 0.019951764963823723
14 0.12953404017857142 0.3808375356281517 0.008510044642857142 0.02236351677263758
182 0.12946428571428573 0.5228020171015129 0.008928571428571428 0.01249725937294453
119 0.26388113839285715 0.5572242929182197 0.0166015625 0.027844770883578163
184 0.2822963169642857 0.46272747204560405 0.021065848214285716 0.010304757728568297
178 0.31117466517857145 0.4876123657092743 0.015764508928571428 0.013593510195132646
185 0.21533203125 0.6534751151063364 0.021065848214285716 0.010743258057443543
60 0.20891462053571427 0.7028064021048016 0.008510044642857142 0.020828765621574215
195 0.20905412946428573 0.7703354527515895 0.015206473214285714 0.02433676825257619
189 0.18833705357142858 0.7999342249506687 0.020089285714285716 0.012935759701819776
186 0.5501534598214286 0.9250164437623328 0.011021205357142858 0.015347511510633634
142 0.6214425223214286 0.9252356939267704 0.008510044642857142 0.014032010524007894
194 0.5272042410714286 0.8931155448366587 0.017857142857142856 0.027844770883578163
194 0.5272042410714286 0.8307388730541548 0.018415178571428572 0.02894102170576628
191 0.5272042410714286 0.7717605788204341 0.011439732142857142 0.017978513483885114
25 0.5262276785714286 0.6425126068844552 0.010323660714285714 0.01907476430607323
190 0.5272042410714286 0.6037053277789959 0.010044642857142858 0.012058759044069283
25 0.21023995535714285 0.26989695242271433 0.010881696428571428 0.02367901775926332
179 0.19489397321428573 0.3024556018417014 0.014508928571428572 0.01907476430607323
192 0.208984375 0.20434115325586494 0.018694196428571428 0.029379522034641527
142 0.18254743303571427 0.11258495943871957 0.007952008928571428 0.013374260030695024
14 0.61962890625 0.424906818680114 0.015485491071428572 0.0131550098662574
190 0.4476841517857143 0.467989475992107 0.009486607142857142 0.010743258057443543
186 0.3861607142857143 0.11214645910984433 0.010881696428571428 0.014689761017320764
183 0.41190011160714285 0.19885989914492436 0.0166015625 0.010085507564130673
178 0.38881138392857145 0.23700942775707082 0.013392857142857142 0.014032010524007894
25 0.31040736607142855 0.23920192940144705 0.014508928571428572 0.016224512168384126
180 0.26353236607142855 0.2376671782503837 0.012555803571428572 0.0131550098662574
195 0.34688895089285715 0.424906818680114 0.017717633928571428 0.02718702039026529
180 0.5428292410714286 0.48739311554483666 0.013950892857142858 0.013593510195132646
183 0.279296875 0.3062924797193598 0.006417410714285714 0.02587151940363955
193 0.3680943080357143 0.3336987502740627 0.017996651785714284 0.028064021048015787
182 0.22321428571428573 0.3001534751151063 0.008370535714285714 0.014032010524007894
187 0.2885044642857143 0.26869107651830737 0.008649553571428572 0.00723525542644157
60 0.6863141741071429 0.4486954615215961 0.0087890625 0.024775268581451435
194 0.6658063616071429 0.2998245998684499 0.017717633928571428 0.027844770883578163
195 0.6246512276785714 0.29993422495066874 0.017717633928571428 0.02762552071914054
102 0.6630859375 0.6124753343565008 0.012834821428571428 0.013374260030695024
195 0.5865652901785714 0.6124753343565008 0.017717633928571428 0.027844770883578163
179 0.5530133928571429 0.6149967112475334 0.016462053571428572 0.01841701381276036
192 0.6067243303571429 0.8283271212453409 0.018136160714285716 0.02850252137689103
187 0.6067243303571429 0.6437184827888621 0.008649553571428572 0.007016005262003947
191 0.6667131696428571 0.48739311554483666 0.013113839285714286 0.020609515457136594
177 0.31187220982142855 0.7374479280859461 0.013253348214285714 0.01381276035957027
189 0.349609375 0.7374479280859461 0.020089285714285716 0.01775926331944749
190 0.28857421875 0.7065336549002412 0.009905133928571428 0.01644376233282175
194 0.28857421875 0.6418548563911423 0.017717633928571428 0.027844770883578163
195 0.28857421875 0.5799166849375137 0.018275669642857144 0.02850252137689103
187 0.46756417410714285 0.48739311554483666 0.004603794642857143 0.013593510195132646
177 0.46875 0.29993422495066874 0.011997767857142858 0.0131550098662574
196 0.38706752232142855 0.29993422495066874 0.0185546875 0.029379522034641527
192 0.50732421875 0.29993422495066874 0.017717633928571428 0.02762552071914054
193 0.5479910714285714 0.29993422495066874 0.017857142857142856 0.028064021048015787
196 0.5886579241071429 0.29993422495066874 0.0185546875 0.029379522034641527
186 0.15213448660714285 0.48706424029818024 0.011021205357142858 0.014251260688445516
14 0.14683314732142858 0.6131330848498137 0.015485491071428572 0.013374260030695024
175 0.1865234375 0.6122560841920631 0.012834821428571428 0.01381276035957027
187 0.22893415178571427 0.6123657092742819 0.004464285714285714 0.013593510195132646
102 0.24888392857142858 0.4583424687568516 0.008649553571428572 0.01775926331944749
176 0.08949497767857142 0.7563034422275817 0.008510044642857142 0.016005262003946502
183 0.11997767857142858 0.7937952203464153 0.006417410714285714 0.026090769568077175
180 0.08977399553571429 0.6424029818022363 0.0087890625 0.022802017101512827
176 0.6256277901785714 0.48706424029818024 0.0126953125 0.013374260030695024
188 0.40792410714285715 0.706095154571366 0.013671875 0.012058759044069283
190 0.42892020089285715 0.6123657092742819 0.008231026785714286 0.013593510195132646
190 0.40792410714285715 0.5729006796755097 0.006417410714285714 0.011401008550756413
190 0.40792410714285715 0.8146239859679895 0.008649553571428572 0.010743258057443543
142 0.41748046875 0.924906818680114 0.008510044642857142 0.01381276035957027
183 0.46065848214285715 0.9187678140758606 0.006417410714285714 0.026090769568077175
182 0.4984654017857143 0.9247971935978953 0.008649553571428572 0.014032010524007894
184 0.7093331473214286 0.4971497478623109 0.0068359375 0.03354527515895637
102 0.7259347098214286 0.4047358035518527 0.0087890625 0.02236351677263758
192 0.70556640625 0.2998245998684499 0.017717633928571428 0.027844770883578163
188 0.72607421875 0.2726375794781846 0.013253348214285714 0.012935759701819776
176 0.72607421875 0.15500986625739968 0.008510044642857142 0.02455601841701381
195 0.7043108258928571 0.1749616312212234 0.017717633928571428 0.02718702039026529
102 0.6698521205357143 0.11247533435650077 0.011579241071428572 0.0131550098662574
195 0.5459681919642857 0.11247533435650077 0.017717633928571428 0.02718702039026529
185 0.49916294642857145 0.12223196667397501 0.006417410714285714 0.03310677483008112
180 0.28857421875 0.8249287436965578 0.008510044642857142 0.018636263977197982