187 0.15492466517857142 0.9234984655852696 0.007672991071428571 0.006137658921525646
187 0.11363002232142858 0.8747259973695748 0.004045758928571429 0.012056115738711091
187 0.10923549107142858 0.8198158702323542 0.00390625 0.01183691363437089
187 0.5645228794642857 0.37976764576939936 0.004045758928571429 0.012056115738711091
187 0.25990513392857145 0.8902893467777291 0.007533482142857143 0.006356861025865849
187 0.6099330357142857 0.8970846120122753 0.007533482142857143 0.006356861025865849
187 0.5398995535714286 0.6365629110039457 0.007533482142857143 0.006137658921525646
187 0.6449497767857143 0.8015124945199474 0.007533482142857143 0.006356861025865849
190 0.16287667410714285 0.8747259973695748 0.0087890625 0.012056115738711091
175 0.24030412946428573 0.8749451994739149 0.012416294642857142 0.012056115738711091
186 0.18987165178571427 0.7326830337571241 0.009207589285714286 0.015124945199473916
183 0.2001953125 0.594585708022797 0.005859375 0.02345462516440158
192 0.24323381696428573 0.5997369574747917 0.015485491071428572 0.024550635686102586
176 0.75 0.5244410346339324 0.007533482142857143 0.01731696624287593
196 0.7499302455357143 0.5731039017974573 0.016322544642857144 0.025646646207803596
32 0.7507672991071429 0.6711968434896975 0.0087890625 0.02104340201665936
177 0.7499302455357143 0.35192897851819377 0.007672991071428571 0.01994739149495835
181 0.7499302455357143 0.1949802718106094 0.007393973214285714 0.02082419991231916
190 0.7395368303571429 0.159798334064007 0.005580357142857143 0.0131521262604121
142 0.6909877232142857 0.16012713722051733 0.007254464285714286 0.012056115738711091
60 0.6951729910714286 0.32507672073651905 0.011997767857142858 0.01183691363437089
194 0.6614815848214286 0.32474791758000876 0.015764508928571428 0.024769837790442787
190 0.6220703125 0.3248575186321789 0.007254464285714286 0.0131521262604121
142 0.5623604910714286 0.3248575186321789 0.007254464285714286 0.01183691363437089
175 0.345703125 0.599956159579132 0.012276785714285714 0.01183691363437089
186 0.36495535714285715 0.677224901359053 0.008370535714285714 0.014686540990793511
175 0.36495535714285715 0.791319596668128 0.007533482142857143 0.01709776413853573
189 0.36495535714285715 0.4059622972380535 0.009207589285714286 0.02761946514686541
179 0.36342075892857145 0.29789565979833404 0.010602678571428572 0.02367382726874178
193 0.36488560267857145 0.24035510740903113 0.016043526785714284 0.025208241999123193
32 0.34228515625 0.21372205173169662 0.011858258928571428 0.014028934677772907
14 0.31703404017857145 0.21525646646207802 0.012137276785714286 0.01183691363437089
191 0.27518136160714285 0.21492766330556773 0.010184151785714286 0.016001753616834723
194 0.6798967633928571 0.8485313459009206 0.0146484375 0.024550635686102586
142 0.6542271205357143 0.8748355984217449 0.007114955357142857 0.012275317843051293
184 0.6026785714285714 0.7732354230600613 0.005580357142857143 0.029592284085927224
14 0.56396484375 0.7645769399386234 0.012416294642857142 0.012275317843051293
193 0.6268136160714286 0.709776413853573 0.015625 0.024550635686102586
196 0.5049525669642857 0.6811705392371766 0.0166015625 0.026085050416484
187 0.0849609375 0.1873081981587023 0.007533482142857143 0.006356861025865849
190 0.0849609375 0.3018412976764577 0.005580357142857143 0.01183691363437089
181 0.10037667410714286 0.3796580447172293 0.012416294642857142 0.01183691363437089
14 0.23681640625 0.32507672073651905 0.009626116071428572 0.012275317843051293
176 0.13246372767857142 0.8197062691801841 0.012974330357142858 0.011617711530030689
185 0.14962332589285715 0.8045813239807103 0.019112723214285716 0.00898728627794827
60 0.15492466517857142 0.7463831652783867 0.007672991071428571 0.01578255151249452
60 0.14341517857142858 0.6547566856641823 0.010881696428571428 0.01183691363437089
194 0.17292131696428573 0.8198158702323542 0.015485491071428572 0.023235423060061378
178 0.24253627232142858 0.8197062691801841 0.011300223214285714 0.011617711530030689
188 0.3129185267857143 0.8197062691801841 0.005580357142857143 0.016878562034195528
188 0.11990792410714286 0.1999123191582639 0.009626116071428572 0.010083296799649276
190 0.24727957589285715 0.21481806225339764 0.005998883928571429 0.01446733888645331
175 0.0849609375 0.1313020604997808 0.007533482142857143 0.015344147303814117
194 0.10400390625 0.21492766330556773 0.0166015625 0.026085050416484
182 0.13002232142857142 0.21492766330556773 0.007533482142857143 0.012056115738711091
184 0.09493582589285714 0.09644892590968873 0.005719866071428571 0.029811486190267425
183 0.13162667410714285 0.09929855326611135 0.005719866071428571 0.022797018851380975
183 0.17075892857142858 0.09940815431828146 0.005859375 0.023016220955721176
191 0.23807198660714285 0.10488820692678649 0.009347098214285714 0.014686540990793511
182 0.12004743303571429 0.8319815870232354 0.007952008928571428 0.011617711530030689
195 0.11990792410714286 0.7897851819377466 0.013532366071428572 0.021481806225339763
190 0.14760044642857142 0.709776413853573 0.008370535714285714 0.01446733888645331
63 0.17466517857142858 0.709776413853573 0.010602678571428572 0.01183691363437089
119 0.7538364955357143 0.7383822884699693 0.015485491071428572 0.02345462516440158
32 0.7031947544642857 0.7635905304690925 0.0126953125 0.013809732573432706
183 0.7352120535714286 0.5501972818939062 0.005580357142857143 0.023235423060061378
194 0.6964285714285714 0.5447172292854011 0.017020089285714284 0.026742656729504603
180 0.6799665178571429 0.5213722051731696 0.007533482142857143 0.016878562034195528
196 0.6799665178571429 0.4601052170100833 0.015625 0.024550635686102586
193 0.6798967633928571 0.4055238930293731 0.015206473214285714 0.024550635686102586
63 0.6316266741071429 0.37943884261288907 0.011858258928571428 0.012275317843051293
179 0.5977260044642857 0.3821788689171416 0.0146484375 0.016440157825515125
187 0.5398995535714286 0.24232792634809294 0.007533482142857143 0.006356861025865849
188 0.5490373883928571 0.159798334064007 0.007672991071428571 0.024550635686102586
184 0.6181640625 0.15113985094256904 0.005859375 0.02915387987724682
189 0.6637834821428571 0.15990793511617712 0.017578125 0.010740903112669882
195 0.5398995535714286 0.1303156510302499 0.013392857142857142 0.021262604120999562
119 0.42257254464285715 0.11080666374397194 0.013392857142857142 0.024331433581762384
182 0.37527901785714285 0.1045594037702762 0.006975446428571429 0.01183691363437089
186 0.34912109375 0.10488820692678649 0.009905133928571428 0.014248136782113108
179 0.3096400669642857 0.10718982902235862 0.013253348214285714 0.016659359929855327
194 0.27622767857142855 0.10488820692678649 0.015625 0.02389302937308198
191 0.25990513392857145 0.6829241560718983 0.01171875 0.018632178868917142
63 0.6099330357142857 0.7468215694870671 0.007533482142857143 0.021481806225339763
180 0.40004185267857145 0.6300964489259097 0.007672991071428571 0.01994739149495835
196 0.3814174107142857 0.5998465585269619 0.015625 0.02389302937308198
119 0.23883928571428573 0.38601490574309516 0.012555803571428572 0.024550635686102586
183 0.17926897321428573 0.3850284962735642 0.005859375 0.02345462516440158
186 0.13776506696428573 0.37943884261288907 0.010184151785714286 0.013590530469092503
192 0.25997488839285715 0.35138097325734324 0.016043526785714284 0.02498903989478299
178 0.17082868303571427 0.21448925909688732 0.014090401785714286 0.012056115738711091
176 0.22502790178571427 0.18807540552389304 0.007533482142857143 0.01972818939061815
32 0.20626395089285715 0.1588119245944761 0.011579241071428572 0.013809732573432706
196 0.13713727678571427 0.159798334064007 0.015625 0.024112231477422183
178 0.36474609375 0.13754932047347654 0.007672991071428571 0.01994739149495835
192 0.3827427455357143 0.21481806225339764 0.015485491071428572 0.024550635686102586
180 0.27818080357142855 0.1595791319596668 0.013392857142857142 0.012275317843051293
177 0.29478236607142855 0.18478737395879 0.0078125 0.021481806225339763
60 0.294921875 0.23421744848750548 0.007533482142857143 0.016440157825515125
195 0.27601841517857145 0.26972818939061816 0.015485491071428572 0.02389302937308198
193 0.22495814732142858 0.2982244629548444 0.0166015625 0.026085050416484
182 0.294921875 0.28430512932924157 0.007533482142857143 0.01183691363437089
196 0.27601841517857145 0.32474791758000876 0.015764508928571428 0.024769837790442787
177 0.294921875 0.40377027619465145 0.007533482142857143 0.018851380973257344
190 0.294921875 0.49550635686102584 0.008091517857142858 0.012056115738711091
195 0.15492466517857142 0.19004822446295486 0.015485491071428572 0.024550635686102586
191 0.5930524553571429 0.48980710214818063 0.010323660714285714 0.016440157825515125
63 0.6278599330357143 0.48991670320035074 0.011021205357142858 0.01183691363437089
190 0.5049525669642857 0.5769399386234108 0.007114955357142857 0.0131521262604121
188 0.40994698660714285 0.5997369574747917 0.0068359375 0.01578255151249452
195 0.11990792410714286 0.6800745287154757 0.015764508928571428 0.024769837790442787
25 0.25892857142857145 0.5193993862341079 0.009486607142857142 0.019070583077597545
182 0.26011439732142855 0.4689829022358615 0.007672991071428571 0.011617711530030689
25 0.22391183035714285 0.39861902674265676 0.009765625 0.018632178868917142
63 0.27294921875 0.6546470846120123 0.0107421875 0.012056115738711091
188 0.34765625 0.6547566856641823 0.007254464285714286 0.01578255151249452
176 0.7149135044642857 0.18106093818500657 0.007672991071428571 0.020604997807978958
191 0.7010323660714286 0.21481806225339764 0.009486607142857142 0.014905743095133712
63 0.666015625 0.21503726435773785 0.01171875 0.012275317843051293
192 0.6259068080357143 0.21481806225339764 0.015764508928571428 0.02498903989478299
181 0.5567103794642857 0.21481806225339764 0.010463169642857142 0.01183691363437089
196 0.5218331473214286 0.6547566856641823 0.015485491071428572 0.024550635686102586
185 0.5103934151785714 0.8056773345024112 0.0185546875 0.009425690486628672
176 0.19001116071428573 0.1947610697062692 0.007533482142857143 0.02082419991231916
25 0.47105189732142855 0.6739368697939501 0.009626116071428572 0.01994739149495835
191 0.6449497767857143 0.5800087680841736 0.009765625 0.015344147303814117