187 0.7150530133928571 0.11247533435650077 0.004603794642857143 0.013593510195132646
187 0.6232561383928571 0.11247533435650077 0.004603794642857143 0.013593510195132646
187 0.24874441964285715 0.5821091865818899 0.008649553571428572 0.007016005262003947
187 0.6307198660714286 0.9250164437623328 0.004464285714285714 0.013593510195132646
187 0.23932756696428573 0.36242052181539136 0.004603794642857143 0.013593510195132646
187 0.5143694196428571 0.29993422495066874 0.004464285714285714 0.013593510195132646
142 0.19663783482142858 0.1747423810567858 0.008510044642857142 0.014032010524007894
102 0.16957310267857142 0.13768910326682746 0.008510044642857142 0.016663012497259374
186 0.19119698660714285 0.11225608419206315 0.011300223214285714 0.016224512168384126
175 0.23081752232142858 0.11247533435650077 0.014369419642857142 0.0131550098662574
25 0.5282505580357143 0.33304099978074986 0.0107421875 0.02324051743038807
192 0.5059291294642857 0.424906818680114 0.017717633928571428 0.02718702039026529
25 0.4727260044642857 0.42622231966673974 0.012974330357142858 0.015786011839508878
183 0.5230887276785714 0.22407366805525103 0.016322544642857144 0.010085507564130673
182 0.63427734375 0.17507125630344222 0.008510044642857142 0.01381276035957027
181 0.6646902901785714 0.17485200613900462 0.013253348214285714 0.013374260030695024
25 0.6476702008928571 0.32766937075202807 0.0107421875 0.02433676825257619
119 0.6321847098214286 0.4321420741065556 0.017438616071428572 0.028064021048015787
194 0.646484375 0.8285463714097786 0.018415178571428572 0.02894102170576628
192 0.6465541294642857 0.7056566542424907 0.017996651785714284 0.028283271212453408
184 0.6404157366071429 0.6477746108309581 0.021344866071428572 0.010304757728568297
190 0.6519949776785714 0.6124753343565008 0.009626116071428572 0.01512826134619601
178 0.6279296875 0.8627493970620478 0.013950892857142858 0.013593510195132646
196 0.50634765625 0.8624205218153914 0.017717633928571428 0.027406270554702915
190 0.4683314732142857 0.8625301468976102 0.009486607142857142 0.015786011839508878
14 0.44754464285714285 0.823065117298838 0.008649553571428572 0.018855514141635606
195 0.32840401785714285 0.5179785134838851 0.018415178571428572 0.028721771541328656
195 0.28857421875 0.4558210918658189 0.014927455357142858 0.024117518088138567
142 0.32833426339285715 0.5817803113352334 0.008510044642857142 0.013374260030695024
193 0.32833426339285715 0.6459109844332384 0.0185546875 0.029379522034641527
191 0.6863141741071429 0.20258715194036395 0.012137276785714286 0.018855514141635606
188 0.6863141741071429 0.2739530804648104 0.014090401785714286 0.010743258057443543
177 0.6658063616071429 0.4247971935978952 0.014369419642857142 0.013374260030695024
176 0.6863839285714286 0.45625959219469414 0.008649553571428572 0.024117518088138567
186 0.6863141741071429 0.5782723087042315 0.009626116071428572 0.01775926331944749
182 0.4081333705357143 0.514580135935102 0.0087890625 0.012716509537382154
175 0.4077845982142857 0.4613023459767595 0.008649553571428572 0.018855514141635606
190 0.40792410714285715 0.40067967550975664 0.009486607142857142 0.015566761675071256
119 0.3515625 0.36987502740627054 0.014508928571428572 0.02718702039026529
195 0.44761439732142855 0.7078491558868669 0.015485491071428572 0.02433676825257619
60 0.08956473214285714 0.650186362639772 0.008649553571428572 0.023459767594825695
32 0.09033203125 0.7108090331067748 0.009626116071428572 0.018855514141635606
195 0.08970424107142858 0.8333698750274062 0.015345982142857142 0.024117518088138567
187 0.08970424107142858 0.5812321859241394 0.008649553571428572 0.007016005262003947
191 0.08970424107142858 0.513374260030695 0.01171875 0.018636263977197982
194 0.11014229910714286 0.6124753343565008 0.018275669642857144 0.028721771541328656
63 0.20905412946428573 0.647226485419864 0.008510044642857142 0.024117518088138567
191 0.28857421875 0.5758605568954177 0.012416294642857142 0.019513264634948475
180 0.5269949776785714 0.7731857048892786 0.0087890625 0.017320762990572242
188 0.5441545758928571 0.7374479280859461 0.0068359375 0.017320762990572242
102 0.5272042410714286 0.8388511291383468 0.008928571428571428 0.017978513483885114
63 0.5018833705357143 0.6755097566323175 0.014927455357142858 0.014032010524007894
189 0.46651785714285715 0.6749616312212234 0.020089285714285716 0.01644376233282175
194 0.42661830357142855 0.6749616312212234 0.018415178571428572 0.028721771541328656
142 0.3281947544642857 0.46217934663451 0.0087890625 0.014909011181758386
188 0.34695870535714285 0.5498794124095593 0.006417410714285714 0.02499451874588906
186 0.5669642857142857 0.765402324051743 0.009765625 0.017540013155009866
63 0.5669642857142857 0.8222977417233063 0.008928571428571428 0.019513264634948475
196 0.54541015625 0.7999342249506687 0.017717633928571428 0.027406270554702915
182 0.38699776785714285 0.5499890374917781 0.008370535714285714 0.01381276035957027
191 0.3680943080357143 0.32284586713440033 0.010463169642857142 0.01644376233282175
195 0.3467494419642857 0.29993422495066874 0.016322544642857144 0.02587151940363955
14 0.30615234375 0.29993422495066874 0.013532366071428572 0.0131550098662574
193 0.28857421875 0.3326024994518746 0.017438616071428572 0.028064021048015787
186 0.40792410714285715 0.330629247971936 0.010044642857142858 0.017978513483885114
180 0.38267299107142855 0.2376671782503837 0.014229910714285714 0.013593510195132646
180 0.12946428571428573 0.8397281297960973 0.008370535714285714 0.022802017101512827
190 0.3106166294642857 0.6124753343565008 0.009626116071428572 0.012058759044069283
179 0.154296875 0.7971935978951984 0.017299107142857144 0.018855514141635606
181 0.5269949776785714 0.9036395527296646 0.0087890625 0.01775926331944749
176 0.4077845982142857 0.6942556456917343 0.008370535714285714 0.021267265950449463
183 0.4174107142857143 0.7314185485639114 0.006417410714285714 0.0263100197325148
63 0.48744419642857145 0.7803113352335014 0.008370535714285714 0.02236351677263758
32 0.48828125 0.8188993641745231 0.009765625 0.019294014470510854
32 0.48828125 0.8876342907257181 0.009765625 0.025213768910326683
60 0.5036272321428571 0.9250164437623328 0.010881696428571428 0.0131550098662574
184 0.6688058035714286 0.68449901337426 0.006975446428571429 0.033764525323393996
186 0.6862444196428571 0.6485419864064899 0.009765625 0.016663012497259374
196 0.6067243303571429 0.834137250602938 0.017299107142857144 0.027844770883578163
63 0.36795479910714285 0.15172111379083533 0.008510044642857142 0.020171015128261346
142 0.35518973214285715 0.1749616312212234 0.008370535714285714 0.013593510195132646
63 0.3109654017857143 0.17485200613900462 0.014508928571428572 0.013374260030695024
60 0.3285435267857143 0.2087261565446174 0.008649553571428572 0.017540013155009866
192 0.26681082589285715 0.36242052181539136 0.017717633928571428 0.02762552071914054
194 0.3895786830357143 0.17485200613900462 0.017717633928571428 0.027844770883578163
183 0.4515904017857143 0.2161806621354966 0.016741071428571428 0.010085507564130673
186 0.44754464285714285 0.38763429072571803 0.009207589285714286 0.01710151282613462
185 0.33768136160714285 0.6026090769568078 0.006277901785714286 0.03310677483008112
192 0.3680943080357143 0.580355185266389 0.018275669642857144 0.02850252137689103
196 0.11139787946428571 0.42501644376233283 0.017717633928571428 0.027844770883578163
190 0.23793247767857142 0.424906818680114 0.009068080357142858 0.010085507564130673
102 0.2666713169642857 0.4251260688445516 0.0126953125 0.013593510195132646
177 0.16922433035714285 0.33665862749397063 0.008370535714285714 0.02170576627932471
63 0.18610491071428573 0.30026310019732516 0.011160714285714286 0.014251260688445516
184 0.2353515625 0.29006796755097564 0.006417410714285714 0.03332602499451875
178 0.5669642857142857 0.26726595044946283 0.008649553571428572 0.020609515457136594
195 0.6257672991071429 0.7374479280859461 0.015485491071428572 0.023459767594825695
180 0.5886579241071429 0.675180881385661 0.012137276785714286 0.013374260030695024
193 0.5462472098214286 0.6749616312212234 0.017996651785714284 0.028283271212453408
192 0.6067243303571429 0.33030037272527957 0.017578125 0.027844770883578163
14 0.5945172991071429 0.3000438500328875 0.011858258928571428 0.013374260030695024
189 0.5452706473214286 0.29993422495066874 0.019949776785714284 0.014909011181758386
14 0.6302315848214286 0.6749616312212234 0.012974330357142858 0.013374260030695024
176 0.5464564732142857 0.5497697873273405 0.015066964285714286 0.013374260030695024
193 0.46602957589285715 0.5499890374917781 0.019949776785714284 0.031352773514580136
185 0.24260602678571427 0.316049112036834 0.021205357142857144 0.010304757728568297
193 0.24881417410714285 0.4577943433457575 0.018833705357142856 0.029818022363516772
60 0.2885044642857143 0.15150186362639773 0.008649553571428572 0.020609515457136594
25 0.28976004464285715 0.2104801578601184 0.010602678571428572 0.01841701381276036
188 0.28857421875 0.521486516114887 0.017717633928571428 0.012935759701819776
189 0.38706752232142855 0.11236570927428195 0.019949776785714284 0.014251260688445516