187 0.49686104910714285 0.6123657092742819 0.004603794642857143 0.013593510195132646
187 0.7260044642857143 0.8081561061170796 0.008649553571428572 0.007016005262003947
187 0.4476841517857143 0.8716290287217715 0.008649553571428572 0.00723525542644157
187 0.6862444196428571 0.12902872177154132 0.008649553571428572 0.00723525542644157
187 0.08970424107142858 0.8087042315281736 0.008649553571428572 0.00723525542644157
187 0.09437779017857142 0.9250164437623328 0.004603794642857143 0.013593510195132646
187 0.646484375 0.8744792808594607 0.008649553571428572 0.00723525542644157
187 0.6598074776785714 0.8625301468976102 0.004603794642857143 0.013593510195132646
187 0.7260044642857143 0.14262223196667398 0.008649553571428572 0.00723525542644157
187 0.6067243303571429 0.14865161148870862 0.008649553571428572 0.007016005262003947
187 0.5772879464285714 0.9250164437623328 0.004464285714285714 0.013593510195132646
176 0.28885323660714285 0.7110282832712125 0.009068080357142858 0.020171015128261346
190 0.28857421875 0.6369217276912957 0.0068359375 0.013593510195132646
188 0.28857421875 0.5679675509756632 0.011300223214285714 0.012058759044069283
185 0.2699497767857143 0.5598552948914711 0.006417410714285714 0.03310677483008112
14 0.23214285714285715 0.550098662573997 0.013392857142857142 0.0131550098662574
181 0.19008091517857142 0.5498794124095593 0.014090401785714286 0.0131550098662574
188 0.28857421875 0.5044946283709713 0.011300223214285714 0.013593510195132646
177 0.5671037946428571 0.5150186362639771 0.008649553571428572 0.01710151282613462
175 0.5539899553571429 0.30026310019732516 0.012555803571428572 0.01381276035957027
195 0.50634765625 0.29993422495066874 0.015485491071428572 0.024117518088138567
179 0.48563058035714285 0.2693488270116203 0.01171875 0.02565226923920193
176 0.5920758928571429 0.29949572462179347 0.013113839285714286 0.0131550098662574
182 0.6199776785714286 0.29993422495066874 0.008370535714285714 0.013593510195132646
63 0.6709681919642857 0.2997149747862311 0.013253348214285714 0.014032010524007894
177 0.12974330357142858 0.5157860118395089 0.008370535714285714 0.023459767594825695
196 0.15025111607142858 0.5498794124095593 0.018136160714285716 0.02850252137689103
194 0.15094866071428573 0.7374479280859461 0.017857142857142856 0.028283271212453408
195 0.22907366071428573 0.7375575531681648 0.018415178571428572 0.02894102170576628
179 0.26974051339285715 0.7348169261126946 0.013532366071428572 0.018636263977197982
180 0.12925502232142858 0.38642841482131113 0.0087890625 0.023459767594825695
177 0.12932477678571427 0.3287656215742162 0.008649553571428572 0.02039026529269897
179 0.1279296875 0.21004165753124315 0.011997767857142858 0.0263100197325148
184 0.7322823660714286 0.6494189870642403 0.021205357142857144 0.010085507564130673
193 0.72607421875 0.4559307169480377 0.016880580357142856 0.027844770883578163
192 0.72607421875 0.39212891909668934 0.017717633928571428 0.027844770883578163
193 0.7052873883928571 0.29993422495066874 0.0185546875 0.029379522034641527
191 0.7260044642857143 0.2627713220784916 0.009765625 0.015566761675071256
183 0.6190011160714286 0.24369655777241833 0.006417410714285714 0.026090769568077175
175 0.7260044642857143 0.7077395308046481 0.008649553571428572 0.020171015128261346
192 0.6651088169642857 0.424906818680114 0.017717633928571428 0.026748520061390047
63 0.70361328125 0.8000438500328875 0.011579241071428572 0.0131550098662574
194 0.6653878348214286 0.8000438500328875 0.018275669642857144 0.02850252137689103
187 0.646484375 0.8312869984652489 0.008649553571428572 0.00723525542644157
187 0.5868443080357143 0.8625301468976102 0.004603794642857143 0.013593510195132646
194 0.4672154017857143 0.8625301468976102 0.018415178571428572 0.02894102170576628
185 0.6737583705357143 0.6847182635386977 0.0068359375 0.03332602499451875
193 0.5455496651785714 0.6749616312212234 0.017717633928571428 0.027844770883578163
60 0.5070452008928571 0.6750712563034422 0.011579241071428572 0.014032010524007894
191 0.15227399553571427 0.11236570927428195 0.0126953125 0.019951764963823723
183 0.21303013392857142 0.1307827230870423 0.016462053571428572 0.010304757728568297
176 0.20870535714285715 0.19820214865161148 0.008928571428571428 0.02104801578601184
178 0.208984375 0.2566323174742381 0.008649553571428572 0.022582766937075203
63 0.20919363839285715 0.38763429072571803 0.0087890625 0.01841701381276036
142 0.27267020089285715 0.23733830300372724 0.0087890625 0.01381276035957027
192 0.3096400669642857 0.23744792808594606 0.017717633928571428 0.026748520061390047
195 0.34828404017857145 0.23733830300372724 0.017717633928571428 0.027844770883578163
192 0.38943917410714285 0.23744792808594606 0.017717633928571428 0.02718702039026529
189 0.40792410714285715 0.6414163560622671 0.010881696428571428 0.031352773514580136
186 0.40799386160714285 0.5862749397062048 0.009905133928571428 0.016224512168384126
14 0.40785435267857145 0.7011620258715194 0.008510044642857142 0.019294014470510854
175 0.38455636160714285 0.4247971935978952 0.011300223214285714 0.01381276035957027
175 0.3500279017857143 0.4247971935978952 0.011439732142857142 0.013374260030695024
181 0.3086635044642857 0.4251260688445516 0.0146484375 0.013593510195132646
194 0.5670340401785714 0.20532777899583424 0.019112723214285716 0.030037272527954396
184 0.4414760044642857 0.7204560403420303 0.021344866071428572 0.01052400789300592
181 0.3549107142857143 0.8001534751151064 0.013392857142857142 0.01381276035957027
25 0.42933872767857145 0.7390923043192282 0.015764508928571428 0.016663012497259374
179 0.34940011160714285 0.7400789300591976 0.014369419642857142 0.018636263977197982
183 0.6902204241071429 0.19239201929401448 0.0166015625 0.00986625739969305
175 0.6863839285714286 0.26825257618943216 0.008649553571428572 0.01775926331944749
180 0.3680943080357143 0.6402104801578601 0.008510044642857142 0.019294014470510854
178 0.3681640625 0.5850690638017979 0.008649553571428572 0.019513264634948475
60 0.3682338169642857 0.5157860118395089 0.0087890625 0.020828765621574215
179 0.15325055803571427 0.7974128480596361 0.015485491071428572 0.018855514141635606
195 0.08970424107142858 0.7660600745450559 0.018415178571428572 0.02894102170576628
60 0.11363002232142858 0.7372286779215085 0.011579241071428572 0.013374260030695024
191 0.08970424107142858 0.6982021486516115 0.01171875 0.018197763648322735
175 0.08984375 0.6365928524446394 0.008649553571428572 0.023459767594825695
179 0.08816964285714286 0.5306950230212673 0.012276785714285714 0.021267265950449463
178 0.08984375 0.4591098443323833 0.008370535714285714 0.025433019074764307
193 0.11118861607142858 0.424906818680114 0.017857142857142856 0.028064021048015787
191 0.12946428571428573 0.8937732953299715 0.01171875 0.018636263977197982
192 0.16929408482142858 0.7087261565446175 0.017717633928571428 0.027844770883578163
190 0.16922433035714285 0.7459986844990134 0.008091517857142858 0.014251260688445516
177 0.22579520089285715 0.8000438500328875 0.013811383928571428 0.0131550098662574
63 0.18910435267857142 0.6124753343565008 0.0126953125 0.013374260030695024
186 0.24839564732142858 0.4505590879193159 0.010463169642857142 0.01710151282613462
25 0.6639927455357143 0.6108309581232186 0.015485491071428572 0.01710151282613462
191 0.6465541294642857 0.5935101951326464 0.010184151785714286 0.016224512168384126
14 0.6466238839285714 0.5140320105240079 0.008649553571428572 0.024775268581451435
195 0.20905412946428573 0.5184170138127604 0.016880580357142856 0.027844770883578163
25 0.20807756696428573 0.4514360885770664 0.011021205357142858 0.016663012497259374
183 0.23618861607142858 0.41876781407586056 0.006417410714285714 0.0263100197325148
177 0.20912388392857142 0.5872615654461741 0.008649553571428572 0.02170576627932471
119 0.31396484375 0.542534531900899 0.013253348214285714 0.027844770883578163
181 0.08970424107142858 0.14207410655557992 0.008649553571428572 0.02104801578601184
196 0.08970424107142858 0.2688007016005262 0.018136160714285716 0.02850252137689103
180 0.23346819196428573 0.3627493970620478 0.011021205357142858 0.01381276035957027
177 0.27197265625 0.3622012716509537 0.012974330357142858 0.013593510195132646
187 0.3482142857142857 0.36242052181539136 0.004464285714285714 0.013593510195132646
192 0.24881417410714285 0.6438281078710809 0.017717633928571428 0.027844770883578163
32 0.6471819196428571 0.2678140758605569 0.009765625 0.02039026529269897
192 0.3877650669642857 0.36242052181539136 0.017717633928571428 0.026748520061390047
14 0.40799386160714285 0.33326024994518744 0.008510044642857142 0.022802017101512827
180 0.4315708705357143 0.30026310019732516 0.0146484375 0.01381276035957027
32 0.47049386160714285 0.2989475992106994 0.013811383928571428 0.016005262003946502
192 0.5272042410714286 0.26649857487393114 0.018694196428571428 0.029160271870203903
190 0.40792410714285715 0.26288094716071037 0.006417410714285714 0.01710151282613462
176 0.43324497767857145 0.17507125630344222 0.013811383928571428 0.01381276035957027
185 0.46854073660714285 0.16509537382153036 0.006556919642857143 0.03332602499451875
119 0.7306780133928571 0.20149090111817583 0.017717633928571428 0.02762552071914054
178 0.32833426339285715 0.5234597675948257 0.008510044642857142 0.02565226923920193
183 0.33231026785714285 0.5959219469414602 0.016741071428571428 0.010085507564130673
178 0.4872349330357143 0.1381276035957027 0.008510044642857142 0.02455601841701381
189 0.4873744419642857 0.3954176715632537 0.009068080357142858 0.031352773514580136
119 0.5007672991071429 0.41800043850032886 0.016322544642857144 0.027844770883578163
195 0.5472237723214286 0.424906818680114 0.015764508928571428 0.02455601841701381
25 0.5814034598214286 0.17682525761894322 0.011021205357142858 0.016882262661696998
190 0.4873744419642857 0.7190309142731857 0.0068359375 0.012058759044069283
188 0.48744419642857145 0.8208726156544618 0.015904017857142856 0.01052400789300592