187 0.6862444196428571 0.7714317035737777 0.008649553571428572 0.00723525542644157
187 0.14536830357142858 0.29993422495066874 0.004464285714285714 0.013593510195132646
187 0.7260044642857143 0.7700065775049332 0.008649553571428572 0.007016005262003947
187 0.2613002232142857 0.29993422495066874 0.004464285714285714 0.013593510195132646
187 0.12290736607142858 0.9250164437623328 0.004464285714285714 0.013593510195132646
187 0.5364118303571429 0.11247533435650077 0.004464285714285714 0.013593510195132646
187 0.47586495535714285 0.23744792808594606 0.004464285714285714 0.013593510195132646
187 0.30538504464285715 0.8000438500328875 0.004464285714285714 0.013593510195132646
187 0.5669642857142857 0.7545494409120806 0.008649553571428572 0.00723525542644157
187 0.7190290178571429 0.11247533435650077 0.004464285714285714 0.013593510195132646
192 0.7062639508928571 0.7374479280859461 0.017717633928571428 0.027406270554702915
63 0.6863141741071429 0.6999561499671125 0.008510044642857142 0.02302126726595045
190 0.6862444196428571 0.5748739311554484 0.008649553571428572 0.013593510195132646
191 0.6658063616071429 0.48750274062705545 0.012974330357142858 0.02039026529269897
193 0.6263253348214286 0.424906818680114 0.017996651785714284 0.028064021048015787
102 0.5889369419642857 0.4246875685156764 0.013532366071428572 0.0131550098662574
179 0.20731026785714285 0.330629247971936 0.01171875 0.026748520061390047
180 0.19224330357142858 0.2998245998684499 0.012555803571428572 0.013374260030695024
188 0.11628069196428571 0.23744792808594606 0.008231026785714286 0.019294014470510854
182 0.18150111607142858 0.1749616312212234 0.008928571428571428 0.013593510195132646
184 0.14494977678571427 0.18482788862091645 0.006696428571428571 0.0328875246656435
196 0.08970424107142858 0.14075860556895417 0.018136160714285716 0.02850252137689103
178 0.10226004464285714 0.11258495943871957 0.014787946428571428 0.013374260030695024
178 0.3036411830357143 0.23722867792150845 0.013532366071428572 0.014909011181758386
193 0.28857421875 0.332931374698531 0.017159598214285716 0.027844770883578163
177 0.2666713169642857 0.42457794343345756 0.011858258928571428 0.013374260030695024
181 0.2885044642857143 0.45900021925016443 0.008649553571428572 0.024775268581451435
189 0.72607421875 0.7032449024336769 0.010463169642857142 0.031352773514580136
184 0.7198660714285714 0.640320105240079 0.021205357142857144 0.00986625739969305
188 0.7127511160714286 0.424906818680114 0.008649553571428572 0.02718702039026529
177 0.16943359375 0.32810787108090333 0.0087890625 0.016005262003946502
175 0.22586495535714285 0.36231089673317257 0.013950892857142858 0.013374260030695024
189 0.27036830357142855 0.36242052181539136 0.020089285714285716 0.014909011181758386
180 0.35302734375 0.29993422495066874 0.014369419642857142 0.0131550098662574
63 0.40792410714285715 0.44540670905503177 0.008370535714285714 0.017320762990572242
25 0.13071986607142858 0.7684718263538698 0.011439732142857142 0.020609515457136594
182 0.12946428571428573 0.8927866695900022 0.008649553571428572 0.0131550098662574
189 0.12946428571428573 0.7054374040780531 0.009486607142857142 0.031352773514580136
191 0.12946428571428573 0.5886866915150186 0.011997767857142858 0.018855514141635606
181 0.22886439732142858 0.4251260688445516 0.014927455357142858 0.014032010524007894
188 0.23695591517857142 0.48739311554483666 0.008231026785714286 0.021486516114887087
176 0.2617885044642857 0.48717386538039903 0.015485491071428572 0.013593510195132646
188 0.5272042410714286 0.7024775268581451 0.015345982142857142 0.013593510195132646
175 0.48751395089285715 0.6532558649418987 0.008510044642857142 0.02565226923920193
184 0.48123604910714285 0.568625301468976 0.021344866071428572 0.010304757728568297
195 0.48744419642857145 0.5177592633194474 0.015066964285714286 0.02433676825257619
180 0.5669642857142857 0.6509537382153037 0.008370535714285714 0.021925016443762334
175 0.5671037946428571 0.5840824380618286 0.008649553571428572 0.021486516114887087
182 0.5378766741071429 0.42501644376233283 0.008510044642857142 0.01381276035957027
102 0.5029994419642857 0.424906818680114 0.011021205357142858 0.014032010524007894
102 0.6466238839285714 0.6419644814733612 0.008649553571428572 0.024117518088138567
183 0.6345563616071429 0.6811006358254769 0.006556919642857143 0.026090769568077175
185 0.44154575892857145 0.5980048235036176 0.021484375 0.010304757728568297
32 0.4482421875 0.522692392019294 0.009765625 0.02499451874588906
14 0.46128627232142855 0.6750712563034422 0.0146484375 0.013593510195132646
196 0.46798270089285715 0.424906818680114 0.017717633928571428 0.02762552071914054
185 0.25516183035714285 0.7558649418987065 0.020926339285714284 0.010743258057443543
195 0.22844587053571427 0.7999342249506687 0.015764508928571428 0.024775268581451435
189 0.14739118303571427 0.7999342249506687 0.019949776785714284 0.014251260688445516
177 0.24874441964285715 0.6422933567200175 0.008370535714285714 0.022144266608199955
177 0.2646484375 0.6126945845209384 0.011997767857142858 0.013374260030695024
196 0.30908203125 0.6124753343565008 0.017717633928571428 0.027844770883578163
188 0.3461216517857143 0.6123657092742819 0.008649553571428572 0.019294014470510854
176 0.38497488839285715 0.6125849594387196 0.011858258928571428 0.013593510195132646
182 0.40799386160714285 0.5914273185704889 0.0087890625 0.013374260030695024
192 0.42822265625 0.5498794124095593 0.017717633928571428 0.02718702039026529
181 0.423828125 0.362639771979829 0.015066964285714286 0.013593510195132646
180 0.39083426339285715 0.3627493970620478 0.011021205357142858 0.01381276035957027
32 0.39083426339285715 0.29839947379960535 0.0146484375 0.016224512168384126
192 0.46937779017857145 0.3622012716509537 0.0185546875 0.029379522034641527
185 0.5397600446428571 0.3525542644156983 0.006696428571428571 0.03332602499451875
102 0.12932477678571427 0.39333479500109625 0.008649553571428572 0.02236351677263758
195 0.15018136160714285 0.36242052181539136 0.015485491071428572 0.022802017101512827
177 0.32833426339285715 0.5857268142951108 0.008510044642857142 0.01907476430607323
142 0.5406668526785714 0.23722867792150845 0.008231026785714286 0.013593510195132646
177 0.5669642857142857 0.2669370752028064 0.008370535714285714 0.023898267923700943
179 0.5687081473214286 0.32120149090111816 0.011858258928571428 0.02499451874588906
178 0.5269949776785714 0.5245560184170138 0.0087890625 0.025213768910326683
32 0.5494559151785714 0.4860776145582109 0.014090401785714286 0.015786011839508878
181 0.11349051339285714 0.3627493970620478 0.010184151785714286 0.01381276035957027
178 0.40792410714285715 0.5248848936636702 0.008649553571428572 0.025433019074764307
186 0.5666852678571429 0.7114667836000877 0.009765625 0.01710151282613462
60 0.58642578125 0.7375575531681648 0.015764508928571428 0.013593510195132646
188 0.6245814732142857 0.7374479280859461 0.006417410714285714 0.020828765621574215
192 0.646484375 0.33194474895856174 0.018415178571428572 0.02894102170576628
177 0.6266741071428571 0.3619820214865161 0.011439732142857142 0.013593510195132646
177 0.5867745535714286 0.362639771979829 0.011439732142857142 0.013593510195132646
25 0.6297433035714286 0.17693488270116203 0.01171875 0.017978513483885114
195 0.48744419642857145 0.20631440473580356 0.018136160714285716 0.02850252137689103
60 0.7057756696428571 0.1749616312212234 0.012276785714285714 0.0131550098662574
193 0.3680943080357143 0.5179785134838851 0.0185546875 0.029160271870203903
102 0.3681640625 0.4552729664547248 0.008649553571428572 0.021267265950449463
14 0.47251674107142855 0.6128042096031572 0.015066964285714286 0.0131550098662574
175 0.5069056919642857 0.6124753343565008 0.011579241071428572 0.013374260030695024
177 0.24874441964285715 0.45066871300153477 0.008370535714285714 0.01907476430607323
195 0.28857421875 0.5828765621574216 0.017717633928571428 0.027844770883578163
180 0.28857421875 0.7019294014470511 0.008510044642857142 0.01907476430607323