20 0.95078125 0.053125 0.0984375 0.10625
134 0.83515625 0.05625 0.096875 0.1015625
134 0.72109375 0.0546875 0.11875 0.090625
19 0.61171875 0.0546875 0.103125 0.0875
20 0.5046875 0.05 0.1109375 0.1
137 0.39140625 0.053125 0.1 0.10625
20 0.0515625 0.2171875 0.0875 0.1203125
20 0.15546875 0.20703125 0.075 0.1015625
20 0.73046875 0.384375 0.08125 0.1015625
20 0.84765625 0.3828125 0.1015625 0.1296875
20 0.95390625 0.384375 0.08125 0.1265625
44 0.16328125 0.7265625 0.1015625 0.1390625
44 0.0484375 0.71171875 0.0953125 0.090625
44 0.95234375 0.89296875 0.078125 0.090625
158 0.72734375 0.890625 0.1046875 0.1328125
62 0.49609375 0.55546875 0.1 0.121875