60 0.634375 0.01015625 0.028125 0.0203125
60 0.54453125 0.009375 0.0375 0.01875
60 0.6328125 0.30625 0.0375 0.028125
60 0.5109375 0.525 0.0296875 0.053125
60 0.37421875 0.209375 0.0375 0.0328125
60 0.37421875 0.078125 0.0453125 0.03125
60 0.2828125 0.1046875 0.040625 0.028125
60 0.284375 0.2078125 0.0375 0.0296875
60 0.2828125 0.3578125 0.040625 0.025
60 0.28671875 0.50546875 0.0375 0.03125
60 0.11953125 0.31015625 0.025 0.040625
102 0.096875 0.24140625 0.0484375 0.053125
102 0.09453125 0.1703125 0.04375 0.0375
102 0.096875 0.084375 0.0453125 0.0484375
102 0.09609375 0.00546875 0.040625 0.009375
60 0.15078125 0.5734375 0.03125 0.0375
60 0.12578125 0.5734375 0.01875 0.040625
60 0.1015625 0.5734375 0.021875 0.040625
60 0.075 0.575 0.028125 0.04375
60 0.05 0.575 0.025 0.0375
60 0.29140625 0.76640625 0.03125 0.04375
60 0.4078125 0.7546875 0.0453125 0.0296875
60 0.515625 0.75 0.040625 0.0328125
60 0.54375 0.61484375 0.046875 0.028125
60 0.70234375 0.76015625 0.025 0.0453125
60 0.978125 0.3140625 0.040625 0.040625