20 0.74609375 0.85 0.0625 0.0375
20 0.92421875 0.6 0.05625 0.0328125
20 0.7390625 0.265625 0.065625 0.0375
20 0.42265625 0.40625 0.05625 0.0375
20 0.1640625 0.56875 0.046875 0.034375
60 0.21640625 0.52734375 0.040625 0.01875
60 0.2203125 0.50625 0.053125 0.0140625
119 0.72421875 0.74296875 0.0375 0.028125
119 0.83984375 0.6234375 0.0328125 0.01875
119 0.9078125 0.63515625 0.034375 0.025
119 0.7609375 0.39453125 0.040625 0.034375
119 0.48046875 0.43125 0.05 0.04375
119 0.40234375 0.29609375 0.046875 0.03125
119 0.27890625 0.3875 0.0484375 0.01875
13 0.5546875 0.4875 0.03125 0.0296875
13 0.625 0.48515625 0.03125 0.021875
13 0.6921875 0.4875 0.025 0.0328125
21 0.73203125 0.23359375 0.03125 0.01875
106 0.73828125 0.8078125 0.0390625 0.021875
13 0.921875 0.559375 0.046875 0.028125