109 0.375 0.928125 0.0890625 0.14375
60 0.3296875 0.67578125 0.021875 0.0625
60 0.375 0.6765625 0.03125 0.06875
60 0.4890625 0.67109375 0.028125 0.0625
60 0.62109375 0.7359375 0.0578125 0.0515625
60 0.3390625 0.11796875 0.0421875 0.0609375
60 0.1578125 0.11484375 0.0484375 0.040625
60 0.65234375 0.21328125 0.05625 0.0453125
60 0.63046875 0.15859375 0.0390625 0.0578125
60 0.8359375 0.209375 0.0453125 0.0484375
60 0.8078125 0.7390625 0.065625 0.0453125
120 0.71171875 0.75546875 0.0578125 0.090625
120 0.73984375 0.23046875 0.075 0.08125
120 0.240625 0.1328125 0.0625 0.0875