13 0.80390625 0.4015625 0.0125 0.009375
13 0.7734375 0.4015625 0.0125 0.0125
13 0.78125 0.50390625 0.0125 0.009375
13 0.76484375 0.503125 0.009375 0.0125
1 0.5515625 0.1359375 0.01875 0.009375
119 0.5234375 0.13359375 0.015625 0.009375
102 0.52890625 0.1671875 0.0125 0.015625
119 0.4296875 0.1109375 0.0203125 0.009375
102 0.53515625 0.26796875 0.015625 0.00625
102 0.53515625 0.28203125 0.015625 0.0125
13 0.3625 0.134375 0.0125 0.009375
13 0.36171875 0.25 0.015625 0.0125
13 0.33046875 0.14296875 0.0125 0.009375
13 0.33125 0.259375 0.0125 0.0125
13 0.26640625 0.1828125 0.0125 0.009375
20 0.2640625 0.12421875 0.059375 0.078125
20 0.26484375 0.25234375 0.059375 0.059375
13 0.26875 0.2984375 0.0125 0.0125
13 0.5828125 0.35625 0.015625 0.0125
13 0.64609375 0.49609375 0.015625 0.0125
13 0.55234375 0.47421875 0.0125 0.0125
13 0.50390625 0.475 0.0125 0.0125
1 0.37578125 0.4796875 0.0125 0.0125
119 0.36328125 0.4609375 0.021875 0.009375
13 0.3875 0.3984375 0.015625 0.009375
13 0.40859375 0.39921875 0.009375 0.009375
13 0.2078125 0.4703125 0.015625 0.0125
14 0.23515625 0.70234375 0.0125 0.0125
119 0.2984375 0.75 0.021875 0.0125
1 0.4328125 0.75 0.015625 0.009375
1 0.43359375 0.81953125 0.0125 0.009375
119 0.41328125 0.81875 0.021875 0.0125
60 0.678125 0.6453125 0.015625 0.009375
13 0.7265625 0.72578125 0.009375 0.009375
13 0.75859375 0.72578125 0.009375 0.009375
13 0.67890625 0.7265625 0.015625 0.009375
13 0.63125 0.7609375 0.0125 0.0125