60 0.0171875 0.92421875 0.028125 0.071875
66 0.015625 0.64375 0.03125 0.053125
63 0.0140625 0.35625 0.028125 0.078125
119 0.015625 0.059375 0.03125 0.05625
11 0.15 0.93828125 0.0375 0.059375
102 0.15 0.64921875 0.040625 0.103125
16 0.15 0.36328125 0.0328125 0.09375
16 0.153125 0.05703125 0.028125 0.0515625
13 0.29453125 0.93984375 0.0375 0.0625
13 0.3 0.653125 0.04375 0.103125
25 0.29453125 0.3328125 0.046875 0.103125
45 0.28671875 0.06640625 0.0421875 0.078125
8 0.43125 0.0546875 0.034375 0.046875
21 0.4328125 0.3421875 0.034375 0.078125
21 0.4296875 0.63515625 0.0359375 0.0875
50 0.434375 0.93828125 0.0328125 0.065625
64 0.56953125 0.93203125 0.05 0.04375
66 0.571875 0.65625 0.05625 0.0859375
122 0.57578125 0.33984375 0.046875 0.084375
152 0.58046875 0.0671875 0.0484375 0.078125
102 0.7015625 0.05546875 0.040625 0.084375
51 0.69921875 0.34765625 0.0453125 0.0703125
98 0.7 0.65390625 0.0546875 0.059375
74 0.70234375 0.94140625 0.05 0.05625
1 0.8203125 0.9375 0.0390625 0.0578125
4 0.821875 0.63125 0.05 0.11875
61 0.8234375 0.3265625 0.059375 0.1
14 0.81171875 0.07265625 0.071875 0.096875
136 0.95703125 0.65625 0.0421875 0.1015625
106 0.9546875 0.9390625 0.053125 0.0859375