60 0.06875 0.73359375 0.0375 0.0375
66 0.14609375 0.74375 0.053125 0.05625
119 0.23046875 0.7484375 0.0453125 0.0625
98 0.31484375 0.753125 0.04375 0.071875
74 0.39921875 0.75546875 0.046875 0.078125
141 0.48828125 0.75703125 0.05625 0.08125
12 0.57578125 0.74921875 0.05625 0.0609375
130 0.67734375 0.74765625 0.05625 0.075
11 0.7765625 0.7484375 0.0640625 0.078125
40 0.91640625 0.70703125 0.078125 0.0609375
43 0.915625 0.6171875 0.0546875 0.0640625
148 0.81875 0.59453125 0.046875 0.09375
79 0.76953125 0.60078125 0.0515625 0.084375
151 0.690625 0.6 0.084375 0.0875
78 0.590625 0.5890625 0.065625 0.078125
14 0.525 0.5859375 0.0515625 0.071875
14 0.4828125 0.58515625 0.03125 0.075
112 0.51171875 0.45 0.046875 0.08125
51 0.58828125 0.45390625 0.0453125 0.075
142 0.6609375 0.4296875 0.0515625 0.05
102 0.734375 0.43203125 0.0546875 0.034375
111 0.81015625 0.43125 0.05625 0.059375
6 0.4046875 0.43515625 0.059375 0.0640625
95 0.325 0.43828125 0.05625 0.1
116 0.2375 0.43984375 0.0578125 0.078125
64 0.1625 0.4265625 0.0640625 0.071875
8 0.071875 0.42265625 0.05625 0.0609375
63 0.065625 0.5828125 0.046875 0.04375
67 0.14921875 0.5859375 0.053125 0.0546875
120 0.23671875 0.5921875 0.05 0.06875
99 0.32109375 0.6015625 0.04375 0.084375
75 0.40703125 0.5984375 0.040625 0.08125
13 0.075 0.26796875 0.0421875 0.05
73 0.1640625 0.28671875 0.046875 0.084375
114 0.265625 0.26875 0.04375 0.0375
100 0.35234375 0.2890625 0.0375 0.078125
16 0.43984375 0.26640625 0.0484375 0.0421875
16 0.52421875 0.26328125 0.0421875 0.040625
118 0.603125 0.2796875 0.0421875 0.071875
21 0.69453125 0.27734375 0.04375 0.0375
153 0.78125 0.28125 0.0375 0.05
106 0.8078125 0.1265625 0.0421875 0.0515625
61 0.75390625 0.12109375 0.0375 0.0625
136 0.68984375 0.1234375 0.053125 0.059375
133 0.57890625 0.13046875 0.071875 0.071875
132 0.4640625 0.13125 0.071875 0.0578125
108 0.36015625 0.1203125 0.059375 0.0625
109 0.28203125 0.1234375 0.0484375 0.0640625
97 0.2171875 0.1296875 0.0375 0.08125
97 0.134375 0.1125 0.05 0.0375