60 0.2609375 0.07421875 0.0375 0.0375
66 0.2515625 0.15078125 0.05625 0.053125
119 0.246875 0.234375 0.0625 0.04375
98 0.2421875 0.3171875 0.06875 0.04375
74 0.23984375 0.40078125 0.0765625 0.046875
141 0.23828125 0.48828125 0.08125 0.05625
12 0.24609375 0.57421875 0.059375 0.05625
130 0.24765625 0.67578125 0.071875 0.05625
11 0.246875 0.77265625 0.078125 0.0640625
40 0.2875 0.9109375 0.059375 0.078125
43 0.3765625 0.91015625 0.0625 0.0546875
148 0.3984375 0.81484375 0.0921875 0.046875
79 0.39296875 0.765625 0.084375 0.05
151 0.39375 0.68828125 0.0859375 0.084375
78 0.40390625 0.58984375 0.078125 0.065625
14 0.40703125 0.52421875 0.071875 0.05
14 0.4078125 0.48359375 0.071875 0.03125
112 0.54140625 0.51171875 0.08125 0.046875
51 0.5375 0.5875 0.071875 0.04375
142 0.5609375 0.65859375 0.05 0.05
102 0.559375 0.73203125 0.034375 0.053125
111 0.56015625 0.80625 0.059375 0.05625
6 0.55625 0.40546875 0.0625 0.059375
95 0.553125 0.32734375 0.0984375 0.05625
116 0.5515625 0.240625 0.0765625 0.05625
64 0.5640625 0.16640625 0.06875 0.0625
8 0.56796875 0.07734375 0.059375 0.05625
63 0.41015625 0.07109375 0.04375 0.046875
67 0.40703125 0.15390625 0.053125 0.053125
120 0.40078125 0.23984375 0.06875 0.05
99 0.3921875 0.32265625 0.0828125 0.04375
75 0.3953125 0.4078125 0.0796875 0.040625
13 0.72109375 0.08046875 0.05 0.040625
73 0.70234375 0.16796875 0.0828125 0.046875
114 0.7203125 0.26796875 0.0375 0.04375
100 0.7 0.35390625 0.078125 0.0375
16 0.72265625 0.440625 0.040625 0.046875
16 0.72578125 0.5234375 0.040625 0.040625
118 0.709375 0.6015625 0.06875 0.040625
21 0.71171875 0.6921875 0.0375 0.04375
153 0.7078125 0.778125 0.05 0.0375
106 0.8609375 0.80390625 0.05 0.0421875
61 0.865625 0.75078125 0.0625 0.0390625
136 0.86328125 0.6875 0.059375 0.053125
133 0.85703125 0.578125 0.071875 0.071875
132 0.85625 0.4640625 0.05625 0.06875
108 0.86640625 0.36171875 0.0625 0.059375
109 0.86328125 0.28515625 0.0625 0.046875
97 0.8578125 0.2203125 0.0796875 0.0375
97 0.87421875 0.1390625 0.0375 0.05