60 0.2265625 0.7703125 0.021875 0.0171875
119 0.26640625 0.77578125 0.0265625 0.0296875
60 0.30625 0.77421875 0.0203125 0.021875
60 0.48359375 0.77734375 0.0125 0.025
60 0.48671875 0.6890625 0.0125 0.028125
60 0.48125 0.465625 0.01875 0.0234375
60 0.20078125 0.5203125 0.0125 0.01875
60 0.08359375 0.52734375 0.021875 0.025
60 0.06171875 0.5484375 0.01875 0.01875
60 0.0765625 0.6390625 0.01875 0.0328125
60 0.11953125 0.28671875 0.01875 0.021875
60 0.215625 0.2109375 0.021875 0.0171875
60 0.328125 0.3 0.0203125 0.01875
60 0.40546875 0.3 0.015625 0.01875
60 0.41484375 0.215625 0.021875 0.028125
60 0.5390625 0.30703125 0.021875 0.021875
60 0.546875 0.2828125 0.0203125 0.025
60 0.6484375 0.296875 0.0203125 0.021875
60 0.6453125 0.31875 0.021875 0.025
60 0.69453125 0.08359375 0.0171875 0.01875
60 0.775 0.08125 0.0234375 0.01875
60 0.86875 0.38359375 0.021875 0.0234375
60 0.7859375 0.38046875 0.0375 0.021875
60 0.634375 0.43515625 0.028125 0.01875
60 0.57421875 0.415625 0.0203125 0.0203125
60 0.5296875 0.41484375 0.021875 0.0171875
109 0.56015625 0.80078125 0.0390625 0.053125
109 0.6015625 0.82734375 0.03125 0.053125
60 0.63671875 0.69453125 0.015625 0.021875
66 0.72578125 0.73984375 0.021875 0.0234375
106 0.69453125 0.73515625 0.01875 0.025
60 0.5578125 0.671875 0.015625 0.034375
66 0.5234375 0.73515625 0.021875 0.0359375
106 0.74921875 0.38046875 0.021875 0.034375
119 0.82578125 0.3859375 0.0234375 0.025
66 0.82421875 0.35 0.021875 0.0359375
60 0.71640625 0.35546875 0.015625 0.0265625
20 0.67734375 0.31015625 0.03125 0.05625
20 0.575 0.30078125 0.0375 0.0546875
60 0.5953125 0.35234375 0.015625 0.028125
66 0.35546875 0.2671875 0.025 0.025
109 0.1828125 0.28203125 0.0328125 0.053125
109 0.2125 0.3109375 0.034375 0.0515625
66 0.26328125 0.7375 0.025 0.028125
106 0.378125 0.734375 0.01875 0.025
119 0.48359375 0.73125 0.025 0.0328125