84 0.3953125 0.503125 0.14375 0.115625
127 0.396875 0.36015625 0.14375 0.1140625
87 0.39453125 0.2140625 0.146875 0.1171875
86 0.4 0.06953125 0.140625 0.115625
52 0.3984375 0.6453125 0.15 0.1171875
53 0.39140625 0.790625 0.153125 0.1203125
54 0.3953125 0.934375 0.14375 0.1125
83 0.1578125 0.93671875 0.14375 0.1109375
131 0.15625 0.78984375 0.14375 0.1203125
128 0.16015625 0.6484375 0.1421875 0.115625
124 0.15859375 0.5015625 0.146875 0.11875
126 0.1609375 0.359375 0.140625 0.115625
129 0.1578125 0.21484375 0.140625 0.1171875
80 0.159375 0.071875 0.1421875 0.1125
156 0.63125 0.64765625 0.146875 0.1109375
174 0.6359375 0.5015625 0.140625 0.115625