119 0.74375 0.96640625 0.0359375 0.0390625
119 0.51640625 0.77890625 0.053125 0.0328125
119 0.21953125 0.6890625 0.046875 0.025
119 0.5796875 0.3796875 0.05625 0.0375
119 0.6359375 0.15 0.059375 0.0296875
119 0.78984375 0.2734375 0.05 0.046875
16 0.8328125 0.3953125 0.075 0.0265625
16 0.82265625 0.45546875 0.0625 0.021875
20 0.8984375 0.48984375 0.0625 0.046875
66 0.38515625 0.56875 0.05625 0.0296875
66 0.18671875 0.58046875 0.04375 0.0265625
20 0.6140625 0.25 0.05625 0.03125
60 0.3 0.47578125 0.04375 0.025
66 0.17421875 0.4140625 0.053125 0.025
60 0.03359375 0.4734375 0.046875 0.0125
63 0.0609375 0.39375 0.0328125 0.0265625
62 0.425 0.959375 0.190625 0.08125