102 0.93125 0.67109375 0.025 0.034375
102 0.89921875 0.72890625 0.0125 0.05625
102 0.828125 0.553125 0.01875 0.053125
102 0.93984375 0.11484375 0.0140625 0.05625
102 0.79609375 0.10390625 0.01875 0.046875
102 0.79609375 0.03125 0.01875 0.04375
102 0.66640625 0.0703125 0.0328125 0.065625
102 0.696875 0.46484375 0.01875 0.046875
102 0.5828125 0.465625 0.028125 0.05
102 0.73359375 0.75546875 0.03125 0.040625
102 0.76796875 0.68125 0.015625 0.05625
102 0.409375 0.81796875 0.0390625 0.046875
102 0.0640625 0.77890625 0.040625 0.084375
102 0.06640625 0.49921875 0.028125 0.0828125