60 0.7953125 0.075 0.0875 0.15
63 0.78984375 0.2484375 0.1 0.128125
13 0.79296875 0.38359375 0.0796875 0.09375
114 0.7875 0.53984375 0.0765625 0.1078125
16 0.79296875 0.68125 0.06875 0.0875
21 0.78828125 0.86875 0.090625 0.10625
153 0.4578125 0.0625 0.1109375 0.125
102 0.4515625 0.39453125 0.0875 0.115625
111 0.45078125 0.6765625 0.09375 0.1125
79 0.45 0.8734375 0.0734375 0.253125
1 0.02109375 0.0828125 0.040625 0.140625
4 0.0140625 0.24140625 0.028125 0.1546875
8 0.01171875 0.403125 0.0234375 0.1015625