36 0.5921875 0.71796875 0.096875 0.0984375
160 0.59609375 0.59453125 0.1078125 0.1125
94 0.5953125 0.4734375 0.096875 0.115625
158 0.590625 0.3578125 0.08125 0.1046875
44 0.5921875 0.26640625 0.05 0.0609375
20 0.62734375 0.20078125 0.040625 0.053125
20 0.559375 0.20390625 0.053125 0.078125
20 0.559375 0.140625 0.0609375 0.06875
20 0.62421875 0.140625 0.05 0.06875
62 0.6015625 0.05703125 0.0875 0.1125
164 0.3078125 0.0984375 0.078125 0.178125
164 0.23515625 0.10078125 0.084375 0.184375
162 0.271875 0.24921875 0.1296875 0.084375
154 0.27421875 0.36484375 0.05 0.1125
146 0.27109375 0.4625 0.153125 0.0671875
146 0.27734375 0.534375 0.078125 0.1
17 0.27734375 0.62421875 0.11875 0.06875
70 0.28125 0.71875 0.115625 0.1