60 0.91875 0.0296875 0.0765625 0.05
25 0.753125 0.02734375 0.0734375 0.053125
119 0.59375 0.0296875 0.128125 0.059375
98 0.41640625 0.03046875 0.1328125 0.0609375
74 0.246875 0.028125 0.115625 0.05625
14 0.103125 0.02734375 0.0703125 0.053125
14 0.02890625 0.034375 0.0578125 0.06875
102 0.028125 0.20625 0.05625 0.0734375
95 0.14296875 0.1734375 0.1 0.115625
116 0.25078125 0.17890625 0.075 0.109375
8 0.36015625 0.17890625 0.08125 0.0703125
75 0.475 0.18203125 0.115625 0.1046875
95 0.62265625 0.1796875 0.0734375 0.1125
120 0.76484375 0.1921875 0.0765625 0.0765625
63 0.91796875 0.2046875 0.071875 0.053125
13 0.90625 0.38671875 0.0890625 0.0625
13 0.73828125 0.38828125 0.096875 0.059375
73 0.5953125 0.3515625 0.090625 0.09375
114 0.38515625 0.3796875 0.109375 0.0625
114 0.23671875 0.38046875 0.109375 0.0578125
100 0.046875 0.353125 0.0890625 0.109375
1 0.04375 0.51015625 0.0875 0.084375
152 0.20703125 0.51796875 0.090625 0.0765625
11 0.3515625 0.5234375 0.11875 0.096875
130 0.4640625 0.52109375 0.1046875 0.08125
118 0.628125 0.53671875 0.0890625 0.09375
16 0.76796875 0.5515625 0.090625 0.0609375
16 0.90234375 0.55625 0.0875 0.0609375
32 0.90546875 0.72109375 0.09375 0.0640625
32 0.7875 0.72265625 0.06875 0.0453125
97 0.625 0.6984375 0.0625 0.1125
21 0.4265625 0.70078125 0.090625 0.053125
21 0.23359375 0.7046875 0.0875 0.0609375
153 0.06015625 0.70078125 0.1203125 0.090625
106 0.03515625 0.88203125 0.0703125 0.071875
61 0.18515625 0.8828125 0.05625 0.0890625
111 0.33828125 0.90234375 0.1921875 0.059375
108 0.6046875 0.9171875 0.1125 0.0953125
109 0.81640625 0.92421875 0.0765625 0.103125
109 0.94375 0.91484375 0.065625 0.1125