66 0.109375 0.875 0.015625 0.0265625
109 0.128125 0.85 0.0125 0.03125
60 0.18515625 0.8609375 0.015625 0.01875
60 0.26328125 0.859375 0.0125 0.0125
13 0.325 0.853125 0.01875 0.021875
13 0.3515625 0.80390625 0.009375 0.0234375
13 0.375 0.80859375 0.015625 0.015625
102 0.0796875 0.61875 0.009375 0.03125
3 0.1140625 0.66875 0.0125 0.025
3 0.13671875 0.66796875 0.009375 0.0203125
13 0.17265625 0.65078125 0.0125 0.0265625
13 0.17421875 0.60078125 0.0109375 0.0234375
122 0.15234375 0.421875 0.0140625 0.0375
122 0.1515625 0.3828125 0.0125 0.034375
13 0.11328125 0.28046875 0.015625 0.0203125
13 0.1125 0.17421875 0.0125 0.0125
122 0.2296875 0.1609375 0.0125 0.0375
122 0.228125 0.2015625 0.015625 0.034375
122 0.22890625 0.28125 0.0125 0.0375
122 0.2296875 0.31640625 0.0140625 0.03125
13 0.28515625 0.38359375 0.015625 0.0203125
130 0.3265625 0.39296875 0.015625 0.0375
109 0.3453125 0.16875 0.0125 0.03125
109 0.34453125 0.26953125 0.009375 0.03125
119 0.3671875 0.19765625 0.0125 0.03125
119 0.36640625 0.296875 0.0125 0.0234375
122 0.46171875 0.3140625 0.009375 0.03125
21 0.396875 0.375 0.0203125 0.01875
21 0.23046875 0.51953125 0.0125 0.015625
119 0.2734375 0.52265625 0.0125 0.0234375
66 0.27265625 0.571875 0.0125 0.0234375
21 0.31640625 0.503125 0.015625 0.0234375
21 0.35703125 0.4796875 0.01875 0.021875
60 0.41328125 0.5359375 0.009375 0.028125
122 0.315625 0.57734375 0.015625 0.034375
21 0.23125 0.64921875 0.015625 0.015625
119 0.27109375 0.65546875 0.015625 0.0265625
66 0.3078125 0.7078125 0.015625 0.021875
60 0.3484375 0.625 0.015625 0.0125
13 0.34140625 0.56953125 0.0125 0.0125
13 0.40078125 0.60390625 0.0234375 0.0125
20 0.39375 0.48046875 0.0265625 0.046875
20 0.2921875 0.6359375 0.0234375 0.04375
20 0.29375 0.5 0.0234375 0.053125
20 0.365625 0.3734375 0.0265625 0.05
20 0.46640625 0.64375 0.0203125 0.04375
20 0.465625 0.703125 0.0234375 0.046875
60 0.46640625 0.8046875 0.015625 0.01875
21 0.5671875 0.85546875 0.0140625 0.028125
21 0.4921875 0.640625 0.021875 0.0203125
60 0.5890625 0.6234375 0.015625 0.0203125
60 0.55859375 0.47734375 0.015625 0.0203125