13 0.58515625 0.7828125 0.0078125 0.0109375
13 0.58515625 0.7546875 0.0125 0.0109375
13 0.48984375 0.76171875 0.0078125 0.009375
13 0.490625 0.746875 0.0125 0.009375
1 0.8328125 0.54765625 0.0078125 0.015625
119 0.83515625 0.521875 0.0078125 0.015625
102 0.80390625 0.5265625 0.0125 0.0125
119 0.85625 0.434375 0.009375 0.01875
102 0.71015625 0.5328125 0.00625 0.0125
102 0.696875 0.5328125 0.0109375 0.015625
13 0.834375 0.371875 0.0078125 0.0125
13 0.7265625 0.37109375 0.0125 0.0125
13 0.8265625 0.3421875 0.009375 0.0109375
13 0.71796875 0.34296875 0.0125 0.0109375
13 0.7890625 0.2828125 0.009375 0.009375
20 0.84375 0.28046875 0.071875 0.05625
20 0.72421875 0.28125 0.05625 0.0546875
13 0.68125 0.284375 0.0109375 0.0125
13 0.62734375 0.57734375 0.0109375 0.0125
13 0.49765625 0.6359375 0.009375 0.0140625
13 0.51796875 0.5484375 0.0109375 0.0109375
13 0.5171875 0.50390625 0.0125 0.0125
1 0.5125 0.384375 0.0109375 0.0125
119 0.53046875 0.37265625 0.009375 0.021875
13 0.58828125 0.3953125 0.0078125 0.015625
13 0.5875 0.41484375 0.009375 0.009375
13 0.52109375 0.228125 0.0125 0.015625
14 0.30546875 0.253125 0.0109375 0.0109375
119 0.2609375 0.3125 0.0125 0.0203125
1 0.2609375 0.4375 0.0078125 0.0125
1 0.19609375 0.43828125 0.00625 0.0109375
119 0.196875 0.41953125 0.009375 0.01875
60 0.35859375 0.665625 0.009375 0.015625
13 0.28359375 0.7109375 0.009375 0.009375
13 0.28359375 0.740625 0.009375 0.009375
13 0.2828125 0.66640625 0.00625 0.015625
13 0.25078125 0.621875 0.0109375 0.0109375