60 0.97265625 0.96171875 0.0375 0.0421875
1 0.97265625 0.90234375 0.040625 0.0609375
4 0.97421875 0.82734375 0.04375 0.0625
66 0.97421875 0.7515625 0.0421875 0.0578125
135 0.971875 0.54296875 0.0375 0.065625
135 0.97109375 0.4671875 0.0390625 0.065625
8 0.97578125 0.2609375 0.028125 0.046875
7 0.975 0.190625 0.034375 0.059375
66 0.9703125 0.1234375 0.040625 0.05625
102 0.81796875 0.1671875 0.0375 0.0609375
102 0.82109375 0.10703125 0.040625 0.046875
102 0.81796875 0.23125 0.034375 0.0546875
14 0.8203125 0.29453125 0.0375 0.053125
60 0.8203125 0.35078125 0.034375 0.0359375
63 0.81875 0.409375 0.0375 0.040625
60 0.8203125 0.5953125 0.0359375 0.040625
45 0.81953125 0.65546875 0.046875 0.046875
21 0.81953125 0.90078125 0.0390625 0.05
32 0.66484375 0.9640625 0.04375 0.05625
102 0.66328125 0.7875 0.0421875 0.046875
102 0.66015625 0.66953125 0.04375 0.0515625
13 0.66328125 0.60078125 0.0375 0.04375
13 0.65859375 0.540625 0.0375 0.04375
122 0.6625 0.43515625 0.0375 0.059375
102 0.490625 0.15390625 0.040625 0.053125
1 0.490625 0.42265625 0.0421875 0.046875
2 0.4875 0.48515625 0.040625 0.053125
0 0.4875 0.54921875 0.040625 0.0515625
13 0.48828125 0.96015625 0.040625 0.028125