66 0.10625 0.13046875 0.015625 0.025
109 0.12421875 0.15390625 0.0109375 0.0296875
60 0.17734375 0.14375 0.015625 0.0171875
60 0.25 0.1453125 0.0109375 0.0140625
13 0.30703125 0.15078125 0.0171875 0.0203125
13 0.33203125 0.196875 0.009375 0.021875
13 0.35390625 0.1921875 0.015625 0.0171875
102 0.07890625 0.36875 0.009375 0.028125
3 0.1109375 0.32265625 0.0125 0.0234375
3 0.13203125 0.3234375 0.009375 0.01875
13 0.165625 0.3390625 0.0109375 0.0265625
13 0.1671875 0.3859375 0.009375 0.021875
122 0.146875 0.55234375 0.0140625 0.0359375
122 0.14609375 0.5890625 0.0109375 0.03125
13 0.11015625 0.684375 0.015625 0.01875
13 0.109375 0.7828125 0.0140625 0.0125
122 0.21875 0.7953125 0.0125 0.034375
122 0.2171875 0.7578125 0.0140625 0.03125
122 0.21796875 0.68359375 0.0140625 0.034375
122 0.21875 0.65078125 0.0140625 0.028125
13 0.2703125 0.58828125 0.015625 0.0203125
130 0.30859375 0.5796875 0.015625 0.034375
109 0.3265625 0.78828125 0.0109375 0.0296875
109 0.32578125 0.69453125 0.009375 0.028125
119 0.346875 0.7609375 0.0109375 0.028125
119 0.34609375 0.66875 0.0125 0.021875
122 0.434375 0.653125 0.0109375 0.028125
21 0.37421875 0.59609375 0.01875 0.0171875
21 0.21953125 0.46171875 0.0109375 0.015625
119 0.259375 0.45859375 0.0125 0.0234375
66 0.25859375 0.4125 0.0140625 0.0234375
21 0.29921875 0.4765625 0.0140625 0.0234375
21 0.3375 0.4984375 0.0171875 0.0203125
60 0.38984375 0.44609375 0.009375 0.0265625
122 0.2984375 0.4078125 0.0140625 0.0328125
21 0.2203125 0.340625 0.015625 0.0140625
119 0.25703125 0.33515625 0.015625 0.0265625
66 0.29140625 0.2859375 0.015625 0.0203125
60 0.32890625 0.36328125 0.0140625 0.0125
13 0.32265625 0.41484375 0.0125 0.0125
13 0.378125 0.3828125 0.021875 0.0125
20 0.37109375 0.49765625 0.025 0.04375
20 0.2765625 0.353125 0.021875 0.040625
20 0.278125 0.4796875 0.021875 0.05
20 0.3453125 0.59765625 0.025 0.046875
20 0.4390625 0.34609375 0.0203125 0.040625
20 0.43828125 0.290625 0.021875 0.04375
60 0.4390625 0.19609375 0.0171875 0.0171875
21 0.5328125 0.1484375 0.0125 0.0265625
21 0.46328125 0.3484375 0.0203125 0.01875
60 0.553125 0.36484375 0.0171875 0.01875
60 0.525 0.50078125 0.0140625 0.01875