66 0.1203125 0.934375 0.078125 0.065625
60 0.13046875 0.79140625 0.059375 0.075
67 0.12265625 0.65078125 0.075 0.0796875
63 0.1265625 0.5109375 0.0546875 0.075
102 0.1265625 0.35859375 0.06875 0.084375
119 0.1203125 0.21640625 0.08125 0.075
11 0.11875 0.0734375 0.0875 0.06875
25 0.365625 0.93828125 0.06875 0.06875
21 0.3640625 0.79140625 0.071875 0.075
21 0.359375 0.653125 0.0609375 0.08125
16 0.36171875 0.496875 0.084375 0.08125
45 0.3734375 0.3625 0.078125 0.075
50 0.371875 0.221875 0.06875 0.08125
64 0.365625 0.07734375 0.0875 0.071875
135 0.60546875 0.93828125 0.090625 0.059375
8 0.60625 0.7984375 0.08125 0.0609375
13 0.60078125 0.64375 0.065625 0.08125
13 0.6015625 0.509375 0.0578125 0.0609375
152 0.6046875 0.36484375 0.10625 0.06875
74 0.6015625 0.2234375 0.109375 0.071875
98 0.59921875 0.07734375 0.1 0.0609375
122 0.846875 0.94140625 0.096875 0.075
51 0.83828125 0.79609375 0.1125 0.0734375
102 0.85 0.653125 0.065625 0.0640625
1 0.84921875 0.49765625 0.078125 0.084375
4 0.840625 0.36484375 0.084375 0.078125
61 0.8421875 0.2171875 0.13125 0.06875
14 0.84453125 0.071875 0.140625 0.071875