10 0.025 0.89375 0.05 0.175
19 0.025 0.63125 0.05 0.2890625
19 0.025 0.37734375 0.05 0.2625
19 0.0234375 0.12265625 0.046875 0.2453125
134 0.109375 0.8796875 0.0546875 0.240625
137 0.10859375 0.63828125 0.05625 0.1359375
137 0.109375 0.3734375 0.05 0.16875
121 0.11328125 0.11796875 0.084375 0.153125
27 0.18828125 0.11796875 0.0296875 0.153125
145 0.18984375 0.378125 0.028125 0.1875
144 0.18984375 0.634375 0.025 0.1546875
107 0.1875 0.89296875 0.0296875 0.171875
121 0.26171875 0.87265625 0.05625 0.253125
39 0.26015625 0.64375 0.05625 0.1
39 0.26015625 0.378125 0.0515625 0.2046875
69 0.26328125 0.109375 0.0484375 0.140625
37 0.33984375 0.1109375 0.0375 0.13125
33 0.34140625 0.3671875 0.0375 0.225
93 0.33125 0.64609375 0.053125 0.165625
147 0.334375 0.89296875 0.053125 0.165625
88 0.40625 0.88671875 0.05625 0.1484375
160 0.4171875 0.6296875 0.03125 0.1875
34 0.4140625 0.36953125 0.0390625 0.275
91 0.4109375 0.10234375 0.04375 0.1484375
35 0.5078125 0.8984375 0.03125 0.1625
155 0.5015625 0.6375 0.05 0.09375
18 0.48671875 0.37265625 0.06875 0.234375
5 0.49609375 0.11015625 0.0546875 0.2203125
15 0.59453125 0.88671875 0.04375 0.1828125
56 0.5796875 0.63515625 0.065625 0.171875
57 0.58203125 0.38984375 0.059375 0.14375
58 0.5796875 0.109375 0.065625 0.153125
159 0.6921875 0.8984375 0.05 0.1109375
171 0.67734375 0.646875 0.08125 0.15
92 0.6890625 0.3875 0.0515625 0.15625
77 0.68828125 0.10859375 0.05625 0.103125
113 0.77421875 0.90390625 0.0625 0.125
76 0.7703125 0.65703125 0.0703125 0.2671875
110 0.7734375 0.36796875 0.0625 0.13125
22 0.77734375 0.1109375 0.053125 0.165625
30 0.8828125 0.1015625 0.053125 0.146875
29 0.86796875 0.38203125 0.084375 0.225
28 0.87109375 0.64375 0.078125 0.23125
59 0.87421875 0.9109375 0.071875 0.178125
105 0.97421875 0.8828125 0.025 0.1375
9 0.9671875 0.628125 0.040625 0.228125