63 0.0109375 0.884375 0.021875 0.059375
60 0.04609375 0.84609375 0.0375 0.0484375
60 0.109375 0.88828125 0.040625 0.05
102 0.15390625 0.8421875 0.040625 0.0515625
102 0.315625 0.8859375 0.0484375 0.05
102 0.36015625 0.83828125 0.071875 0.0515625
102 0.36484375 0.69140625 0.0578125 0.078125
16 0.48046875 0.84296875 0.0375 0.05625
16 0.46875 0.69140625 0.0515625 0.071875
109 0.82734375 0.90234375 0.10625 0.0625
1 0.0203125 0.2734375 0.040625 0.0375
4 0.109375 0.2765625 0.071875 0.0546875
21 0.31015625 0.2734375 0.0625 0.065625
21 0.37421875 0.2296875 0.0609375 0.075
21 0.36953125 0.075 0.0765625 0.090625
153 0.47734375 0.26796875 0.096875 0.071875
8 0.64453125 0.31171875 0.0828125 0.0890625
130 0.92890625 0.27578125 0.10625 0.128125