60 0.2203125 0.01875 0.065625 0.03125
102 0.21875 0.06171875 0.0625 0.040625
4 0.21953125 0.1046875 0.084375 0.034375
8 0.21015625 0.1375 0.090625 0.0390625
32 0.21796875 0.1859375 0.0671875 0.040625
25 0.21484375 0.2328125 0.0875 0.04375
61 0.22734375 0.2703125 0.096875 0.034375
151 0.22421875 0.3015625 0.1125 0.0328125
72 0.23046875 0.34296875 0.121875 0.0578125
130 0.23359375 0.4109375 0.121875 0.04375
119 0.234375 0.45546875 0.0875 0.046875
11 0.24140625 0.5171875 0.121875 0.053125
32 0.33984375 0.59453125 0.0765625 0.0375
32 0.3453125 0.665625 0.053125 0.0578125
97 0.30078125 0.7265625 0.1390625 0.046875
114 0.30546875 0.7984375 0.06875 0.0375
114 0.30546875 0.8640625 0.059375 0.040625
100 0.26328125 0.92421875 0.1375 0.0546875
108 0.73125 0.94765625 0.0796875 0.0625
109 0.75546875 0.8375 0.1625 0.0703125
109 0.75078125 0.7765625 0.1625 0.025
151 0.7046875 0.69609375 0.1140625 0.034375
11 0.70078125 0.6203125 0.115625 0.040625
130 0.6984375 0.56875 0.1140625 0.053125
106 0.89765625 0.77421875 0.0703125 0.0546875
136 0.90234375 0.72265625 0.075 0.0328125
61 0.90234375 0.61328125 0.0875 0.053125
99 0.83125 0.53359375 0.109375 0.05
13 0.8578125 0.47265625 0.046875 0.040625
13 0.85625 0.425 0.0453125 0.0484375
102 0.86171875 0.35859375 0.0421875 0.040625
95 0.84609375 0.30546875 0.115625 0.034375
116 0.85703125 0.265625 0.103125 0.028125
8 0.8703125 0.23125 0.0671875 0.0203125
75 0.83515625 0.1921875 0.096875 0.0359375
99 0.83515625 0.13671875 0.1015625 0.03125
63 0.8515625 0.03515625 0.046875 0.0390625
120 0.85 0.08359375 0.08125 0.0375
13 0.56015625 0.01953125 0.0625 0.028125
21 0.5578125 0.05546875 0.071875 0.034375
21 0.5546875 0.09296875 0.059375 0.04375
114 0.56015625 0.1265625 0.0828125 0.034375
14 0.5234375 0.165625 0.08125 0.01875
14 0.53046875 0.2 0.1078125 0.040625
106 0.540625 0.24765625 0.090625 0.034375
118 0.471875 0.31328125 0.1140625 0.028125
101 0.5296875 0.3765625 0.103125 0.04375
136 0.56796875 0.434375 0.075 0.034375
108 0.52578125 0.47578125 0.059375 0.03125
109 0.5375 0.5125 0.084375 0.028125
109 0.55078125 0.5453125 0.109375 0.0375
1 0.38515625 0.14765625 0.071875 0.0390625
16 0.390625 0.1 0.0671875 0.0375
16 0.38671875 0.0609375 0.065625 0.0296875
63 0.38515625 0.0203125 0.08125 0.040625