20 0.296875 0.3109375 0.03125 0.0453125
60 0.32890625 0.3546875 0.015625 0.0390625
60 0.3453125 0.35078125 0.015625 0.0359375
119 0.44375 0.4 0.021875 0.0390625
119 0.52265625 0.50546875 0.0265625 0.0453125
20 0.42890625 0.51953125 0.028125 0.0484375
119 0.415625 0.56875 0.028125 0.0421875
13 0.36171875 0.6265625 0.0234375 0.025
13 0.36171875 0.68359375 0.01875 0.0328125
13 0.3640625 0.740625 0.0203125 0.028125
60 0.0390625 0.753125 0.015625 0.028125
20 0.06015625 0.78203125 0.025 0.0453125
106 0.09453125 0.771875 0.0140625 0.034375
119 0.15078125 0.76171875 0.0171875 0.03125
119 0.24921875 0.85546875 0.015625 0.0265625
119 0.23828125 0.9125 0.0203125 0.034375
13 0.3015625 0.92578125 0.021875 0.03125
119 0.43828125 0.790625 0.0203125 0.0390625
20 0.54609375 0.7734375 0.028125 0.0484375
108 0.6859375 0.5828125 0.0265625 0.0359375