66 0.0515625 0.1015625 0.078125 0.0734375
60 0.19375 0.109375 0.0796875 0.05625
67 0.34296875 0.10078125 0.090625 0.0875
63 0.49765625 0.1125 0.0765625 0.059375
102 0.65234375 0.09921875 0.0703125 0.0796875
119 0.79296875 0.10625 0.0796875 0.06875
11 0.94765625 0.10234375 0.0765625 0.09375
64 0.9421875 0.3515625 0.06875 0.103125
45 0.79609375 0.3578125 0.078125 0.0703125
45 0.6453125 0.3609375 0.0875 0.0625
16 0.503125 0.35390625 0.0875 0.0734375
21 0.35078125 0.35078125 0.0828125 0.0734375
21 0.2046875 0.35703125 0.0734375 0.0734375
25 0.053125 0.35625 0.0609375 0.06875
135 0.04921875 0.60859375 0.0625 0.1
8 0.2 0.60703125 0.065625 0.08125
13 0.34921875 0.60078125 0.08125 0.05625
13 0.49296875 0.60078125 0.0671875 0.05625
152 0.646875 0.59453125 0.06875 0.10625
74 0.79609375 0.60234375 0.0765625 0.115625
98 0.94609375 0.59375 0.078125 0.1078125
14 0.94609375 0.85546875 0.053125 0.1390625