60 0.1078125 0.12421875 0.046875 0.05625
66 0.18515625 0.11953125 0.05 0.06875
119 0.26171875 0.11171875 0.046875 0.078125
98 0.340625 0.103125 0.05 0.1046875
74 0.41640625 0.10546875 0.05 0.103125
141 0.503125 0.1015625 0.0390625 0.096875
12 0.58984375 0.115625 0.0421875 0.090625
130 0.6859375 0.115625 0.053125 0.09375
11 0.78515625 0.1078125 0.090625 0.121875
40 0.909375 0.16015625 0.075 0.0765625
43 0.91171875 0.28046875 0.075 0.084375
63 0.1078125 0.325 0.05 0.071875
67 0.18984375 0.3203125 0.053125 0.06875
120 0.26171875 0.31015625 0.059375 0.071875
99 0.34921875 0.30078125 0.053125 0.10625
75 0.42734375 0.2953125 0.046875 0.10625
14 0.49765625 0.3203125 0.025 0.0875
14 0.53984375 0.32421875 0.046875 0.090625
78 0.60859375 0.3203125 0.053125 0.096875
151 0.69296875 0.30234375 0.071875 0.09375
79 0.77265625 0.303125 0.05 0.125
148 0.81796875 0.3 0.0359375 0.11875
111 0.80703125 0.51484375 0.059375 0.078125
102 0.73515625 0.52265625 0.046875 0.05625
142 0.66875 0.51171875 0.046875 0.078125
51 0.60703125 0.490625 0.0390625 0.1046875
112 0.5203125 0.48515625 0.053125 0.096875
6 0.425 0.51640625 0.05 0.046875
95 0.34453125 0.51171875 0.059375 0.14375
116 0.27265625 0.51484375 0.046875 0.1078125
64 0.1921875 0.521875 0.05 0.09375
8 0.11328125 0.52890625 0.0421875 0.071875
13 0.11328125 0.7375 0.046875 0.05625
73 0.19921875 0.7046875 0.0390625 0.1078125
114 0.29609375 0.72890625 0.05 0.05
95 0.38046875 0.703125 0.0328125 0.1078125
16 0.4625 0.74296875 0.046875 0.046875
16 0.53828125 0.734375 0.075 0.06875
118 0.61328125 0.7171875 0.046875 0.096875
21 0.69765625 0.73203125 0.053125 0.05625
153 0.78203125 0.71875 0.05625 0.0625
32 0.11171875 0.93203125 0.04375 0.071875
32 0.1640625 0.93046875 0.0421875 0.05625
97 0.25078125 0.90859375 0.03125 0.1109375
109 0.309375 0.92734375 0.03125 0.0875
108 0.3796875 0.928125 0.0390625 0.075
132 0.4765625 0.91875 0.084375 0.06875
133 0.5890625 0.915625 0.0625 0.059375
136 0.69765625 0.928125 0.0640625 0.0875
61 0.75625 0.928125 0.025 0.08125
106 0.8046875 0.9109375 0.0390625 0.0625
45 0.91484375 0.49765625 0.06875 0.05625
157 0.91484375 0.6171875 0.078125 0.0703125
166 0.91015625 0.74765625 0.0765625 0.05625
150 0.91171875 0.871875 0.103125 0.05625