60 0.03203125 0.9515625 0.04375 0.05625
1 0.03046875 0.8921875 0.040625 0.05625
4 0.02890625 0.821875 0.0421875 0.0640625
66 0.03046875 0.74609375 0.04375 0.0546875
66 0.028125 0.68359375 0.0421875 0.059375
135 0.0328125 0.5390625 0.0375 0.0625
8 0.0296875 0.25546875 0.03125 0.0578125
64 0.03359375 0.1296875 0.040625 0.0671875
109 0.03125 0.04921875 0.03125 0.075
102 0.18359375 0.05234375 0.0296875 0.06875
102 0.18046875 0.1046875 0.034375 0.05625
102 0.18125 0.17109375 0.0375 0.0625
102 0.18359375 0.23046875 0.0375 0.046875
14 0.18125 0.28359375 0.0390625 0.040625
60 0.1828125 0.34375 0.0359375 0.0453125
63 0.18125 0.40078125 0.0390625 0.04375
60 0.18203125 0.525 0.0453125 0.0390625
21 0.184375 0.8875 0.04375 0.0453125
102 0.340625 0.7765625 0.04375 0.0625
102 0.33984375 0.65703125 0.040625 0.0484375
13 0.33984375 0.59375 0.04375 0.04375
13 0.33671875 0.53671875 0.040625 0.0546875
122 0.33828125 0.42734375 0.0375 0.065625
0 0.5078125 0.5484375 0.040625 0.05625
2 0.509375 0.47890625 0.0390625 0.059375
1 0.51015625 0.41171875 0.0375 0.053125
2 0.51015625 0.3453125 0.040625 0.053125
102 0.509375 0.15078125 0.0421875 0.059375