60 0.84140625 0.9203125 0.0875 0.153125
63 0.83671875 0.7453125 0.1 0.128125
13 0.83984375 0.609375 0.0796875 0.09375
114 0.83359375 0.453125 0.0765625 0.1078125
16 0.83984375 0.3125 0.065625 0.0875
21 0.834375 0.12421875 0.090625 0.10625
153 0.503125 0.9328125 0.1109375 0.128125
102 0.4984375 0.59921875 0.0875 0.115625
111 0.49765625 0.31640625 0.09375 0.1125
79 0.49453125 0.1234375 0.0734375 0.246875
1 0.0515625 0.909375 0.0734375 0.140625
4 0.0421875 0.75078125 0.0625 0.1546875
8 0.040625 0.58984375 0.05625 0.1015625