60 0.91328125 0.87578125 0.046875 0.05625
66 0.8359375 0.88046875 0.05 0.0703125
119 0.76015625 0.88828125 0.046875 0.078125
98 0.68046875 0.896875 0.05 0.1046875
74 0.6046875 0.89453125 0.05 0.103125
141 0.51796875 0.8984375 0.0390625 0.096875
12 0.43125 0.884375 0.0421875 0.090625
130 0.33515625 0.884375 0.053125 0.09375
11 0.2359375 0.8921875 0.090625 0.121875
40 0.11171875 0.83984375 0.075 0.0765625
43 0.109375 0.71953125 0.0765625 0.084375
63 0.91328125 0.675 0.05 0.071875
67 0.83203125 0.6796875 0.053125 0.0703125
120 0.76015625 0.68984375 0.059375 0.0734375
99 0.67265625 0.69921875 0.053125 0.10625
75 0.59375 0.7046875 0.046875 0.10625
14 0.5234375 0.6796875 0.028125 0.0875
14 0.48125 0.67578125 0.046875 0.090625
78 0.4125 0.6796875 0.053125 0.096875
151 0.328125 0.69765625 0.0703125 0.09375
79 0.2484375 0.696875 0.05 0.125
148 0.203125 0.7 0.0375 0.11875
111 0.2140625 0.48515625 0.059375 0.078125
102 0.2859375 0.47734375 0.046875 0.05625
142 0.35234375 0.48828125 0.046875 0.078125
51 0.4140625 0.509375 0.0375 0.1046875
112 0.50078125 0.51484375 0.053125 0.096875
6 0.59609375 0.48359375 0.05 0.046875
95 0.6765625 0.48828125 0.059375 0.14375
116 0.7484375 0.48515625 0.046875 0.109375
64 0.82890625 0.478125 0.05 0.09375
8 0.9078125 0.47109375 0.0421875 0.0734375
13 0.9078125 0.2625 0.046875 0.05625
73 0.821875 0.2953125 0.0390625 0.109375
114 0.72578125 0.27109375 0.05 0.05
95 0.640625 0.296875 0.0328125 0.109375
16 0.55859375 0.25703125 0.046875 0.046875
16 0.4828125 0.265625 0.0765625 0.06875
118 0.4078125 0.2828125 0.046875 0.096875
21 0.3234375 0.26796875 0.053125 0.05625
153 0.2390625 0.28125 0.05625 0.0625
32 0.909375 0.06796875 0.04375 0.071875
32 0.85703125 0.06953125 0.0421875 0.05625
97 0.7703125 0.09140625 0.03125 0.1125
109 0.71171875 0.07265625 0.03125 0.0875
108 0.64140625 0.071875 0.0390625 0.0765625
132 0.5453125 0.08125 0.084375 0.0703125
133 0.43203125 0.084375 0.0625 0.059375
136 0.3234375 0.071875 0.0625 0.0875
61 0.26484375 0.071875 0.025 0.084375
106 0.21640625 0.0890625 0.0375 0.0640625
45 0.10625 0.50234375 0.0703125 0.05625
157 0.10625 0.3828125 0.078125 0.0703125
166 0.1109375 0.25234375 0.0765625 0.05625
150 0.109375 0.128125 0.103125 0.05625