60 0.08125 0.734375 0.034375 0.0390625
66 0.1609375 0.73984375 0.04375 0.0484375
119 0.2421875 0.74375 0.0375 0.0609375
98 0.32109375 0.753125 0.0359375 0.06875
74 0.40546875 0.74765625 0.0390625 0.06875
141 0.4875 0.75234375 0.0484375 0.0734375
12 0.57578125 0.7453125 0.0421875 0.059375
63 0.66953125 0.9 0.053125 0.0390625
67 0.80234375 0.89921875 0.0671875 0.0578125
130 0.66953125 0.74921875 0.059375 0.075
11 0.765625 0.746875 0.0625 0.08125
40 0.90625 0.70625 0.075 0.059375
43 0.90546875 0.61796875 0.078125 0.06875
63 0.07890625 0.58359375 0.046875 0.0359375
67 0.16015625 0.5890625 0.046875 0.04375
120 0.2453125 0.5921875 0.05625 0.06875
99 0.325 0.6015625 0.040625 0.078125
75 0.40546875 0.603125 0.05625 0.075
14 0.484375 0.5859375 0.025 0.0546875
14 0.52578125 0.58203125 0.0515625 0.0609375
78 0.5890625 0.58984375 0.05625 0.0796875
151 0.6828125 0.596875 0.04375 0.059375
79 0.76484375 0.60078125 0.0375 0.075
148 0.81328125 0.59921875 0.040625 0.0796875
112 0.509375 0.45625 0.040625 0.075
51 0.59375 0.4578125 0.046875 0.075
142 0.6578125 0.44140625 0.046875 0.04375
102 0.72578125 0.4390625 0.0453125 0.034375
111 0.79921875 0.4390625 0.05 0.046875
6 0.40390625 0.44140625 0.053125 0.05
95 0.32734375 0.45078125 0.0375 0.0859375
116 0.24609375 0.4375 0.04375 0.0796875
64 0.16484375 0.434375 0.0375 0.065625
8 0.08125 0.43203125 0.05 0.053125
13 0.08515625 0.2765625 0.0484375 0.04375
73 0.175 0.29921875 0.0375 0.08125
114 0.27109375 0.27734375 0.046875 0.0453125
100 0.35859375 0.29765625 0.034375 0.075
16 0.44453125 0.275 0.0390625 0.0421875
16 0.5234375 0.27109375 0.04375 0.0375
118 0.60234375 0.290625 0.0421875 0.0703125
21 0.6859375 0.28515625 0.059375 0.040625
153 0.77265625 0.28984375 0.05 0.046875
32 0.07734375 0.12578125 0.0484375 0.040625
32 0.13984375 0.1265625 0.0390625 0.0296875
97 0.2265625 0.14375 0.034375 0.08125
109 0.28515625 0.134375 0.03125 0.0609375
108 0.36015625 0.13671875 0.0515625 0.06875
132 0.4671875 0.1375 0.065625 0.0484375
133 0.5765625 0.14140625 0.06875 0.05
136 0.68203125 0.1390625 0.05625 0.05
61 0.74609375 0.1390625 0.0390625 0.059375
106 0.80234375 0.13984375 0.03125 0.0546875
150 0.9078125 0.1703125 0.05 0.028125
166 0.90859375 0.265625 0.0390625 0.0375
157 0.90859375 0.36171875 0.053125 0.040625
45 0.90625 0.4578125 0.05 0.053125