66 0.015625 0.9328125 0.0203125 0.025
60 0.059375 0.93125 0.0359375 0.0359375
14 0.0953125 0.9328125 0.028125 0.021875
63 0.13515625 0.93359375 0.021875 0.0296875
63 0.1734375 0.93046875 0.025 0.034375
138 0.21328125 0.9296875 0.03125 0.034375
102 0.2515625 0.9359375 0.025 0.034375
119 0.29140625 0.93359375 0.021875 0.040625
112 0.328125 0.9328125 0.021875 0.04375
130 0.3703125 0.9328125 0.025 0.034375
25 0.4109375 0.93125 0.0265625 0.0359375
21 0.44765625 0.93203125 0.03125 0.01875
16 0.0171875 0.8703125 0.0328125 0.040625
7 0.13671875 0.871875 0.025 0.0296875
7 0.1796875 0.86875 0.021875 0.0328125
7 0.209375 0.8671875 0.021875 0.028125
8 0.2515625 0.86484375 0.01875 0.03125
6 0.3 0.8640625 0.028125 0.0296875
13 0.33515625 0.86484375 0.0328125 0.025
13 0.4125 0.86875 0.0328125 0.034375