114 0.0390625 0.2734375 0.028125 0.06875
106 0.0875 0.33984375 0.025 0.065625
119 0.121875 0.32578125 0.021875 0.05625
119 0.2484375 0.54140625 0.03125 0.05625
119 0.41640625 0.93515625 0.021875 0.059375
119 0.725 0.515625 0.04375 0.0875
119 0.8390625 0.27578125 0.0375 0.071875
119 0.96015625 0.4421875 0.028125 0.06875
20 0.86171875 0.4828125 0.040625 0.075
20 0.04140625 0.35 0.0375 0.065625
62 0.065625 0.7046875 0.0953125 0.25
66 0.53671875 0.74453125 0.028125 0.05625
20 0.61640625 0.153125 0.0375 0.06875
16 0.64921875 0.23046875 0.021875 0.06875
16 0.7125 0.22578125 0.025 0.0875
66 0.52421875 0.971875 0.0328125 0.05625