109 0.6203125 0.928125 0.084375 0.14375
60 0.66484375 0.68125 0.01875 0.0609375
60 0.62109375 0.68203125 0.0296875 0.065625
60 0.5109375 0.6765625 0.028125 0.0609375
60 0.3828125 0.73984375 0.05625 0.05
60 0.65625 0.140625 0.040625 0.059375
60 0.83125 0.1375 0.046875 0.0390625
60 0.35234375 0.2328125 0.0546875 0.04375
60 0.3734375 0.18046875 0.0375 0.05625
60 0.17421875 0.2296875 0.04375 0.046875
60 0.2015625 0.7421875 0.0640625 0.04375
120 0.29453125 0.75859375 0.05625 0.0875
120 0.26796875 0.25 0.071875 0.078125
120 0.7515625 0.15546875 0.0609375 0.084375