60 0.9125 0.334375 0.040625 0.025
60 0.91171875 0.41484375 0.0375 0.0328125
60 0.63515625 0.33515625 0.025 0.034375
60 0.43828125 0.44453125 0.046875 0.0265625
60 0.72265625 0.56796875 0.028125 0.034375
60 0.840625 0.56796875 0.028125 0.040625
60 0.81640625 0.65 0.025 0.034375
60 0.72421875 0.6484375 0.0265625 0.034375
60 0.5890625 0.65 0.021875 0.0359375
60 0.45625 0.646875 0.028125 0.034375
60 0.63203125 0.796875 0.0375 0.0234375
102 0.69375 0.8171875 0.046875 0.04375
102 0.7578125 0.81953125 0.034375 0.040625
102 0.83515625 0.8171875 0.04375 0.040625
102 0.92109375 0.81796875 0.040625 0.0359375
60 0.39453125 0.76875 0.0328125 0.028125
60 0.39453125 0.79140625 0.0359375 0.015625
60 0.39453125 0.81328125 0.0375 0.0203125
60 0.39375 0.8375 0.0375 0.025
60 0.39375 0.859375 0.0328125 0.021875
60 0.22109375 0.6421875 0.0390625 0.028125
60 0.23203125 0.5375 0.025 0.040625
60 0.2359375 0.440625 0.0296875 0.0375
60 0.3578125 0.415625 0.025 0.0421875
60 0.2265625 0.27265625 0.040625 0.021875
60 0.628125 0.02421875 0.0375 0.0375