45 0.709375 0.359375 0.065625 0.0234375
45 0.71015625 0.3984375 0.0625 0.0265625
45 0.71484375 0.47578125 0.0625 0.0296875
45 0.709375 0.5203125 0.08125 0.025
45 0.159375 0.59921875 0.065625 0.028125
63 0.06328125 0.2046875 0.053125 0.046875
45 0.1046875 0.2875 0.065625 0.04375
63 0.0203125 0.7421875 0.040625 0.04375
63 0.7390625 0.67109375 0.025 0.04375
60 0.73828125 0.56015625 0.0453125 0.034375
60 0.7453125 0.7828125 0.046875 0.0328125
60 0.196875 0.090625 0.034375 0.0328125
60 0.19921875 0.3203125 0.0390625 0.034375
60 0.2125 0.8234375 0.046875 0.046875
119 0.21328125 0.7328125 0.05 0.034375
119 0.19609375 0.20703125 0.046875 0.0375
102 0.21953125 0.63359375 0.05625 0.05
8 0.9703125 0.39921875 0.046875 0.0359375