66 0.021875 0.80703125 0.04375 0.103125
141 0.16796875 0.79765625 0.084375 0.0796875
21 0.36171875 0.796875 0.1 0.1
135 0.5328125 0.8015625 0.0765625 0.134375
112 0.70234375 0.78203125 0.1046875 0.1515625
14 0.86640625 0.79453125 0.0703125 0.1609375
61 0.8734375 0.653125 0.0703125 0.11875
8 0.5296875 0.65390625 0.09375 0.090625
16 0.36328125 0.65234375 0.103125 0.09375
60 0.02734375 0.653125 0.0546875 0.090625
14 0.02890625 0.515625 0.0578125 0.10625
130 0.165625 0.5046875 0.096875 0.1234375
45 0.36015625 0.51484375 0.10625 0.096875
13 0.53359375 0.51796875 0.1 0.10625
51 0.70703125 0.5546875 0.1046875 0.15625
102 0.871875 0.50703125 0.096875 0.1109375
64 0.8703125 0.3171875 0.0796875 0.1328125
122 0.70390625 0.359375 0.0875 0.140625
50 0.3578125 0.3828125 0.096875 0.090625
25 0.16796875 0.38359375 0.096875 0.078125
67 0.02421875 0.38828125 0.0484375 0.0875
63 0.028125 0.284375 0.05625 0.090625
21 0.16953125 0.28046875 0.096875 0.0875
114 0.35703125 0.28359375 0.1 0.084375
13 0.5328125 0.2796875 0.1046875 0.075
152 0.86796875 0.14765625 0.09375 0.1359375
98 0.53515625 0.1453125 0.0984375 0.1234375
74 0.1703125 0.1421875 0.1 0.1375
74 0.03203125 0.146875 0.0640625 0.103125