13 0.19921875 0.409375 0.0109375 0.0078125
13 0.228125 0.409375 0.0109375 0.0125
13 0.22109375 0.50703125 0.009375 0.0078125
13 0.23671875 0.50625 0.009375 0.0125
1 0.44140625 0.1546875 0.015625 0.0078125
119 0.46796875 0.1515625 0.015625 0.0078125
102 0.46328125 0.184375 0.0125 0.0125
119 0.5578125 0.13046875 0.01875 0.009375
102 0.45625 0.28046875 0.0125 0.00625
102 0.45625 0.29453125 0.015625 0.0109375
13 0.621875 0.15234375 0.0125 0.0078125
13 0.62265625 0.26328125 0.0125 0.0125
13 0.65234375 0.1609375 0.0109375 0.009375
13 0.6515625 0.27265625 0.0109375 0.0125
13 0.7140625 0.19921875 0.009375 0.009375
20 0.71640625 0.14296875 0.0578125 0.075
20 0.715625 0.26640625 0.05625 0.0578125
13 0.7125 0.31015625 0.0125 0.0109375
13 0.4109375 0.365625 0.0125 0.0109375
13 0.35078125 0.49921875 0.015625 0.009375
13 0.440625 0.478125 0.0109375 0.0109375
13 0.48671875 0.47890625 0.0125 0.0125
1 0.609375 0.48359375 0.0125 0.0109375
119 0.62109375 0.465625 0.021875 0.009375
13 0.5984375 0.40625 0.015625 0.0078125
13 0.578125 0.40703125 0.009375 0.009375
13 0.7703125 0.475 0.015625 0.0125
14 0.74453125 0.696875 0.0109375 0.0109375
119 0.68359375 0.74296875 0.021875 0.0125
1 0.5546875 0.74296875 0.0125 0.0078125
1 0.55390625 0.809375 0.0109375 0.00625
119 0.5734375 0.80859375 0.01875 0.009375
60 0.3203125 0.6421875 0.015625 0.009375
13 0.2734375 0.71953125 0.009375 0.009375
13 0.24296875 0.71953125 0.009375 0.009375
13 0.31875 0.7203125 0.015625 0.00625
13 0.36484375 0.753125 0.0109375 0.0109375