10 0.02421875 0.10625 0.0484375 0.1796875
19 0.02421875 0.37734375 0.0484375 0.296875
19 0.02421875 0.63828125 0.0484375 0.2703125
19 0.02265625 0.88671875 0.0453125 0.2265625
134 0.1078125 0.12265625 0.05625 0.2453125
137 0.10859375 0.36875 0.0578125 0.140625
137 0.109375 0.64140625 0.0515625 0.1734375
121 0.11328125 0.9046875 0.0875 0.1578125
27 0.190625 0.9046875 0.03125 0.1578125
145 0.1921875 0.63671875 0.028125 0.19375
144 0.1921875 0.37265625 0.025 0.159375
107 0.18984375 0.10703125 0.03125 0.1765625
121 0.265625 0.1296875 0.0578125 0.259375
39 0.26484375 0.36328125 0.0578125 0.103125
39 0.26484375 0.63671875 0.053125 0.2109375
69 0.26796875 0.91328125 0.05 0.14375
37 0.34609375 0.91171875 0.0375 0.134375
33 0.3484375 0.64765625 0.0375 0.23125
93 0.3375 0.3609375 0.0546875 0.1703125
147 0.340625 0.10703125 0.0546875 0.1703125
88 0.41484375 0.11328125 0.0578125 0.153125
160 0.42578125 0.378125 0.03125 0.19375
34 0.42265625 0.6453125 0.040625 0.2828125
91 0.41953125 0.9203125 0.0453125 0.153125
35 0.51953125 0.1015625 0.03125 0.1671875
155 0.5125 0.36953125 0.0515625 0.096875
18 0.49765625 0.6421875 0.071875 0.240625
5 0.50703125 0.89921875 0.05625 0.2
15 0.60859375 0.11328125 0.0453125 0.1875
56 0.59296875 0.371875 0.0671875 0.1765625
57 0.5953125 0.62421875 0.0609375 0.146875
58 0.59296875 0.91328125 0.0671875 0.1578125
159 0.709375 0.1015625 0.0515625 0.1140625
171 0.69375 0.36015625 0.084375 0.1546875
92 0.70546875 0.62734375 0.053125 0.1609375
77 0.7046875 0.9140625 0.0578125 0.10625
113 0.79375 0.0953125 0.0640625 0.128125
76 0.7890625 0.35 0.071875 0.275
110 0.79296875 0.646875 0.0640625 0.134375
22 0.796875 0.91171875 0.0546875 0.1703125
30 0.90546875 0.92109375 0.0546875 0.15
29 0.88984375 0.6328125 0.0875 0.23125
28 0.89296875 0.36328125 0.08125 0.2375
59 0.8953125 0.08984375 0.075 0.1796875
105 0.9921875 0.11796875 0.015625 0.1421875
9 0.98515625 0.3796875 0.028125 0.234375