60 0.11328125 0.25859375 0.04375 0.04375
66 0.1859375 0.253125 0.053125 0.046875
119 0.259375 0.2484375 0.040625 0.065625
98 0.3296875 0.24375 0.0375 0.071875
74 0.40546875 0.2421875 0.04375 0.06875
141 0.48671875 0.24375 0.034375 0.0796875
12 0.5625 0.246875 0.04375 0.059375
63 0.65 0.090625 0.053125 0.0375
67 0.76796875 0.08828125 0.05 0.053125
11 0.7375 0.246875 0.0625 0.0796875
130 0.65546875 0.24765625 0.04375 0.071875
40 0.86171875 0.2875 0.046875 0.053125
43 0.86328125 0.38046875 0.04375 0.059375
148 0.7765625 0.39609375 0.03125 0.0859375
79 0.73359375 0.3953125 0.040625 0.0765625
151 0.659375 0.3984375 0.05 0.065625
78 0.57421875 0.40703125 0.046875 0.071875
14 0.51484375 0.409375 0.04375 0.059375
14 0.48046875 0.40546875 0.025 0.065625
112 0.5015625 0.53515625 0.046875 0.0828125
51 0.57734375 0.5359375 0.053125 0.06875
142 0.63828125 0.55703125 0.040625 0.05
102 0.6984375 0.55703125 0.040625 0.0375
111 0.7671875 0.55703125 0.046875 0.04375
63 0.11328125 0.41015625 0.0375 0.040625
67 0.18515625 0.4046875 0.040625 0.059375
120 0.26015625 0.4 0.0375 0.059375
99 0.33515625 0.38984375 0.0375 0.071875
75 0.41328125 0.3921875 0.040625 0.0890625
8 0.109375 0.5640625 0.04375 0.046875
64 0.18984375 0.5546875 0.040625 0.065625
116 0.2625 0.55078125 0.0375 0.065625
95 0.3375 0.546875 0.0375 0.0953125
6 0.40859375 0.55625 0.05625 0.053125
13 0.11875 0.71953125 0.0375 0.0390625
73 0.19765625 0.7015625 0.046875 0.0828125
114 0.2875 0.71875 0.0375 0.040625
100 0.3671875 0.70234375 0.034375 0.0796875
16 0.44140625 0.72578125 0.0375 0.046875
16 0.515625 0.72734375 0.040625 0.0375
118 0.58671875 0.70859375 0.040625 0.065625
21 0.665625 0.7140625 0.05 0.046875
153 0.74140625 0.709375 0.040625 0.05625
106 0.76953125 0.8578125 0.034375 0.05625
61 0.715625 0.8578125 0.03125 0.059375
136 0.66328125 0.8640625 0.046875 0.0578125
133 0.5625 0.85703125 0.05 0.04375
132 0.4640625 0.859375 0.053125 0.053125
108 0.3703125 0.8671875 0.04375 0.0671875
109 0.2984375 0.86484375 0.0375 0.065625
97 0.24609375 0.85234375 0.034375 0.0828125
32 0.16953125 0.87265625 0.0375 0.03125
32 0.1140625 0.8765625 0.04375 0.034375