109 0.92421875 0.3640625 0.15 0.0953125
60 0.6546875 0.31328125 0.06875 0.021875
60 0.65546875 0.36171875 0.071875 0.0328125
60 0.64921875 0.484375 0.06875 0.03125
60 0.71953125 0.6265625 0.05625 0.0625
60 0.05390625 0.32265625 0.065625 0.0453125
60 0.05 0.128125 0.04375 0.053125
60 0.15625 0.6609375 0.0484375 0.0609375
60 0.0984375 0.6375 0.0625 0.040625
60 0.153125 0.85859375 0.053125 0.0484375
60 0.721875 0.828125 0.0484375 0.071875
120 0.740625 0.725 0.096875 0.0625
120 0.175 0.7546875 0.0875 0.0796875
120 0.0703125 0.2171875 0.09375 0.06875