60 0.08046875 0.26328125 0.0453125 0.0484375
63 0.66875 0.10078125 0.0578125 0.0390625
67 0.8015625 0.090625 0.059375 0.065625
66 0.15859375 0.25859375 0.04375 0.0515625
119 0.2390625 0.2515625 0.0515625 0.0671875
98 0.31953125 0.2484375 0.04375 0.0734375
74 0.403125 0.2484375 0.05 0.0734375
141 0.49296875 0.25 0.059375 0.071875
12 0.578125 0.25625 0.0421875 0.0671875
130 0.67890625 0.25234375 0.0625 0.0734375
11 0.76796875 0.25234375 0.071875 0.0734375
63 0.07890625 0.41171875 0.046875 0.0453125
67 0.159375 0.4078125 0.0515625 0.05625
120 0.24609375 0.40546875 0.04375 0.065625
99 0.32578125 0.39765625 0.040625 0.075
75 0.40859375 0.39921875 0.05 0.0765625
14 0.48203125 0.41328125 0.0296875 0.0765625
14 0.528125 0.4109375 0.0515625 0.0765625
78 0.59375 0.41328125 0.0609375 0.0765625
151 0.68046875 0.39921875 0.078125 0.075
79 0.7625 0.39765625 0.05 0.0921875
148 0.80859375 0.3953125 0.046875 0.09375
112 0.50546875 0.5390625 0.0515625 0.0875
51 0.5875 0.540625 0.059375 0.065625
142 0.6546875 0.55625 0.0671875 0.059375
102 0.72421875 0.559375 0.04375 0.0515625
111 0.8 0.56015625 0.0546875 0.046875
40 0.90625 0.29375 0.0671875 0.065625
43 0.90234375 0.38359375 0.05 0.0625
45 0.90703125 0.54296875 0.05625 0.0359375
157 0.903125 0.6359375 0.05625 0.046875
166 0.909375 0.73203125 0.0421875 0.04375
150 0.90625 0.8265625 0.059375 0.046875
153 0.76875 0.71171875 0.0453125 0.05
21 0.68984375 0.715625 0.0515625 0.0390625
136 0.690625 0.8609375 0.059375 0.05625
61 0.74375 0.86015625 0.0359375 0.05625
106 0.8 0.853125 0.04375 0.0609375
133 0.57890625 0.859375 0.075 0.053125
132 0.46640625 0.8578125 0.0546875 0.046875
118 0.60078125 0.71171875 0.046875 0.0671875
16 0.51875 0.7265625 0.0515625 0.040625
16 0.440625 0.72421875 0.046875 0.040625
6 0.40546875 0.55234375 0.0515625 0.0546875
95 0.32421875 0.553125 0.0734375 0.1046875
116 0.24375 0.5609375 0.0546875 0.0828125
64 0.16640625 0.565625 0.040625 0.0671875
8 0.084375 0.56796875 0.05 0.053125
13 0.08828125 0.721875 0.0421875 0.040625
73 0.1734375 0.7015625 0.0453125 0.0796875
114 0.271875 0.721875 0.04375 0.040625
100 0.3609375 0.7046875 0.0375 0.0828125
32 0.0765625 0.8671875 0.06875 0.046875
32 0.14375 0.8734375 0.0515625 0.040625
97 0.2265625 0.853125 0.0359375 0.090625
109 0.28671875 0.8640625 0.04375 0.0703125
108 0.36328125 0.86640625 0.05 0.065625