11 0.97265625 0.08203125 0.053125 0.0421875
102 0.65625 0.08203125 0.115625 0.0453125
16 0.33671875 0.08203125 0.1046875 0.0375
16 0.01171875 0.0859375 0.0234375 0.03125
13 0.97265625 0.24453125 0.053125 0.0421875
13 0.6609375 0.25 0.115625 0.05
25 0.30234375 0.24375 0.115625 0.053125
45 0.0234375 0.23515625 0.046875 0.046875
8 0.00859375 0.396875 0.0171875 0.0375
21 0.31328125 0.3984375 0.0875 0.0375
21 0.640625 0.3953125 0.096875 0.040625
50 0.97109375 0.4015625 0.0578125 0.0375
64 0.97265625 0.5515625 0.05 0.05625
66 0.6640625 0.55390625 0.096875 0.0625
122 0.31015625 0.55859375 0.09375 0.053125
152 0.02421875 0.56484375 0.0484375 0.0546875
102 0.01953125 0.69921875 0.0390625 0.0453125
51 0.31875 0.696875 0.0796875 0.05
98 0.66171875 0.69765625 0.065625 0.0609375
74 0.975 0.7015625 0.05 0.05625
1 0.97265625 0.8328125 0.053125 0.04375
4 0.63671875 0.83359375 0.1328125 0.05625
61 0.2953125 0.8359375 0.1125 0.065625
14 0.03203125 0.82421875 0.0640625 0.0796875
136 0.66328125 0.98046875 0.1125 0.0375
106 0.96640625 0.9765625 0.065625 0.046875