7 0.81953125 0.9734375 0.0390625 0.021875
13 0.409375 0.99453125 0.034375 0.0109375
0 0.409375 0.95390625 0.05 0.025
13 0.36484375 0.88984375 0.0453125 0.0203125
13 0.253125 0.8890625 0.046875 0.015625
21 0.05703125 0.790625 0.0421875 0.0328125
21 0.36484375 0.78671875 0.03125 0.03125
119 0.06796875 0.71328125 0.059375 0.03125
66 0.1859375 0.7109375 0.05 0.025
119 0.37421875 0.71328125 0.0609375 0.025
66 0.50078125 0.6484375 0.0515625 0.025
13 0.828125 0.6140625 0.034375 0.025
13 0.7265625 0.571875 0.05 0.015625
13 0.740625 0.5265625 0.034375 0.025
13 0.18203125 0.58828125 0.0375 0.028125
122 0.20078125 0.6328125 0.08125 0.025
21 0.03046875 0.6359375 0.0375 0.025
60 0.3078125 0.57734375 0.040625 0.028125
13 0.26953125 0.48359375 0.040625 0.028125
60 0.09609375 0.4578125 0.0484375 0.01875
21 0.52265625 0.42734375 0.0390625 0.03125
60 0.73203125 0.36484375 0.028125 0.028125
20 0.48828125 0.36484375 0.090625 0.05
20 0.34453125 0.3671875 0.09375 0.0453125
21 0.34296875 0.315625 0.04375 0.03125
60 0.3078125 0.14140625 0.04375 0.03125