10 0.01328125 0.92734375 0.0265625 0.1453125
19 0.01328125 0.6625 0.0265625 0.315625
19 0.01328125 0.38515625 0.0265625 0.2859375
19 0.01171875 0.12109375 0.0234375 0.2421875
134 0.09140625 0.9015625 0.059375 0.196875
137 0.09140625 0.671875 0.0625 0.146875
137 0.0921875 0.38203125 0.0546875 0.184375
121 0.09609375 0.103125 0.0921875 0.1671875
27 0.178125 0.103125 0.0328125 0.1671875
145 0.1796875 0.3875 0.03125 0.2046875
144 0.1796875 0.6671875 0.028125 0.16875
107 0.1765625 0.92734375 0.0328125 0.1453125
121 0.25703125 0.89375 0.0609375 0.2125
39 0.25703125 0.67734375 0.0625 0.109375
39 0.25703125 0.3875 0.05625 0.2234375
69 0.26015625 0.09375 0.053125 0.153125
37 0.34375 0.0953125 0.040625 0.14375
33 0.3453125 0.37578125 0.040625 0.246875
93 0.334375 0.6796875 0.0578125 0.18125
147 0.3375 0.92890625 0.0578125 0.1421875
88 0.41484375 0.93046875 0.0640625 0.1390625
160 0.428125 0.6625 0.034375 0.2046875
34 0.425 0.378125 0.04375 0.3
91 0.421875 0.0859375 0.05 0.1625
35 0.5265625 0.93359375 0.0359375 0.1328125
155 0.5203125 0.6703125 0.0546875 0.103125
18 0.50390625 0.38125 0.075 0.25625
5 0.51484375 0.1078125 0.059375 0.215625
15 0.62109375 0.92109375 0.0484375 0.1578125
56 0.60546875 0.66796875 0.071875 0.1875
57 0.60859375 0.4 0.065625 0.15625
58 0.60546875 0.09375 0.0734375 0.16875
159 0.728125 0.946875 0.05625 0.10625
171 0.7125 0.68125 0.0890625 0.1640625
92 0.725 0.39765625 0.05625 0.1703125
77 0.72421875 0.09296875 0.0625 0.1125
113 0.8171875 0.94609375 0.06875 0.1078125
76 0.8140625 0.6921875 0.0765625 0.2921875
110 0.8171875 0.3765625 0.06875 0.14375
22 0.821875 0.0953125 0.0578125 0.18125
30 0.93671875 0.08515625 0.0578125 0.159375
29 0.9203125 0.39140625 0.0921875 0.246875
28 0.92421875 0.67734375 0.084375 0.253125
59 0.9265625 0.9359375 0.078125 0.128125