84 0.19453125 0.7359375 0.071875 0.071875
85 0.2890625 0.72890625 0.103125 0.0890625
86 0.3796875 0.7296875 0.071875 0.0828125
87 0.45546875 0.73671875 0.071875 0.0765625
89 0.53125 0.73671875 0.05 0.0625
90 0.60703125 0.73515625 0.05625 0.05625
103 0.690625 0.734375 0.0828125 0.09375
104 0.78046875 0.73046875 0.0890625 0.071875
124 0.56953125 0.3953125 0.0203125 0.028125
125 0.6765625 0.4015625 0.0921875 0.0765625
126 0.86015625 0.39375 0.078125 0.06875
143 0.8734375 0.07734375 0.06875 0.0859375
138 0.71953125 0.07578125 0.040625 0.053125
131 0.4734375 0.078125 0.071875 0.0625
129 0.3671875 0.08359375 0.0765625 0.0875
128 0.2703125 0.078125 0.059375 0.06875
127 0.1953125 0.08046875 0.065625 0.065625