119 0.0375 0.2515625 0.0375 0.0375
119 0.221875 0.47421875 0.03125 0.0515625
119 0.309375 0.765625 0.025 0.0453125
119 0.61328125 0.4125 0.0375 0.0546875
119 0.83828125 0.35703125 0.03125 0.05625
119 0.7171875 0.20546875 0.046875 0.05
16 0.5984375 0.1640625 0.025 0.075
16 0.53828125 0.1734375 0.021875 0.0625
20 0.5046875 0.1 0.046875 0.0609375
66 0.42734375 0.603125 0.03125 0.053125
66 0.41640625 0.79765625 0.028125 0.04375
20 0.740625 0.37890625 0.03125 0.05625
60 0.51953125 0.68671875 0.025 0.04375
66 0.5796875 0.809375 0.025 0.0515625
60 0.52109375 0.94765625 0.0125 0.0453125
63 0.6 0.92109375 0.025 0.034375
62 0.040625 0.56328125 0.08125 0.1859375