66 0.94609375 0.63125 0.034375 0.040625
66 0.7 0.66875 0.028125 0.05
66 0.1515625 0.55390625 0.03125 0.0375
66 0.29609375 0.5734375 0.03125 0.040625
66 0.10546875 0.4828125 0.03125 0.040625
66 0.71484375 0.15546875 0.040625 0.034375
66 0.83359375 0.03828125 0.040625 0.0578125
20 0.6578125 0.15 0.0609375 0.078125
20 0.2390625 0.4171875 0.046875 0.071875
20 0.8359375 0.6875 0.071875 0.071875
20 0.5640625 0.62109375 0.065625 0.0671875
152 0.61875 0.78359375 0.040625 0.046875
152 0.54921875 0.79140625 0.0453125 0.05
152 0.29375 0.39375 0.03125 0.053125
152 0.34609375 0.45234375 0.0421875 0.04375