102 0.996875 0.28125 0.00625 0.0375
102 0.971875 0.21953125 0.015625 0.0609375
102 0.89453125 0.41015625 0.0203125 0.0578125
102 0.86015625 0.89765625 0.0203125 0.05
102 0.8609375 0.975 0.01875 0.05
102 0.71953125 0.93359375 0.0359375 0.071875
102 0.75234375 0.50625 0.021875 0.05
102 0.62890625 0.50546875 0.03125 0.05625
102 0.7921875 0.190625 0.034375 0.04375
102 0.8296875 0.27109375 0.0171875 0.0609375
102 0.440625 0.12265625 0.0421875 0.05
102 0.06640625 0.165625 0.046875 0.090625
102 0.06875 0.46875 0.03125 0.090625