114 0.90625 0.58828125 0.025 0.0453125
106 0.8609375 0.5515625 0.0328125 0.0484375
119 0.80703125 0.55625 0.028125 0.034375
119 0.578125 0.11953125 0.0171875 0.040625
119 0.31875 0.4140625 0.0375 0.109375
119 0.1265625 0.4671875 0.0171875 0.0484375
119 0.22734375 0.59609375 0.034375 0.053125
20 0.41328125 0.67734375 0.034375 0.05625
16 0.38359375 0.625 0.0140625 0.0453125
16 0.3375 0.625 0.025 0.0484375
20 0.21328125 0.446875 0.03125 0.053125
66 0.3484375 0.08125 0.028125 0.05625
66 0.484375 0.259375 0.040625 0.053125
66 0.4890625 0.10625 0.0171875 0.065625