60 0.76640625 0.05546875 0.046875 0.046875
66 0.771875 0.13203125 0.053125 0.0578125
119 0.77734375 0.2109375 0.071875 0.0421875
98 0.78203125 0.2859375 0.0796875 0.040625
74 0.78359375 0.3671875 0.0765625 0.05
141 0.78203125 0.453125 0.0875 0.0375
12 0.77890625 0.534375 0.0625 0.046875
63 0.94609375 0.628125 0.040625 0.05625
67 0.9484375 0.75390625 0.0578125 0.05625
11 0.77890625 0.72109375 0.084375 0.06875
130 0.778125 0.63359375 0.078125 0.046875
40 0.7359375 0.85390625 0.059375 0.053125
43 0.63671875 0.85625 0.0640625 0.046875
148 0.61953125 0.7625 0.090625 0.034375
79 0.6203125 0.7171875 0.08125 0.0421875
151 0.6171875 0.63828125 0.071875 0.053125
78 0.6078125 0.54765625 0.0796875 0.05
14 0.60546875 0.48359375 0.0640625 0.046875
14 0.609375 0.446875 0.071875 0.028125
112 0.47109375 0.46953125 0.0875 0.05
51 0.4703125 0.55 0.075 0.05625
142 0.44765625 0.615625 0.05625 0.046875
102 0.44765625 0.6796875 0.0421875 0.046875
111 0.44765625 0.753125 0.046875 0.05
63 0.60390625 0.05546875 0.046875 0.0421875
67 0.61015625 0.13125 0.0640625 0.046875
120 0.615625 0.21171875 0.065625 0.0421875
99 0.6265625 0.29140625 0.0765625 0.0421875
75 0.6234375 0.37578125 0.09375 0.04375
8 0.43984375 0.05078125 0.05 0.046875
64 0.45 0.13671875 0.071875 0.04375
116 0.45390625 0.2140625 0.071875 0.040625
95 0.45859375 0.29375 0.103125 0.040625
6 0.4484375 0.3703125 0.05625 0.0609375
13 0.2734375 0.0609375 0.040625 0.040625
73 0.29296875 0.14453125 0.0875 0.05
114 0.27421875 0.240625 0.04375 0.0421875
100 0.2921875 0.3265625 0.0875 0.0359375
16 0.26796875 0.40546875 0.05 0.040625
16 0.26640625 0.484375 0.0421875 0.046875
118 0.2859375 0.56015625 0.071875 0.0421875
21 0.2796875 0.64453125 0.05 0.053125
153 0.284375 0.72578125 0.0609375 0.0421875
106 0.1265625 0.75625 0.0625 0.0375
61 0.1265625 0.6984375 0.0640625 0.034375
136 0.11953125 0.6421875 0.0609375 0.05
133 0.12734375 0.534375 0.05 0.053125
132 0.12421875 0.4296875 0.0578125 0.059375
108 0.11640625 0.3296875 0.071875 0.046875
109 0.11875 0.25234375 0.071875 0.040625
97 0.13203125 0.196875 0.090625 0.0375
32 0.11015625 0.115625 0.034375 0.0390625
32 0.10703125 0.05625 0.0375 0.046875