60 0.225 0.23125 0.021875 0.0171875
119 0.26484375 0.22578125 0.0265625 0.0296875
60 0.3046875 0.22734375 0.0203125 0.0234375
60 0.48046875 0.22421875 0.0125 0.025
60 0.48359375 0.3125 0.0125 0.0296875
60 0.478125 0.534375 0.0203125 0.0234375
60 0.19921875 0.4796875 0.0125 0.01875
60 0.0828125 0.47265625 0.021875 0.0265625
60 0.06171875 0.4515625 0.0203125 0.0203125
60 0.07578125 0.36171875 0.01875 0.0328125
60 0.11875 0.71171875 0.0203125 0.0234375
60 0.2140625 0.7875 0.0234375 0.0171875
60 0.32578125 0.6984375 0.0203125 0.01875
60 0.403125 0.6984375 0.015625 0.01875
60 0.4125 0.7828125 0.021875 0.028125
60 0.5359375 0.69140625 0.021875 0.021875
60 0.54375 0.715625 0.0203125 0.0265625
60 0.64453125 0.7015625 0.0203125 0.021875
60 0.64140625 0.68046875 0.0203125 0.025
60 0.68984375 0.9140625 0.0171875 0.0203125
60 0.7703125 0.91640625 0.0234375 0.0203125
60 0.86328125 0.615625 0.021875 0.0234375
60 0.78125 0.61875 0.0375 0.0234375
60 0.63046875 0.5640625 0.028125 0.01875
60 0.5703125 0.58359375 0.0203125 0.0203125
60 0.5265625 0.584375 0.0234375 0.0171875
109 0.55703125 0.20078125 0.0390625 0.053125
109 0.59765625 0.175 0.0328125 0.0546875
60 0.6328125 0.30703125 0.0171875 0.021875
66 0.72109375 0.26171875 0.0203125 0.0234375
106 0.68984375 0.26640625 0.0203125 0.0265625
60 0.5546875 0.32890625 0.0171875 0.0359375
66 0.5203125 0.26640625 0.0203125 0.0359375
106 0.74453125 0.61875 0.0203125 0.034375
119 0.8203125 0.61328125 0.0234375 0.025
66 0.81875 0.64921875 0.021875 0.0359375
60 0.71171875 0.64375 0.015625 0.0265625
20 0.6734375 0.68828125 0.03125 0.0578125
20 0.57109375 0.69765625 0.0359375 0.0546875
60 0.59140625 0.646875 0.015625 0.028125
66 0.353125 0.73125 0.0234375 0.0265625
109 0.18203125 0.71640625 0.0328125 0.0546875
109 0.2109375 0.6875 0.034375 0.0515625
66 0.26171875 0.2640625 0.025 0.028125
106 0.37578125 0.2671875 0.01875 0.0234375
119 0.48046875 0.2703125 0.025 0.0328125