66 0.96328125 0.021875 0.071875 0.04375
60 0.95703125 0.153125 0.0609375 0.084375
67 0.96015625 0.31171875 0.0796875 0.096875
63 0.953125 0.475 0.0640625 0.08125
102 0.96328125 0.6375 0.071875 0.075
119 0.96015625 0.78828125 0.071875 0.084375
11 0.9578125 0.95078125 0.084375 0.0796875
64 0.70078125 0.9453125 0.109375 0.071875
45 0.69375 0.790625 0.071875 0.0828125
45 0.690625 0.63125 0.065625 0.090625
16 0.6984375 0.48125 0.0796875 0.09375
21 0.7015625 0.31953125 0.078125 0.0875
21 0.69453125 0.16484375 0.078125 0.078125
25 0.69609375 0.01796875 0.0734375 0.0359375
135 0.42890625 0.01640625 0.103125 0.0328125
8 0.4296875 0.16015625 0.0875 0.06875
13 0.43671875 0.3171875 0.0609375 0.0875
13 0.43671875 0.46953125 0.059375 0.06875
152 0.44296875 0.63359375 0.1125 0.071875
74 0.43515625 0.790625 0.121875 0.0796875
98 0.44375 0.95 0.1140625 0.0828125
14 0.1671875 0.95 0.146875 0.05625