60 0.75859375 0.04375 0.05 0.040625
66 0.77421875 0.1203125 0.0609375 0.0375
119 0.7796875 0.19765625 0.0640625 0.040625
98 0.790625 0.27578125 0.1 0.0484375
74 0.78984375 0.3546875 0.084375 0.040625
141 0.78359375 0.4453125 0.0796875 0.040625
12 0.7828125 0.52421875 0.084375 0.053125
130 0.790625 0.6234375 0.084375 0.0609375
11 0.7796875 0.7140625 0.0796875 0.053125
40 0.740625 0.85078125 0.0609375 0.071875
43 0.63359375 0.84375 0.0796875 0.0765625
63 0.596875 0.0359375 0.040625 0.046875
67 0.60859375 0.1125 0.05625 0.0625
120 0.6125 0.20078125 0.0765625 0.059375
99 0.61796875 0.27265625 0.096875 0.05625
75 0.6203125 0.36015625 0.0796875 0.0484375
14 0.59921875 0.43515625 0.071875 0.025
14 0.59609375 0.4828125 0.084375 0.0625
78 0.5953125 0.54375 0.084375 0.059375
152 0.61953125 0.6328125 0.084375 0.0625
79 0.6140625 0.709375 0.09375 0.065625
148 0.62265625 0.75859375 0.096875 0.0375
111 0.440625 0.74765625 0.0796875 0.04375
102 0.43046875 0.67890625 0.071875 0.0640625
51 0.45078125 0.546875 0.084375 0.0484375
112 0.4515625 0.4625 0.1078125 0.0625
6 0.4359375 0.35859375 0.0765625 0.065625
95 0.44296875 0.28203125 0.103125 0.05625
116 0.4359375 0.2015625 0.0875 0.053125
64 0.43125 0.13125 0.0640625 0.05625
8 0.428125 0.04375 0.078125 0.034375
13 0.2453125 0.04609375 0.0375 0.040625
73 0.2734375 0.1328125 0.103125 0.0375
114 0.25078125 0.23671875 0.04375 0.05625
100 0.27109375 0.31328125 0.084375 0.040625
16 0.2453125 0.39765625 0.046875 0.04375
16 0.240625 0.478125 0.046875 0.053125
118 0.2578125 0.553125 0.071875 0.0453125
21 0.25625 0.63515625 0.046875 0.05625
153 0.25546875 0.7265625 0.05625 0.05625
106 0.09921875 0.75 0.06875 0.05
61 0.0890625 0.69453125 0.065625 0.034375
136 0.0875 0.6328125 0.0625 0.0484375
133 0.103125 0.52578125 0.0625 0.06875
132 0.08359375 0.421875 0.0609375 0.059375
108 0.08125 0.3140625 0.075 0.05625
109 0.08125 0.24296875 0.071875 0.0453125
97 0.0984375 0.18046875 0.096875 0.040625
32 0.07578125 0.10234375 0.034375 0.0375
32 0.07265625 0.040625 0.040625 0.053125