60 0.890625 0.15859375 0.159375 0.090625
63 0.7078125 0.1640625 0.134375 0.103125
13 0.565625 0.1609375 0.1 0.084375
114 0.403125 0.16640625 0.1125 0.0796875
16 0.25546875 0.1609375 0.090625 0.071875
21 0.059375 0.165625 0.1109375 0.09375
153 0.90390625 0.5125 0.134375 0.115625
102 0.5546875 0.5171875 0.121875 0.0921875
111 0.259375 0.51796875 0.11875 0.096875
79 0.09296875 0.51875 0.1859375 0.0765625
1 0.88125 0.97265625 0.146875 0.0546875
4 0.7140625 0.9796875 0.1625 0.040625
8 0.54609375 0.9828125 0.10625 0.034375