4 0.4890625 0.71796875 0.0234375 0.04375
60 0.61171875 0.60703125 0.0234375 0.028125
21 0.6234375 0.78828125 0.0234375 0.028125
21 0.56640625 0.32890625 0.0171875 0.046875
21 0.4890625 0.24609375 0.03125 0.034375
20 0.6625 0.15625 0.05 0.065625
114 0.73203125 0.3796875 0.0203125 0.05
114 0.73203125 0.43984375 0.01875 0.04375
20 0.76171875 0.43359375 0.028125 0.04375
20 0.75859375 0.375 0.0234375 0.046875
4 0.7859375 0.15703125 0.028125 0.040625
102 0.8078125 0.30859375 0.0234375 0.03125
21 0.853125 0.45625 0.0203125 0.0390625
1 0.91328125 0.50078125 0.0234375 0.046875
4 0.91875 0.60859375 0.0203125 0.0375
102 0.93515625 0.56015625 0.009375 0.03125
102 0.94453125 0.61171875 0.009375 0.03125
102 0.9328125 0.6609375 0.009375 0.0203125
21 0.92421875 0.67734375 0.0125 0.0234375
8 0.8265625 0.72109375 0.021875 0.04375
102 0.8515625 0.86328125 0.028125 0.0625
21 0.7015625 0.80234375 0.015625 0.046875