7 0.00546875 0.15859375 0.009375 0.040625
0 0.01953125 0.5921875 0.025 0.053125
13 0.0875 0.63984375 0.021875 0.046875
13 0.0890625 0.7578125 0.0171875 0.05
21 0.19296875 0.96484375 0.034375 0.04375
21 0.19609375 0.63984375 0.034375 0.034375
119 0.275 0.95390625 0.034375 0.0625
66 0.2765625 0.828125 0.025 0.053125
119 0.275 0.6296875 0.025 0.065625
66 0.34296875 0.49609375 0.025 0.0546875
13 0.3796875 0.14921875 0.028125 0.0359375
13 0.42421875 0.25703125 0.015625 0.053125
13 0.471875 0.2421875 0.028125 0.0359375
13 0.40703125 0.8328125 0.03125 0.0390625
122 0.359375 0.81328125 0.028125 0.084375
21 0.35390625 0.9859375 0.0265625 0.028125
60 0.41796875 0.7 0.028125 0.04375
13 0.5171875 0.740625 0.03125 0.04375
60 0.54453125 0.92421875 0.0203125 0.0515625
21 0.5765625 0.47265625 0.034375 0.040625
60 0.64296875 0.25078125 0.03125 0.028125
20 0.64296875 0.509375 0.053125 0.0953125
20 0.640625 0.6609375 0.046875 0.1
21 0.6953125 0.66328125 0.0328125 0.046875
60 0.8796875 0.7 0.034375 0.046875