60 0.07265625 0.20859375 0.1046875 0.078125
13 0.2140625 0.2078125 0.1078125 0.0796875
16 0.359375 0.20703125 0.10625 0.084375
114 0.5015625 0.2109375 0.1 0.0921875
102 0.9265625 0.203125 0.0921875 0.0953125
63 0.9234375 0.35703125 0.096875 0.0875
114 0.5015625 0.3609375 0.1125 0.0859375
1 0.075 0.35 0.1015625 0.1
0 0.21953125 0.3484375 0.0796875 0.09375
3 0.21640625 0.5109375 0.1234375 0.1171875
4 0.07421875 0.5140625 0.1078125 0.1140625
102 0.92734375 0.51875 0.1171875 0.0828125
8 0.19765625 0.67421875 0.084375 0.0875
66 0.07421875 0.88203125 0.096875 0.0953125
119 0.21796875 0.87421875 0.115625 0.10625
51 0.3578125 0.8625 0.1140625 0.1234375