120 0.8484375 0.63828125 0.1140625 0.078125
60 0.75 0.7171875 0.075 0.0375
60 0.828125 0.74453125 0.04375 0.0484375
60 0.8296875 0.54140625 0.0484375 0.053125
60 0.53359375 0.87421875 0.1125 0.040625
60 0.3984375 0.4875 0.0828125 0.0375
60 0.02265625 0.43046875 0.0453125 0.0484375
60 0.01640625 0.29765625 0.0328125 0.040625
60 0.10703125 0.140625 0.103125 0.0375
60 0.175 0.0671875 0.115625 0.071875
20 0.1640625 0.515625 0.234375 0.1484375
106 0.76640625 0.87890625 0.0671875 0.065625
106 0.340625 0.8796875 0.103125 0.05625