60 0.0671875 0.78828125 0.103125 0.08125
13 0.21015625 0.78515625 0.115625 0.103125
16 0.35 0.79140625 0.11875 0.096875
114 0.50703125 0.78828125 0.128125 0.0875
102 0.92890625 0.79609375 0.11875 0.096875
63 0.9203125 0.63828125 0.125 0.115625
114 0.4859375 0.640625 0.1421875 0.0828125
0 0.2 0.6453125 0.15625 0.11875
1 0.0671875 0.64765625 0.096875 0.103125
4 0.06015625 0.4875 0.103125 0.11875
3 0.22265625 0.4796875 0.1296875 0.11875
102 0.93125 0.478125 0.121875 0.06875
21 0.0640625 0.3078125 0.090625 0.0828125
8 0.20546875 0.31875 0.0609375 0.09375
109 0.340625 0.31953125 0.109375 0.121875
66 0.05859375 0.09765625 0.115625 0.090625