102 0.27578125 0.99140625 0.0375 0.0171875
102 0.2109375 0.9609375 0.0625 0.0140625
102 0.40625 0.88203125 0.059375 0.021875
102 0.90546875 0.84609375 0.053125 0.021875
102 0.98125 0.84765625 0.0375 0.0203125
102 0.94296875 0.70234375 0.071875 0.0375
102 0.5046875 0.7359375 0.053125 0.021875
102 0.503125 0.609375 0.05625 0.03125
102 0.18125 0.7765625 0.0453125 0.034375
102 0.2640625 0.81484375 0.0625 0.0171875
102 0.11171875 0.41640625 0.053125 0.04375
102 0.15546875 0.0328125 0.09375 0.0453125
102 0.46640625 0.0359375 0.0921875 0.03125