20 0.11953125 0.78828125 0.040625 0.0671875
20 0.38515625 0.9734375 0.034375 0.053125
20 0.740625 0.78046875 0.040625 0.0703125
20 0.59140625 0.44453125 0.040625 0.059375
20 0.41875 0.16953125 0.0375 0.05
60 0.4625 0.225 0.0203125 0.04375
60 0.48515625 0.22890625 0.015625 0.05625
119 0.23359375 0.76484375 0.0296875 0.040625
119 0.36015625 0.8875 0.0203125 0.034375
119 0.34765625 0.96015625 0.0265625 0.0375
119 0.60390625 0.80390625 0.0375 0.04375
119 0.56484375 0.50546875 0.046875 0.053125
119 0.70859375 0.42265625 0.034375 0.05
119 0.6109375 0.29140625 0.0203125 0.0515625
13 0.5046875 0.584375 0.03125 0.034375
13 0.5078125 0.659375 0.0234375 0.034375
13 0.5046875 0.73125 0.034375 0.0265625
21 0.775 0.7734375 0.0203125 0.034375
106 0.1640625 0.7796875 0.0234375 0.040625
13 0.42890625 0.975 0.0296875 0.05