109 0.92890625 0.6109375 0.1421875 0.0875
60 0.6765625 0.65859375 0.0625 0.01875
60 0.678125 0.6125 0.06875 0.03125
60 0.671875 0.4984375 0.0625 0.028125
60 0.7375 0.365625 0.0515625 0.059375
60 0.115625 0.64921875 0.0625 0.0421875
60 0.11171875 0.83125 0.040625 0.0484375
60 0.2109375 0.33359375 0.0453125 0.05625
60 0.15703125 0.35546875 0.059375 0.0390625
60 0.2078125 0.1484375 0.0484375 0.0453125
60 0.740625 0.1765625 0.0453125 0.065625
120 0.75703125 0.2734375 0.090625 0.059375
120 0.22890625 0.24609375 0.08125 0.075
120 0.13046875 0.7484375 0.0875 0.0625