7 0.18125 0.03671875 0.0375 0.01875
13 0.578125 0.01640625 0.034375 0.0109375
0 0.578125 0.05546875 0.046875 0.0234375
13 0.621875 0.11796875 0.04375 0.01875
13 0.7296875 0.11875 0.0453125 0.015625
21 0.91953125 0.2140625 0.040625 0.03125
21 0.621875 0.2171875 0.03125 0.03125
119 0.909375 0.2890625 0.05625 0.03125
66 0.79453125 0.290625 0.046875 0.025
119 0.6125 0.2890625 0.059375 0.0234375
66 0.48984375 0.3515625 0.05 0.0234375
13 0.17265625 0.38515625 0.03125 0.025
13 0.27109375 0.42578125 0.046875 0.0140625
13 0.2578125 0.46953125 0.0328125 0.025
13 0.7984375 0.41015625 0.0375 0.028125
122 0.78046875 0.36640625 0.078125 0.025
21 0.9453125 0.36328125 0.034375 0.025
60 0.6765625 0.4203125 0.040625 0.025
13 0.7140625 0.5109375 0.0390625 0.028125
60 0.88203125 0.5359375 0.046875 0.01875
21 0.46875 0.565625 0.0375 0.03125
60 0.265625 0.6265625 0.0265625 0.028125
20 0.50234375 0.6265625 0.0875 0.046875
20 0.64140625 0.62421875 0.090625 0.04375
21 0.64296875 0.67421875 0.040625 0.0296875
60 0.6765625 0.84296875 0.040625 0.03125