63 0.18203125 0.0625 0.0546875 0.0421875
60 0.21796875 0.1046875 0.04375 0.034375
60 0.1796875 0.16171875 0.0453125 0.0359375
102 0.221875 0.20234375 0.046875 0.0375
102 0.18203125 0.34921875 0.0453125 0.04375
102 0.225 0.38984375 0.0484375 0.065625
102 0.35859375 0.39453125 0.0703125 0.0515625
16 0.22109375 0.49921875 0.0515625 0.034375
16 0.35859375 0.4890625 0.065625 0.0484375
109 0.1671875 0.81484375 0.05625 0.096875
1 0.7390625 0.0734375 0.034375 0.0546875
4 0.7359375 0.16171875 0.05 0.065625
21 0.7390625 0.34453125 0.059375 0.0578125
21 0.77890625 0.403125 0.0703125 0.0546875
21 0.91953125 0.3984375 0.0828125 0.0703125
153 0.74375 0.496875 0.065625 0.0890625
8 0.70390625 0.6484375 0.08125 0.0765625
130 0.73671875 0.90703125 0.1171875 0.0984375