60 0.09296875 0.07265625 0.046875 0.071875
25 0.084375 0.2265625 0.0625 0.06875
119 0.0796875 0.3765625 0.08125 0.11875
98 0.06953125 0.54140625 0.1046875 0.125
74 0.0671875 0.70078125 0.1015625 0.1078125
14 0.071875 0.834375 0.0875 0.065625
14 0.0796875 0.9234375 0.096875 0.090625
102 0.2578125 0.92734375 0.06875 0.096875
95 0.22734375 0.79765625 0.1078125 0.09375
116 0.2328125 0.696875 0.1015625 0.0703125
8 0.2328125 0.59453125 0.065625 0.075
75 0.23515625 0.4875 0.096875 0.1078125
95 0.23359375 0.35 0.1046875 0.06875
120 0.2453125 0.21640625 0.071875 0.071875
63 0.25625 0.0734375 0.05 0.0671875
13 0.4265625 0.084375 0.059375 0.084375
13 0.428125 0.240625 0.05625 0.090625
73 0.39375 0.375 0.0875 0.084375
114 0.4203125 0.57109375 0.059375 0.1015625
114 0.42109375 0.71015625 0.053125 0.1015625
100 0.3953125 0.8875 0.1015625 0.084375
1 0.54140625 0.89140625 0.078125 0.084375
152 0.55 0.7375 0.071875 0.084375
11 0.5546875 0.603125 0.090625 0.1109375
130 0.55234375 0.49765625 0.075 0.096875
118 0.5671875 0.34375 0.0875 0.084375
16 0.58125 0.21328125 0.05625 0.084375
16 0.58515625 0.08828125 0.05625 0.08125
32 0.7390625 0.08515625 0.059375 0.0875
32 0.740625 0.1953125 0.0421875 0.0640625
97 0.71796875 0.346875 0.1046875 0.059375
21 0.7203125 0.5328125 0.05 0.084375
21 0.72421875 0.71328125 0.05625 0.08125
153 0.71953125 0.8796875 0.084375 0.125
106 0.88984375 0.90390625 0.0671875 0.0765625
61 0.890625 0.7578125 0.084375 0.053125
111 0.90859375 0.61484375 0.05625 0.1796875
108 0.92265625 0.365625 0.0875 0.1046875
109 0.92890625 0.16796875 0.096875 0.071875
109 0.92109375 0.04921875 0.1046875 0.0625