114 0.096875 0.39375 0.021875 0.040625
106 0.1375 0.42734375 0.0296875 0.04375
119 0.1859375 0.42265625 0.025 0.03125
119 0.3921875 0.815625 0.015625 0.0390625
119 0.62578125 0.55078125 0.0328125 0.0984375
119 0.7984375 0.503125 0.015625 0.04375
119 0.7078125 0.38671875 0.03125 0.0484375
20 0.540625 0.3140625 0.03125 0.0515625
16 0.5671875 0.3609375 0.0125 0.0390625
16 0.60859375 0.3609375 0.021875 0.04375
20 0.7203125 0.52109375 0.028125 0.0484375
66 0.59921875 0.85 0.025 0.05
66 0.4765625 0.68984375 0.0390625 0.046875
66 0.47265625 0.828125 0.015625 0.0609375
60 0.615625 0.94765625 0.0328125 0.05625