102 0.790625 0.03359375 0.065625 0.0421875
4 0.78984375 0.078125 0.0890625 0.0359375
8 0.8 0.1125 0.0953125 0.040625
32 0.79140625 0.16328125 0.0703125 0.0421875
25 0.7953125 0.2125 0.090625 0.046875
61 0.78203125 0.2515625 0.1015625 0.0359375
151 0.78515625 0.284375 0.11875 0.034375
72 0.77890625 0.32734375 0.128125 0.059375
130 0.775 0.3984375 0.128125 0.046875
119 0.77421875 0.4453125 0.090625 0.05
11 0.7671875 0.51015625 0.128125 0.05625
32 0.6640625 0.590625 0.0796875 0.0390625
32 0.65859375 0.66484375 0.05625 0.059375
97 0.7046875 0.72890625 0.1453125 0.05
114 0.7 0.80390625 0.071875 0.0390625
114 0.7 0.87265625 0.0625 0.0421875
100 0.74453125 0.93515625 0.14375 0.05625
108 0.2546875 0.96015625 0.084375 0.065625
109 0.2296875 0.84453125 0.1703125 0.0734375
109 0.234375 0.78125 0.1703125 0.025
151 0.2828125 0.696875 0.1203125 0.0359375
11 0.28671875 0.61796875 0.121875 0.0421875
130 0.2890625 0.5640625 0.11875 0.05625
106 0.08125 0.77890625 0.0734375 0.05625
136 0.07578125 0.725 0.078125 0.034375
61 0.07578125 0.61015625 0.0921875 0.05625
99 0.15 0.52734375 0.1140625 0.053125
13 0.12265625 0.46328125 0.05 0.0421875
13 0.12421875 0.41328125 0.0484375 0.0515625
102 0.11875 0.34375 0.04375 0.0421875
95 0.13515625 0.28828125 0.121875 0.0359375
116 0.1234375 0.246875 0.1078125 0.0296875
8 0.109375 0.2109375 0.0703125 0.021875
75 0.14609375 0.1703125 0.1015625 0.0375
99 0.14609375 0.11171875 0.10625 0.0328125
63 0.12890625 0.01328125 0.05 0.0265625
120 0.13046875 0.05625 0.0859375 0.0390625
21 0.4359375 0.02734375 0.075 0.0359375
21 0.43984375 0.06640625 0.0625 0.046875
114 0.43359375 0.1015625 0.0859375 0.0359375
14 0.471875 0.1421875 0.0859375 0.01875
14 0.46484375 0.178125 0.1125 0.0421875
106 0.45390625 0.228125 0.09375 0.0359375
118 0.52578125 0.296875 0.11875 0.0296875
101 0.465625 0.3625 0.1078125 0.046875
136 0.42578125 0.4234375 0.078125 0.0359375
108 0.46953125 0.46640625 0.0625 0.0328125
109 0.4578125 0.5046875 0.0875 0.0296875
109 0.44375 0.5390625 0.1140625 0.0390625
1 0.6171875 0.1234375 0.075 0.040625
16 0.6109375 0.0734375 0.0703125 0.0390625
16 0.61484375 0.0328125 0.06875 0.03125
63 0.61484375 0.00546875 0.0859375 0.0109375