13 0.365625 0.8171875 0.009375 0.0125
13 0.365625 0.78671875 0.0125 0.0125
13 0.46875 0.79375 0.009375 0.009375
13 0.46796875 0.778125 0.0125 0.009375
1 0.096875 0.56171875 0.0078125 0.0171875
119 0.09375 0.53359375 0.009375 0.0171875
102 0.128125 0.5390625 0.0125 0.0125
119 0.07109375 0.4390625 0.009375 0.0203125
102 0.2296875 0.54609375 0.00625 0.0125
102 0.24375 0.54609375 0.0125 0.0171875
13 0.09453125 0.37109375 0.009375 0.0125
13 0.21171875 0.3703125 0.0125 0.0125
13 0.103125 0.3390625 0.009375 0.0125
13 0.22109375 0.33984375 0.0125 0.0125
13 0.14375 0.27421875 0.009375 0.009375
20 0.084375 0.271875 0.078125 0.0609375
20 0.2140625 0.27265625 0.0609375 0.059375
13 0.2609375 0.2765625 0.0125 0.0125
13 0.31953125 0.59375 0.0125 0.0125
13 0.46015625 0.6578125 0.009375 0.015625
13 0.43828125 0.5625 0.0125 0.0125
13 0.4390625 0.5140625 0.0125 0.0125
1 0.44375 0.384375 0.0125 0.0125
119 0.42421875 0.371875 0.009375 0.0234375
13 0.36171875 0.396875 0.009375 0.0171875
13 0.3625 0.41796875 0.009375 0.009375
13 0.434375 0.215625 0.0125 0.0171875
14 0.66875 0.2421875 0.0125 0.0125
119 0.7171875 0.30703125 0.0125 0.021875
1 0.7171875 0.4421875 0.009375 0.0125
1 0.7875 0.44296875 0.00625 0.0125
119 0.78671875 0.42265625 0.009375 0.0203125
60 0.6109375 0.68984375 0.009375 0.0171875
13 0.6921875 0.7390625 0.009375 0.009375
13 0.6921875 0.77109375 0.009375 0.009375
13 0.69296875 0.690625 0.00625 0.0171875
13 0.728125 0.6421875 0.0125 0.0125