60 0.28125 0.11640625 0.05 0.040625
66 0.26640625 0.1921875 0.059375 0.0375
119 0.2609375 0.26796875 0.0625 0.040625
98 0.25 0.34453125 0.096875 0.046875
74 0.25078125 0.42265625 0.08125 0.040625
141 0.25703125 0.5109375 0.0765625 0.040625
12 0.2578125 0.5890625 0.08125 0.0515625
130 0.25 0.6859375 0.084375 0.059375
11 0.2609375 0.77578125 0.08125 0.0515625
40 0.29921875 0.909375 0.059375 0.0734375
43 0.4046875 0.90234375 0.0765625 0.075
63 0.440625 0.10859375 0.0390625 0.046875
67 0.42890625 0.184375 0.0546875 0.0625
120 0.425 0.2703125 0.0765625 0.0578125
99 0.41953125 0.34140625 0.096875 0.053125
75 0.4171875 0.42734375 0.0765625 0.046875
14 0.43828125 0.50078125 0.0703125 0.025
14 0.44140625 0.54765625 0.08125 0.0625
78 0.4421875 0.6078125 0.08125 0.0578125
152 0.41796875 0.6953125 0.084375 0.0625
79 0.42421875 0.7703125 0.0921875 0.065625
148 0.415625 0.81875 0.096875 0.0359375
111 0.59375 0.8078125 0.078125 0.04375
102 0.60390625 0.740625 0.0734375 0.0625
51 0.584375 0.6109375 0.084375 0.046875
112 0.58359375 0.528125 0.10625 0.0625
6 0.59921875 0.42578125 0.0765625 0.065625
95 0.5921875 0.35078125 0.103125 0.05625
116 0.59921875 0.27109375 0.084375 0.053125
64 0.603125 0.20234375 0.0625 0.0546875
8 0.60703125 0.11640625 0.0765625 0.0328125
13 0.7859375 0.11875 0.0375 0.0390625
73 0.75859375 0.20390625 0.103125 0.0375
114 0.78046875 0.30625 0.04375 0.053125
100 0.7609375 0.38125 0.08125 0.040625
16 0.7859375 0.4640625 0.046875 0.04375
16 0.790625 0.54375 0.046875 0.053125
118 0.77421875 0.6171875 0.0734375 0.04375
21 0.77578125 0.69765625 0.046875 0.05625
153 0.7765625 0.7875 0.05625 0.05625
106 0.9296875 0.8109375 0.06875 0.05
61 0.9390625 0.75625 0.065625 0.034375
136 0.94140625 0.6953125 0.0625 0.046875
133 0.92578125 0.590625 0.0625 0.065625
132 0.9453125 0.48828125 0.059375 0.0578125
108 0.946875 0.38203125 0.0734375 0.0546875
109 0.946875 0.3125 0.071875 0.04375
97 0.93125 0.25078125 0.0953125 0.04375
32 0.953125 0.17421875 0.034375 0.0390625
32 0.95546875 0.11328125 0.040625 0.05