109 0.34765625 0.0546875 0.0921875 0.109375
60 0.3015625 0.29921875 0.021875 0.065625
60 0.3484375 0.2984375 0.0328125 0.071875
60 0.46796875 0.30390625 0.03125 0.065625
60 0.60625 0.2359375 0.0609375 0.053125
60 0.3109375 0.88359375 0.04375 0.0640625
60 0.121875 0.88671875 0.05 0.0421875
60 0.6390625 0.78359375 0.059375 0.046875
60 0.61640625 0.840625 0.0421875 0.0625
60 0.83203125 0.7875 0.05 0.05
60 0.80234375 0.2328125 0.06875 0.046875
120 0.7015625 0.215625 0.0609375 0.096875
120 0.73046875 0.76484375 0.078125 0.0859375
120 0.2078125 0.8671875 0.065625 0.090625