119 0.76640625 0.0140625 0.0375 0.028125
119 0.52734375 0.20390625 0.05625 0.034375
119 0.21484375 0.2984375 0.0484375 0.025
119 0.59453125 0.62578125 0.059375 0.040625
119 0.65390625 0.86796875 0.0625 0.03125
119 0.81640625 0.73671875 0.0515625 0.05
16 0.86171875 0.609375 0.0796875 0.028125
16 0.8515625 0.5453125 0.065625 0.025
20 0.93046875 0.50859375 0.065625 0.05
66 0.3890625 0.42578125 0.059375 0.03125
66 0.1796875 0.41328125 0.0453125 0.028125
20 0.63046875 0.7625 0.059375 0.0328125
60 0.29921875 0.52421875 0.0453125 0.025
66 0.1671875 0.5890625 0.05625 0.025
60 0.02109375 0.52578125 0.040625 0.0140625
63 0.046875 0.6109375 0.034375 0.028125
62 0.4296875 0.028125 0.2 0.05625