60 0.24609375 0.9125 0.034375 0.0359375
66 0.23515625 0.834375 0.053125 0.05625
119 0.2328125 0.75 0.0609375 0.05
98 0.23046875 0.66875 0.078125 0.0484375
74 0.228125 0.5828125 0.071875 0.04375
141 0.2265625 0.49375 0.075 0.0453125
12 0.22890625 0.40625 0.0671875 0.0421875
130 0.2296875 0.3015625 0.075 0.0578125
11 0.228125 0.20390625 0.075 0.065625
40 0.27109375 0.0671875 0.0640625 0.08125
43 0.3671875 0.06484375 0.06875 0.053125
148 0.384375 0.16015625 0.090625 0.0453125
79 0.38359375 0.21640625 0.08125 0.0546875
152 0.3828125 0.28828125 0.0671875 0.075
78 0.3921875 0.38984375 0.084375 0.0546875
14 0.39921875 0.45703125 0.0640625 0.0578125
14 0.4 0.5 0.071875 0.03125
112 0.52734375 0.47578125 0.08125 0.0640625
51 0.528125 0.3890625 0.084375 0.06875
142 0.53984375 0.31796875 0.071875 0.065625
102 0.546875 0.25 0.0578125 0.046875
111 0.5484375 0.1734375 0.05 0.0578125
63 0.3953125 0.9109375 0.0453125 0.05
67 0.390625 0.8328125 0.0546875 0.0671875
120 0.38046875 0.7453125 0.0875 0.0671875
99 0.38046875 0.65703125 0.084375 0.059375
75 0.38125 0.5765625 0.0875 0.05625
6 0.546875 0.5765625 0.075 0.06875
95 0.540625 0.6609375 0.09375 0.05625
116 0.546875 0.740625 0.084375 0.0515625
64 0.55078125 0.8234375 0.071875 0.0546875
8 0.55546875 0.9125 0.0546875 0.0515625
13 0.71328125 0.90703125 0.0515625 0.0609375
73 0.69375 0.82109375 0.084375 0.046875
114 0.71015625 0.71171875 0.0515625 0.0484375
100 0.6984375 0.62578125 0.078125 0.0453125
16 0.7171875 0.5390625 0.0375 0.0453125
16 0.7140625 0.45703125 0.0515625 0.0515625
118 0.70078125 0.37734375 0.071875 0.03125
21 0.70625 0.28671875 0.0546875 0.046875
153 0.70234375 0.20078125 0.04375 0.053125
106 0.85 0.1734375 0.0671875 0.0375
61 0.85703125 0.23125 0.0671875 0.04375
136 0.86171875 0.28984375 0.0546875 0.05625
133 0.8515625 0.40390625 0.059375 0.0671875
132 0.8546875 0.5109375 0.0640625 0.0546875
108 0.86328125 0.6234375 0.0671875 0.0453125
109 0.86015625 0.7046875 0.0640625 0.0296875
97 0.8546875 0.7609375 0.08125 0.0296875
32 0.8734375 0.84609375 0.046875 0.05625
32 0.86796875 0.9171875 0.034375 0.0578125