60 0.265625 0.92734375 0.040625 0.0375
66 0.26015625 0.846875 0.05 0.046875
119 0.25625 0.7640625 0.0625 0.040625
98 0.246875 0.684375 0.06875 0.0375
74 0.25234375 0.59921875 0.06875 0.040625
141 0.24765625 0.515625 0.075 0.05
12 0.2546875 0.4265625 0.0625 0.04375
63 0.0984375 0.33125 0.040625 0.053125
67 0.09921875 0.196875 0.059375 0.06875
130 0.25078125 0.33125 0.078125 0.059375
11 0.253125 0.234375 0.084375 0.0625
40 0.29453125 0.09140625 0.0625 0.075
43 0.38359375 0.0921875 0.071875 0.08125
63 0.41875 0.9296875 0.0375 0.05
67 0.41328125 0.84765625 0.04375 0.046875
120 0.41015625 0.7609375 0.06875 0.059375
99 0.4 0.68046875 0.078125 0.040625
75 0.3984375 0.59921875 0.078125 0.05625
14 0.41640625 0.51875 0.05625 0.025
14 0.4203125 0.47734375 0.0625 0.053125
78 0.4125 0.41328125 0.08125 0.05625
151 0.4046875 0.31796875 0.0625 0.04375
79 0.40078125 0.23515625 0.078125 0.0375
148 0.40234375 0.1859375 0.08125 0.040625
112 0.54765625 0.49375 0.075 0.04375
51 0.54609375 0.40859375 0.075 0.046875
142 0.5625 0.34296875 0.04375 0.046875
102 0.56484375 0.27421875 0.034375 0.046875
111 0.56484375 0.2 0.046875 0.05
6 0.5625 0.60078125 0.05 0.053125
95 0.553125 0.678125 0.0875 0.040625
116 0.56640625 0.76015625 0.08125 0.04375
64 0.56953125 0.8421875 0.06875 0.0375
8 0.571875 0.92734375 0.053125 0.0515625
13 0.7296875 0.9234375 0.04375 0.05
73 0.70625 0.83203125 0.08125 0.0390625
114 0.72890625 0.73515625 0.046875 0.046875
100 0.7078125 0.64609375 0.075 0.034375
16 0.73125 0.559375 0.04375 0.040625
16 0.73515625 0.4796875 0.0375 0.046875
118 0.71484375 0.39921875 0.071875 0.04375
21 0.72109375 0.31484375 0.04375 0.059375
153 0.715625 0.22734375 0.046875 0.053125
32 0.88203125 0.93125 0.040625 0.05
32 0.88125 0.86796875 0.0296875 0.040625
97 0.8640625 0.7796875 0.084375 0.0359375
109 0.8734375 0.72109375 0.0625 0.0328125
108 0.87109375 0.64453125 0.06875 0.053125
132 0.8703125 0.53671875 0.05 0.06875
133 0.86640625 0.42578125 0.05 0.06875
136 0.86875 0.31875 0.05 0.059375
61 0.86875 0.25390625 0.059375 0.040625
106 0.86796875 0.196875 0.05625 0.03125
150 0.83671875 0.08984375 0.028125 0.05
166 0.740625 0.0890625 0.040625 0.040625
157 0.64296875 0.0890625 0.040625 0.053125
45 0.54609375 0.09140625 0.053125 0.05