120 0.6203125 0.14296875 0.0703125 0.103125
60 0.69140625 0.23203125 0.0328125 0.06875
60 0.71640625 0.16171875 0.04375 0.0390625
60 0.5328125 0.16015625 0.0484375 0.04375
60 0.83359375 0.42734375 0.0359375 0.1015625
60 0.484375 0.54921875 0.0328125 0.075
60 0.43359375 0.90859375 0.04375 0.078125
60 0.31328125 0.9234375 0.0375 0.0859375
60 0.17109375 0.8125 0.0328125 0.09375
60 0.1046875 0.7515625 0.0640625 0.1046875
20 0.509375 0.7609375 0.134375 0.2109375
106 0.8375 0.2171875 0.059375 0.0609375
106 0.83828125 0.6015625 0.05 0.0921875