60 0.5953125 0.8109375 0.0375 0.025
66 0.5953125 0.7546875 0.05625 0.034375
63 0.5984375 0.69296875 0.04375 0.03125
119 0.596875 0.6390625 0.05 0.040625
11 0.5984375 0.58125 0.05 0.034375
102 0.6421875 0.51953125 0.046875 0.03125
102 0.53828125 0.5171875 0.040625 0.034375
16 0.59921875 0.459375 0.05 0.034375
13 0.59609375 0.39921875 0.04375 0.03125
13 0.5953125 0.34296875 0.0375 0.03125
25 0.59921875 0.284375 0.046875 0.03125
45 0.5953125 0.20546875 0.046875 0.046875
14 0.596875 0.11640625 0.040625 0.0640625
136 0.1171875 0.11640625 0.0796875 0.0609375
106 0.1125 0.18203125 0.0578125 0.046875
61 0.115625 0.246875 0.0453125 0.0609375
4 0.115625 0.3046875 0.03125 0.04375
1 0.17421875 0.3625 0.0375 0.04375
1 0.06640625 0.36171875 0.0421875 0.0375
51 0.115625 0.4234375 0.0484375 0.053125
98 0.115625 0.4890625 0.04375 0.059375
74 0.1125 0.5546875 0.04375 0.046875
152 0.1171875 0.62578125 0.0421875 0.059375
122 0.1140625 0.69140625 0.05 0.05
7 0.16015625 0.75 0.0453125 0.05
7 0.06875 0.7546875 0.0390625 0.034375
21 0.16640625 0.81171875 0.05 0.03125
21 0.059375 0.8140625 0.05 0.0375