20 0.73828125 0.121875 0.065625 0.040625
20 0.9265625 0.3859375 0.059375 0.0328125
20 0.73125 0.7390625 0.06875 0.040625
20 0.396875 0.590625 0.059375 0.040625
20 0.1234375 0.41953125 0.05 0.0359375
60 0.17890625 0.4625 0.04375 0.01875
60 0.1828125 0.48515625 0.05625 0.015625
119 0.715625 0.23515625 0.0375 0.03125
119 0.8375 0.36171875 0.034375 0.01875
119 0.909375 0.34921875 0.0375 0.0265625
119 0.75390625 0.603125 0.040625 0.0375
119 0.4578125 0.5640625 0.053125 0.046875
119 0.37578125 0.70703125 0.05 0.0328125
119 0.2453125 0.6109375 0.05 0.01875
13 0.5359375 0.5046875 0.0328125 0.03125
13 0.6109375 0.5078125 0.034375 0.0234375
13 0.68125 0.5046875 0.0265625 0.034375
21 0.7234375 0.7734375 0.0328125 0.021875
106 0.73046875 0.16640625 0.040625 0.0234375
13 0.92421875 0.42890625 0.05 0.03125