109 0.8703125 0.603125 0.140625 0.075
14 0.78203125 0.58828125 0.0546875 0.0375
23 0.01328125 0.74609375 0.0265625 0.0671875
23 0.09765625 0.24140625 0.0828125 0.075
60 0.196875 0.3265625 0.046875 0.04375
60 0.20078125 0.14375 0.04375 0.046875
60 0.30625 0.4140625 0.05625 0.028125
60 0.30703125 0.534375 0.053125 0.03125
60 0.109375 0.64765625 0.03125 0.05
60 0.0984375 0.83515625 0.0375 0.04375
120 0.11484375 0.75 0.09375 0.0703125
120 0.696875 0.26953125 0.11875 0.0734375
60 0.68828125 0.3546875 0.025 0.046875
60 0.69140625 0.16953125 0.03125 0.034375
60 0.6359375 0.4921875 0.0609375 0.028125
60 0.62421875 0.6125 0.05625 0.028125