60 0.92421875 0.9828125 0.071875 0.028125
66 0.64375 0.984375 0.053125 0.03125
63 0.35625 0.9859375 0.078125 0.028125
119 0.059375 0.984375 0.0578125 0.03125
11 0.93828125 0.85 0.059375 0.0375
102 0.64921875 0.85 0.103125 0.040625
16 0.36328125 0.85 0.09375 0.0328125
16 0.05703125 0.846875 0.0515625 0.028125
13 0.93984375 0.70546875 0.0625 0.0375
13 0.653125 0.7 0.103125 0.04375
25 0.3328125 0.70546875 0.103125 0.046875
45 0.06640625 0.71328125 0.078125 0.0421875
8 0.0546875 0.56875 0.0484375 0.034375
21 0.3421875 0.5671875 0.078125 0.034375
21 0.63515625 0.5703125 0.0875 0.0359375
50 0.93828125 0.565625 0.065625 0.0328125
64 0.93203125 0.43046875 0.04375 0.05
66 0.65625 0.428125 0.0859375 0.05625
122 0.33984375 0.42421875 0.084375 0.046875
152 0.0671875 0.41953125 0.0796875 0.0484375
102 0.05546875 0.2984375 0.084375 0.040625
51 0.34765625 0.30078125 0.0703125 0.0453125
98 0.65390625 0.3 0.059375 0.0546875
74 0.94140625 0.29765625 0.05625 0.05
1 0.9375 0.1796875 0.0578125 0.0390625
4 0.63125 0.178125 0.11875 0.05
61 0.3265625 0.1765625 0.1 0.059375
14 0.07265625 0.18828125 0.096875 0.071875
136 0.65625 0.04296875 0.1015625 0.0421875
106 0.9390625 0.0453125 0.084375 0.053125