60 0.9625 0.03671875 0.075 0.0484375
25 0.80078125 0.0296875 0.071875 0.059375
119 0.64296875 0.0328125 0.1265625 0.065625
98 0.4671875 0.0328125 0.13125 0.065625
74 0.29921875 0.03125 0.1140625 0.0625
14 0.1578125 0.03046875 0.06875 0.0609375
14 0.0640625 0.0375 0.096875 0.075
102 0.059375 0.2109375 0.103125 0.071875
95 0.196875 0.178125 0.0984375 0.1140625
116 0.30390625 0.184375 0.075 0.10625
8 0.41171875 0.184375 0.0796875 0.06875
75 0.525 0.18671875 0.1140625 0.103125
95 0.67109375 0.18515625 0.071875 0.1109375
120 0.8125 0.196875 0.075 0.075
63 0.96328125 0.209375 0.071875 0.0515625
13 0.95234375 0.3890625 0.0875 0.0625
13 0.78671875 0.390625 0.096875 0.059375
73 0.64453125 0.3546875 0.090625 0.09375
114 0.43671875 0.38203125 0.10625 0.0625
114 0.28984375 0.38359375 0.10625 0.05625
100 0.10234375 0.35625 0.0875 0.10625
1 0.09765625 0.5109375 0.090625 0.0828125
152 0.26015625 0.51953125 0.090625 0.075
11 0.403125 0.525 0.11875 0.096875
130 0.51484375 0.52265625 0.103125 0.0796875
118 0.67734375 0.53828125 0.0875 0.09375
16 0.815625 0.553125 0.090625 0.0609375
16 0.9484375 0.55703125 0.0875 0.0609375
32 0.9515625 0.7203125 0.09375 0.0625
32 0.83515625 0.72265625 0.0671875 0.0453125
97 0.67421875 0.6984375 0.0625 0.1109375
21 0.47734375 0.70078125 0.090625 0.053125
21 0.28671875 0.70390625 0.0875 0.0609375
153 0.11015625 0.7 0.13125 0.090625
106 0.08515625 0.8796875 0.08125 0.071875
61 0.2390625 0.88046875 0.05625 0.0875
111 0.38984375 0.9 0.190625 0.059375
108 0.65390625 0.9140625 0.1109375 0.09375
109 0.86328125 0.92109375 0.075 0.103125
109 0.978125 0.91171875 0.04375 0.1109375