60 0.890625 0.1203125 0.04375 0.053125
66 0.81640625 0.115625 0.0484375 0.065625
119 0.74375 0.10859375 0.0453125 0.075
98 0.66796875 0.1 0.046875 0.1
74 0.5953125 0.10234375 0.046875 0.0984375
141 0.5125 0.0984375 0.0375 0.09375
12 0.4296875 0.1125 0.040625 0.0859375
130 0.3375 0.1125 0.05 0.0890625
11 0.24296875 0.1046875 0.0875 0.115625
40 0.12421875 0.1546875 0.071875 0.0734375
43 0.121875 0.26953125 0.0734375 0.0796875
63 0.890625 0.3125 0.046875 0.06875
67 0.8125 0.3078125 0.05 0.065625
120 0.74375 0.2984375 0.05625 0.06875
99 0.66015625 0.2890625 0.0515625 0.1015625
75 0.58515625 0.28359375 0.04375 0.1015625
14 0.51796875 0.3078125 0.025 0.0828125
14 0.47734375 0.31171875 0.0453125 0.0859375
78 0.41171875 0.3078125 0.0515625 0.0921875
151 0.33125 0.290625 0.06875 0.0890625
79 0.2546875 0.29140625 0.046875 0.11875
148 0.21171875 0.28828125 0.0359375 0.1125
111 0.221875 0.49375 0.05625 0.075
102 0.290625 0.5015625 0.04375 0.0546875
142 0.35390625 0.490625 0.04375 0.075
51 0.41328125 0.47109375 0.0375 0.1
112 0.49609375 0.465625 0.05 0.09375
6 0.5875 0.4953125 0.0484375 0.0453125
95 0.6640625 0.490625 0.05625 0.1375
116 0.7328125 0.49375 0.04375 0.103125
64 0.81015625 0.50078125 0.046875 0.0890625
8 0.88515625 0.50703125 0.040625 0.06875
13 0.88515625 0.70703125 0.04375 0.0546875
73 0.803125 0.67578125 0.0375 0.103125
114 0.7109375 0.6984375 0.046875 0.0484375
95 0.6296875 0.67421875 0.03125 0.103125
16 0.5515625 0.71171875 0.0453125 0.0453125
16 0.47890625 0.70390625 0.071875 0.065625
118 0.40703125 0.6875 0.04375 0.09375
21 0.3265625 0.7015625 0.05 0.053125
153 0.24609375 0.6890625 0.0546875 0.059375
32 0.88671875 0.89296875 0.0421875 0.06875
32 0.83671875 0.89140625 0.040625 0.0546875
97 0.75390625 0.8703125 0.0296875 0.10625
109 0.69765625 0.88828125 0.0296875 0.084375
108 0.63046875 0.8890625 0.0375 0.071875
132 0.53828125 0.88046875 0.0796875 0.065625
133 0.43046875 0.87734375 0.059375 0.05625
136 0.3265625 0.8890625 0.059375 0.0828125
61 0.2703125 0.8890625 0.0234375 0.078125
106 0.22421875 0.87265625 0.0375 0.059375
45 0.11875 0.47734375 0.0671875 0.0546875
157 0.11875 0.59140625 0.075 0.0671875
166 0.1234375 0.71640625 0.0734375 0.0546875
150 0.121875 0.83515625 0.0984375 0.053125