66 0.065625 0.18125 0.0625 0.0984375
141 0.2140625 0.18984375 0.078125 0.075
21 0.3953125 0.190625 0.09375 0.0953125
135 0.55546875 0.1859375 0.0703125 0.125
112 0.71484375 0.2046875 0.0984375 0.1421875
14 0.86875 0.19296875 0.0671875 0.15
61 0.875 0.325 0.0671875 0.1109375
8 0.553125 0.32421875 0.0875 0.084375
16 0.396875 0.32578125 0.096875 0.0875
60 0.06484375 0.325 0.0859375 0.0859375
14 0.06796875 0.4546875 0.0875 0.1
130 0.21171875 0.4640625 0.090625 0.1171875
45 0.39375 0.4546875 0.1015625 0.090625
13 0.55625 0.4515625 0.0953125 0.0984375
51 0.71875 0.4171875 0.0984375 0.146875
102 0.8734375 0.4625 0.0921875 0.1046875
64 0.871875 0.63984375 0.075 0.1234375
122 0.71640625 0.60078125 0.08125 0.13125
50 0.39140625 0.57890625 0.090625 0.084375
25 0.2140625 0.578125 0.090625 0.0734375
67 0.06328125 0.5734375 0.0796875 0.0828125
63 0.0640625 0.67265625 0.090625 0.0828125
21 0.21484375 0.67421875 0.090625 0.08125
114 0.390625 0.671875 0.09375 0.0796875
13 0.55546875 0.675 0.0984375 0.0703125
152 0.8703125 0.79921875 0.0875 0.1265625
98 0.5578125 0.8015625 0.0921875 0.1171875
74 0.215625 0.80390625 0.0953125 0.128125
74 0.06953125 0.80078125 0.0921875 0.096875