114 0.53359375 0.009375 0.075 0.01875
106 0.5984375 0.07265625 0.06875 0.0328125
119 0.60390625 0.12265625 0.040625 0.0328125
119 0.7609375 0.2546875 0.040625 0.034375
119 0.9546875 0.26484375 0.0375 0.034375
63 0.97421875 0.38125 0.0375 0.0453125
20 0.96640625 0.31796875 0.0671875 0.0484375
13 0.6390625 0.50234375 0.040625 0.04375
13 0.58828125 0.503125 0.05625 0.04375
13 0.53046875 0.50078125 0.05625 0.0375
119 0.46640625 0.52734375 0.0375 0.040625
20 0.1359375 0.41015625 0.059375 0.040625
16 0.2078125 0.4546875 0.075 0.025
16 0.20625 0.515625 0.0875 0.028125
119 0.265625 0.653125 0.059375 0.046875
119 0.4328125 0.8109375 0.075 0.05625
20 0.44375 0.67890625 0.05 0.053125
119 0.7890625 0.609375 0.040625 0.04375