60 0.7390625 0.87890625 0.04375 0.0421875
66 0.74453125 0.8078125 0.046875 0.053125
119 0.74921875 0.73515625 0.065625 0.0390625
98 0.75390625 0.66640625 0.071875 0.0375
74 0.75546875 0.59140625 0.06875 0.04375
141 0.75390625 0.51171875 0.078125 0.034375
12 0.75078125 0.43671875 0.0578125 0.04375
63 0.9046875 0.35078125 0.0375 0.0515625
67 0.90703125 0.234375 0.053125 0.05
11 0.75078125 0.26484375 0.078125 0.0625
130 0.75 0.3453125 0.071875 0.04375
40 0.7109375 0.1421875 0.053125 0.046875
43 0.61953125 0.140625 0.059375 0.04375
148 0.60390625 0.2265625 0.084375 0.03125
79 0.6046875 0.26875 0.075 0.040625
151 0.6015625 0.34140625 0.065625 0.05
78 0.59296875 0.425 0.071875 0.046875
14 0.590625 0.48359375 0.059375 0.0421875
14 0.59453125 0.51796875 0.065625 0.025
112 0.4671875 0.496875 0.08125 0.046875
51 0.46640625 0.42265625 0.06875 0.053125
142 0.4453125 0.3625 0.05 0.040625
102 0.4453125 0.303125 0.0375 0.040625
111 0.4453125 0.23515625 0.04375 0.0453125
63 0.58984375 0.87890625 0.040625 0.0375
67 0.5953125 0.80859375 0.059375 0.040625
120 0.6 0.734375 0.059375 0.0375
99 0.61015625 0.6609375 0.0703125 0.0375
75 0.6078125 0.58359375 0.0875 0.040625
8 0.43828125 0.8828125 0.046875 0.04375
64 0.44765625 0.80390625 0.065625 0.040625
116 0.4515625 0.73203125 0.065625 0.0375
95 0.45546875 0.65859375 0.09375 0.0375
6 0.44609375 0.58828125 0.053125 0.05625
13 0.28515625 0.8734375 0.0375 0.0375
73 0.303125 0.79609375 0.08125 0.0453125
114 0.2859375 0.7078125 0.040625 0.0375
100 0.30234375 0.62890625 0.078125 0.0328125
16 0.2796875 0.55625 0.0453125 0.0375
16 0.278125 0.4828125 0.0375 0.040625
118 0.29609375 0.41328125 0.065625 0.0390625
21 0.290625 0.33515625 0.046875 0.0484375
153 0.2953125 0.2609375 0.05625 0.0390625
106 0.14921875 0.2328125 0.05625 0.034375
61 0.14921875 0.2859375 0.059375 0.03125
136 0.14296875 0.3375 0.05625 0.0453125
133 0.15 0.43671875 0.04375 0.0484375
132 0.14765625 0.53359375 0.053125 0.053125
108 0.13984375 0.62578125 0.065625 0.0421875
109 0.1421875 0.696875 0.065625 0.0375
97 0.1546875 0.7484375 0.08125 0.034375
32 0.134375 0.8234375 0.03125 0.0359375
32 0.13125 0.878125 0.034375 0.0421875