60 0.665625 0.9125 0.025 0.0421875
60 0.58515625 0.91171875 0.0328125 0.0375
60 0.66484375 0.63515625 0.034375 0.025
60 0.55546875 0.43828125 0.0265625 0.046875
60 0.43203125 0.72265625 0.034375 0.028125
60 0.43203125 0.840625 0.040625 0.028125
60 0.35 0.81640625 0.034375 0.025
60 0.3515625 0.72421875 0.034375 0.0265625
60 0.35 0.5890625 0.0359375 0.021875
60 0.353125 0.45625 0.034375 0.028125
60 0.203125 0.63203125 0.0234375 0.0375
102 0.1828125 0.69375 0.04375 0.046875
102 0.18046875 0.7578125 0.040625 0.034375
102 0.1828125 0.83515625 0.040625 0.04375
102 0.18203125 0.92109375 0.0359375 0.040625
60 0.23125 0.39453125 0.028125 0.0328125
60 0.20859375 0.39453125 0.015625 0.0359375
60 0.18671875 0.39453125 0.0203125 0.0375
60 0.1625 0.39375 0.025 0.0375
60 0.140625 0.39375 0.021875 0.0328125
60 0.3578125 0.22109375 0.028125 0.0390625
60 0.4625 0.23203125 0.040625 0.025
60 0.559375 0.2359375 0.0375 0.0296875
60 0.584375 0.3578125 0.0421875 0.025
60 0.72734375 0.2265625 0.021875 0.040625
60 0.97578125 0.628125 0.0375 0.0375