60 0.90546875 0.90703125 0.06875 0.04375
25 0.75703125 0.915625 0.065625 0.0609375
119 0.61171875 0.91953125 0.115625 0.078125
98 0.4515625 0.9296875 0.1203125 0.1015625
74 0.29765625 0.93203125 0.1046875 0.0984375
14 0.16875 0.92734375 0.0625 0.084375
14 0.08203125 0.91953125 0.0875 0.0953125
102 0.078125 0.746875 0.09375 0.065625
95 0.20390625 0.7765625 0.090625 0.1046875
116 0.3015625 0.77109375 0.06875 0.0984375
8 0.4 0.77109375 0.071875 0.0625
75 0.50390625 0.76875 0.1046875 0.0953125
95 0.6375 0.7703125 0.065625 0.1015625
120 0.76640625 0.759375 0.06875 0.06875
63 0.9046875 0.7484375 0.065625 0.046875
13 0.89453125 0.58359375 0.08125 0.05625
13 0.74296875 0.58203125 0.0875 0.053125
73 0.61328125 0.615625 0.08125 0.084375
114 0.4234375 0.58984375 0.0984375 0.05625
114 0.2890625 0.5890625 0.0984375 0.053125
100 0.1171875 0.6140625 0.08125 0.0984375
1 0.11328125 0.47265625 0.08125 0.075
152 0.26171875 0.4640625 0.08125 0.06875
11 0.3921875 0.459375 0.1078125 0.0875
130 0.49453125 0.46171875 0.0953125 0.071875
118 0.64296875 0.44765625 0.08125 0.084375
16 0.76953125 0.434375 0.08125 0.05625
16 0.890625 0.43046875 0.078125 0.05625
32 0.89375 0.28046875 0.084375 0.05625
32 0.7875 0.27890625 0.0625 0.040625
97 0.63984375 0.3015625 0.05625 0.1015625
21 0.46015625 0.29921875 0.08125 0.05
21 0.2859375 0.29609375 0.078125 0.05625
153 0.12421875 0.3 0.1203125 0.08125
106 0.1015625 0.13515625 0.075 0.065625
61 0.2421875 0.134375 0.05 0.08125
111 0.38046875 0.1171875 0.175 0.053125
108 0.621875 0.10390625 0.1015625 0.084375
109 0.81328125 0.09765625 0.06875 0.09375
109 0.92890625 0.10546875 0.059375 0.1015625