84 0.73125 0.20078125 0.075 0.071875
85 0.72421875 0.296875 0.090625 0.1046875
86 0.725 0.3890625 0.084375 0.075
87 0.73203125 0.46640625 0.078125 0.071875
89 0.73203125 0.54296875 0.065625 0.0515625
90 0.73046875 0.6203125 0.05625 0.0578125
103 0.7296875 0.7046875 0.0953125 0.084375
104 0.72578125 0.79609375 0.071875 0.090625
124 0.38515625 0.58203125 0.028125 0.021875
125 0.3921875 0.690625 0.078125 0.09375
126 0.38359375 0.87734375 0.06875 0.078125
143 0.06171875 0.89140625 0.0875 0.06875
138 0.06015625 0.734375 0.053125 0.0421875
131 0.06328125 0.484375 0.0625 0.071875
129 0.06875 0.3765625 0.0890625 0.078125
128 0.06328125 0.278125 0.06875 0.0609375
127 0.065625 0.2015625 0.06875 0.06875