60 0.0765625 0.05078125 0.0515625 0.071875
25 0.0625 0.21796875 0.0625 0.09375
119 0.05703125 0.38984375 0.065625 0.075
98 0.053125 0.5609375 0.0828125 0.084375
74 0.0515625 0.74140625 0.0859375 0.078125
14 0.05 0.88046875 0.071875 0.0546875
14 0.0546875 0.96640625 0.075 0.0671875
102 0.23671875 0.96953125 0.0484375 0.0609375
95 0.2265625 0.83125 0.1125 0.1
116 0.23359375 0.725 0.103125 0.0828125
8 0.24921875 0.61953125 0.05625 0.06875
75 0.2140625 0.4984375 0.0890625 0.103125
99 0.2171875 0.33828125 0.103125 0.096875
120 0.22890625 0.19765625 0.059375 0.0890625
63 0.23984375 0.04921875 0.046875 0.096875
13 0.40703125 0.0484375 0.04375 0.0671875
13 0.40625 0.19296875 0.05625 0.1046875
73 0.38515625 0.33671875 0.096875 0.1015625
114 0.4109375 0.62890625 0.05 0.084375
114 0.4046875 0.79375 0.05625 0.0890625
100 0.3828125 0.93828125 0.0890625 0.059375
151 0.540625 0.92109375 0.071875 0.0828125
130 0.53984375 0.72421875 0.0890625 0.1
11 0.54140625 0.6296875 0.078125 0.096875
118 0.54453125 0.34375 0.078125 0.09375
16 0.55390625 0.19140625 0.0375 0.1171875
96 0.54375 0.4921875 0.09375 0.0890625
16 0.559375 0.05234375 0.040625 0.084375
32 0.740625 0.053125 0.053125 0.0703125
32 0.73828125 0.19453125 0.04375 0.1203125
97 0.71328125 0.3421875 0.109375 0.125
21 0.721875 0.61484375 0.0515625 0.0890625
21 0.7140625 0.74453125 0.059375 0.10625
153 0.7078125 0.9328125 0.0828125 0.13125
1 0.89140625 0.91015625 0.0515625 0.0875
4 0.88984375 0.7484375 0.06875 0.103125
108 0.871875 0.39921875 0.0546875 0.146875
109 0.89453125 0.15546875 0.1 0.1171875
109 0.90390625 0.034375 0.0828125 0.06875
61 0.98828125 0.54921875 0.0234375 0.1046875
136 0.98984375 0.81171875 0.0203125 0.084375
106 0.9859375 0.925 0.028125 0.059375