60 0.2765625 0.8671875 0.04375 0.0375
66 0.2625 0.796875 0.05625 0.034375
119 0.2578125 0.7265625 0.059375 0.0375
98 0.24765625 0.6546875 0.090625 0.04375
74 0.2484375 0.5828125 0.075 0.0375
141 0.25390625 0.50078125 0.071875 0.0375
12 0.2546875 0.42890625 0.075 0.046875
130 0.24765625 0.33828125 0.078125 0.05625
11 0.2578125 0.25546875 0.071875 0.046875
40 0.29375 0.13125 0.05625 0.065625
43 0.390625 0.1375 0.071875 0.06875
63 0.42421875 0.87421875 0.034375 0.040625
67 0.4140625 0.80390625 0.05 0.05625
120 0.41015625 0.72421875 0.06875 0.053125
99 0.4046875 0.65859375 0.0875 0.05
75 0.40234375 0.578125 0.071875 0.04375
14 0.42265625 0.51015625 0.065625 0.021875
14 0.425 0.46640625 0.075 0.05625
78 0.42578125 0.41171875 0.075 0.053125
152 0.403125 0.3296875 0.078125 0.05625
79 0.409375 0.26015625 0.084375 0.059375
148 0.40078125 0.21484375 0.0875 0.034375
111 0.56640625 0.22578125 0.071875 0.040625
102 0.57578125 0.28828125 0.065625 0.059375
51 0.5578125 0.40859375 0.078125 0.04375
112 0.55703125 0.48515625 0.0984375 0.05625
6 0.57109375 0.5796875 0.06875 0.059375
95 0.56484375 0.64921875 0.0953125 0.053125
116 0.57109375 0.7234375 0.078125 0.05
64 0.575 0.7875 0.059375 0.05
8 0.578125 0.8671875 0.06875 0.03125
13 0.74453125 0.86484375 0.034375 0.0375
73 0.71953125 0.7859375 0.0953125 0.034375
114 0.73984375 0.690625 0.040625 0.05
100 0.721875 0.62109375 0.075 0.0375
16 0.74453125 0.54453125 0.04375 0.040625
16 0.74921875 0.47109375 0.04375 0.046875
118 0.73359375 0.40234375 0.065625 0.040625
21 0.73515625 0.32734375 0.04375 0.05
153 0.7359375 0.24453125 0.053125 0.05
106 0.878125 0.2234375 0.0625 0.046875
61 0.88671875 0.2734375 0.059375 0.03125
136 0.88828125 0.3296875 0.05625 0.04375
133 0.87421875 0.42734375 0.05625 0.059375
132 0.8921875 0.521875 0.05625 0.053125
108 0.89375 0.6203125 0.06875 0.05
109 0.89375 0.68515625 0.065625 0.040625
97 0.87890625 0.7421875 0.0875 0.040625
32 0.89921875 0.81328125 0.03125 0.0375
32 0.9015625 0.86953125 0.0375 0.046875