84 0.2609375 0.1859375 0.075 0.071875
85 0.26875 0.28125 0.090625 0.103125
86 0.2671875 0.371875 0.0828125 0.071875
87 0.26015625 0.44921875 0.0765625 0.071875
89 0.26015625 0.525 0.0640625 0.053125
90 0.26171875 0.6015625 0.05625 0.0578125
103 0.2625 0.68515625 0.0953125 0.084375
104 0.26640625 0.77578125 0.071875 0.090625
124 0.60390625 0.5640625 0.028125 0.021875
125 0.59765625 0.67109375 0.0765625 0.09375
126 0.60546875 0.85625 0.06875 0.078125
143 0.92421875 0.86953125 0.0859375 0.06875
138 0.92578125 0.71484375 0.053125 0.04375
131 0.9234375 0.4671875 0.0625 0.071875
129 0.91796875 0.36015625 0.0875 0.0765625
128 0.9234375 0.2625 0.06875 0.0625
127 0.92109375 0.18671875 0.0671875 0.0671875