109 0.065625 0.3765625 0.13125 0.090625
60 0.31484375 0.33046875 0.0640625 0.021875
60 0.3140625 0.3765625 0.06875 0.03125
60 0.31953125 0.4921875 0.0640625 0.0296875
60 0.253125 0.6265625 0.053125 0.059375
60 0.88203125 0.3390625 0.0625 0.04375
60 0.88515625 0.15546875 0.040625 0.05
60 0.78515625 0.6578125 0.046875 0.05625
60 0.83984375 0.6359375 0.059375 0.0390625
60 0.78828125 0.8453125 0.05 0.046875
60 0.25078125 0.81640625 0.046875 0.0671875
120 0.23359375 0.71875 0.0921875 0.059375
120 0.7671875 0.746875 0.08125 0.075
120 0.86640625 0.2390625 0.0875 0.0640625