36 0.8828125 0.034375 0.234375 0.06875
26 0.60390625 0.0328125 0.2125 0.065625
94 0.33828125 0.03046875 0.15 0.0609375
158 0.07734375 0.0328125 0.153125 0.065625
44 0.9203125 0.24453125 0.11875 0.0734375
20 0.62890625 0.23125 0.209375 0.0875
20 0.353125 0.22265625 0.153125 0.1078125
20 0.07890625 0.2203125 0.15625 0.115625
20 0.8875 0.440625 0.225 0.115625
62 0.62890625 0.43671875 0.1921875 0.13125
70 0.3515625 0.45078125 0.2078125 0.096875
17 0.0859375 0.47109375 0.171875 0.053125
146 0.903125 0.68203125 0.19375 0.121875
146 0.6328125 0.71484375 0.2671875 0.053125
154 0.359375 0.63828125 0.2015625 0.1921875
162 0.08828125 0.67578125 0.1765625 0.1140625
164 0.63359375 0.90234375 0.221875 0.1640625
164 0.8953125 0.91171875 0.20625 0.15625