20 0.88828125 0.7859375 0.040625 0.06875
20 0.6171875 0.9734375 0.034375 0.053125
20 0.25390625 0.778125 0.040625 0.071875
20 0.40703125 0.434375 0.040625 0.0609375
20 0.5828125 0.15390625 0.0375 0.05
60 0.53828125 0.2109375 0.0203125 0.04375
60 0.515625 0.215625 0.015625 0.0578125
119 0.771875 0.76171875 0.03125 0.040625
119 0.6421875 0.8875 0.0203125 0.0359375
119 0.65546875 0.9609375 0.028125 0.0375
119 0.39375 0.8015625 0.0375 0.04375
119 0.43359375 0.49765625 0.046875 0.053125
119 0.2875 0.4125 0.034375 0.05
119 0.38671875 0.27890625 0.0203125 0.053125
13 0.49453125 0.578125 0.03125 0.034375
13 0.4921875 0.65390625 0.0234375 0.034375
13 0.49453125 0.72734375 0.0359375 0.028125
21 0.21953125 0.7703125 0.0203125 0.034375
106 0.8421875 0.77734375 0.0234375 0.0421875
13 0.5734375 0.975 0.03125 0.05