45 0.634375 0.70625 0.025 0.06875
45 0.59453125 0.70703125 0.028125 0.065625
45 0.5140625 0.71171875 0.03125 0.065625
45 0.4671875 0.70625 0.025 0.084375
45 0.3859375 0.134375 0.028125 0.06875
63 0.7953125 0.03515625 0.0484375 0.05625
45 0.709375 0.078125 0.0453125 0.06875
63 0.23671875 0.00546875 0.0453125 0.0109375
63 0.3109375 0.73671875 0.0453125 0.025
60 0.42578125 0.7359375 0.0359375 0.046875
60 0.19453125 0.74375 0.034375 0.0484375
60 0.9140625 0.1734375 0.034375 0.0359375
60 0.675 0.17578125 0.0359375 0.040625
60 0.15234375 0.18984375 0.0484375 0.0484375
119 0.246875 0.190625 0.0359375 0.0515625
119 0.79296875 0.17265625 0.0390625 0.0484375
102 0.35 0.196875 0.0515625 0.059375
8 0.59296875 0.9765625 0.0375 0.046875