60 0.87421875 0.7234375 0.0375 0.0453125
66 0.80390625 0.73828125 0.034375 0.05625
119 0.73359375 0.74296875 0.0375 0.059375
98 0.66171875 0.753125 0.04375 0.090625
74 0.58984375 0.75234375 0.0375 0.0765625
141 0.50703125 0.746875 0.0375 0.071875
12 0.43515625 0.74609375 0.046875 0.0765625
130 0.34453125 0.753125 0.05625 0.078125
11 0.2609375 0.74296875 0.046875 0.071875
40 0.13671875 0.70703125 0.065625 0.05625
43 0.14296875 0.609375 0.06875 0.0734375
63 0.88203125 0.5765625 0.040625 0.034375
67 0.8109375 0.58671875 0.05625 0.05
120 0.73125 0.590625 0.053125 0.06875
99 0.66484375 0.5953125 0.05 0.0890625
75 0.58515625 0.59765625 0.04375 0.071875
14 0.51640625 0.578125 0.021875 0.065625
14 0.47265625 0.57578125 0.05625 0.0765625
78 0.4171875 0.57421875 0.053125 0.0765625
152 0.3359375 0.596875 0.05625 0.078125
79 0.265625 0.59140625 0.059375 0.0859375
148 0.2203125 0.59921875 0.034375 0.0890625
111 0.23125 0.43359375 0.040625 0.071875
102 0.29375 0.4234375 0.059375 0.065625
51 0.4140625 0.4421875 0.04375 0.078125
112 0.49140625 0.44296875 0.05625 0.0984375
6 0.58671875 0.42890625 0.059375 0.06875
95 0.65625 0.43515625 0.053125 0.0953125
116 0.73046875 0.42890625 0.05 0.0796875
64 0.79453125 0.42421875 0.05 0.059375
8 0.87421875 0.42109375 0.03125 0.06875
13 0.871875 0.2546875 0.0375 0.034375
73 0.79296875 0.28046875 0.034375 0.0953125
114 0.69765625 0.259375 0.05 0.040625
100 0.628125 0.278125 0.0375 0.0765625
16 0.55078125 0.2546875 0.040625 0.04375
16 0.47734375 0.25 0.046875 0.04375
118 0.40859375 0.265625 0.040625 0.065625
21 0.33359375 0.2640625 0.05 0.04375
153 0.25 0.26328125 0.05 0.053125
106 0.22890625 0.1203125 0.046875 0.0625
61 0.2796875 0.11171875 0.03125 0.059375
136 0.3359375 0.11015625 0.04375 0.05625
133 0.43359375 0.12421875 0.059375 0.05625
132 0.52890625 0.10625 0.053125 0.05625
108 0.62734375 0.1046875 0.05 0.06875
109 0.6921875 0.1046875 0.040625 0.065625
97 0.74921875 0.11953125 0.040625 0.0890625
32 0.8203125 0.09921875 0.0375 0.03125
32 0.87734375 0.096875 0.046875 0.0375