20 0.23125 0.15 0.065625 0.0390625
20 0.0453125 0.41171875 0.059375 0.034375
20 0.23828125 0.76171875 0.06875 0.0390625
20 0.56953125 0.6140625 0.059375 0.0390625
20 0.83984375 0.44453125 0.05 0.0359375
60 0.78515625 0.4875 0.0421875 0.01875
60 0.78125 0.51015625 0.05625 0.015625
119 0.25390625 0.2625 0.0390625 0.0296875
119 0.1328125 0.3875 0.034375 0.0203125
119 0.06171875 0.375 0.0359375 0.025
119 0.215625 0.6265625 0.0421875 0.0359375
119 0.509375 0.58828125 0.053125 0.046875
119 0.590625 0.7296875 0.05 0.0328125
119 0.71953125 0.634375 0.05 0.01875
13 0.43125 0.5296875 0.0328125 0.03125
13 0.3578125 0.53203125 0.0328125 0.021875
13 0.2875 0.5296875 0.025 0.034375
21 0.24609375 0.7953125 0.0328125 0.01875
106 0.2390625 0.19453125 0.040625 0.021875
13 0.04765625 0.45390625 0.05 0.0296875