119 0.8640625 0.55078125 0.028125 0.05
60 0.79921875 0.38984375 0.021875 0.04375
60 0.78359375 0.4140625 0.021875 0.028125
21 0.759375 0.4125 0.0234375 0.034375
14 0.7453125 0.325 0.01875 0.0515625
14 0.57890625 0.57421875 0.0203125 0.05
14 0.4953125 0.78046875 0.0234375 0.0375
60 0.49453125 0.86484375 0.03125 0.0375
60 0.434375 0.86640625 0.03125 0.0328125
4 0.359375 0.73125 0.03125 0.04375
4 0.36015625 0.3796875 0.01875 0.04375
60 0.3578125 0.228125 0.0125 0.034375
60 0.33203125 0.32421875 0.0265625 0.0296875
60 0.2796875 0.32578125 0.0234375 0.021875
60 0.18515625 0.22109375 0.01875 0.040625