10 0.0984375 0.9734375 0.19375 0.053125
19 0.38984375 0.9734375 0.3203125 0.053125
19 0.671875 0.9734375 0.290625 0.053125
19 0.90859375 0.975 0.1828125 0.05
134 0.12421875 0.88203125 0.2484375 0.0609375
137 0.38125 0.88125 0.15 0.0625
137 0.675 0.88046875 0.1875 0.05625
121 0.93671875 0.87734375 0.1265625 0.09375
27 0.93671875 0.79296875 0.1265625 0.0328125
145 0.66953125 0.79140625 0.2078125 0.03125
144 0.3859375 0.79140625 0.171875 0.028125
107 0.09921875 0.79375 0.190625 0.0328125
121 0.13203125 0.7125 0.2640625 0.0625
39 0.37578125 0.71328125 0.1109375 0.0625
39 0.66953125 0.71328125 0.2265625 0.05625
69 0.94453125 0.71015625 0.1109375 0.053125
37 0.94609375 0.6265625 0.10625 0.040625
33 0.68203125 0.6234375 0.25 0.040625
93 0.37265625 0.63515625 0.184375 0.059375
147 0.09921875 0.63125 0.184375 0.059375
88 0.10625 0.5515625 0.1640625 0.0625
160 0.390625 0.53984375 0.2078125 0.034375
34 0.67890625 0.54296875 0.3046875 0.04375
91 0.94609375 0.546875 0.10625 0.0484375
35 0.09375 0.4390625 0.1796875 0.034375
155 0.38203125 0.44609375 0.103125 0.05625
18 0.67578125 0.4625 0.259375 0.075
5 0.921875 0.45234375 0.15625 0.0609375
15 0.10625 0.34375 0.203125 0.0484375
56 0.38515625 0.36015625 0.190625 0.071875
57 0.65625 0.35703125 0.159375 0.065625
58 0.94140625 0.3609375 0.1171875 0.071875
159 0.09375 0.23515625 0.121875 0.05625
171 0.371875 0.2515625 0.165625 0.090625
92 0.659375 0.2390625 0.171875 0.05625
77 0.95625 0.240625 0.0875 0.0625
113 0.0875 0.14453125 0.1375 0.06875
76 0.3609375 0.1484375 0.296875 0.078125
110 0.68046875 0.1453125 0.1453125 0.06875
22 0.93671875 0.1421875 0.1265625 0.059375
30 0.94765625 0.02734375 0.1046875 0.0546875
29 0.6671875 0.04453125 0.25 0.0890625
28 0.37578125 0.040625 0.25625 0.08125
59 0.0890625 0.0375 0.178125 0.075