60 0.096875 0.9390625 0.0578125 0.0484375
66 0.09140625 0.85859375 0.071875 0.053125
119 0.08359375 0.7796875 0.08125 0.0484375
98 0.07421875 0.69765625 0.109375 0.05
74 0.07734375 0.61875 0.10625 0.0515625
141 0.07265625 0.52890625 0.1015625 0.040625
12 0.08828125 0.4390625 0.09375 0.04375
130 0.08828125 0.3390625 0.096875 0.053125
11 0.0796875 0.23671875 0.125 0.09375
40 0.13359375 0.1078125 0.0796875 0.078125
43 0.25859375 0.10546875 0.0875 0.0796875
63 0.30546875 0.9390625 0.075 0.053125
67 0.3 0.85390625 0.071875 0.05625
120 0.28984375 0.7796875 0.0765625 0.0609375
99 0.2796875 0.6890625 0.109375 0.05625
75 0.2734375 0.6078125 0.109375 0.046875
14 0.3 0.534375 0.090625 0.028125
14 0.30390625 0.490625 0.09375 0.05
78 0.3 0.41953125 0.1 0.05625
151 0.28125 0.33203125 0.096875 0.071875
79 0.28203125 0.24921875 0.128125 0.05
148 0.27890625 0.20234375 0.1234375 0.0390625
111 0.5015625 0.21328125 0.08125 0.0609375
102 0.51015625 0.28828125 0.059375 0.046875
142 0.4984375 0.35703125 0.08125 0.046875
51 0.47734375 0.42109375 0.109375 0.0390625
112 0.47109375 0.5109375 0.1015625 0.053125
6 0.503125 0.61015625 0.05 0.053125
95 0.4984375 0.69296875 0.15 0.0609375
116 0.5015625 0.76796875 0.1125 0.05
64 0.509375 0.8515625 0.096875 0.053125
8 0.51640625 0.9328125 0.0765625 0.04375
13 0.7328125 0.9328125 0.059375 0.05
73 0.69921875 0.84375 0.1125 0.040625
114 0.7234375 0.74375 0.053125 0.053125
95 0.69765625 0.65625 0.1125 0.034375
16 0.73828125 0.57109375 0.05 0.05
16 0.7296875 0.4921875 0.071875 0.0796875
118 0.71171875 0.4140625 0.1015625 0.046875
21 0.72734375 0.32734375 0.0578125 0.053125
153 0.71328125 0.23984375 0.0640625 0.059375
32 0.934375 0.934375 0.075 0.046875
32 0.9328125 0.88046875 0.059375 0.04375
97 0.91015625 0.790625 0.1171875 0.0328125
109 0.9296875 0.7296875 0.090625 0.03125
108 0.93046875 0.65703125 0.0796875 0.040625
132 0.92109375 0.55703125 0.071875 0.0859375
133 0.91796875 0.43984375 0.0609375 0.0640625
136 0.93046875 0.32734375 0.090625 0.0640625
61 0.93046875 0.26640625 0.0875 0.025
106 0.9125 0.21640625 0.065625 0.0390625
45 0.48359375 0.1015625 0.059375 0.071875
157 0.6078125 0.1015625 0.071875 0.08125
166 0.74296875 0.10703125 0.059375 0.0796875
150 0.871875 0.10546875 0.0578125 0.10625