120 0.1328125 0.640625 0.109375 0.0765625
60 0.2265625 0.715625 0.071875 0.0328125
60 0.15234375 0.74140625 0.040625 0.046875
60 0.15078125 0.54765625 0.046875 0.05
60 0.4328125 0.865625 0.10625 0.0359375
60 0.56171875 0.496875 0.078125 0.034375
60 0.94140625 0.44296875 0.0828125 0.046875
60 0.95546875 0.31484375 0.0890625 0.040625
60 0.83984375 0.165625 0.1 0.0328125
60 0.77578125 0.09609375 0.1109375 0.06875
20 0.78515625 0.5234375 0.221875 0.1421875
106 0.2109375 0.86953125 0.0640625 0.0625
106 0.6171875 0.8703125 0.096875 0.053125