60 0.93046875 0.184375 0.103125 0.0828125
13 0.78515625 0.1875 0.1171875 0.103125
16 0.64296875 0.18125 0.1234375 0.096875
114 0.4828125 0.184375 0.1296875 0.0890625
102 0.0578125 0.1765625 0.115625 0.096875
63 0.06328125 0.33671875 0.1265625 0.1171875
114 0.5046875 0.334375 0.14375 0.084375
0 0.7953125 0.3296875 0.159375 0.1203125
1 0.93046875 0.32734375 0.096875 0.103125
4 0.9375 0.490625 0.103125 0.121875
3 0.771875 0.49765625 0.13125 0.121875
102 0.05703125 0.5 0.1125 0.06875
21 0.93359375 0.67265625 0.090625 0.084375
8 0.78984375 0.66171875 0.0625 0.096875
109 0.65234375 0.6609375 0.1125 0.125
66 0.9390625 0.8875 0.1203125 0.090625