0 0.01015625 0.6015625 0.0203125 0.05
13 0.07421875 0.64765625 0.0203125 0.046875
13 0.075 0.7625 0.015625 0.0484375
21 0.17578125 0.9640625 0.034375 0.04375
21 0.1796875 0.64765625 0.034375 0.034375
119 0.25546875 0.953125 0.034375 0.059375
66 0.2578125 0.83125 0.0265625 0.05
119 0.25546875 0.6375 0.025 0.0625
66 0.321875 0.5078125 0.025 0.053125
13 0.3578125 0.1703125 0.0265625 0.034375
13 0.40078125 0.275 0.015625 0.05
13 0.44765625 0.2609375 0.0265625 0.034375
13 0.384375 0.8359375 0.0296875 0.040625
122 0.33828125 0.81640625 0.0265625 0.0828125
21 0.33359375 0.98671875 0.0265625 0.0265625
60 0.3953125 0.70625 0.0265625 0.04375
13 0.49140625 0.74609375 0.0296875 0.040625
60 0.51796875 0.92421875 0.0203125 0.05
21 0.55 0.48515625 0.034375 0.040625
60 0.61484375 0.26875 0.0296875 0.028125
20 0.61484375 0.52109375 0.05 0.09375
20 0.6125 0.66875 0.046875 0.096875
21 0.665625 0.6703125 0.03125 0.04375
60 0.84453125 0.70625 0.034375 0.04375