60 0.73671875 0.91953125 0.05 0.0453125
63 0.89921875 0.33125 0.0375 0.05625
67 0.909375 0.1984375 0.065625 0.059375
66 0.74140625 0.84140625 0.0515625 0.04375
119 0.7484375 0.7609375 0.0671875 0.0515625
98 0.7515625 0.68046875 0.0734375 0.04375
74 0.7515625 0.596875 0.0734375 0.05
141 0.75 0.50703125 0.071875 0.059375
12 0.74375 0.421875 0.0671875 0.040625
130 0.74765625 0.32109375 0.0734375 0.0625
11 0.74765625 0.23203125 0.0734375 0.071875
63 0.58828125 0.92109375 0.04375 0.046875
67 0.5921875 0.840625 0.05625 0.0515625
120 0.59453125 0.75390625 0.065625 0.04375
99 0.60234375 0.67421875 0.075 0.040625
75 0.60078125 0.59140625 0.0765625 0.05
14 0.58671875 0.51796875 0.0765625 0.0296875
14 0.5890625 0.471875 0.0765625 0.0515625
78 0.58671875 0.40625 0.075 0.0609375
151 0.60078125 0.31953125 0.075 0.078125
79 0.60234375 0.2375 0.0921875 0.05
148 0.6046875 0.19140625 0.09375 0.046875
112 0.4609375 0.49453125 0.0875 0.05
51 0.459375 0.4125 0.065625 0.059375
142 0.44375 0.3453125 0.059375 0.065625
102 0.440625 0.27578125 0.0515625 0.04375
111 0.43984375 0.2 0.046875 0.05625
40 0.70625 0.09375 0.065625 0.065625
43 0.61640625 0.09765625 0.0625 0.05
45 0.45703125 0.09296875 0.0359375 0.05625
157 0.3640625 0.096875 0.046875 0.05625
166 0.26796875 0.090625 0.04375 0.040625
150 0.1734375 0.09375 0.046875 0.059375
153 0.28828125 0.23125 0.05 0.0453125
21 0.284375 0.31015625 0.0375 0.0515625
136 0.1390625 0.309375 0.05625 0.059375
61 0.13984375 0.25625 0.05625 0.034375
106 0.146875 0.2 0.0609375 0.04375
133 0.140625 0.42109375 0.053125 0.075
132 0.1421875 0.53359375 0.046875 0.0546875
118 0.28828125 0.39921875 0.06875 0.046875
16 0.2734375 0.48125 0.040625 0.05
16 0.27578125 0.559375 0.040625 0.046875
6 0.44765625 0.59453125 0.053125 0.0515625
95 0.446875 0.67578125 0.103125 0.0734375
116 0.4390625 0.75625 0.084375 0.053125
64 0.434375 0.83359375 0.0671875 0.040625
8 0.43203125 0.915625 0.053125 0.05
13 0.278125 0.91171875 0.040625 0.0421875
73 0.2984375 0.8265625 0.078125 0.0453125
114 0.278125 0.728125 0.040625 0.04375
100 0.2953125 0.6390625 0.084375 0.0375
32 0.1328125 0.9234375 0.046875 0.06875
32 0.1265625 0.85625 0.040625 0.0515625
97 0.146875 0.7734375 0.090625 0.0359375
109 0.1359375 0.71328125 0.06875 0.04375
108 0.13359375 0.63671875 0.065625 0.05