60 0.52890625 0.2828125 0.03125 0.034375
66 0.53046875 0.33828125 0.040625 0.04375
63 0.53203125 0.40234375 0.03125 0.0375
119 0.52890625 0.46171875 0.0234375 0.04375
11 0.53125 0.515625 0.03125 0.0375
102 0.559375 0.5828125 0.028125 0.0375
102 0.49140625 0.58671875 0.0265625 0.03125
16 0.52890625 0.6453125 0.034375 0.040625
13 0.52890625 0.7046875 0.0265625 0.0265625
13 0.5296875 0.7625 0.0234375 0.03125
25 0.5296875 0.82734375 0.03125 0.0453125
45 0.5296875 0.90078125 0.034375 0.0484375
14 0.5296875 0.97890625 0.01875 0.0421875
136 0.2265625 0.98046875 0.05 0.0375
106 0.21875 0.92734375 0.0234375 0.0375
61 0.21875 0.8640625 0.0265625 0.059375
4 0.21953125 0.80625 0.0234375 0.040625
1 0.2546875 0.74375 0.0234375 0.046875
1 0.190625 0.74765625 0.0265625 0.0375
51 0.21796875 0.678125 0.03125 0.05625
98 0.22109375 0.61171875 0.0234375 0.05625
74 0.21953125 0.546875 0.034375 0.0671875
152 0.21953125 0.475 0.0265625 0.053125
122 0.2203125 0.4015625 0.03125 0.053125
7 0.24765625 0.3390625 0.0234375 0.04375
7 0.19296875 0.33828125 0.0234375 0.0375
21 0.2546875 0.27734375 0.03125 0.034375
21 0.1890625 0.27890625 0.0296875 0.0375