84 0.48671875 0.6078125 0.11875 0.1484375
127 0.33984375 0.60625 0.11875 0.1484375
87 0.1890625 0.60859375 0.121875 0.1515625
86 0.05 0.603125 0.1 0.1453125
52 0.63359375 0.6046875 0.121875 0.1546875
53 0.78359375 0.61171875 0.125 0.1578125
54 0.93203125 0.6078125 0.11875 0.15
83 0.934375 0.853125 0.115625 0.1484375
131 0.7828125 0.8546875 0.125 0.1484375
128 0.63671875 0.85078125 0.11875 0.146875
124 0.48515625 0.85234375 0.125 0.1515625
126 0.3390625 0.85 0.11875 0.1453125
129 0.18984375 0.853125 0.121875 0.1453125
80 0.05 0.85078125 0.1 0.146875
156 0.6359375 0.36484375 0.115625 0.1515625
174 0.48515625 0.359375 0.11875 0.14375