60 0.5640625 0.21796875 0.03125 0.0359375
66 0.56640625 0.2734375 0.040625 0.04375
63 0.56796875 0.3390625 0.03125 0.0375
119 0.5640625 0.3984375 0.0234375 0.04375
11 0.5671875 0.453125 0.03125 0.0375
102 0.59609375 0.52109375 0.028125 0.0375
102 0.52734375 0.52421875 0.028125 0.03125
16 0.5640625 0.58359375 0.034375 0.040625
13 0.5640625 0.64375 0.028125 0.028125
13 0.565625 0.70234375 0.0234375 0.03125
25 0.565625 0.76796875 0.03125 0.046875
45 0.565625 0.8421875 0.0359375 0.05
14 0.5640625 0.9359375 0.01875 0.071875
136 0.25859375 0.934375 0.05 0.0609375
106 0.2515625 0.86875 0.025 0.0375
61 0.2515625 0.80546875 0.028125 0.0609375
4 0.25234375 0.746875 0.0234375 0.040625
1 0.28828125 0.68359375 0.0234375 0.046875
1 0.22265625 0.6875 0.028125 0.0375
51 0.25078125 0.6171875 0.03125 0.0578125
98 0.25390625 0.55 0.0234375 0.0578125
74 0.25234375 0.484375 0.034375 0.06875
152 0.25234375 0.41171875 0.028125 0.053125
122 0.253125 0.33828125 0.03125 0.053125
7 0.28046875 0.27421875 0.0234375 0.04375
7 0.22578125 0.2734375 0.0234375 0.0375
21 0.28828125 0.2125 0.03125 0.0359375
21 0.22109375 0.21328125 0.03125 0.0375