66 0.89375 0.86953125 0.015625 0.025
109 0.87578125 0.84609375 0.0109375 0.0296875
60 0.82265625 0.85625 0.015625 0.0171875
60 0.75 0.8546875 0.0109375 0.0125
13 0.69296875 0.84921875 0.0171875 0.0203125
13 0.66796875 0.803125 0.009375 0.021875
13 0.64609375 0.8078125 0.015625 0.015625
102 0.92109375 0.63125 0.009375 0.028125
3 0.8890625 0.67734375 0.0125 0.0234375
3 0.86796875 0.6765625 0.009375 0.01875
13 0.834375 0.6609375 0.0109375 0.025
13 0.8328125 0.6140625 0.009375 0.021875
122 0.853125 0.44765625 0.0125 0.0359375
122 0.85390625 0.4109375 0.0109375 0.03125
13 0.88984375 0.315625 0.015625 0.01875
13 0.890625 0.2171875 0.0125 0.0125
122 0.78125 0.2046875 0.0125 0.034375
122 0.7828125 0.2421875 0.0140625 0.03125
122 0.78203125 0.31640625 0.0125 0.034375
122 0.78125 0.34921875 0.0125 0.028125
13 0.7296875 0.41171875 0.015625 0.01875
130 0.69140625 0.4203125 0.015625 0.034375
109 0.6734375 0.21171875 0.0109375 0.0296875
109 0.67421875 0.30546875 0.009375 0.028125
119 0.653125 0.2390625 0.0109375 0.028125
119 0.65390625 0.33125 0.0125 0.021875
122 0.565625 0.346875 0.009375 0.028125
21 0.62578125 0.40390625 0.01875 0.0171875
21 0.78046875 0.53828125 0.0109375 0.015625
119 0.740625 0.54140625 0.0125 0.021875
66 0.74140625 0.5875 0.0125 0.021875
21 0.70078125 0.5234375 0.0140625 0.021875
21 0.6625 0.5015625 0.0171875 0.0203125
60 0.61015625 0.55390625 0.009375 0.0265625
122 0.7015625 0.5921875 0.0140625 0.0328125
21 0.7796875 0.659375 0.015625 0.0140625
119 0.74296875 0.66484375 0.015625 0.025
66 0.70859375 0.7140625 0.015625 0.0203125
60 0.67109375 0.63671875 0.0140625 0.0125
13 0.67734375 0.58515625 0.0125 0.0125
13 0.621875 0.6171875 0.021875 0.0125
20 0.62890625 0.50234375 0.025 0.04375
20 0.7234375 0.646875 0.021875 0.040625
20 0.721875 0.5203125 0.021875 0.05
20 0.6546875 0.40234375 0.025 0.046875
20 0.5609375 0.65390625 0.01875 0.040625
20 0.56171875 0.709375 0.021875 0.04375
60 0.5609375 0.80390625 0.015625 0.0171875
21 0.4671875 0.8515625 0.0125 0.0265625
21 0.53671875 0.6515625 0.0203125 0.01875
60 0.446875 0.63515625 0.015625 0.01875
60 0.475 0.49921875 0.0140625 0.01875