63 0.13984375 0.97421875 0.059375 0.0453125
60 0.1796875 0.92734375 0.0484375 0.0375
60 0.1375 0.8640625 0.05 0.040625
102 0.184375 0.81875 0.053125 0.0421875
102 0.13984375 0.65546875 0.05 0.0484375
102 0.1875 0.61015625 0.053125 0.071875
102 0.3359375 0.6046875 0.0796875 0.05625
16 0.1828125 0.4890625 0.05625 0.0375
16 0.3359375 0.5 0.071875 0.053125
109 0.1234375 0.13828125 0.0625 0.1078125
1 0.75859375 0.96171875 0.0375 0.0609375
4 0.75546875 0.8640625 0.05625 0.0734375
21 0.75859375 0.6609375 0.065625 0.0625
21 0.803125 0.5953125 0.0765625 0.0609375
21 0.95625 0.6015625 0.0875 0.078125
153 0.7640625 0.49140625 0.071875 0.1
8 0.71953125 0.32265625 0.090625 0.084375
130 0.75625 0.0453125 0.13125 0.090625