36 0.1125 0.95390625 0.225 0.090625
26 0.37890625 0.95546875 0.2015625 0.0890625
94 0.63203125 0.9546875 0.1421875 0.078125
158 0.89765625 0.95546875 0.178125 0.0875
44 0.07734375 0.740625 0.1125 0.0703125
20 0.35546875 0.753125 0.2 0.08125
20 0.61796875 0.7609375 0.1453125 0.103125
20 0.884375 0.76328125 0.159375 0.109375
20 0.1078125 0.55234375 0.215625 0.109375
62 0.35546875 0.55703125 0.18125 0.125
70 0.61953125 0.54375 0.1984375 0.090625
17 0.8953125 0.52421875 0.209375 0.0515625
146 0.09296875 0.32265625 0.184375 0.115625
146 0.3515625 0.2921875 0.253125 0.0515625
154 0.6125 0.36484375 0.190625 0.1828125
162 0.8875 0.328125 0.1984375 0.10625
164 0.35078125 0.11328125 0.209375 0.15625
164 0.1015625 0.1046875 0.196875 0.146875