60 0.90390625 0.75 0.0453125 0.046875
66 0.828125 0.75546875 0.05625 0.0515625
119 0.75078125 0.7609375 0.040625 0.0703125
98 0.67734375 0.765625 0.040625 0.078125
74 0.59765625 0.7671875 0.0484375 0.075
141 0.5125 0.765625 0.0375 0.084375
12 0.4328125 0.7625 0.046875 0.0625
63 0.340625 0.9265625 0.0546875 0.040625
67 0.21640625 0.92890625 0.0546875 0.05625
11 0.24921875 0.7625 0.065625 0.084375
130 0.33515625 0.76171875 0.046875 0.0765625
40 0.11796875 0.7203125 0.0515625 0.059375
43 0.11640625 0.62265625 0.046875 0.0640625
148 0.20859375 0.60546875 0.034375 0.090625
79 0.253125 0.60703125 0.040625 0.0796875
151 0.33046875 0.603125 0.053125 0.0703125
78 0.4203125 0.59453125 0.05 0.078125
14 0.4828125 0.59140625 0.0453125 0.0625
14 0.51953125 0.59609375 0.028125 0.071875
112 0.496875 0.46015625 0.05 0.0875
51 0.4171875 0.459375 0.0546875 0.0734375
142 0.353125 0.43671875 0.0453125 0.0546875
102 0.28984375 0.43671875 0.0453125 0.040625
111 0.2171875 0.43671875 0.0484375 0.046875
63 0.90390625 0.590625 0.040625 0.0453125
67 0.82890625 0.596875 0.0453125 0.0625
120 0.75 0.6015625 0.040625 0.065625
99 0.671875 0.6125 0.040625 0.075
75 0.5890625 0.61015625 0.04375 0.090625
8 0.90859375 0.42890625 0.046875 0.05
64 0.82421875 0.4390625 0.04375 0.071875
116 0.74765625 0.44296875 0.040625 0.0703125
95 0.66953125 0.44765625 0.040625 0.1015625
6 0.59453125 0.4375 0.059375 0.0546875
13 0.8984375 0.265625 0.040625 0.040625
73 0.815625 0.28515625 0.0484375 0.0875
114 0.721875 0.26640625 0.040625 0.04375
100 0.6375 0.284375 0.034375 0.084375
16 0.56015625 0.26015625 0.040625 0.0484375
16 0.48203125 0.25859375 0.0453125 0.040625
118 0.4078125 0.27734375 0.0421875 0.0703125
21 0.32421875 0.271875 0.0515625 0.05
153 0.2453125 0.2765625 0.040625 0.059375
106 0.21484375 0.12109375 0.0375 0.0625
61 0.271875 0.12109375 0.034375 0.0625
136 0.3265625 0.1140625 0.0484375 0.059375
133 0.4328125 0.121875 0.0515625 0.0484375
132 0.5359375 0.11953125 0.059375 0.05625
108 0.634375 0.1109375 0.0453125 0.071875
109 0.71015625 0.11328125 0.040625 0.0703125
97 0.76484375 0.1265625 0.0375 0.0875
32 0.8453125 0.1046875 0.0375 0.034375
32 0.903125 0.1015625 0.0453125 0.0375