60 0.8171875 0.1703125 0.0234375 0.01875
119 0.77421875 0.16484375 0.028125 0.03125
60 0.73125 0.16640625 0.021875 0.025
60 0.54140625 0.16328125 0.0125 0.028125
60 0.53828125 0.25859375 0.0125 0.03125
60 0.54375 0.4984375 0.021875 0.025
60 0.8453125 0.4390625 0.0125 0.0203125
60 0.97109375 0.43125 0.0234375 0.028125
60 0.99140625 0.4078125 0.0171875 0.021875
60 0.97890625 0.31171875 0.0203125 0.034375
60 0.9328125 0.68984375 0.021875 0.025
60 0.8296875 0.771875 0.025 0.01875
60 0.70859375 0.67578125 0.021875 0.0203125
60 0.625 0.67578125 0.0171875 0.0203125
60 0.61484375 0.7671875 0.0234375 0.03125
60 0.48125 0.66796875 0.0234375 0.0234375
60 0.47265625 0.69453125 0.021875 0.028125
60 0.3640625 0.67890625 0.021875 0.0234375
60 0.3671875 0.65625 0.021875 0.028125
60 0.31484375 0.90859375 0.01875 0.021875
60 0.228125 0.9109375 0.025 0.021875
60 0.12734375 0.5859375 0.0234375 0.025
60 0.21640625 0.58984375 0.040625 0.025
60 0.37890625 0.53046875 0.03125 0.0203125
60 0.44453125 0.5515625 0.021875 0.021875
60 0.49140625 0.55234375 0.025 0.01875
109 0.45859375 0.1375 0.0421875 0.0578125
109 0.41484375 0.11015625 0.0359375 0.059375
60 0.3765625 0.25234375 0.01875 0.0234375
66 0.28125 0.20390625 0.021875 0.025
106 0.31484375 0.20859375 0.021875 0.028125
60 0.4609375 0.2765625 0.01875 0.0390625
66 0.4984375 0.20859375 0.021875 0.0390625
106 0.25625 0.58984375 0.021875 0.0375
119 0.17421875 0.58359375 0.025 0.028125
66 0.17578125 0.62265625 0.0234375 0.0390625
60 0.29140625 0.61640625 0.0171875 0.028125
20 0.3328125 0.66484375 0.034375 0.0625
20 0.44375 0.675 0.0390625 0.059375
60 0.42109375 0.6203125 0.0171875 0.03125
66 0.67890625 0.7109375 0.025 0.028125
109 0.8640625 0.6953125 0.034375 0.059375
109 0.8328125 0.6640625 0.0375 0.05625
66 0.778125 0.20625 0.028125 0.03125
106 0.6546875 0.209375 0.0203125 0.025
119 0.54140625 0.2125 0.028125 0.034375