109 0.871875 0.40859375 0.1375 0.0734375
14 0.78515625 0.42265625 0.053125 0.0375
23 0.02265625 0.26953125 0.0453125 0.065625
23 0.115625 0.7625 0.08125 0.0734375
60 0.2125 0.67890625 0.046875 0.04375
60 0.21640625 0.8578125 0.04375 0.046875
60 0.31953125 0.59375 0.0546875 0.0265625
60 0.3203125 0.47578125 0.0515625 0.0296875
60 0.12734375 0.36484375 0.03125 0.05
60 0.11640625 0.18125 0.0375 0.04375
120 0.1328125 0.26484375 0.090625 0.06875
120 0.7015625 0.73515625 0.115625 0.071875
60 0.69375 0.6515625 0.025 0.046875
60 0.696875 0.8328125 0.03125 0.034375
60 0.6421875 0.5171875 0.059375 0.028125
60 0.63125 0.39921875 0.0546875 0.028125