60 0.9625 0.05390625 0.075 0.046875
25 0.8046875 0.04453125 0.071875 0.0640625
119 0.6484375 0.04140625 0.125 0.0828125
98 0.478125 0.04140625 0.128125 0.0828125
74 0.3140625 0.03984375 0.1125 0.0796875
14 0.17578125 0.0390625 0.0671875 0.078125
14 0.08359375 0.0453125 0.0953125 0.090625
102 0.08046875 0.225 0.1 0.071875
95 0.21484375 0.1921875 0.096875 0.1125
116 0.31875 0.1984375 0.071875 0.1046875
8 0.42421875 0.1984375 0.078125 0.0671875
75 0.534375 0.20078125 0.1125 0.1015625
95 0.67734375 0.19921875 0.071875 0.1078125
120 0.81484375 0.2109375 0.075 0.075
63 0.9625 0.22265625 0.06875 0.05
13 0.9515625 0.3984375 0.0859375 0.0609375
13 0.78984375 0.4 0.09375 0.0578125
73 0.6515625 0.36484375 0.0875 0.090625
114 0.4484375 0.3921875 0.1046875 0.0609375
114 0.3046875 0.39296875 0.1046875 0.05625
100 0.121875 0.36640625 0.0859375 0.1046875
1 0.1171875 0.51796875 0.0875 0.08125
152 0.2765625 0.5265625 0.0875 0.075
11 0.415625 0.53125 0.115625 0.09375
130 0.52421875 0.52890625 0.1015625 0.078125
118 0.68359375 0.54375 0.0859375 0.090625
16 0.81875 0.55859375 0.0875 0.059375
16 0.94765625 0.5625 0.084375 0.059375
32 0.95078125 0.721875 0.090625 0.0609375
32 0.83671875 0.7234375 0.065625 0.04375
97 0.6796875 0.7 0.0609375 0.1078125
21 0.48828125 0.70234375 0.0875 0.053125
21 0.3015625 0.70625 0.084375 0.059375
153 0.12890625 0.7015625 0.128125 0.0875
106 0.1046875 0.87734375 0.0796875 0.06875
61 0.2546875 0.878125 0.053125 0.0859375
111 0.403125 0.896875 0.1859375 0.0578125
108 0.66015625 0.9109375 0.1078125 0.090625
109 0.86484375 0.91796875 0.075 0.1
109 0.978125 0.90859375 0.04375 0.1078125