60 0.88359375 0.925 0.028125 0.065625
25 0.88359375 0.75390625 0.0609375 0.0890625
119 0.8875 0.59609375 0.0640625 0.071875
101 0.884375 0.428125 0.065625 0.0796875
72 0.8875 0.2625 0.0625 0.0859375
14 0.88828125 0.12890625 0.0671875 0.05
14 0.89296875 0.06015625 0.0671875 0.0828125
116 0.75 0.0953125 0.071875 0.0890625
8 0.746875 0.25625 0.040625 0.0578125
75 0.753125 0.42890625 0.0515625 0.08125
99 0.746875 0.5953125 0.0578125 0.08125
120 0.75234375 0.7578125 0.0609375 0.075
63 0.7390625 0.921875 0.0375 0.0734375
13 0.6015625 0.925 0.0453125 0.075
13 0.5984375 0.753125 0.03125 0.0765625
73 0.596875 0.59375 0.0671875 0.0953125
114 0.596875 0.421875 0.0375 0.071875
114 0.58671875 0.25859375 0.025 0.071875
100 0.59296875 0.0890625 0.0609375 0.071875
130 0.4328125 0.09609375 0.0671875 0.0796875
11 0.4328125 0.26796875 0.0578125 0.0703125
118 0.43359375 0.4296875 0.0515625 0.0671875
16 0.4359375 0.59296875 0.0328125 0.0796875
16 0.440625 0.75546875 0.0359375 0.065625
151 0.29453125 0.6875 0.0546875 0.0640625
32 0.2859375 0.42421875 0.03125 0.06875
32 0.28828125 0.26171875 0.0296875 0.0640625
97 0.2921875 0.09375 0.0546875 0.0625
4 0.15078125 0.0890625 0.0515625 0.0765625
135 0.16875 0.25703125 0.0421875 0.0515625
109 0.1546875 0.40078125 0.053125 0.0515625
109 0.15625 0.4640625 0.0546875 0.0515625
153 0.1671875 0.596875 0.0671875 0.09375
21 0.15390625 0.76015625 0.0359375 0.090625
21 0.15 0.92265625 0.0375 0.0703125
1 0.04921875 0.9265625 0.0421875 0.06875
79 0.0515625 0.75234375 0.0484375 0.075
111 0.05234375 0.59609375 0.0421875 0.075
61 0.05 0.4234375 0.046875 0.0640625
136 0.05078125 0.25234375 0.034375 0.059375
106 0.05390625 0.09140625 0.0453125 0.0578125
14 0.2859375 0.803125 0.0234375 0.053125
102 0.43984375 0.92265625 0.040625 0.065625