20 0.890625 0.459375 0.065625 0.046875
20 0.6 0.64609375 0.05625 0.04375
60 0.8296875 0.50546875 0.046875 0.025
60 0.84375 0.52734375 0.065625 0.025
119 0.7625 0.65859375 0.046875 0.028125
119 0.6265625 0.76796875 0.0546875 0.025
119 0.53828125 0.61796875 0.0578125 0.028125
119 0.26171875 0.25625 0.053125 0.034375
119 0.05703125 0.37890625 0.053125 0.025
119 0.1328125 0.39609375 0.05625 0.034375
119 0.21484375 0.65234375 0.046875 0.034375
13 0.4546875 0.546875 0.0390625 0.034375
13 0.3765625 0.55 0.028125 0.021875
60 0.2796875 0.10859375 0.0546875 0.03125
106 0.25625 0.1875 0.0375 0.0203125
20 0.23828125 0.1390625 0.065625 0.040625
20 0.03359375 0.421875 0.059375 0.0390625
20 0.24140625 0.8015625 0.065625 0.0359375
21 0.253125 0.8359375 0.034375 0.0203125
13 0.29453125 0.5515625 0.034375 0.0328125
108 0.5109375 0.98359375 0.059375 0.0328125