114 0.39375 0.94296875 0.0421875 0.0234375
106 0.42890625 0.9 0.046875 0.03125
119 0.42421875 0.85 0.0328125 0.025
119 0.83515625 0.634375 0.0390625 0.015625
119 0.5578125 0.38984375 0.103125 0.034375
119 0.5078125 0.209375 0.046875 0.015625
119 0.38671875 0.30390625 0.05 0.0328125
20 0.31015625 0.47890625 0.053125 0.0328125
16 0.359375 0.45078125 0.0421875 0.0125
16 0.359375 0.4078125 0.046875 0.021875
20 0.52734375 0.290625 0.05 0.0296875
66 0.87109375 0.4171875 0.053125 0.025
66 0.703125 0.54609375 0.05 0.0390625
66 0.84765625 0.55 0.0625 0.015625
60 0.97109375 0.39921875 0.05625 0.034375