20 0.15625 0.1171875 0.0421875 0.0390625
20 0.15546875 0.0828125 0.04375 0.025
20 0.15546875 0.04765625 0.0375 0.0359375
164 0.23828125 0.08359375 0.0765625 0.053125
70 0.32734375 0.0859375 0.0625 0.0796875
164 0.41328125 0.11015625 0.078125 0.046875
164 0.40859375 0.06015625 0.0734375 0.05
154 0.496875 0.0859375 0.078125 0.065625
146 0.36015625 0.3390625 0.046875 0.05
146 0.290625 0.34453125 0.040625 0.134375
121 0.153125 0.3421875 0.053125 0.1046875
62 0.31796875 0.58984375 0.084375 0.046875
155 0.74453125 0.05625 0.096875 0.05
155 0.74765625 0.10390625 0.096875 0.046875