13 0.796875 0.3953125 0.0125 0.009375
13 0.7671875 0.3953125 0.0125 0.0125
13 0.775 0.49609375 0.009375 0.009375
13 0.759375 0.4953125 0.009375 0.0125
1 0.5484375 0.13359375 0.015625 0.009375
119 0.52109375 0.13125 0.015625 0.009375
102 0.5265625 0.1640625 0.0125 0.0125
119 0.42890625 0.10859375 0.01875 0.009375
102 0.5328125 0.26328125 0.0125 0.00625
102 0.5328125 0.27734375 0.015625 0.0125
13 0.36328125 0.13203125 0.0125 0.009375
13 0.3625 0.24609375 0.0125 0.0125
13 0.33203125 0.140625 0.0125 0.009375
13 0.3328125 0.2546875 0.0125 0.0125
13 0.26875 0.1796875 0.009375 0.009375
20 0.26640625 0.121875 0.059375 0.075
20 0.2671875 0.2484375 0.0578125 0.059375
13 0.2703125 0.29375 0.0125 0.0125
13 0.5796875 0.35078125 0.0125 0.0125
13 0.6421875 0.4875 0.015625 0.009375
13 0.54921875 0.46640625 0.0125 0.0125
13 0.50234375 0.4671875 0.0125 0.0125
1 0.3765625 0.471875 0.0125 0.0125
119 0.3640625 0.453125 0.0234375 0.009375
13 0.3875 0.3921875 0.015625 0.009375
13 0.40859375 0.39296875 0.009375 0.009375
13 0.2109375 0.4625 0.015625 0.0125
14 0.2375 0.690625 0.0125 0.0125
119 0.3 0.7375 0.021875 0.0125
1 0.43203125 0.7375 0.0125 0.009375
1 0.4328125 0.80625 0.0125 0.00625
119 0.41328125 0.80546875 0.01875 0.009375
60 0.6734375 0.634375 0.015625 0.009375
13 0.72109375 0.7140625 0.009375 0.009375
13 0.75234375 0.7140625 0.009375 0.009375
13 0.67421875 0.71484375 0.015625 0.00625
13 0.62734375 0.7484375 0.0125 0.0125