60 0.04140625 0.99296875 0.0765625 0.0140625
66 0.33515625 0.99296875 0.0546875 0.0140625
63 0.63671875 0.99453125 0.0828125 0.0109375
119 0.9484375 0.99296875 0.059375 0.0140625
11 0.02890625 0.8609375 0.05625 0.0390625
102 0.32890625 0.8609375 0.1078125 0.04375
16 0.62890625 0.8609375 0.0984375 0.034375
16 0.95 0.85703125 0.053125 0.0296875
13 0.02890625 0.71015625 0.05625 0.0390625
13 0.32421875 0.703125 0.1078125 0.046875
25 0.6609375 0.709375 0.1078125 0.05
45 0.93984375 0.7171875 0.08125 0.04375
8 0.95234375 0.565625 0.05 0.0359375
21 0.65078125 0.5640625 0.08125 0.0359375
21 0.34375 0.5671875 0.0921875 0.0375
50 0.03046875 0.56328125 0.0609375 0.034375
64 0.03203125 0.4203125 0.046875 0.053125
66 0.32109375 0.41796875 0.090625 0.059375
122 0.653125 0.4140625 0.0875 0.05
152 0.9390625 0.409375 0.08125 0.05
102 0.9515625 0.28203125 0.0875 0.04375
51 0.6453125 0.284375 0.0734375 0.046875
98 0.3234375 0.28359375 0.0625 0.05625
74 0.0265625 0.28203125 0.053125 0.053125
1 0.02890625 0.1578125 0.05625 0.040625
4 0.34765625 0.15546875 0.125 0.053125
61 0.6671875 0.15390625 0.1046875 0.0625
14 0.93359375 0.16640625 0.1015625 0.075
136 0.321875 0.01796875 0.10625 0.0359375
106 0.03515625 0.02265625 0.0703125 0.0453125