60 0.0640625 0.01328125 0.075 0.0265625
66 0.35 0.01328125 0.05625 0.0265625
63 0.64453125 0.01171875 0.0796875 0.0234375
119 0.9484375 0.01328125 0.059375 0.0265625
11 0.05 0.1484375 0.0625 0.0375
102 0.34609375 0.1484375 0.10625 0.040625
16 0.63828125 0.1484375 0.096875 0.034375
16 0.9515625 0.1515625 0.053125 0.028125
13 0.0484375 0.29609375 0.0640625 0.0375
13 0.3421875 0.3015625 0.10625 0.046875
25 0.66953125 0.29609375 0.103125 0.046875
45 0.94140625 0.28828125 0.0796875 0.04375
8 0.95390625 0.4359375 0.05 0.0375
21 0.659375 0.4375 0.08125 0.034375
21 0.36015625 0.434375 0.0875 0.0375
50 0.05 0.4390625 0.0671875 0.034375
64 0.05703125 0.57734375 0.04375 0.05
66 0.33828125 0.5796875 0.0875 0.0578125
122 0.6625 0.58359375 0.0859375 0.05
152 0.940625 0.58828125 0.08125 0.05
102 0.953125 0.7125 0.0859375 0.040625
51 0.65390625 0.71015625 0.071875 0.046875
98 0.34140625 0.7109375 0.0609375 0.05625
74 0.046875 0.71328125 0.059375 0.053125
1 0.05078125 0.83359375 0.059375 0.040625
4 0.3640625 0.83515625 0.11875 0.05
61 0.67578125 0.83671875 0.1 0.0609375
14 0.93515625 0.825 0.1 0.075
136 0.33828125 0.9734375 0.103125 0.04375
106 0.04921875 0.97109375 0.0875 0.0546875