84 0.8515625 0.275 0.078125 0.0796875
85 0.7484375 0.2828125 0.1125 0.096875
86 0.64921875 0.28203125 0.0796875 0.090625
87 0.565625 0.27421875 0.078125 0.084375
89 0.48359375 0.27421875 0.05625 0.06875
90 0.4 0.27578125 0.0625 0.0609375
103 0.309375 0.2765625 0.090625 0.103125
104 0.2109375 0.28125 0.096875 0.078125
124 0.440625 0.64765625 0.021875 0.03125
125 0.325 0.640625 0.1015625 0.084375
126 0.1234375 0.64921875 0.0859375 0.075
143 0.10859375 0.975 0.075 0.05
138 0.27578125 0.984375 0.0453125 0.03125
131 0.5453125 0.98125 0.078125 0.0375
129 0.66171875 0.9703125 0.084375 0.059375
128 0.7671875 0.97890625 0.065625 0.040625
127 0.85078125 0.978125 0.071875 0.04375