60 0.20859375 0.41796875 0.0265625 0.040625
66 0.26640625 0.41796875 0.0375 0.0578125
63 0.33046875 0.4140625 0.034375 0.046875
119 0.38671875 0.41640625 0.04375 0.053125
11 0.446875 0.4140625 0.034375 0.053125
102 0.51171875 0.36875 0.034375 0.05
102 0.51328125 0.4765625 0.034375 0.04375
16 0.57421875 0.41328125 0.034375 0.053125
13 0.6359375 0.4171875 0.03125 0.046875
13 0.6953125 0.41796875 0.034375 0.040625
25 0.75546875 0.41328125 0.034375 0.05
45 0.83828125 0.41796875 0.05 0.0484375
14 0.93046875 0.41640625 0.065625 0.040625
136 0.93046875 0.9140625 0.0625 0.0828125
106 0.8625 0.91953125 0.046875 0.059375
61 0.79453125 0.91640625 0.0625 0.046875
4 0.73515625 0.91640625 0.046875 0.03125
1 0.67421875 0.85546875 0.046875 0.040625
1 0.675 0.96796875 0.0375 0.04375
51 0.6109375 0.91640625 0.053125 0.05
98 0.54296875 0.91640625 0.0625 0.046875
74 0.475 0.91953125 0.0484375 0.04375
152 0.40078125 0.9140625 0.0625 0.04375
122 0.33203125 0.91796875 0.0515625 0.053125
7 0.271875 0.86953125 0.0515625 0.046875
7 0.26640625 0.96484375 0.034375 0.040625
21 0.2078125 0.8640625 0.034375 0.053125
21 0.2046875 0.97421875 0.040625 0.0515625