60 0.12265625 0.7625 0.040625 0.0484375
66 0.1984375 0.778125 0.0375 0.059375
119 0.275 0.78359375 0.040625 0.0625
98 0.3515625 0.79453125 0.046875 0.096875
74 0.42890625 0.79375 0.040625 0.08125
141 0.51796875 0.7875 0.040625 0.078125
12 0.5953125 0.78671875 0.0515625 0.08125
130 0.69296875 0.79453125 0.059375 0.084375
11 0.7828125 0.78359375 0.0515625 0.078125
40 0.91640625 0.74453125 0.071875 0.059375
43 0.909375 0.63984375 0.075 0.078125
63 0.11484375 0.60390625 0.0453125 0.0375
67 0.19140625 0.61484375 0.0625 0.0546875
120 0.27734375 0.61953125 0.0578125 0.075
99 0.3484375 0.62421875 0.0546875 0.0953125
75 0.434375 0.62734375 0.046875 0.078125
14 0.5078125 0.60546875 0.025 0.0703125
14 0.5546875 0.603125 0.0625 0.08125
78 0.6140625 0.60234375 0.0578125 0.08125
152 0.70234375 0.6265625 0.0625 0.084375
79 0.77734375 0.6203125 0.065625 0.0921875
148 0.82578125 0.62890625 0.0359375 0.0953125
111 0.81484375 0.45078125 0.04375 0.078125
102 0.74765625 0.440625 0.0625 0.071875
51 0.61796875 0.46015625 0.046875 0.084375
112 0.53515625 0.4609375 0.0625 0.10625
6 0.4328125 0.4453125 0.065625 0.075
95 0.3578125 0.45234375 0.05625 0.103125
116 0.278125 0.4453125 0.053125 0.084375
64 0.209375 0.44140625 0.0546875 0.0625
8 0.12265625 0.4375 0.034375 0.075
13 0.12578125 0.25859375 0.0390625 0.0375
73 0.2109375 0.2859375 0.0375 0.103125
114 0.31328125 0.26328125 0.0546875 0.04375
100 0.38828125 0.28359375 0.040625 0.08125
16 0.47109375 0.25859375 0.04375 0.046875
16 0.55 0.253125 0.0515625 0.046875
118 0.6234375 0.2703125 0.04375 0.071875
21 0.7046875 0.26875 0.0546875 0.046875
153 0.79453125 0.26796875 0.0546875 0.05625
106 0.8171875 0.1140625 0.05 0.06875
61 0.7625 0.1046875 0.034375 0.065625
136 0.70234375 0.103125 0.046875 0.0625
133 0.59765625 0.11875 0.065625 0.0625
132 0.49453125 0.09921875 0.0578125 0.059375
108 0.3890625 0.09765625 0.0546875 0.0734375
109 0.31875 0.09765625 0.04375 0.071875
97 0.2578125 0.11328125 0.040625 0.0953125
32 0.18125 0.09140625 0.0375 0.034375
32 0.1203125 0.0890625 0.0515625 0.040625