120 0.85703125 0.61796875 0.10625 0.0734375
60 0.765625 0.690625 0.0703125 0.03125
60 0.8375 0.71640625 0.0375 0.04375
60 0.83984375 0.52890625 0.04375 0.046875
60 0.56640625 0.8359375 0.103125 0.034375
60 0.44140625 0.47890625 0.0765625 0.034375
60 0.07421875 0.42734375 0.0796875 0.04375
60 0.059375 0.3046875 0.0875 0.0375
60 0.17265625 0.15859375 0.096875 0.03125
60 0.23515625 0.09140625 0.10625 0.065625
20 0.225 0.5046875 0.2140625 0.1375
106 0.78125 0.840625 0.0625 0.0609375
106 0.38828125 0.84140625 0.09375 0.05