60 0.76875 0.80546875 0.0234375 0.01875
119 0.7265625 0.8109375 0.028125 0.03125
60 0.68515625 0.809375 0.021875 0.025
60 0.49921875 0.8125 0.0125 0.0265625
60 0.49609375 0.71953125 0.0125 0.03125
60 0.5015625 0.48515625 0.021875 0.025
60 0.79609375 0.54296875 0.0125 0.01875
60 0.91953125 0.55 0.0234375 0.028125
60 0.94140625 0.57265625 0.021875 0.021875
60 0.9265625 0.6671875 0.01875 0.034375
60 0.88125 0.29765625 0.021875 0.025
60 0.78046875 0.21796875 0.025 0.01875
60 0.6625 0.31171875 0.021875 0.01875
60 0.58046875 0.31171875 0.015625 0.01875
60 0.57109375 0.22265625 0.0234375 0.0296875
60 0.440625 0.31953125 0.0234375 0.0234375
60 0.43203125 0.29375 0.021875 0.028125
60 0.32578125 0.30859375 0.021875 0.0234375
60 0.32890625 0.33046875 0.021875 0.0265625
60 0.278125 0.084375 0.01875 0.021875
60 0.19296875 0.08203125 0.025 0.021875
60 0.09453125 0.39921875 0.0234375 0.025
60 0.18125 0.39609375 0.040625 0.025
60 0.340625 0.45390625 0.0296875 0.01875
60 0.40390625 0.4328125 0.021875 0.021875
60 0.45078125 0.43203125 0.025 0.01875
109 0.41796875 0.8375 0.040625 0.05625
109 0.37578125 0.86484375 0.034375 0.0578125
60 0.33828125 0.725 0.01875 0.0234375
66 0.2453125 0.7734375 0.021875 0.025
106 0.278125 0.76796875 0.021875 0.028125
60 0.42109375 0.70234375 0.01875 0.0375
66 0.45703125 0.76796875 0.021875 0.0375
106 0.2203125 0.39609375 0.021875 0.0359375
119 0.140625 0.4015625 0.025 0.0265625
66 0.1421875 0.3640625 0.0234375 0.0375
60 0.2546875 0.36953125 0.015625 0.028125
20 0.2953125 0.32265625 0.0328125 0.0609375
20 0.403125 0.3125 0.0375 0.0578125
60 0.38203125 0.36640625 0.015625 0.0296875
66 0.63359375 0.27734375 0.025 0.028125
109 0.8140625 0.29296875 0.034375 0.0578125
109 0.78359375 0.3234375 0.0359375 0.0546875
66 0.73046875 0.7703125 0.0265625 0.0296875
106 0.609375 0.7671875 0.01875 0.025
119 0.49921875 0.7640625 0.0265625 0.034375