7 0.02734375 0.17578125 0.01875 0.0375
13 0.00703125 0.57734375 0.0109375 0.034375
0 0.046875 0.57734375 0.0234375 0.0484375
13 0.11015625 0.621875 0.01875 0.0453125
13 0.1109375 0.73125 0.015625 0.046875
21 0.20703125 0.9234375 0.03125 0.040625
21 0.21015625 0.621875 0.03125 0.03125
119 0.28359375 0.91328125 0.03125 0.05625
66 0.28515625 0.796875 0.025 0.0484375
119 0.28359375 0.6125 0.0234375 0.059375
66 0.346875 0.48828125 0.0234375 0.05
13 0.38046875 0.1671875 0.025 0.03125
13 0.421875 0.26640625 0.0140625 0.046875
13 0.465625 0.253125 0.025 0.034375
13 0.40546875 0.80078125 0.028125 0.0375
122 0.36171875 0.7828125 0.025 0.078125
21 0.35859375 0.94921875 0.025 0.034375
60 0.41640625 0.67734375 0.025 0.040625
13 0.5078125 0.71484375 0.028125 0.040625
60 0.53359375 0.88515625 0.01875 0.046875
21 0.56328125 0.46640625 0.03125 0.0375
60 0.625 0.2609375 0.028125 0.0265625
20 0.625 0.50078125 0.046875 0.0875
20 0.62265625 0.64140625 0.04375 0.090625
21 0.6734375 0.64296875 0.0296875 0.040625
60 0.84453125 0.67734375 0.03125 0.040625