36 0.29375 0.5734375 0.096875 0.09375
160 0.41484375 0.57734375 0.109375 0.10625
94 0.53203125 0.5765625 0.1125 0.09375
158 0.64453125 0.57265625 0.103125 0.0796875
44 0.734375 0.5734375 0.0578125 0.046875
20 0.79765625 0.6078125 0.05 0.040625
20 0.79453125 0.54140625 0.0765625 0.05
20 0.85625 0.54140625 0.0671875 0.0578125
20 0.85625 0.60546875 0.0671875 0.046875
62 0.9375 0.5828125 0.109375 0.0859375
164 0.89765625 0.296875 0.171875 0.0734375
164 0.8953125 0.22578125 0.18125 0.0828125
162 0.75078125 0.26171875 0.0828125 0.1265625
154 0.63828125 0.2640625 0.109375 0.05
146 0.54296875 0.2609375 0.0640625 0.15
146 0.47265625 0.26640625 0.096875 0.0765625
17 0.38515625 0.26640625 0.0671875 0.115625
70 0.29296875 0.27109375 0.096875 0.1125