60 0.05546875 0.93671875 0.046875 0.0671875
25 0.0421875 0.78125 0.0578125 0.0875
119 0.03671875 0.62109375 0.0609375 0.0703125
98 0.0359375 0.4625 0.071875 0.078125
74 0.0359375 0.29375 0.071875 0.0734375
14 0.03203125 0.165625 0.0640625 0.053125
14 0.0359375 0.07265625 0.0703125 0.0875
102 0.20546875 0.07109375 0.04375 0.0765625
95 0.19453125 0.2109375 0.10625 0.09375
116 0.2015625 0.31015625 0.096875 0.0765625
8 0.215625 0.4078125 0.053125 0.065625
75 0.1828125 0.52109375 0.0828125 0.096875
99 0.1859375 0.66953125 0.096875 0.090625
120 0.196875 0.8 0.0546875 0.0828125
63 0.20703125 0.9390625 0.04375 0.09375
13 0.3625 0.9390625 0.040625 0.0625
13 0.36171875 0.8046875 0.053125 0.096875
73 0.3421875 0.67109375 0.090625 0.09375
114 0.365625 0.39921875 0.046875 0.078125
114 0.36015625 0.24609375 0.053125 0.084375
100 0.340625 0.11171875 0.0828125 0.0546875
151 0.48671875 0.128125 0.0671875 0.0765625
130 0.4859375 0.3109375 0.0828125 0.09375
11 0.4875 0.3984375 0.0734375 0.090625
118 0.490625 0.66484375 0.071875 0.0859375
16 0.49921875 0.80625 0.034375 0.109375
96 0.48984375 0.5265625 0.0859375 0.0828125
16 0.50390625 0.93515625 0.0375 0.078125
32 0.67265625 0.934375 0.05 0.065625
32 0.6703125 0.803125 0.040625 0.1125
97 0.646875 0.66640625 0.103125 0.115625
21 0.6546875 0.4125 0.046875 0.0828125
21 0.64765625 0.29140625 0.0546875 0.1
153 0.6421875 0.11640625 0.0765625 0.121875
1 0.81328125 0.13828125 0.046875 0.08125
4 0.81171875 0.28828125 0.0640625 0.096875
108 0.79453125 0.6125 0.05 0.1375
109 0.815625 0.83984375 0.09375 0.109375
109 0.82421875 0.96015625 0.0765625 0.0796875
79 0.95859375 0.9328125 0.0703125 0.0625
111 0.95859375 0.74921875 0.05 0.103125
61 0.9234375 0.4734375 0.0609375 0.096875
136 0.9265625 0.22890625 0.0640625 0.0796875
106 0.91953125 0.12265625 0.0609375 0.05625