36 0.57421875 0.29140625 0.1 0.1015625
160 0.57890625 0.41953125 0.1125 0.1171875
94 0.578125 0.54375 0.1 0.1203125
158 0.5734375 0.66328125 0.084375 0.109375
44 0.57421875 0.75859375 0.05 0.0625
20 0.6109375 0.8265625 0.0421875 0.053125
20 0.540625 0.82265625 0.053125 0.08125
20 0.540625 0.88828125 0.0625 0.071875
20 0.60859375 0.88828125 0.05 0.071875
62 0.584375 0.95859375 0.090625 0.0828125
164 0.28203125 0.9203125 0.0796875 0.159375
164 0.2078125 0.91640625 0.0875 0.1671875
162 0.24375 0.7765625 0.134375 0.0875
154 0.246875 0.65703125 0.053125 0.115625
146 0.24296875 0.55625 0.159375 0.06875
146 0.24921875 0.48125 0.08125 0.103125
17 0.24921875 0.38828125 0.121875 0.071875
70 0.253125 0.290625 0.1203125 0.103125