66 0.121875 0.09765625 0.025 0.015625
109 0.14609375 0.115625 0.03125 0.0109375
60 0.1359375 0.1703125 0.0171875 0.015625
60 0.1375 0.24453125 0.0125 0.0109375
13 0.14296875 0.30234375 0.021875 0.0171875
13 0.18984375 0.328125 0.021875 0.009375
13 0.18515625 0.35078125 0.015625 0.015625
102 0.365625 0.06953125 0.028125 0.009375
3 0.31875 0.10234375 0.025 0.0125
3 0.31953125 0.1234375 0.01875 0.009375
13 0.33515625 0.1578125 0.025 0.0109375
13 0.38359375 0.159375 0.021875 0.009375
122 0.553125 0.1390625 0.0375 0.0125
122 0.59140625 0.13828125 0.03125 0.0109375
13 0.68828125 0.1015625 0.01875 0.015625
13 0.7890625 0.10078125 0.0125 0.0125
122 0.8015625 0.2125 0.034375 0.0125
122 0.76328125 0.2109375 0.03125 0.0140625
122 0.6875 0.21171875 0.034375 0.0125
122 0.65390625 0.2125 0.028125 0.0125
13 0.590625 0.26484375 0.01875 0.015625
130 0.58125 0.3046875 0.034375 0.015625
109 0.79453125 0.32265625 0.03125 0.0109375
109 0.69921875 0.321875 0.028125 0.009375
119 0.76640625 0.34375 0.028125 0.0109375
119 0.67265625 0.34296875 0.021875 0.0125
122 0.65625 0.4328125 0.028125 0.009375
21 0.5984375 0.37109375 0.0171875 0.01875
21 0.4609375 0.21328125 0.015625 0.0109375
119 0.4578125 0.25390625 0.021875 0.0125
66 0.41015625 0.253125 0.021875 0.0125
21 0.47578125 0.29453125 0.021875 0.0140625
21 0.4984375 0.33359375 0.021875 0.0171875
60 0.44453125 0.3875 0.028125 0.009375
122 0.40546875 0.29375 0.034375 0.0140625
21 0.33671875 0.2140625 0.0140625 0.015625
119 0.33125 0.2515625 0.025 0.015625
66 0.28125 0.28671875 0.021875 0.015625
60 0.36015625 0.325 0.0125 0.0140625
13 0.41328125 0.31875 0.0125 0.0125
13 0.38046875 0.37578125 0.0125 0.021875
20 0.49765625 0.36796875 0.04375 0.025
20 0.35 0.271875 0.040625 0.021875
20 0.47890625 0.2734375 0.05 0.021875
20 0.6 0.3421875 0.046875 0.025
20 0.34296875 0.4375 0.040625 0.01875
20 0.2859375 0.43671875 0.04375 0.021875
60 0.1890625 0.4375 0.0171875 0.015625
21 0.140625 0.53359375 0.028125 0.0125
21 0.3453125 0.4625 0.01875 0.021875
60 0.36171875 0.5546875 0.01875 0.015625
60 0.50078125 0.52578125 0.01875 0.0140625