20 0.99296875 0.72734375 0.0125 0.0609375
106 0.95859375 0.73984375 0.021875 0.0640625
119 0.91953125 0.7421875 0.028125 0.05
119 0.78828125 0.55390625 0.03125 0.04375
119 0.27734375 0.5734375 0.03125 0.05625
119 0.15625 0.7984375 0.03125 0.053125
119 0.021875 0.63359375 0.0375 0.059375
20 0.12890625 0.6078125 0.0390625 0.053125
20 0.39140625 0.90703125 0.04375 0.05
16 0.35078125 0.83359375 0.03125 0.05
16 0.2875 0.83359375 0.021875 0.053125
62 0.96328125 0.38671875 0.071875 0.19375
119 0.60234375 0.18359375 0.034375 0.0609375
66 0.4859375 0.140625 0.03125 0.046875
66 0.47734375 0.36640625 0.028125 0.053125
66 0.31015625 0.1328125 0.03125 0.053125