20 0.49140625 0.13671875 0.046875 0.065625
20 0.3046875 0.42734375 0.04375 0.05625
60 0.4453125 0.19765625 0.025 0.046875
60 0.4234375 0.18359375 0.025 0.065625
119 0.2921875 0.26484375 0.028125 0.046875
119 0.1828125 0.40078125 0.025 0.0546875
119 0.3328125 0.4890625 0.028125 0.0578125
119 0.69453125 0.765625 0.034375 0.053125
119 0.571875 0.9703125 0.025 0.053125
119 0.5546875 0.89453125 0.034375 0.05625
119 0.29765625 0.8125 0.034375 0.046875
13 0.40390625 0.57265625 0.034375 0.0390625
13 0.4 0.65078125 0.021875 0.028125
60 0.8421875 0.74765625 0.03125 0.0546875
106 0.7625 0.77109375 0.0203125 0.0375
20 0.81171875 0.7890625 0.040625 0.065625
20 0.5296875 0.98203125 0.0390625 0.0359375
20 0.14921875 0.7859375 0.0359375 0.065625
21 0.1140625 0.77421875 0.0203125 0.034375
13 0.39921875 0.7328125 0.0328125 0.034375