60 0.24296875 0.0453125 0.05 0.046875
63 0.07265625 0.66015625 0.040625 0.059375
67 0.06171875 0.79921875 0.06875 0.0625
66 0.2375 0.1265625 0.053125 0.046875
119 0.23046875 0.2109375 0.0703125 0.053125
98 0.22734375 0.2953125 0.0765625 0.046875
74 0.22734375 0.38203125 0.0765625 0.053125
141 0.22890625 0.4765625 0.075 0.0625
12 0.23515625 0.565625 0.0703125 0.04375
130 0.23125 0.67109375 0.0765625 0.065625
11 0.23125 0.7640625 0.0765625 0.075
63 0.39765625 0.04296875 0.046875 0.05
67 0.39375 0.12734375 0.059375 0.053125
120 0.39140625 0.21796875 0.06875 0.046875
99 0.3828125 0.3015625 0.078125 0.0421875
75 0.38515625 0.38828125 0.0796875 0.053125
14 0.39921875 0.46484375 0.0796875 0.03125
14 0.396875 0.51328125 0.0796875 0.053125
78 0.39921875 0.58203125 0.0796875 0.0640625
151 0.38515625 0.67265625 0.078125 0.08125
79 0.3828125 0.7578125 0.096875 0.053125
148 0.38046875 0.80625 0.096875 0.05
112 0.53125 0.4890625 0.090625 0.053125
51 0.5328125 0.575 0.06875 0.0625
142 0.54921875 0.6453125 0.0625 0.0703125
102 0.55234375 0.71796875 0.053125 0.046875
111 0.553125 0.79765625 0.05 0.05625
40 0.27421875 0.90859375 0.06875 0.0703125
43 0.36875 0.9046875 0.065625 0.0515625
45 0.53515625 0.909375 0.0375 0.059375
157 0.63203125 0.90546875 0.05 0.059375
166 0.7328125 0.91171875 0.046875 0.04375
150 0.83203125 0.90859375 0.05 0.0625
153 0.71171875 0.76484375 0.053125 0.046875
21 0.715625 0.68203125 0.040625 0.053125
136 0.86796875 0.6828125 0.059375 0.0625
61 0.8671875 0.73828125 0.059375 0.0375
106 0.859375 0.79765625 0.0640625 0.046875
133 0.865625 0.56640625 0.05625 0.078125
132 0.8640625 0.4484375 0.05 0.05625
118 0.71171875 0.5890625 0.0703125 0.05
16 0.72734375 0.503125 0.0421875 0.053125
16 0.725 0.421875 0.0421875 0.05
6 0.5453125 0.38515625 0.05625 0.053125
95 0.54609375 0.3 0.109375 0.0765625
116 0.55390625 0.215625 0.0875 0.05625
64 0.55859375 0.13515625 0.0703125 0.0421875
8 0.5609375 0.04921875 0.05625 0.053125
13 0.721875 0.053125 0.0421875 0.04375
73 0.70078125 0.1421875 0.084375 0.046875
114 0.721875 0.2453125 0.0421875 0.046875
100 0.70390625 0.33828125 0.0875 0.0390625
32 0.87421875 0.040625 0.05 0.071875
32 0.88046875 0.1109375 0.0421875 0.053125
97 0.859375 0.19765625 0.09375 0.0375
109 0.87109375 0.2609375 0.0734375 0.046875
108 0.8734375 0.340625 0.06875 0.053125