66 0.03046875 0.0875 0.01875 0.025
60 0.07265625 0.0890625 0.034375 0.034375
14 0.10703125 0.0875 0.0265625 0.021875
63 0.14453125 0.08671875 0.01875 0.028125
63 0.18125 0.08984375 0.021875 0.0328125
138 0.21953125 0.090625 0.0296875 0.0328125
102 0.25625 0.084375 0.025 0.0328125
119 0.29453125 0.08671875 0.021875 0.0390625
112 0.3296875 0.0875 0.021875 0.040625
130 0.36953125 0.0875 0.025 0.0328125
25 0.40859375 0.0890625 0.025 0.034375
21 0.44375 0.08828125 0.0296875 0.01875
16 0.03203125 0.14765625 0.0328125 0.0390625
7 0.14609375 0.14609375 0.025 0.028125
7 0.1875 0.14921875 0.021875 0.03125
7 0.215625 0.15078125 0.0203125 0.0265625
8 0.25625 0.15234375 0.015625 0.028125
6 0.30234375 0.153125 0.0265625 0.028125
13 0.3359375 0.15234375 0.03125 0.025
13 0.41015625 0.14921875 0.03125 0.03125