60 0.0859375 0.75234375 0.04375 0.046875
66 0.1609375 0.75859375 0.05625 0.05
119 0.23828125 0.76328125 0.040625 0.06875
98 0.31171875 0.76796875 0.040625 0.0765625
74 0.39140625 0.7703125 0.046875 0.0734375
141 0.47578125 0.76796875 0.0375 0.0828125
12 0.55546875 0.76484375 0.046875 0.0625
63 0.646875 0.92890625 0.0546875 0.040625
67 0.77109375 0.93125 0.053125 0.05625
11 0.73828125 0.76484375 0.065625 0.0828125
130 0.653125 0.7640625 0.046875 0.0765625
40 0.86875 0.72265625 0.05 0.05625
43 0.8703125 0.62578125 0.046875 0.0640625
148 0.77890625 0.60859375 0.034375 0.090625
79 0.734375 0.609375 0.04375 0.0796875
151 0.65703125 0.60625 0.053125 0.06875
78 0.56796875 0.596875 0.05 0.0765625
14 0.50546875 0.59453125 0.04375 0.0625
14 0.46953125 0.59921875 0.0265625 0.06875
112 0.49140625 0.46328125 0.05 0.0875
51 0.5703125 0.4625 0.05625 0.0734375
142 0.634375 0.43984375 0.04375 0.053125
102 0.69765625 0.43984375 0.04375 0.040625
111 0.7703125 0.43984375 0.0484375 0.046875
63 0.0859375 0.59375 0.040625 0.0421875
67 0.16015625 0.6 0.04375 0.0625
120 0.2390625 0.6046875 0.040625 0.0625
99 0.3171875 0.615625 0.040625 0.075
75 0.39921875 0.61328125 0.04375 0.09375
8 0.08125 0.4328125 0.046875 0.05
64 0.165625 0.44296875 0.04375 0.06875
116 0.24140625 0.446875 0.040625 0.06875
95 0.31953125 0.45078125 0.040625 0.1
6 0.39453125 0.44140625 0.059375 0.05625
13 0.09140625 0.2703125 0.040625 0.040625
73 0.1734375 0.2890625 0.046875 0.0875
114 0.2671875 0.27109375 0.040625 0.04375
100 0.3515625 0.28828125 0.034375 0.0828125
16 0.42890625 0.2640625 0.040625 0.0484375
16 0.50703125 0.2625 0.04375 0.040625
118 0.58046875 0.28125 0.040625 0.06875
21 0.66328125 0.27578125 0.0515625 0.05
153 0.7421875 0.28046875 0.040625 0.059375
106 0.77265625 0.12578125 0.0375 0.059375
61 0.715625 0.12578125 0.034375 0.0625
136 0.6609375 0.11875 0.0484375 0.059375
133 0.55546875 0.1265625 0.0515625 0.046875
132 0.45234375 0.1234375 0.05625 0.05625
108 0.3546875 0.115625 0.04375 0.06875
109 0.27890625 0.11796875 0.040625 0.06875
97 0.22421875 0.13125 0.0375 0.0875
32 0.14453125 0.109375 0.0375 0.034375
32 0.08671875 0.10625 0.04375 0.0375