20 0.12265625 0.92890625 0.04375 0.040625
20 0.121875 0.96484375 0.046875 0.028125
20 0.12109375 0.99140625 0.040625 0.0171875
164 0.209375 0.9640625 0.08125 0.0546875
70 0.30234375 0.959375 0.065625 0.08125
164 0.39375 0.9359375 0.0828125 0.0484375
164 0.38828125 0.98125 0.075 0.0375
154 0.48125 0.96171875 0.0828125 0.06875
146 0.3375 0.6953125 0.0484375 0.053125
146 0.26484375 0.6890625 0.040625 0.140625
121 0.11953125 0.69140625 0.0546875 0.1109375
62 0.29296875 0.43125 0.0875 0.0484375
155 0.740625 0.9828125 0.103125 0.034375
155 0.74453125 0.9421875 0.103125 0.05