66 0.9703125 0.084375 0.01875 0.025
60 0.92734375 0.0859375 0.034375 0.034375
14 0.8921875 0.084375 0.028125 0.021875
63 0.85390625 0.08359375 0.021875 0.028125
63 0.81640625 0.08671875 0.025 0.034375
138 0.77734375 0.0875 0.03125 0.034375
102 0.73984375 0.08125 0.025 0.034375
119 0.70078125 0.08359375 0.021875 0.040625
112 0.66484375 0.084375 0.021875 0.04375
130 0.6234375 0.084375 0.025 0.034375
25 0.58359375 0.0859375 0.025 0.034375
21 0.54765625 0.08515625 0.03125 0.01875
16 0.96875 0.14609375 0.03125 0.040625
7 0.85234375 0.14453125 0.025 0.028125
7 0.81015625 0.14765625 0.021875 0.03125
7 0.78125 0.14921875 0.021875 0.028125
8 0.73984375 0.15078125 0.0171875 0.03125
6 0.6921875 0.1515625 0.028125 0.028125
13 0.6578125 0.15078125 0.03125 0.025
13 0.58203125 0.14765625 0.03125 0.034375