36 0.98359375 0.12109375 0.03125 0.2421875
26 0.984375 0.409375 0.03125 0.21875
94 0.9875 0.684375 0.025 0.153125
44 0.784375 0.08203125 0.0765625 0.121875
20 0.7984375 0.38359375 0.0875 0.2171875
20 0.80703125 0.66875 0.1125 0.1578125
20 0.8109375 0.9359375 0.11875 0.128125
20 0.58125 0.11640625 0.11875 0.23125
62 0.5859375 0.38359375 0.1359375 0.196875
70 0.57109375 0.6703125 0.0984375 0.215625
17 0.55 0.928125 0.05625 0.14375
146 0.33203125 0.1 0.125 0.2
146 0.2984375 0.3796875 0.05625 0.275
154 0.37734375 0.6625 0.1984375 0.20625
162 0.3375 0.92734375 0.115625 0.1453125
164 0.10390625 0.37890625 0.16875 0.228125
164 0.09453125 0.10859375 0.159375 0.2125