60 0.93046875 0.78671875 0.109375 0.0828125
13 0.7828125 0.7875 0.1109375 0.0828125
16 0.63046875 0.78828125 0.1109375 0.0875
114 0.48203125 0.784375 0.1046875 0.096875
102 0.04296875 0.79296875 0.0859375 0.0984375
63 0.04609375 0.63203125 0.090625 0.0921875
114 0.48203125 0.62734375 0.11875 0.090625
1 0.928125 0.6390625 0.10625 0.1046875
0 0.77734375 0.640625 0.084375 0.096875
3 0.78046875 0.4703125 0.128125 0.125
4 0.92890625 0.4671875 0.1109375 0.11875
102 0.04921875 0.4625 0.096875 0.084375
8 0.8 0.3 0.0875 0.090625
66 0.92890625 0.0828125 0.1015625 0.096875
119 0.77890625 0.090625 0.121875 0.1109375
51 0.63203125 0.103125 0.11875 0.128125