60 0.76875 0.47578125 0.0359375 0.03125
66 0.7125 0.47421875 0.04375 0.040625
63 0.646875 0.47265625 0.0375 0.03125
119 0.58671875 0.47578125 0.04375 0.025
11 0.53125 0.4734375 0.0375 0.03125
102 0.46328125 0.44453125 0.0375 0.028125
102 0.46015625 0.51328125 0.03125 0.028125
16 0.4 0.47578125 0.040625 0.034375
13 0.33984375 0.47578125 0.028125 0.028125
13 0.28046875 0.475 0.03125 0.025
25 0.21484375 0.475 0.046875 0.03125
45 0.13984375 0.475 0.05 0.034375
14 0.04609375 0.47578125 0.071875 0.01875
136 0.046875 0.784375 0.0625 0.0515625
106 0.11328125 0.790625 0.0375 0.0234375
61 0.17734375 0.790625 0.0625 0.028125
4 0.23671875 0.78984375 0.040625 0.025
1 0.29921875 0.75390625 0.046875 0.025
1 0.29609375 0.8203125 0.0375 0.028125
51 0.3671875 0.7921875 0.0578125 0.03125
98 0.434375 0.78828125 0.0578125 0.025
74 0.5 0.78984375 0.06875 0.034375
152 0.5734375 0.78984375 0.0546875 0.028125
122 0.64765625 0.7890625 0.0546875 0.03125
7 0.71171875 0.76171875 0.04375 0.025
7 0.7125 0.8171875 0.0375 0.025
21 0.77421875 0.75390625 0.0359375 0.03125
21 0.77265625 0.821875 0.0375 0.03125