60 0.07421875 0.08359375 0.046875 0.065625
25 0.06171875 0.2359375 0.05625 0.084375
119 0.05625 0.3921875 0.059375 0.06875
98 0.053125 0.54765625 0.075 0.0765625
74 0.0515625 0.71171875 0.078125 0.071875
14 0.05 0.83828125 0.065625 0.05
14 0.05546875 0.92890625 0.06875 0.084375
102 0.22109375 0.93046875 0.04375 0.075
95 0.2109375 0.79375 0.103125 0.090625
116 0.2171875 0.696875 0.09375 0.075
8 0.23125 0.60078125 0.0515625 0.0625
75 0.19921875 0.490625 0.08125 0.09375
99 0.20234375 0.3453125 0.09375 0.0875
120 0.2125 0.2171875 0.053125 0.08125
63 0.22265625 0.08125 0.0421875 0.090625
13 0.375 0.08125 0.040625 0.0609375
13 0.37421875 0.21328125 0.0515625 0.0953125
73 0.3546875 0.34375 0.0875 0.0921875
114 0.378125 0.609375 0.0453125 0.0765625
114 0.37265625 0.759375 0.0515625 0.08125
100 0.353125 0.890625 0.08125 0.0546875
151 0.49609375 0.875 0.065625 0.075
130 0.4953125 0.69609375 0.08125 0.090625
11 0.496875 0.61015625 0.071875 0.0875
118 0.5 0.35 0.0703125 0.084375
16 0.50859375 0.21171875 0.034375 0.10625
96 0.49921875 0.48515625 0.084375 0.08125
16 0.51328125 0.08515625 0.0375 0.0765625
32 0.678125 0.0859375 0.0484375 0.0640625
32 0.67578125 0.2140625 0.0390625 0.109375
97 0.653125 0.3484375 0.1 0.1140625
21 0.6609375 0.596875 0.046875 0.08125
21 0.65390625 0.71484375 0.053125 0.096875
153 0.6484375 0.8859375 0.075 0.11875
1 0.815625 0.86484375 0.046875 0.0796875
4 0.8140625 0.71796875 0.0625 0.09375
108 0.79765625 0.40078125 0.05 0.134375
109 0.81796875 0.17890625 0.090625 0.10625
109 0.82734375 0.05625 0.075 0.0875
79 0.9578125 0.0875 0.06875 0.0609375
111 0.9578125 0.2671875 0.05 0.1015625
61 0.9234375 0.53671875 0.059375 0.0953125
136 0.9265625 0.77578125 0.0625 0.0765625
106 0.91953125 0.8796875 0.059375 0.0546875