63 0.16640625 0.9609375 0.05625 0.04375
60 0.20390625 0.91640625 0.046875 0.0359375
60 0.1640625 0.85625 0.046875 0.0375
102 0.2078125 0.8140625 0.05 0.0390625
102 0.16640625 0.66015625 0.046875 0.046875
102 0.21171875 0.6171875 0.05 0.06875
102 0.3515625 0.6125 0.0734375 0.053125
16 0.20703125 0.50234375 0.053125 0.0359375
16 0.3515625 0.51328125 0.06875 0.05
109 0.15078125 0.17109375 0.059375 0.1015625
1 0.75078125 0.94921875 0.0359375 0.05625
4 0.74765625 0.85625 0.053125 0.06875
21 0.75078125 0.66484375 0.0625 0.0609375
21 0.79296875 0.603125 0.0734375 0.05625
21 0.93984375 0.6078125 0.0875 0.0734375
153 0.75546875 0.5046875 0.06875 0.09375
8 0.7140625 0.34609375 0.084375 0.08125
130 0.7484375 0.07421875 0.121875 0.103125