60 0.3140625 0.04765625 0.025 0.04375
60 0.39765625 0.0484375 0.034375 0.0390625
60 0.31484375 0.3375 0.0359375 0.025
60 0.42890625 0.54296875 0.028125 0.05
60 0.5578125 0.24609375 0.0359375 0.0296875
60 0.5578125 0.12265625 0.0421875 0.0296875
60 0.64375 0.14765625 0.0359375 0.025
60 0.6421875 0.24453125 0.0359375 0.028125
60 0.64375 0.3859375 0.0375 0.021875
60 0.640625 0.52421875 0.0359375 0.0296875
60 0.79765625 0.340625 0.025 0.0390625
102 0.81875 0.27578125 0.046875 0.05
102 0.82109375 0.209375 0.0421875 0.0359375
102 0.81875 0.128125 0.0421875 0.046875
102 0.81953125 0.03828125 0.0375 0.0421875
60 0.76796875 0.5890625 0.0296875 0.034375
60 0.79140625 0.5890625 0.015625 0.0375
60 0.81484375 0.5890625 0.021875 0.0390625
60 0.83984375 0.58984375 0.025 0.0390625
60 0.8625 0.58984375 0.021875 0.034375
60 0.6359375 0.7703125 0.0296875 0.040625
60 0.52578125 0.759375 0.0421875 0.025
60 0.425 0.7546875 0.0390625 0.03125
60 0.3984375 0.62734375 0.04375 0.025
60 0.24921875 0.76484375 0.021875 0.0421875
60 0.00546875 0.34453125 0.0109375 0.0390625