20 0.83046875 0.86953125 0.040625 0.0375
20 0.83125 0.90234375 0.0421875 0.025
20 0.83125 0.9359375 0.0359375 0.034375
164 0.7515625 0.9015625 0.0734375 0.05
70 0.66640625 0.89921875 0.059375 0.0765625
164 0.584375 0.87578125 0.075 0.04375
164 0.5890625 0.9234375 0.06875 0.046875
154 0.5046875 0.89921875 0.075 0.0625
146 0.63515625 0.65703125 0.04375 0.0484375
146 0.7015625 0.6515625 0.0375 0.128125
121 0.83359375 0.65390625 0.05 0.1
62 0.67578125 0.4171875 0.0796875 0.04375
155 0.26796875 0.92734375 0.09375 0.046875
155 0.26484375 0.88203125 0.09375 0.0453125