66 0.9859375 0.040625 0.0203125 0.0265625
60 0.940625 0.0421875 0.0375 0.0375
14 0.90390625 0.040625 0.028125 0.0234375
63 0.86328125 0.0390625 0.0203125 0.03125
63 0.8234375 0.04296875 0.0234375 0.034375
138 0.7828125 0.04375 0.03125 0.034375
102 0.74296875 0.03671875 0.0265625 0.034375
119 0.70234375 0.0390625 0.0234375 0.0421875
112 0.6640625 0.040625 0.0234375 0.04375
130 0.621875 0.040625 0.0265625 0.034375
25 0.5796875 0.0421875 0.0265625 0.0375
21 0.5421875 0.04140625 0.03125 0.0203125
16 0.9828125 0.10390625 0.034375 0.0421875
7 0.86171875 0.103125 0.0265625 0.03125
7 0.8171875 0.10625 0.0234375 0.034375
7 0.78671875 0.10859375 0.021875 0.028125
8 0.74296875 0.11015625 0.015625 0.03125
6 0.69375 0.1109375 0.028125 0.03125
13 0.6578125 0.11015625 0.034375 0.0265625
13 0.578125 0.10625 0.034375 0.034375