119 0.1359375 0.55078125 0.028125 0.0515625
60 0.20078125 0.38984375 0.021875 0.0453125
60 0.21640625 0.4140625 0.0234375 0.028125
21 0.240625 0.4125 0.0234375 0.034375
14 0.2546875 0.325 0.01875 0.0515625
14 0.42109375 0.57421875 0.0203125 0.05
14 0.5046875 0.78046875 0.0234375 0.0359375
60 0.50546875 0.86484375 0.03125 0.0390625
60 0.565625 0.86640625 0.03125 0.0328125
4 0.640625 0.73125 0.03125 0.04375
4 0.63984375 0.3796875 0.0203125 0.04375
60 0.6421875 0.228125 0.0125 0.034375
60 0.66796875 0.32421875 0.0265625 0.0296875
60 0.7203125 0.32578125 0.0234375 0.021875
60 0.81484375 0.22109375 0.0203125 0.040625