114 0.52421875 0.040625 0.0703125 0.028125
106 0.46171875 0.10703125 0.065625 0.0296875
119 0.45703125 0.1546875 0.0375 0.0296875
119 0.3046875 0.28203125 0.040625 0.034375
119 0.11796875 0.29140625 0.034375 0.034375
63 0.1 0.40390625 0.0375 0.04375
20 0.10703125 0.34453125 0.065625 0.046875
13 0.42265625 0.52109375 0.040625 0.040625
13 0.471875 0.521875 0.053125 0.040625
13 0.52734375 0.51953125 0.053125 0.0375
119 0.5890625 0.5453125 0.0375 0.040625
20 0.9078125 0.43203125 0.05625 0.040625
16 0.83828125 0.475 0.0734375 0.025
16 0.83984375 0.53359375 0.084375 0.0265625
119 0.7828125 0.665625 0.05625 0.04375
119 0.621875 0.8171875 0.0703125 0.053125
20 0.6109375 0.690625 0.0484375 0.0515625
119 0.278125 0.6234375 0.040625 0.040625
20 0.028125 0.71796875 0.05 0.03125