114 0.04609375 0.478125 0.028125 0.0671875
106 0.109375 0.53828125 0.028125 0.0640625
119 0.15625 0.54375 0.028125 0.0375
119 0.278125 0.68984375 0.03125 0.0375
119 0.2875 0.86953125 0.03125 0.034375
63 0.39609375 0.8875 0.0421875 0.0359375
20 0.33828125 0.88125 0.0453125 0.0640625
13 0.50859375 0.5765625 0.0375 0.0375
13 0.509375 0.52890625 0.040625 0.0515625
13 0.50703125 0.475 0.034375 0.0515625
119 0.53203125 0.415625 0.0375 0.034375
20 0.42265625 0.10859375 0.0375 0.0546875
16 0.46484375 0.175 0.025 0.071875
16 0.52109375 0.1734375 0.025 0.08125
119 0.6484375 0.22890625 0.0421875 0.0546875
119 0.7953125 0.384375 0.0515625 0.0671875
20 0.67265625 0.39453125 0.05 0.046875
119 0.6078125 0.715625 0.0375 0.0375
20 0.69921875 0.95625 0.03125 0.0484375