60 0.928125 0.1984375 0.10625 0.0859375
13 0.77734375 0.20234375 0.121875 0.109375
16 0.63125 0.1953125 0.125 0.1
114 0.465625 0.1984375 0.134375 0.0921875
102 0.04296875 0.18984375 0.0859375 0.1
63 0.04921875 0.3546875 0.0984375 0.121875
114 0.48828125 0.35390625 0.15 0.0875
0 0.78828125 0.34921875 0.1640625 0.125
1 0.928125 0.34609375 0.1 0.10625
4 0.93515625 0.51484375 0.109375 0.125
3 0.7640625 0.52265625 0.1359375 0.125
102 0.0421875 0.52421875 0.084375 0.071875
21 0.93125 0.70390625 0.09375 0.0875
8 0.7828125 0.6921875 0.0640625 0.1
109 0.640625 0.69140625 0.115625 0.128125
66 0.93671875 0.925 0.125 0.09375