66 0.9125 0.94609375 0.08125 0.06875
60 0.90234375 0.79453125 0.0625 0.0765625
67 0.91015625 0.64609375 0.0765625 0.0828125
63 0.90625 0.4984375 0.0578125 0.0765625
102 0.90625 0.3375 0.06875 0.090625
119 0.9125 0.18671875 0.084375 0.078125
11 0.9140625 0.03671875 0.090625 0.0734375
25 0.65390625 0.94921875 0.0734375 0.06875
21 0.65546875 0.79453125 0.0765625 0.0765625
21 0.66015625 0.6484375 0.065625 0.084375
16 0.6578125 0.48359375 0.090625 0.084375
45 0.6453125 0.34140625 0.08125 0.0796875
50 0.646875 0.19296875 0.0734375 0.0875
64 0.65390625 0.03984375 0.090625 0.075
135 0.4 0.94921875 0.096875 0.0625
8 0.39921875 0.80234375 0.084375 0.065625
13 0.40546875 0.6390625 0.06875 0.084375
13 0.4046875 0.496875 0.0625 0.065625
152 0.40078125 0.34375 0.1109375 0.0734375
74 0.4046875 0.19453125 0.115625 0.075
98 0.40703125 0.03984375 0.103125 0.065625
122 0.1453125 0.95234375 0.103125 0.0765625
51 0.1546875 0.8 0.11875 0.0765625
102 0.1421875 0.6484375 0.065625 0.065625
1 0.14296875 0.484375 0.08125 0.0875
4 0.15234375 0.34375 0.090625 0.0828125
61 0.15 0.1875 0.1359375 0.0734375
14 0.1484375 0.0359375 0.146875 0.071875