60 0.78828125 0.928125 0.0796875 0.10625
13 0.7890625 0.784375 0.08125 0.1078125
16 0.78984375 0.63671875 0.0859375 0.1078125
114 0.7859375 0.4921875 0.09375 0.1015625
102 0.79375 0.06015625 0.0953125 0.0921875
63 0.6375 0.06328125 0.0890625 0.0984375
114 0.63359375 0.4921875 0.0890625 0.1140625
1 0.64453125 0.92578125 0.1015625 0.103125
0 0.64609375 0.77890625 0.0953125 0.08125
3 0.48125 0.78203125 0.1203125 0.1234375
4 0.478125 0.9265625 0.1140625 0.1078125
102 0.47265625 0.059375 0.0828125 0.1171875
8 0.31484375 0.80078125 0.0890625 0.0859375
66 0.10390625 0.9265625 0.0953125 0.0984375
119 0.11171875 0.78046875 0.1078125 0.1171875
51 0.1234375 0.63828125 0.125 0.115625