109 0.92578125 0.35234375 0.1484375 0.09375
60 0.66015625 0.303125 0.065625 0.0203125
60 0.6609375 0.35078125 0.071875 0.0328125
60 0.65546875 0.47109375 0.065625 0.03125
60 0.72421875 0.6109375 0.0546875 0.0625
60 0.0703125 0.3125 0.065625 0.04375
60 0.06640625 0.12109375 0.04375 0.0515625
60 0.1703125 0.64453125 0.046875 0.059375
60 0.11328125 0.62109375 0.0625 0.040625
60 0.1671875 0.8390625 0.0515625 0.046875
60 0.72734375 0.80859375 0.046875 0.0703125
120 0.74453125 0.70703125 0.0953125 0.0625
120 0.1890625 0.73671875 0.084375 0.078125
120 0.0859375 0.2078125 0.0921875 0.065625