114 0.51484375 0.94140625 0.065625 0.0265625
106 0.45625 0.8796875 0.0625 0.028125
119 0.4515625 0.834375 0.0359375 0.028125
119 0.309375 0.715625 0.0375 0.03125
119 0.134375 0.70625 0.0328125 0.0328125
63 0.1171875 0.60078125 0.034375 0.040625
20 0.1234375 0.65703125 0.0625 0.04375
13 0.41953125 0.49140625 0.0375 0.0375
13 0.465625 0.490625 0.05 0.0390625
13 0.51796875 0.49296875 0.05 0.034375
119 0.57578125 0.46875 0.034375 0.0375
20 0.87421875 0.575 0.053125 0.0375
16 0.809375 0.534375 0.06875 0.0234375
16 0.8109375 0.4796875 0.078125 0.025
119 0.75703125 0.35546875 0.053125 0.040625
119 0.60625 0.21328125 0.065625 0.05
20 0.59609375 0.33203125 0.0453125 0.0484375
119 0.284375 0.3953125 0.0375 0.0375
20 0.05 0.30625 0.046875 0.0296875