20 0.040625 0.04453125 0.08125 0.0890625
134 0.1484375 0.0453125 0.096875 0.090625
134 0.265625 0.0421875 0.121875 0.084375
19 0.3765625 0.040625 0.1046875 0.08125
20 0.48515625 0.0421875 0.1125 0.084375
137 0.60078125 0.04453125 0.1015625 0.0890625
20 0.94765625 0.20234375 0.0890625 0.121875
20 0.84140625 0.1921875 0.075 0.103125
20 0.25546875 0.37265625 0.08125 0.103125
20 0.1359375 0.37109375 0.103125 0.13125
20 0.034375 0.3734375 0.06875 0.128125
44 0.83359375 0.72109375 0.103125 0.1421875
44 0.95078125 0.70625 0.096875 0.09375
44 0.034375 0.8921875 0.06875 0.09375
158 0.25859375 0.8890625 0.10625 0.134375
62 0.49453125 0.546875 0.1015625 0.125