20 0.1640625 0.4765625 0.059375 0.040625
20 0.43046875 0.64765625 0.0515625 0.040625
60 0.2203125 0.51875 0.040625 0.021875
60 0.20703125 0.5390625 0.059375 0.021875
119 0.28125 0.659375 0.0421875 0.0265625
119 0.40625 0.759375 0.05 0.0234375
119 0.48671875 0.621875 0.053125 0.0265625
119 0.73984375 0.290625 0.0484375 0.03125
119 0.92734375 0.403125 0.046875 0.0234375
119 0.8578125 0.41875 0.0515625 0.03125
119 0.7828125 0.65390625 0.04375 0.03125
13 0.56328125 0.55703125 0.0359375 0.03125
13 0.63515625 0.56015625 0.025 0.021875
60 0.7234375 0.15546875 0.05 0.028125
106 0.7453125 0.228125 0.034375 0.01875
20 0.76171875 0.18359375 0.059375 0.0375
20 0.94921875 0.4421875 0.053125 0.034375
20 0.75859375 0.78984375 0.0609375 0.0328125
21 0.74765625 0.821875 0.03125 0.01875
13 0.71015625 0.5609375 0.03125 0.0296875
108 0.5125 0.96171875 0.053125 0.0390625