13 0.54140625 0.19765625 0.009375 0.0125
13 0.54140625 0.22890625 0.0140625 0.0125
13 0.434375 0.22109375 0.009375 0.009375
13 0.43515625 0.2375 0.0140625 0.009375
1 0.81796875 0.4609375 0.009375 0.0171875
119 0.82109375 0.48984375 0.009375 0.0171875
102 0.7859375 0.484375 0.0140625 0.0140625
119 0.84453125 0.5875 0.009375 0.021875
102 0.68125 0.47734375 0.00625 0.0140625
102 0.66640625 0.47734375 0.0125 0.0171875
13 0.8203125 0.65703125 0.009375 0.0140625
13 0.69921875 0.65859375 0.0140625 0.0140625
13 0.8109375 0.690625 0.009375 0.0125
13 0.68984375 0.68984375 0.0140625 0.0125
13 0.76953125 0.75703125 0.009375 0.009375
20 0.83046875 0.759375 0.08125 0.0640625
20 0.696875 0.75859375 0.0625 0.0609375
13 0.6484375 0.75546875 0.0125 0.0140625
13 0.58828125 0.42734375 0.0125 0.0140625
13 0.44296875 0.36171875 0.009375 0.015625
13 0.465625 0.46015625 0.0125 0.0125
13 0.46484375 0.509375 0.0140625 0.0140625
1 0.46015625 0.64296875 0.0125 0.0140625
119 0.4796875 0.65625 0.009375 0.025
13 0.54453125 0.63125 0.009375 0.0171875
13 0.54375 0.609375 0.009375 0.009375
13 0.46953125 0.81796875 0.0140625 0.0171875
14 0.228125 0.78984375 0.0125 0.0125
119 0.178125 0.7234375 0.0140625 0.021875
1 0.178125 0.58359375 0.009375 0.0140625
1 0.10546875 0.5828125 0.00625 0.0125
119 0.10703125 0.60390625 0.009375 0.021875
60 0.2875 0.32890625 0.009375 0.0171875
13 0.20390625 0.278125 0.009375 0.009375
13 0.20390625 0.24453125 0.009375 0.009375
13 0.203125 0.328125 0.00625 0.0171875
13 0.1671875 0.37734375 0.0125 0.0125