60 0.0828125 0.0390625 0.075 0.046875
25 0.24375 0.03046875 0.071875 0.0609375
119 0.40078125 0.034375 0.1265625 0.06875
98 0.5734375 0.034375 0.1296875 0.06875
74 0.7390625 0.0328125 0.1125 0.065625
14 0.8796875 0.03125 0.06875 0.0625
14 0.96171875 0.03828125 0.0765625 0.0765625
102 0.9625 0.21171875 0.075 0.071875
95 0.83984375 0.17890625 0.096875 0.1125
116 0.734375 0.18515625 0.0734375 0.10625
8 0.628125 0.18515625 0.078125 0.06875
75 0.51640625 0.1875 0.1125 0.103125
95 0.371875 0.1859375 0.071875 0.109375
120 0.2328125 0.19765625 0.075 0.075
63 0.08359375 0.21015625 0.0703125 0.0515625
13 0.09453125 0.3875 0.0875 0.0625
13 0.25859375 0.3890625 0.0953125 0.0578125
73 0.3984375 0.353125 0.0890625 0.0921875
114 0.603125 0.38046875 0.10625 0.0625
114 0.7484375 0.38125 0.10625 0.05625
100 0.93359375 0.3546875 0.0875 0.10625
1 0.9375 0.5078125 0.0890625 0.08125
152 0.77734375 0.51640625 0.0890625 0.075
11 0.63671875 0.52109375 0.115625 0.0953125
130 0.5265625 0.51875 0.103125 0.078125
118 0.36640625 0.534375 0.0875 0.0921875
16 0.2296875 0.5484375 0.0890625 0.059375
16 0.09921875 0.553125 0.084375 0.059375
32 0.0953125 0.7140625 0.0921875 0.0625
32 0.2109375 0.715625 0.065625 0.04375
97 0.36953125 0.6921875 0.0625 0.109375
21 0.56328125 0.69453125 0.0890625 0.053125
21 0.7515625 0.69765625 0.084375 0.059375
153 0.92578125 0.69375 0.1296875 0.0890625
106 0.95078125 0.87109375 0.08125 0.0703125
61 0.7984375 0.871875 0.0546875 0.0875
111 0.64921875 0.890625 0.1875 0.0578125
108 0.3890625 0.90546875 0.109375 0.0921875
109 0.1828125 0.9125 0.075 0.1
109 0.0578125 0.90390625 0.065625 0.109375