45 0.6125 0.259375 0.025 0.071875
45 0.5703125 0.25859375 0.028125 0.06875
45 0.48515625 0.253125 0.0328125 0.06875
45 0.43671875 0.259375 0.028125 0.0890625
45 0.35078125 0.86015625 0.03125 0.071875
63 0.78125 0.96484375 0.0515625 0.0578125
45 0.69140625 0.91953125 0.046875 0.071875
63 0.19453125 0.99453125 0.046875 0.0109375
63 0.271875 0.22734375 0.046875 0.028125
60 0.39296875 0.228125 0.0375 0.05
60 0.15 0.2203125 0.0359375 0.0515625
60 0.90625 0.81875 0.0359375 0.0375
60 0.65546875 0.81640625 0.0375 0.04375
60 0.10546875 0.80234375 0.0515625 0.0515625
119 0.2046875 0.8015625 0.0375 0.0546875
119 0.77890625 0.8203125 0.040625 0.0515625
102 0.31328125 0.79453125 0.0546875 0.0625