20 0.95 0.95 0.1 0.1
134 0.83359375 0.95 0.0984375 0.1
134 0.71640625 0.95234375 0.1203125 0.09375
19 0.60546875 0.95234375 0.1046875 0.0875
20 0.496875 0.953125 0.1125 0.09375
137 0.38203125 0.95 0.1015625 0.1
20 0.040625 0.7875 0.08125 0.121875
20 0.1421875 0.79765625 0.0765625 0.103125
20 0.72578125 0.6171875 0.08125 0.103125
20 0.84453125 0.61875 0.103125 0.1328125
20 0.953125 0.6171875 0.084375 0.128125
44 0.14921875 0.2703125 0.103125 0.1421875
44 0.04140625 0.28515625 0.0828125 0.0921875
44 0.9515625 0.10078125 0.08125 0.09375
158 0.72265625 0.103125 0.10625 0.134375
62 0.48828125 0.44375 0.1015625 0.1234375