60 0.7328125 0.078125 0.0359375 0.0375
66 0.74375 0.15859375 0.0546875 0.05625
119 0.74609375 0.2453125 0.0625 0.05
98 0.7484375 0.328125 0.078125 0.05
74 0.75078125 0.41640625 0.075 0.04375
141 0.75234375 0.50859375 0.078125 0.046875
12 0.75 0.5984375 0.06875 0.040625
130 0.74921875 0.70546875 0.075 0.0609375
11 0.75078125 0.80546875 0.078125 0.0671875
40 0.70703125 0.9453125 0.065625 0.0828125
43 0.6078125 0.94765625 0.071875 0.0546875
148 0.590625 0.85078125 0.09375 0.046875
79 0.59140625 0.79296875 0.084375 0.05625
152 0.5921875 0.71875 0.071875 0.075
78 0.5828125 0.61484375 0.0859375 0.05625
14 0.575 0.5453125 0.065625 0.059375
14 0.57421875 0.5015625 0.071875 0.0328125
112 0.44375 0.5265625 0.084375 0.065625
51 0.44296875 0.615625 0.0875 0.071875
142 0.43046875 0.68828125 0.071875 0.06875
102 0.42421875 0.75859375 0.059375 0.046875
111 0.42265625 0.83671875 0.05 0.059375
63 0.57890625 0.0796875 0.046875 0.05
67 0.584375 0.16015625 0.05625 0.06875
120 0.59453125 0.25 0.0890625 0.071875
99 0.59453125 0.340625 0.0859375 0.0609375
75 0.59375 0.4234375 0.090625 0.0578125
6 0.42421875 0.4234375 0.075 0.071875
95 0.4296875 0.33671875 0.096875 0.0578125
116 0.42421875 0.2546875 0.0859375 0.05
64 0.4203125 0.1703125 0.071875 0.05625
8 0.41484375 0.078125 0.05625 0.053125
13 0.253125 0.084375 0.0546875 0.0625
73 0.2734375 0.17265625 0.0875 0.046875
114 0.25625 0.284375 0.053125 0.05
100 0.26796875 0.37265625 0.08125 0.046875
16 0.24921875 0.4609375 0.040625 0.046875
16 0.25234375 0.5453125 0.053125 0.053125
118 0.265625 0.628125 0.075 0.034375
21 0.26015625 0.7203125 0.0578125 0.046875
153 0.2640625 0.80859375 0.04375 0.0546875
106 0.11328125 0.83671875 0.06875 0.040625
61 0.10546875 0.77734375 0.071875 0.0453125
136 0.10078125 0.7171875 0.0578125 0.0578125
133 0.11171875 0.60078125 0.0609375 0.0703125
132 0.1078125 0.48984375 0.065625 0.05625
108 0.09921875 0.37421875 0.06875 0.046875
109 0.10234375 0.29140625 0.065625 0.0296875
97 0.1078125 0.23359375 0.0828125 0.03125
32 0.08828125 0.14609375 0.046875 0.0578125
32 0.09375 0.0734375 0.0359375 0.059375