13 0.2203125 0.59453125 0.0125 0.009375
13 0.2515625 0.59453125 0.0125 0.0140625
13 0.24375 0.4890625 0.0125 0.009375
13 0.26015625 0.48984375 0.009375 0.0140625
1 0.48203125 0.86953125 0.01875 0.009375
119 0.51015625 0.87265625 0.0171875 0.009375
102 0.50546875 0.8375 0.0140625 0.015625
119 0.6078125 0.89609375 0.021875 0.0109375
102 0.4984375 0.73359375 0.015625 0.00625
102 0.4984375 0.71875 0.0171875 0.0125
13 0.67734375 0.871875 0.0140625 0.009375
13 0.678125 0.7515625 0.015625 0.0140625
13 0.71015625 0.8625 0.0125 0.009375
13 0.709375 0.7421875 0.0125 0.0140625
13 0.77578125 0.82109375 0.0125 0.009375
20 0.77890625 0.88203125 0.0625 0.0796875
20 0.778125 0.74921875 0.0609375 0.0625
13 0.77421875 0.7015625 0.0140625 0.0125
13 0.4484375 0.64140625 0.015625 0.0125
13 0.38359375 0.49765625 0.015625 0.0125
13 0.48125 0.5203125 0.0125 0.0125
13 0.53046875 0.51875 0.0140625 0.0140625
1 0.66328125 0.5140625 0.0140625 0.0125
119 0.6765625 0.53359375 0.021875 0.009375
13 0.65078125 0.5984375 0.0171875 0.009375
13 0.6296875 0.596875 0.009375 0.009375
13 0.83671875 0.5234375 0.0171875 0.0140625
14 0.809375 0.28359375 0.0125 0.0125
119 0.74296875 0.234375 0.021875 0.0140625
1 0.60390625 0.234375 0.015625 0.009375
1 0.603125 0.1625 0.0125 0.009375
119 0.62421875 0.16328125 0.021875 0.0125
60 0.35078125 0.34296875 0.0171875 0.009375
13 0.3 0.259375 0.009375 0.009375
13 0.2671875 0.259375 0.009375 0.009375
13 0.35 0.25859375 0.0171875 0.009375
13 0.39921875 0.2234375 0.0125 0.0125