66 0.915625 0.99296875 0.025 0.0140625
60 0.91328125 0.95390625 0.034375 0.034375
14 0.91484375 0.91875 0.021875 0.028125
63 0.915625 0.8796875 0.028125 0.01875
63 0.91171875 0.8421875 0.034375 0.021875
138 0.9109375 0.80234375 0.034375 0.03125
102 0.91796875 0.76484375 0.034375 0.025
119 0.915625 0.725 0.040625 0.021875
112 0.91484375 0.6890625 0.0421875 0.021875
130 0.91484375 0.64765625 0.034375 0.025
25 0.91328125 0.60703125 0.034375 0.025
21 0.9140625 0.57109375 0.01875 0.03125
16 0.853125 0.9890625 0.040625 0.021875
7 0.85390625 0.878125 0.028125 0.025
7 0.85078125 0.83515625 0.03125 0.021875
7 0.84921875 0.80625 0.028125 0.021875
8 0.84765625 0.76484375 0.028125 0.015625
6 0.846875 0.7171875 0.028125 0.028125
13 0.84765625 0.68203125 0.025 0.03125
13 0.85078125 0.60546875 0.03125 0.0328125