60 0.96796875 0.9953125 0.0640625 0.009375
66 0.6765625 0.9953125 0.059375 0.009375
63 0.36875 0.996875 0.084375 0.00625
119 0.053125 0.9953125 0.0625 0.009375
11 0.978125 0.86328125 0.04375 0.040625
102 0.68046875 0.86328125 0.1109375 0.04375
16 0.37578125 0.86328125 0.1 0.034375
16 0.04921875 0.86015625 0.0546875 0.0296875
13 0.97890625 0.71015625 0.040625 0.040625
13 0.68515625 0.703125 0.109375 0.0484375
25 0.34296875 0.709375 0.109375 0.05
45 0.059375 0.7171875 0.084375 0.0453125
8 0.046875 0.56328125 0.0515625 0.0375
21 0.353125 0.56171875 0.084375 0.0375
21 0.665625 0.56484375 0.090625 0.0375
50 0.97734375 0.5609375 0.0453125 0.034375
64 0.9796875 0.41640625 0.040625 0.053125
66 0.68828125 0.41328125 0.090625 0.059375
122 0.35078125 0.409375 0.090625 0.0515625
152 0.06015625 0.40390625 0.0859375 0.0515625
102 0.04765625 0.275 0.090625 0.04375
51 0.359375 0.27734375 0.075 0.0484375
98 0.6859375 0.2765625 0.0625 0.059375
74 0.98046875 0.27421875 0.0375 0.0546875
1 0.97890625 0.14921875 0.040625 0.040625
4 0.66171875 0.146875 0.125 0.053125
61 0.33671875 0.1453125 0.1046875 0.0625
14 0.065625 0.1578125 0.1046875 0.078125
136 0.6890625 0.0125 0.109375 0.025
106 0.97265625 0.0171875 0.0546875 0.034375