60 0.109375 0.25546875 0.04375 0.04375
66 0.18203125 0.25 0.0546875 0.046875
119 0.25625 0.2453125 0.040625 0.0671875
98 0.3265625 0.240625 0.0375 0.0734375
74 0.403125 0.2390625 0.04375 0.0703125
141 0.48515625 0.240625 0.034375 0.0796875
12 0.56171875 0.24375 0.04375 0.059375
63 0.64921875 0.0859375 0.053125 0.0375
67 0.76875 0.08359375 0.05 0.0546875
11 0.7375 0.24375 0.0640625 0.0796875
130 0.6546875 0.24453125 0.04375 0.0734375
40 0.8625 0.284375 0.046875 0.0546875
43 0.8640625 0.378125 0.04375 0.0609375
148 0.7765625 0.39375 0.03125 0.0859375
79 0.73359375 0.39296875 0.040625 0.0765625
151 0.65859375 0.39609375 0.05 0.0671875
78 0.5734375 0.4046875 0.046875 0.0734375
14 0.51328125 0.40703125 0.04375 0.0609375
14 0.478125 0.403125 0.025 0.0671875
112 0.5 0.53359375 0.046875 0.0828125
51 0.57578125 0.534375 0.0546875 0.0703125
142 0.6375 0.55625 0.040625 0.05
102 0.6984375 0.55625 0.040625 0.0375
111 0.7671875 0.55625 0.046875 0.04375
63 0.109375 0.4078125 0.0375 0.040625
67 0.18125 0.40234375 0.040625 0.0609375
120 0.25703125 0.39765625 0.0375 0.0609375
99 0.33203125 0.3875 0.0375 0.071875
75 0.41171875 0.38984375 0.040625 0.090625
8 0.10546875 0.56328125 0.04375 0.046875
64 0.1859375 0.553125 0.040625 0.0671875
116 0.259375 0.54921875 0.0375 0.0671875
95 0.334375 0.5453125 0.0375 0.096875
6 0.40625 0.55546875 0.0578125 0.0546875
13 0.11484375 0.71953125 0.0375 0.0375
73 0.19375 0.7015625 0.046875 0.0828125
114 0.284375 0.71875 0.0375 0.040625
100 0.36484375 0.70234375 0.034375 0.0796875
16 0.4390625 0.725 0.0375 0.046875
16 0.5140625 0.7265625 0.040625 0.0375
118 0.58515625 0.70859375 0.040625 0.0671875
21 0.665625 0.7140625 0.05 0.046875
153 0.74140625 0.709375 0.040625 0.0578125
106 0.7703125 0.85859375 0.034375 0.0578125
61 0.715625 0.85859375 0.03125 0.0609375
136 0.66328125 0.86484375 0.046875 0.0578125
133 0.56171875 0.8578125 0.05 0.04375
132 0.4625 0.86015625 0.0546875 0.0546875
108 0.36796875 0.86796875 0.04375 0.0671875
109 0.2953125 0.865625 0.0375 0.0671875
97 0.24296875 0.853125 0.034375 0.0828125
32 0.16640625 0.8734375 0.0375 0.03125
32 0.11015625 0.87734375 0.04375 0.034375