141 0.8609375 0.82734375 0.0859375 0.0828125
21 0.66171875 0.8265625 0.103125 0.1046875
135 0.48515625 0.83125 0.078125 0.1375
112 0.31015625 0.8109375 0.109375 0.15625
14 0.140625 0.82421875 0.075 0.165625
61 0.134375 0.67890625 0.075 0.121875
8 0.48828125 0.6796875 0.096875 0.09375
16 0.66015625 0.678125 0.10625 0.096875
60 0.9890625 0.68046875 0.021875 0.0953125
14 0.9875 0.53671875 0.025 0.1109375
130 0.86328125 0.52578125 0.1 0.1296875
45 0.66328125 0.5359375 0.1125 0.1
13 0.484375 0.53984375 0.1046875 0.109375
51 0.30546875 0.57734375 0.109375 0.1625
102 0.1359375 0.52734375 0.1015625 0.115625
64 0.1375 0.3328125 0.0828125 0.1359375
122 0.30859375 0.37578125 0.0890625 0.14375
50 0.665625 0.39921875 0.1 0.09375
25 0.8609375 0.4 0.1 0.08125
63 0.98828125 0.296875 0.0234375 0.090625
21 0.86015625 0.29453125 0.1 0.0890625
114 0.66640625 0.296875 0.103125 0.0875
13 0.48515625 0.29375 0.109375 0.078125
152 0.1390625 0.15703125 0.096875 0.1390625
98 0.4828125 0.1546875 0.1015625 0.128125
74 0.859375 0.15234375 0.1046875 0.140625
74 0.984375 0.15625 0.03125 0.10625