60 0.40234375 0.803125 0.0375 0.025
66 0.40234375 0.74765625 0.05625 0.034375
63 0.39921875 0.68671875 0.04375 0.03125
119 0.40078125 0.6328125 0.05 0.040625
11 0.39921875 0.57578125 0.05 0.034375
102 0.35625 0.5140625 0.046875 0.03125
102 0.45859375 0.5125 0.040625 0.034375
16 0.3984375 0.4546875 0.05 0.034375
13 0.4015625 0.3953125 0.04375 0.0296875
13 0.40234375 0.3390625 0.0375 0.03125
25 0.3984375 0.28203125 0.046875 0.03125
45 0.40234375 0.203125 0.046875 0.046875
14 0.40078125 0.115625 0.0375 0.0625
136 0.87578125 0.115625 0.078125 0.059375
106 0.88046875 0.18046875 0.05625 0.04375
61 0.87734375 0.24453125 0.04375 0.059375
4 0.87734375 0.3015625 0.0296875 0.04375
1 0.81953125 0.359375 0.0375 0.04375
1 0.9265625 0.35859375 0.040625 0.0375
51 0.87734375 0.41953125 0.046875 0.05
98 0.87734375 0.484375 0.04375 0.059375
74 0.88046875 0.54921875 0.04375 0.046875
152 0.87578125 0.61953125 0.040625 0.059375
122 0.87890625 0.68515625 0.05 0.05
7 0.8328125 0.74296875 0.04375 0.05
7 0.92421875 0.74765625 0.0375 0.034375
21 0.82734375 0.80390625 0.05 0.03125
21 0.93359375 0.80625 0.05 0.0375