66 0.6265625 0.9546875 0.0390625 0.03125
66 0.66328125 0.7203125 0.0484375 0.025
66 0.553125 0.19609375 0.034375 0.03125
66 0.571875 0.334375 0.0390625 0.028125
66 0.48515625 0.15234375 0.0390625 0.028125
66 0.459375 0.021875 0.0453125 0.025
66 0.17265625 0.73359375 0.03125 0.0390625
66 0.06015625 0.84765625 0.0546875 0.0390625
20 0.16796875 0.6796875 0.075 0.0578125
20 0.42265625 0.2796875 0.06875 0.0453125
20 0.68046875 0.85 0.06875 0.06875
20 0.6171875 0.590625 0.065625 0.0625
152 0.77265625 0.64296875 0.0453125 0.0390625
152 0.7796875 0.57578125 0.0484375 0.04375
152 0.4 0.33203125 0.05 0.028125
152 0.45625 0.38203125 0.0421875 0.040625