20 0.1203125 0.9390625 0.04375 0.040625
20 0.11953125 0.975 0.046875 0.028125
164 0.20703125 0.9734375 0.08125 0.053125
70 0.3 0.96484375 0.065625 0.0703125
164 0.3890625 0.94609375 0.08125 0.046875
164 0.384375 0.9859375 0.075 0.028125
154 0.4765625 0.96796875 0.08125 0.0640625
146 0.33359375 0.70703125 0.046875 0.053125
146 0.2609375 0.7015625 0.040625 0.140625
121 0.1171875 0.70390625 0.0546875 0.109375
62 0.2890625 0.4453125 0.0875 0.046875
155 0.7359375 0.9875 0.103125 0.025
155 0.73828125 0.953125 0.103125 0.05