114 0.903125 0.39375 0.021875 0.040625
106 0.8625 0.42734375 0.0296875 0.04375
119 0.8140625 0.42265625 0.025 0.03125
119 0.6078125 0.815625 0.015625 0.0375
119 0.37421875 0.55078125 0.0328125 0.0984375
119 0.2015625 0.503125 0.015625 0.04375
119 0.2921875 0.38671875 0.03125 0.046875
20 0.459375 0.3140625 0.03125 0.05
16 0.4328125 0.3609375 0.0125 0.040625
16 0.39140625 0.3609375 0.021875 0.04375
20 0.2796875 0.52109375 0.028125 0.046875
66 0.40078125 0.85 0.025 0.05
66 0.5234375 0.68984375 0.0375 0.046875
66 0.52734375 0.828125 0.015625 0.059375
60 0.384375 0.94765625 0.0328125 0.05625