20 0.8734375 0.16875 0.0390625 0.0421875
20 0.90703125 0.16796875 0.025 0.04375
20 0.9421875 0.16796875 0.034375 0.0375
164 0.90625 0.25 0.0515625 0.075
70 0.90390625 0.33828125 0.078125 0.0609375
164 0.8796875 0.42265625 0.0453125 0.078125
164 0.92890625 0.41796875 0.0484375 0.071875
154 0.90390625 0.5046875 0.065625 0.078125
146 0.65390625 0.3703125 0.05 0.0453125
146 0.6484375 0.3015625 0.13125 0.0390625
121 0.65078125 0.165625 0.103125 0.0515625
62 0.40625 0.328125 0.0453125 0.08125
155 0.9328125 0.74921875 0.0484375 0.096875
155 0.8859375 0.75234375 0.046875 0.096875