60 0.80078125 0.23984375 0.025 0.01875
119 0.75625 0.23359375 0.0296875 0.034375
60 0.71171875 0.23515625 0.021875 0.025
60 0.51484375 0.23203125 0.0140625 0.028125
60 0.51171875 0.33046875 0.0140625 0.03125
60 0.5171875 0.57890625 0.021875 0.0265625
60 0.8296875 0.5171875 0.0140625 0.021875
60 0.96015625 0.509375 0.025 0.028125
60 0.98359375 0.4859375 0.021875 0.021875
60 0.96796875 0.38515625 0.021875 0.0375
60 0.91953125 0.77734375 0.021875 0.025
60 0.81328125 0.86171875 0.025 0.01875
60 0.68828125 0.7625 0.021875 0.021875
60 0.6015625 0.7625 0.0171875 0.021875
60 0.590625 0.85703125 0.025 0.03125
60 0.453125 0.7546875 0.025 0.025
60 0.44375 0.78125 0.021875 0.028125
60 0.33125 0.765625 0.021875 0.025
60 0.33515625 0.7421875 0.025 0.028125
60 0.2796875 0.996875 0.01875 0.00625
60 0.08671875 0.66953125 0.025 0.0265625
60 0.178125 0.6734375 0.0421875 0.025
60 0.346875 0.61171875 0.03125 0.021875
60 0.4140625 0.63359375 0.021875 0.021875
60 0.46328125 0.634375 0.025 0.01875
109 0.42890625 0.20546875 0.04375 0.059375
109 0.38359375 0.1765625 0.034375 0.059375
60 0.34453125 0.32421875 0.0171875 0.025
66 0.2453125 0.2734375 0.025 0.0265625
106 0.28046875 0.27890625 0.021875 0.028125
60 0.43203125 0.3484375 0.0171875 0.0375
66 0.4703125 0.27890625 0.025 0.040625
106 0.21953125 0.6734375 0.025 0.0375
119 0.134375 0.6671875 0.0265625 0.028125
66 0.13671875 0.70703125 0.025 0.040625
60 0.25625 0.70078125 0.0171875 0.0296875
20 0.29921875 0.75078125 0.034375 0.0625
20 0.41328125 0.76171875 0.0421875 0.0609375
60 0.390625 0.7046875 0.0171875 0.03125
66 0.65703125 0.79921875 0.028125 0.028125
109 0.8484375 0.78203125 0.0375 0.059375
109 0.81640625 0.75 0.0375 0.0578125
66 0.759375 0.2765625 0.028125 0.03125
106 0.63203125 0.2796875 0.021875 0.028125
119 0.51484375 0.28359375 0.028125 0.0375