20 0.51015625 0.14453125 0.04375 0.0625
20 0.328125 0.428125 0.04375 0.0546875
60 0.46484375 0.2046875 0.0234375 0.04375
60 0.44375 0.18984375 0.0234375 0.0625
119 0.315625 0.26875 0.028125 0.04375
119 0.209375 0.40234375 0.025 0.053125
119 0.35546875 0.4875 0.028125 0.05625
119 0.7078125 0.75703125 0.034375 0.0515625
119 0.58828125 0.95625 0.025 0.05
119 0.57109375 0.88203125 0.034375 0.0546875
119 0.32109375 0.80234375 0.034375 0.046875
13 0.42421875 0.56875 0.034375 0.0375
13 0.42109375 0.6453125 0.0234375 0.0265625
60 0.8515625 0.7390625 0.0296875 0.053125
106 0.77421875 0.7625 0.0203125 0.0375
20 0.82109375 0.7796875 0.040625 0.0625
20 0.546875 0.975 0.0375 0.05
20 0.1765625 0.7765625 0.034375 0.065625
21 0.14296875 0.76484375 0.0203125 0.034375
13 0.4203125 0.725 0.03125 0.034375
108 0.0078125 0.51484375 0.015625 0.05625