63 0.9671875 0.16328125 0.04375 0.05625
60 0.9234375 0.20078125 0.0359375 0.0453125
60 0.8640625 0.1609375 0.0375 0.046875
102 0.821875 0.2046875 0.0390625 0.0484375
102 0.66953125 0.16328125 0.0453125 0.046875
102 0.62734375 0.2078125 0.06875 0.05
102 0.62265625 0.346875 0.053125 0.0734375
16 0.5140625 0.20390625 0.0359375 0.053125
16 0.52421875 0.346875 0.05 0.06875
109 0.1859375 0.14765625 0.1 0.059375
1 0.95625 0.7421875 0.05625 0.0359375
4 0.8640625 0.73828125 0.06875 0.0515625
21 0.67421875 0.7421875 0.059375 0.0625
21 0.61328125 0.78359375 0.05625 0.0734375
21 0.61875 0.9296875 0.0734375 0.0859375
153 0.51640625 0.746875 0.0921875 0.06875
8 0.35859375 0.70546875 0.0796875 0.084375
130 0.08984375 0.7390625 0.103125 0.121875