20 0.275 0.73828125 0.0484375 0.034375
60 0.321875 0.70390625 0.04375 0.015625
60 0.31796875 0.6859375 0.0375 0.015625
119 0.37109375 0.58046875 0.0421875 0.0234375
119 0.484375 0.49609375 0.046875 0.0265625
20 0.49921875 0.59609375 0.05 0.03125
119 0.55234375 0.6109375 0.0453125 0.03125
13 0.6140625 0.66875 0.0265625 0.025
13 0.675 0.66875 0.034375 0.0203125
13 0.73671875 0.66640625 0.03125 0.0203125
20 0.78125 0.98984375 0.0484375 0.0203125
106 0.7703125 0.95546875 0.0375 0.015625
119 0.759375 0.8953125 0.034375 0.01875
119 0.86015625 0.7890625 0.028125 0.0171875
119 0.92109375 0.8015625 0.0375 0.021875
13 0.93515625 0.73359375 0.034375 0.0234375
119 0.790625 0.58671875 0.0421875 0.0203125
20 0.771875 0.4703125 0.05 0.03125
108 0.5671875 0.3203125 0.0375 0.0265625