60 0.08515625 0.9125 0.046875 0.06875
25 0.0765625 0.76328125 0.059375 0.065625
119 0.07265625 0.61796875 0.078125 0.1171875
98 0.0625 0.4578125 0.103125 0.1203125
74 0.06015625 0.30390625 0.1 0.1046875
14 0.06484375 0.175 0.0875 0.0625
14 0.07265625 0.08828125 0.0953125 0.0875
102 0.2453125 0.084375 0.065625 0.09375
95 0.21484375 0.21015625 0.1046875 0.090625
116 0.22109375 0.3078125 0.1 0.06875
8 0.22109375 0.40703125 0.0625 0.071875
75 0.2234375 0.51015625 0.0953125 0.1046875
95 0.221875 0.64375 0.1015625 0.065625
120 0.2328125 0.77265625 0.06875 0.0703125
63 0.24375 0.91171875 0.05 0.065625
13 0.40859375 0.90078125 0.059375 0.08125
13 0.41015625 0.74921875 0.053125 0.0875
73 0.3765625 0.61953125 0.0875 0.08125
114 0.4015625 0.4296875 0.05625 0.0984375
114 0.40234375 0.2953125 0.053125 0.0984375
100 0.378125 0.1234375 0.0984375 0.08125
1 0.51953125 0.11953125 0.075 0.08125
152 0.52734375 0.26796875 0.071875 0.08125
11 0.5328125 0.3984375 0.0875 0.1078125
130 0.5296875 0.50078125 0.075 0.0953125
118 0.54453125 0.64921875 0.084375 0.08125
16 0.5578125 0.77578125 0.05625 0.08125
16 0.56171875 0.896875 0.05625 0.078125
32 0.7109375 0.9 0.05625 0.0859375
32 0.7125 0.79375 0.040625 0.0609375
97 0.690625 0.64609375 0.1015625 0.05625
21 0.69296875 0.46640625 0.05 0.08125
21 0.69609375 0.2921875 0.05625 0.078125
153 0.6921875 0.13046875 0.084375 0.1203125
106 0.85703125 0.1078125 0.065625 0.075
61 0.8578125 0.2484375 0.08125 0.053125
111 0.875 0.38671875 0.053125 0.175
108 0.88828125 0.628125 0.0875 0.1015625
109 0.89453125 0.81953125 0.09375 0.0703125
109 0.88671875 0.93515625 0.1015625 0.059375