60 0.0765625 0.21015625 0.1 0.0796875
13 0.21640625 0.21328125 0.1140625 0.1015625
16 0.353125 0.20703125 0.1171875 0.09375
114 0.50703125 0.21015625 0.125 0.0859375
102 0.91953125 0.20234375 0.1171875 0.09375
63 0.9109375 0.35703125 0.121875 0.1125
114 0.4859375 0.3546875 0.1390625 0.08125
0 0.20625 0.35 0.153125 0.115625
1 0.0765625 0.34765625 0.09375 0.1
4 0.06953125 0.5046875 0.1015625 0.1171875
3 0.22890625 0.51171875 0.1265625 0.1171875
102 0.921875 0.51328125 0.11875 0.0671875
21 0.0734375 0.68046875 0.0875 0.08125
8 0.21171875 0.66953125 0.059375 0.0921875
109 0.34375 0.66875 0.1078125 0.1203125
66 0.06796875 0.88671875 0.115625 0.0875