66 0.0953125 0.8671875 0.015625 0.025
109 0.11328125 0.84375 0.0109375 0.03125
60 0.1671875 0.85390625 0.015625 0.0171875
60 0.24140625 0.85234375 0.0109375 0.0140625
13 0.29921875 0.846875 0.0171875 0.0203125
13 0.32421875 0.8 0.009375 0.021875
13 0.346875 0.8046875 0.015625 0.0171875
102 0.0671875 0.62578125 0.009375 0.028125
3 0.1 0.671875 0.0125 0.0234375
3 0.12109375 0.67109375 0.009375 0.01875
13 0.15546875 0.65546875 0.0109375 0.028125
13 0.15703125 0.6078125 0.009375 0.021875
122 0.13671875 0.4390625 0.0140625 0.0375
122 0.1359375 0.4015625 0.0109375 0.0328125
13 0.09921875 0.3046875 0.015625 0.01875
13 0.0984375 0.2046875 0.0140625 0.0125
122 0.209375 0.1921875 0.0125 0.034375
122 0.2078125 0.23046875 0.0140625 0.03125
122 0.20859375 0.30546875 0.0140625 0.034375
122 0.209375 0.3390625 0.0140625 0.028125
13 0.26171875 0.40234375 0.015625 0.0203125
130 0.30078125 0.4109375 0.015625 0.034375
109 0.31875 0.19921875 0.0109375 0.03125
109 0.31796875 0.29453125 0.009375 0.028125
119 0.33984375 0.22734375 0.0109375 0.028125
119 0.3390625 0.3203125 0.0125 0.021875
122 0.42890625 0.33671875 0.0109375 0.028125
21 0.3671875 0.39453125 0.01875 0.0171875
21 0.21015625 0.53125 0.0109375 0.015625
119 0.25078125 0.534375 0.0125 0.0234375
66 0.25 0.58125 0.0140625 0.0234375
21 0.29140625 0.515625 0.0140625 0.0234375
21 0.33046875 0.49375 0.0171875 0.0203125
60 0.38359375 0.546875 0.009375 0.028125
122 0.290625 0.5859375 0.0140625 0.034375
21 0.2109375 0.65390625 0.015625 0.0140625
119 0.2484375 0.659375 0.015625 0.028125
66 0.28359375 0.709375 0.015625 0.0203125
60 0.32109375 0.63125 0.0140625 0.0125
13 0.31484375 0.57890625 0.0125 0.0125
13 0.37109375 0.6109375 0.021875 0.0125
20 0.3640625 0.49453125 0.025 0.04375
20 0.26796875 0.64140625 0.021875 0.040625
20 0.26953125 0.5125 0.021875 0.05
20 0.33828125 0.39296875 0.025 0.046875
20 0.43359375 0.6484375 0.0203125 0.040625
20 0.4328125 0.7046875 0.021875 0.04375
60 0.43359375 0.80078125 0.0171875 0.0171875
21 0.52890625 0.84921875 0.0125 0.028125
21 0.4578125 0.64609375 0.0203125 0.01875
60 0.54921875 0.6296875 0.0171875 0.01875
60 0.5203125 0.49140625 0.0140625 0.01875