109 0.07109375 0.38203125 0.1421875 0.0859375
60 0.31875 0.3359375 0.0625 0.01875
60 0.31796875 0.38046875 0.065625 0.03125
60 0.3234375 0.4921875 0.0625 0.028125
60 0.259375 0.621875 0.05 0.05625
60 0.86796875 0.34453125 0.059375 0.040625
60 0.87109375 0.16640625 0.040625 0.046875
60 0.77421875 0.653125 0.04375 0.05625
60 0.828125 0.63203125 0.05625 0.0375
60 0.778125 0.834375 0.046875 0.04375
60 0.25703125 0.80625 0.04375 0.0640625
120 0.240625 0.71171875 0.0890625 0.05625
120 0.75703125 0.7390625 0.0796875 0.071875
120 0.853125 0.24765625 0.0859375 0.0625