114 0.97890625 0.54453125 0.028125 0.071875
106 0.91328125 0.48203125 0.03125 0.065625
119 0.86484375 0.4765625 0.03125 0.0375
119 0.73828125 0.325 0.034375 0.040625
119 0.728125 0.13828125 0.034375 0.034375
63 0.615625 0.1203125 0.04375 0.0375
20 0.67578125 0.1265625 0.046875 0.065625
13 0.49921875 0.4421875 0.040625 0.040625
13 0.4984375 0.49140625 0.040625 0.053125
13 0.50078125 0.54765625 0.0375 0.0546875
119 0.475 0.609375 0.040625 0.0375
20 0.58828125 0.92734375 0.040625 0.05625
16 0.5453125 0.85859375 0.025 0.0734375
16 0.48671875 0.86015625 0.0265625 0.084375
119 0.35390625 0.80234375 0.0453125 0.05625
119 0.20234375 0.64140625 0.053125 0.071875
20 0.32890625 0.63046875 0.0515625 0.0484375
119 0.396875 0.2984375 0.040625 0.040625
20 0.3015625 0.0484375 0.03125 0.05