60 0.86015625 0.0140625 0.071875 0.028125
102 0.86171875 0.0578125 0.06875 0.0453125
4 0.8609375 0.10546875 0.09375 0.0375
8 0.87109375 0.1421875 0.1 0.04375
32 0.8625 0.1953125 0.075 0.0453125
25 0.865625 0.24765625 0.096875 0.0484375
61 0.85234375 0.2890625 0.10625 0.0375
151 0.85546875 0.3234375 0.125 0.0375
72 0.8484375 0.36953125 0.134375 0.0640625
130 0.8453125 0.44453125 0.134375 0.0484375
119 0.84453125 0.49375 0.096875 0.0515625
11 0.83671875 0.5625 0.134375 0.059375
32 0.72734375 0.64765625 0.084375 0.040625
32 0.72109375 0.7265625 0.059375 0.0640625
97 0.77109375 0.79375 0.153125 0.0515625
114 0.765625 0.8734375 0.075 0.040625
114 0.765625 0.94609375 0.065625 0.0453125
100 0.81328125 0.99140625 0.153125 0.0171875
109 0.2671875 0.9171875 0.1796875 0.078125
109 0.27265625 0.84921875 0.1796875 0.028125
151 0.3234375 0.76015625 0.1265625 0.0375
11 0.328125 0.6765625 0.128125 0.0453125
130 0.33046875 0.61953125 0.1265625 0.059375
106 0.11015625 0.846875 0.078125 0.0609375
136 0.1046875 0.78984375 0.0828125 0.0375
61 0.1046875 0.66875 0.096875 0.059375
99 0.18359375 0.58046875 0.121875 0.05625
13 0.15390625 0.51328125 0.0515625 0.0453125
13 0.15546875 0.46015625 0.05 0.053125
102 0.15 0.38671875 0.046875 0.0453125
95 0.1671875 0.328125 0.128125 0.0375
116 0.1546875 0.28359375 0.1140625 0.03125
8 0.13984375 0.2453125 0.075 0.021875
75 0.17890625 0.20234375 0.10625 0.040625
99 0.17890625 0.140625 0.1125 0.034375
63 0.1609375 0.02890625 0.0515625 0.04375
120 0.1625 0.08203125 0.090625 0.040625
13 0.484375 0.01328125 0.06875 0.025
21 0.4859375 0.05078125 0.0796875 0.0375
21 0.48984375 0.0921875 0.065625 0.0484375
114 0.48359375 0.1296875 0.090625 0.0375
14 0.52421875 0.17265625 0.090625 0.021875
14 0.51640625 0.2109375 0.11875 0.0453125
106 0.50546875 0.2640625 0.1 0.0375
118 0.58125 0.33671875 0.1265625 0.03125
101 0.5171875 0.40625 0.1140625 0.0484375
136 0.475 0.4703125 0.0828125 0.0375
108 0.521875 0.51640625 0.065625 0.034375
109 0.50859375 0.55703125 0.09375 0.03125
109 0.49375 0.59375 0.121875 0.040625
1 0.67734375 0.153125 0.0796875 0.04375
16 0.67109375 0.1 0.075 0.040625
16 0.67578125 0.05703125 0.071875 0.0328125
63 0.678125 0.0171875 0.090625 0.034375