84 0.1765625 0.7828125 0.075 0.078125
85 0.27734375 0.775 0.109375 0.09375
86 0.3734375 0.7765625 0.078125 0.0875
87 0.4546875 0.78359375 0.075 0.08125
89 0.534375 0.78359375 0.053125 0.0671875
90 0.615625 0.78203125 0.0609375 0.059375
103 0.7046875 0.78125 0.0875 0.1
104 0.8 0.77734375 0.09375 0.075
124 0.57578125 0.4203125 0.021875 0.03125
125 0.6890625 0.42734375 0.096875 0.08125
126 0.88515625 0.41875 0.0828125 0.071875
143 0.89921875 0.08203125 0.071875 0.090625
138 0.7359375 0.08046875 0.04375 0.05625
131 0.4734375 0.0828125 0.075 0.065625
129 0.3609375 0.0890625 0.08125 0.09375
128 0.2578125 0.0828125 0.0640625 0.071875
127 0.17734375 0.08515625 0.071875 0.071875