7 0.9875 0.1640625 0.01875 0.0390625
0 0.96796875 0.5765625 0.025 0.0484375
13 0.903125 0.621875 0.01875 0.0453125
13 0.90234375 0.73359375 0.015625 0.046875
21 0.80390625 0.93125 0.0328125 0.0421875
21 0.8 0.621875 0.0328125 0.0328125
119 0.72578125 0.9203125 0.0328125 0.059375
66 0.72421875 0.80078125 0.025 0.0484375
119 0.72578125 0.61171875 0.025 0.0625
66 0.6609375 0.484375 0.025 0.0515625
13 0.62578125 0.1546875 0.025 0.0328125
13 0.58359375 0.25703125 0.015625 0.0484375
13 0.53828125 0.24375 0.025 0.034375
13 0.6 0.80546875 0.028125 0.0390625
122 0.6453125 0.78671875 0.025 0.08125
21 0.6484375 0.9578125 0.025 0.0359375
60 0.5890625 0.67890625 0.025 0.0421875
13 0.4953125 0.7171875 0.028125 0.040625
60 0.46953125 0.8921875 0.01875 0.0484375
21 0.43828125 0.4625 0.0328125 0.0390625
60 0.375 0.2515625 0.028125 0.028125
20 0.375 0.49765625 0.0484375 0.090625
20 0.37734375 0.6421875 0.0453125 0.09375
21 0.32578125 0.64375 0.03125 0.0421875
60 0.15 0.67890625 0.0328125 0.0421875