60 0.9125 0.1859375 0.146875 0.0828125
63 0.74375 0.190625 0.121875 0.096875
13 0.61328125 0.1875 0.090625 0.0765625
114 0.46328125 0.19296875 0.103125 0.0734375
16 0.32734375 0.1875 0.0828125 0.0640625
21 0.146875 0.1921875 0.103125 0.0859375
153 0.92421875 0.5109375 0.121875 0.10625
102 0.603125 0.515625 0.1125 0.0828125
111 0.33125 0.51640625 0.109375 0.090625
79 0.1390625 0.51875 0.246875 0.0703125
1 0.9015625 0.9453125 0.134375 0.0703125
4 0.74921875 0.9546875 0.1484375 0.0609375
8 0.59453125 0.95625 0.096875 0.0546875