60 0.0546875 0.88359375 0.0671875 0.028125
25 0.23046875 0.88359375 0.090625 0.0625
119 0.39296875 0.8875 0.075 0.065625
101 0.565625 0.884375 0.08125 0.0671875
72 0.73671875 0.8875 0.090625 0.0640625
14 0.8734375 0.88828125 0.0515625 0.0671875
14 0.94453125 0.89296875 0.084375 0.06875
116 0.90859375 0.74609375 0.090625 0.075
8 0.74296875 0.74296875 0.0578125 0.0421875
75 0.56484375 0.74921875 0.084375 0.0515625
99 0.39375 0.74296875 0.084375 0.059375
120 0.2265625 0.7484375 0.078125 0.0625
63 0.0578125 0.734375 0.075 0.0375
13 0.0546875 0.59296875 0.078125 0.0453125
13 0.23125 0.58984375 0.078125 0.03125
73 0.3953125 0.58828125 0.0984375 0.0671875
114 0.57265625 0.58828125 0.075 0.0375
114 0.740625 0.578125 0.075 0.025
100 0.91484375 0.584375 0.075 0.0609375
130 0.9078125 0.41953125 0.08125 0.0671875
11 0.73046875 0.41953125 0.071875 0.0578125
118 0.5640625 0.4203125 0.06875 0.053125
16 0.39609375 0.42265625 0.08125 0.03125
16 0.22890625 0.42734375 0.0671875 0.0375
151 0.29921875 0.27734375 0.0640625 0.05625
32 0.5703125 0.26875 0.071875 0.03125
32 0.7375 0.27109375 0.0640625 0.03125
97 0.91015625 0.275 0.0640625 0.0578125
4 0.91484375 0.1296875 0.078125 0.0515625
135 0.7421875 0.14765625 0.053125 0.04375
109 0.59375 0.13359375 0.053125 0.0546875
109 0.52890625 0.13515625 0.053125 0.0546875
153 0.3921875 0.14609375 0.096875 0.0671875
21 0.22421875 0.1328125 0.09375 0.0375
21 0.05703125 0.12890625 0.071875 0.0375
1 0.053125 0.025 0.071875 0.0421875
79 0.23203125 0.02734375 0.078125 0.0484375
111 0.39296875 0.028125 0.078125 0.0421875
61 0.57109375 0.02578125 0.065625 0.0484375
136 0.746875 0.0265625 0.0609375 0.034375
106 0.9125 0.0296875 0.059375 0.0453125
14 0.1796875 0.26875 0.0546875 0.025
102 0.05703125 0.4265625 0.0671875 0.0421875