84 0.28203125 0.19765625 0.078125 0.0765625
85 0.28984375 0.2984375 0.09375 0.109375
86 0.2890625 0.39453125 0.0875 0.078125
87 0.28125 0.4765625 0.08125 0.0765625
89 0.28125 0.55703125 0.06875 0.053125
90 0.2828125 0.63828125 0.059375 0.0609375
103 0.28359375 0.72734375 0.1 0.0875
104 0.28828125 0.82265625 0.0765625 0.09375
124 0.64609375 0.5984375 0.03125 0.021875
125 0.6390625 0.71171875 0.08125 0.0984375
126 0.64765625 0.90859375 0.071875 0.0828125
143 0.96953125 0.92265625 0.0609375 0.0734375
138 0.9796875 0.759375 0.040625 0.04375
131 0.975 0.49609375 0.05 0.0765625
129 0.965625 0.3828125 0.06875 0.08125
128 0.9734375 0.2796875 0.053125 0.0640625
127 0.97265625 0.1984375 0.053125 0.071875