45 0.63203125 0.27578125 0.025 0.06875
45 0.590625 0.275 0.028125 0.065625
45 0.509375 0.26953125 0.03125 0.065625
45 0.46171875 0.27578125 0.0265625 0.0859375
45 0.37890625 0.85625 0.0296875 0.06875
63 0.7953125 0.9578125 0.05 0.05625
45 0.7078125 0.9140625 0.046875 0.06875
63 0.22734375 0.990625 0.046875 0.01875
63 0.303125 0.24453125 0.046875 0.0265625
60 0.4203125 0.2453125 0.0359375 0.046875
60 0.18515625 0.2375 0.034375 0.05
60 0.915625 0.8171875 0.034375 0.0359375
60 0.6734375 0.8140625 0.0359375 0.040625
60 0.1421875 0.8 0.05 0.05
119 0.2375 0.79921875 0.0359375 0.053125
119 0.79296875 0.81796875 0.040625 0.05
102 0.3421875 0.79296875 0.053125 0.059375
8 0.58984375 0.0125 0.0375 0.025