60 0.0203125 0.9 0.040625 0.0296875
25 0.190625 0.90078125 0.09375 0.0671875
119 0.36171875 0.90546875 0.078125 0.06875
101 0.54375 0.9015625 0.0875 0.071875
72 0.7234375 0.90546875 0.09375 0.06875
14 0.86875 0.90625 0.053125 0.071875
14 0.94296875 0.9109375 0.0875 0.0734375
116 0.90546875 0.75625 0.096875 0.078125
8 0.73046875 0.75234375 0.0609375 0.04375
75 0.54296875 0.759375 0.0875 0.053125
99 0.3625 0.75234375 0.0875 0.0625
120 0.18671875 0.75859375 0.08125 0.065625
63 0.0234375 0.74375 0.046875 0.040625
13 0.02265625 0.59375 0.0453125 0.046875
13 0.19140625 0.59140625 0.0828125 0.034375
73 0.3640625 0.58984375 0.103125 0.071875
114 0.55078125 0.58984375 0.078125 0.040625
114 0.728125 0.57890625 0.078125 0.028125
100 0.91171875 0.5859375 0.078125 0.0640625
130 0.90390625 0.41171875 0.0875 0.071875
11 0.71796875 0.41171875 0.075 0.0609375
118 0.5421875 0.4125 0.071875 0.05625
16 0.365625 0.415625 0.0875 0.034375
16 0.1890625 0.4203125 0.071875 0.040625
151 0.2625 0.26171875 0.06875 0.059375
32 0.5484375 0.25234375 0.075 0.034375
32 0.72421875 0.25546875 0.06875 0.03125
97 0.90703125 0.259375 0.06875 0.0609375
4 0.91171875 0.10625 0.0828125 0.053125
135 0.7296875 0.12578125 0.05625 0.046875
109 0.5734375 0.11015625 0.05625 0.0578125
109 0.50546875 0.11171875 0.05625 0.0578125
153 0.3609375 0.1234375 0.1015625 0.071875
21 0.18359375 0.109375 0.0984375 0.0390625
21 0.021875 0.10546875 0.04375 0.040625
1 0.0203125 0.00859375 0.040625 0.0171875
79 0.19140625 0.01171875 0.08125 0.0234375
111 0.3609375 0.01015625 0.08125 0.0203125
61 0.5484375 0.0109375 0.06875 0.021875
136 0.73359375 0.0078125 0.0640625 0.015625
106 0.909375 0.01171875 0.0625 0.0234375
14 0.1375 0.25234375 0.0578125 0.025
102 0.02109375 0.41875 0.0421875 0.04375