84 0.47421875 0.35546875 0.128125 0.1578125
127 0.63125 0.35703125 0.125 0.1578125
87 0.7921875 0.3546875 0.128125 0.1625
86 0.94453125 0.36015625 0.1109375 0.1546875
52 0.31796875 0.359375 0.128125 0.165625
53 0.1578125 0.3515625 0.13125 0.16875
54 0.03125 0.35546875 0.0625 0.1578125
83 0.0296875 0.09453125 0.059375 0.1578125
131 0.15859375 0.09296875 0.13125 0.1578125
128 0.3140625 0.096875 0.128125 0.15625
124 0.47578125 0.0953125 0.13125 0.1625
126 0.63203125 0.09765625 0.128125 0.1546875
129 0.79140625 0.09453125 0.128125 0.1546875
80 0.94296875 0.0953125 0.1125 0.15625
156 0.315625 0.61484375 0.121875 0.1625
174 0.47578125 0.6203125 0.128125 0.1546875