60 0.0875 0.89140625 0.046875 0.05625
66 0.165625 0.89609375 0.05 0.06875
119 0.2421875 0.903125 0.046875 0.078125
98 0.32265625 0.9125 0.05 0.10625
74 0.39921875 0.91015625 0.05 0.103125
141 0.48671875 0.9140625 0.040625 0.1
12 0.57421875 0.89921875 0.04375 0.090625
130 0.671875 0.89921875 0.053125 0.09375
11 0.77109375 0.9078125 0.0921875 0.121875
40 0.896875 0.8546875 0.075 0.078125
43 0.89921875 0.73359375 0.075 0.084375
63 0.0875 0.68828125 0.05 0.071875
67 0.1703125 0.69296875 0.0546875 0.06875
120 0.2421875 0.703125 0.059375 0.071875
99 0.33046875 0.7125 0.0546875 0.10625
75 0.41015625 0.71875 0.046875 0.10625
14 0.48125 0.69296875 0.0265625 0.0875
14 0.52421875 0.6890625 0.046875 0.090625
78 0.59296875 0.69296875 0.053125 0.096875
151 0.678125 0.7109375 0.071875 0.09375
79 0.759375 0.71015625 0.05 0.125
148 0.8046875 0.7140625 0.0359375 0.11875
111 0.79375 0.496875 0.059375 0.078125
102 0.72109375 0.48828125 0.046875 0.0578125
142 0.65390625 0.5 0.046875 0.078125
51 0.59140625 0.5203125 0.040625 0.10625
112 0.50390625 0.5265625 0.053125 0.1
6 0.4078125 0.4953125 0.05 0.046875
95 0.3265625 0.5 0.059375 0.1453125
116 0.25390625 0.496875 0.046875 0.109375
64 0.17265625 0.4890625 0.05 0.09375
8 0.09296875 0.4828125 0.04375 0.071875
13 0.09296875 0.27109375 0.046875 0.0578125
73 0.1796875 0.3046875 0.040625 0.109375
114 0.27734375 0.28046875 0.05 0.05
95 0.36328125 0.30625 0.0328125 0.109375
16 0.4453125 0.26640625 0.046875 0.046875
16 0.52265625 0.275 0.075 0.06875
118 0.5984375 0.2921875 0.046875 0.1
21 0.6828125 0.27734375 0.053125 0.05625
153 0.76796875 0.290625 0.0578125 0.0625
32 0.09140625 0.075 0.04375 0.071875
32 0.14453125 0.0765625 0.04375 0.0578125
97 0.23203125 0.09921875 0.03125 0.1125
109 0.29140625 0.0796875 0.03125 0.0890625
108 0.3625 0.07890625 0.040625 0.075
132 0.459375 0.08828125 0.084375 0.06875
133 0.5734375 0.09140625 0.0625 0.059375
136 0.6828125 0.07890625 0.0640625 0.0875
61 0.7421875 0.07890625 0.025 0.0828125
106 0.79140625 0.096875 0.040625 0.0625
45 0.90234375 0.5140625 0.06875 0.0578125
157 0.90234375 0.39375 0.078125 0.071875
166 0.89765625 0.26171875 0.078125 0.0578125
150 0.89921875 0.1359375 0.103125 0.05625