114 0.9171875 0.60390625 0.0234375 0.04375
106 0.87421875 0.56875 0.03125 0.046875
119 0.8234375 0.5734375 0.0265625 0.0328125
119 0.60546875 0.15859375 0.015625 0.040625
119 0.35859375 0.43828125 0.034375 0.103125
119 0.1765625 0.48828125 0.015625 0.046875
119 0.27265625 0.61171875 0.0328125 0.05
20 0.44921875 0.68828125 0.0328125 0.0546875
16 0.42109375 0.63828125 0.0125 0.040625
16 0.37734375 0.63828125 0.0234375 0.046875
20 0.259375 0.46953125 0.0296875 0.05
66 0.38671875 0.121875 0.0265625 0.053125
66 0.51640625 0.29140625 0.040625 0.05
66 0.5203125 0.1453125 0.0171875 0.0640625
60 0.3703125 0.025 0.034375 0.05