36 0.4234375 0.29375 0.0921875 0.09375
160 0.41953125 0.41171875 0.103125 0.1078125
94 0.4203125 0.5265625 0.0921875 0.1109375
158 0.42421875 0.63671875 0.078125 0.1
44 0.4234375 0.72421875 0.046875 0.0578125
20 0.38984375 0.78671875 0.0390625 0.05
20 0.4546875 0.78359375 0.05 0.075
20 0.4546875 0.84375 0.0578125 0.065625
20 0.3921875 0.84375 0.046875 0.065625
62 0.4140625 0.9234375 0.084375 0.10625
164 0.69375 0.884375 0.0734375 0.16875
164 0.76328125 0.88203125 0.08125 0.1765625
162 0.728125 0.740625 0.1234375 0.08125
154 0.72578125 0.63046875 0.0484375 0.10625
146 0.72890625 0.5375 0.146875 0.0640625
146 0.7234375 0.46875 0.075 0.0953125
17 0.7234375 0.3828125 0.1125 0.065625
70 0.71953125 0.29296875 0.1109375 0.0953125