60 0.98828125 0.79453125 0.0234375 0.0671875
102 0.9484375 0.7953125 0.040625 0.065625
4 0.90390625 0.79453125 0.034375 0.0875
8 0.8703125 0.8046875 0.040625 0.09375
32 0.82109375 0.79609375 0.040625 0.06875
25 0.7734375 0.79921875 0.04375 0.090625
61 0.73515625 0.78671875 0.0375 0.1
151 0.703125 0.78984375 0.034375 0.115625
72 0.66015625 0.78359375 0.059375 0.125
130 0.59140625 0.78046875 0.04375 0.1265625
119 0.5453125 0.7796875 0.046875 0.090625
11 0.4828125 0.77265625 0.05625 0.1265625
32 0.403125 0.671875 0.040625 0.078125
32 0.33046875 0.66640625 0.059375 0.0546875
97 0.26875 0.71171875 0.0484375 0.1421875
114 0.19453125 0.70703125 0.0390625 0.0703125
114 0.128125 0.70703125 0.040625 0.0609375
100 0.06640625 0.75 0.05625 0.1390625
108 0.0421875 0.271875 0.065625 0.08125
109 0.1546875 0.246875 0.071875 0.165625
109 0.2171875 0.2515625 0.0265625 0.165625
151 0.29921875 0.2984375 0.0375 0.115625
11 0.37734375 0.30234375 0.0421875 0.11875
130 0.4296875 0.30546875 0.0546875 0.115625
106 0.21953125 0.1015625 0.05625 0.071875
136 0.27265625 0.096875 0.034375 0.0765625
61 0.384375 0.096875 0.0546875 0.090625
99 0.465625 0.16953125 0.0515625 0.1125
13 0.528125 0.1421875 0.0421875 0.05
13 0.5765625 0.14375 0.05 0.046875
102 0.64453125 0.13828125 0.040625 0.04375
95 0.69921875 0.15390625 0.0359375 0.11875
116 0.73984375 0.14296875 0.0296875 0.10625
8 0.775 0.1296875 0.021875 0.06875
75 0.81484375 0.165625 0.0375 0.1
99 0.87109375 0.165625 0.03125 0.1046875
63 0.975 0.1484375 0.040625 0.05
120 0.92578125 0.15 0.040625 0.0828125
13 0.9890625 0.44765625 0.021875 0.0640625
21 0.9546875 0.44921875 0.034375 0.0734375
21 0.91640625 0.45234375 0.04375 0.0625
114 0.88203125 0.446875 0.0375 0.084375
14 0.8421875 0.484375 0.021875 0.0828125
14 0.80703125 0.4765625 0.040625 0.109375
106 0.7578125 0.46640625 0.034375 0.09375
118 0.690625 0.53671875 0.028125 0.115625
101 0.6265625 0.47734375 0.04375 0.10625
136 0.5671875 0.43828125 0.0375 0.0765625
108 0.525 0.48125 0.03125 0.0609375
109 0.4875 0.46953125 0.028125 0.0875
109 0.45390625 0.45625 0.0375 0.1125
1 0.86015625 0.62578125 0.040625 0.0734375
16 0.90859375 0.61953125 0.0375 0.06875
16 0.94921875 0.6234375 0.03125 0.0671875
63 0.98515625 0.62734375 0.0296875 0.0828125