60 0.91171875 0.01328125 0.075 0.025
25 0.74921875 0.0125 0.071875 0.025
119 0.58984375 0.015625 0.128125 0.03125
98 0.41484375 0.015625 0.13125 0.03125
74 0.24765625 0.0140625 0.1140625 0.028125
14 0.10546875 0.01328125 0.06875 0.0265625
14 0.03046875 0.01953125 0.0609375 0.0390625
102 0.0296875 0.1765625 0.059375 0.071875
95 0.1453125 0.14375 0.0984375 0.1140625
116 0.2515625 0.15 0.075 0.10625
8 0.36015625 0.15 0.0796875 0.06875
75 0.4734375 0.15234375 0.1140625 0.103125
95 0.61953125 0.15078125 0.0734375 0.1109375
120 0.76015625 0.1625 0.0765625 0.075
63 0.91171875 0.175 0.071875 0.0515625
13 0.90078125 0.3546875 0.0875 0.0625
13 0.734375 0.35625 0.096875 0.059375
73 0.5921875 0.3203125 0.090625 0.09375
114 0.38515625 0.34765625 0.1078125 0.0625
114 0.2375 0.3484375 0.1078125 0.05625
100 0.05 0.321875 0.0890625 0.10625
1 0.04609375 0.4765625 0.090625 0.0828125
152 0.20859375 0.48515625 0.090625 0.075
11 0.3515625 0.490625 0.11875 0.096875
130 0.4625 0.4875 0.103125 0.0796875
118 0.62578125 0.503125 0.0875 0.09375
16 0.7640625 0.51796875 0.090625 0.0609375
16 0.89609375 0.52265625 0.0875 0.0609375
32 0.9 0.6859375 0.09375 0.0625
32 0.7828125 0.6875 0.0671875 0.0453125
97 0.621875 0.66328125 0.0625 0.1109375
21 0.42578125 0.66640625 0.090625 0.053125
21 0.234375 0.66953125 0.0875 0.0609375
153 0.06171875 0.6640625 0.121875 0.090625
106 0.03671875 0.8453125 0.0734375 0.071875
61 0.18671875 0.84609375 0.05625 0.0875
111 0.33828125 0.86484375 0.190625 0.059375
108 0.60234375 0.8796875 0.1109375 0.09375
109 0.81171875 0.88671875 0.075 0.103125
109 0.9375 0.878125 0.065625 0.1109375