36 0.4265625 0.26953125 0.09375 0.096875
160 0.42265625 0.3921875 0.10625 0.1125
94 0.4234375 0.51171875 0.09375 0.115625
158 0.428125 0.62578125 0.08125 0.103125
44 0.4265625 0.71640625 0.0484375 0.059375
20 0.3921875 0.78203125 0.040625 0.0515625
20 0.459375 0.778125 0.0515625 0.078125
20 0.459375 0.840625 0.059375 0.06875
20 0.39453125 0.840625 0.0484375 0.06875
62 0.4171875 0.9234375 0.0875 0.109375
164 0.7078125 0.8828125 0.0765625 0.175
164 0.7796875 0.88046875 0.084375 0.184375
162 0.74375 0.73359375 0.128125 0.084375
154 0.74140625 0.61953125 0.05 0.109375
146 0.74453125 0.52265625 0.153125 0.065625
146 0.73828125 0.4515625 0.078125 0.1
17 0.73828125 0.36171875 0.1171875 0.06875
70 0.734375 0.26875 0.115625 0.1