60 0.075 0.11640625 0.065625 0.028125
25 0.24609375 0.11640625 0.0890625 0.0609375
119 0.40390625 0.1125 0.071875 0.0640625
101 0.571875 0.115625 0.0796875 0.065625
72 0.7375 0.1125 0.0859375 0.0625
14 0.87109375 0.11171875 0.05 0.0671875
14 0.93984375 0.10703125 0.0828125 0.0671875
116 0.9046875 0.25 0.0890625 0.071875
8 0.74375 0.253125 0.0578125 0.040625
75 0.57109375 0.246875 0.08125 0.0515625
99 0.4046875 0.253125 0.08125 0.0578125
120 0.2421875 0.24765625 0.075 0.0609375
63 0.078125 0.2609375 0.0734375 0.0375
13 0.075 0.3984375 0.075 0.0453125
13 0.246875 0.4015625 0.0765625 0.03125
73 0.40625 0.403125 0.0953125 0.0671875
114 0.578125 0.403125 0.071875 0.0375
114 0.74140625 0.41328125 0.071875 0.025
100 0.9109375 0.40703125 0.071875 0.0609375
130 0.90390625 0.5671875 0.0796875 0.0671875
11 0.73203125 0.5671875 0.0703125 0.0578125
118 0.5703125 0.56640625 0.0671875 0.0515625
16 0.40703125 0.5640625 0.0796875 0.0328125
16 0.24453125 0.559375 0.065625 0.0359375
151 0.3125 0.70546875 0.0640625 0.0546875
32 0.57578125 0.7140625 0.06875 0.03125
32 0.73828125 0.71171875 0.0640625 0.0296875
97 0.90625 0.7078125 0.0625 0.0546875
4 0.9109375 0.84921875 0.0765625 0.0515625
135 0.74296875 0.83125 0.0515625 0.0421875
109 0.59921875 0.8453125 0.0515625 0.053125
109 0.5359375 0.84375 0.0515625 0.0546875
153 0.403125 0.8328125 0.09375 0.0671875
21 0.23984375 0.84609375 0.090625 0.0359375
21 0.07734375 0.85 0.0703125 0.0375
1 0.0734375 0.95078125 0.06875 0.0421875
79 0.24765625 0.9484375 0.075 0.0484375
111 0.40390625 0.94765625 0.075 0.0421875
61 0.5765625 0.95 0.0640625 0.046875
136 0.74765625 0.94921875 0.059375 0.034375
106 0.90859375 0.94609375 0.0578125 0.0453125
14 0.196875 0.7140625 0.053125 0.0234375
102 0.07734375 0.56015625 0.065625 0.040625