60 0.9921875 0.0140625 0.015625 0.025
1 0.99140625 0.06640625 0.0171875 0.0640625
4 0.99140625 0.1453125 0.0171875 0.065625
66 0.9921875 0.22421875 0.015625 0.0609375
135 0.9921875 0.440625 0.015625 0.06875
135 0.99140625 0.51875 0.0171875 0.06875
8 0.996875 0.73203125 0.00625 0.0484375
7 0.9953125 0.80546875 0.009375 0.0625
66 0.990625 0.87578125 0.01875 0.0578125
102 0.8453125 0.8296875 0.0390625 0.0640625
102 0.8484375 0.8921875 0.0421875 0.0484375
102 0.8453125 0.76328125 0.0359375 0.0578125
14 0.84765625 0.696875 0.0390625 0.05625
60 0.84765625 0.6390625 0.0359375 0.0375
63 0.84609375 0.578125 0.0390625 0.0421875
60 0.84765625 0.384375 0.0375 0.0421875
45 0.846875 0.321875 0.0484375 0.0484375
21 0.846875 0.0671875 0.040625 0.0515625
32 0.68515625 0.015625 0.0453125 0.03125
102 0.684375 0.18515625 0.04375 0.0484375
102 0.68125 0.3078125 0.0453125 0.053125
13 0.684375 0.37890625 0.0390625 0.0453125
13 0.6796875 0.44140625 0.0390625 0.0453125
122 0.68359375 0.55078125 0.0390625 0.0625
102 0.5046875 0.84296875 0.0421875 0.05625
1 0.5046875 0.5640625 0.04375 0.0484375
2 0.5015625 0.49921875 0.0421875 0.05625
0 0.5015625 0.4328125 0.0421875 0.053125
13 0.5015625 0.0109375 0.0421875 0.021875