60 0.07578125 0.0171875 0.0734375 0.028125
66 0.35625 0.015625 0.0546875 0.03125
63 0.64375 0.0140625 0.078125 0.028125
119 0.940625 0.015625 0.0578125 0.03125
11 0.06171875 0.15 0.0609375 0.0375
102 0.35078125 0.15 0.103125 0.040625
16 0.63671875 0.15 0.09375 0.0328125
16 0.94296875 0.153125 0.0515625 0.028125
13 0.06015625 0.29453125 0.0625 0.0375
13 0.346875 0.3 0.103125 0.0453125
25 0.6671875 0.29453125 0.1015625 0.046875
45 0.93359375 0.28671875 0.078125 0.0421875
8 0.9453125 0.43125 0.0484375 0.0359375
21 0.6578125 0.4328125 0.0796875 0.034375
21 0.36484375 0.4296875 0.0859375 0.0359375
50 0.06171875 0.434375 0.065625 0.0328125
64 0.06796875 0.56953125 0.04375 0.05
66 0.34375 0.571875 0.0859375 0.05625
122 0.66015625 0.57578125 0.084375 0.0484375
152 0.9328125 0.58046875 0.0796875 0.0484375
102 0.94453125 0.7015625 0.084375 0.040625
51 0.65234375 0.69921875 0.0703125 0.0453125
98 0.34609375 0.7 0.059375 0.0546875
74 0.05859375 0.70234375 0.0578125 0.0515625
1 0.0625 0.8203125 0.0578125 0.0390625
4 0.36875 0.821875 0.1171875 0.05
61 0.6734375 0.8234375 0.0984375 0.059375
14 0.92734375 0.81171875 0.0984375 0.0734375
136 0.34375 0.95703125 0.1015625 0.0421875
106 0.0609375 0.9546875 0.0859375 0.053125