45 0.640625 0.290625 0.0234375 0.065625
45 0.6015625 0.28984375 0.0265625 0.0625
45 0.52421875 0.28515625 0.0296875 0.0625
45 0.4796875 0.290625 0.025 0.08125
45 0.40078125 0.840625 0.028125 0.065625
63 0.7953125 0.93671875 0.046875 0.053125
45 0.7125 0.8953125 0.04375 0.065625
63 0.2578125 0.9796875 0.04375 0.040625
63 0.32890625 0.2609375 0.04375 0.025
60 0.43984375 0.26171875 0.034375 0.0453125
60 0.2171875 0.2546875 0.0328125 0.046875
60 0.909375 0.803125 0.0328125 0.034375
60 0.6796875 0.80078125 0.034375 0.0390625
60 0.1765625 0.7875 0.046875 0.046875
119 0.2671875 0.78671875 0.034375 0.05
119 0.79296875 0.80390625 0.0375 0.046875
102 0.36640625 0.78046875 0.05 0.05625
8 0.60078125 0.0296875 0.0359375 0.046875