114 0.921875 0.378125 0.021875 0.0421875
106 0.8796875 0.41328125 0.03125 0.0453125
119 0.8296875 0.40859375 0.025 0.0328125
119 0.615625 0.81640625 0.015625 0.0390625
119 0.37265625 0.54140625 0.034375 0.103125
119 0.19296875 0.4921875 0.015625 0.0453125
119 0.2875 0.37109375 0.0328125 0.0484375
20 0.4609375 0.2953125 0.0328125 0.0515625
16 0.43359375 0.34453125 0.0125 0.0421875
16 0.390625 0.34453125 0.021875 0.0453125
20 0.27421875 0.5109375 0.028125 0.0484375
66 0.4 0.85234375 0.0265625 0.0515625
66 0.52734375 0.6859375 0.0390625 0.0484375
66 0.53203125 0.8296875 0.015625 0.0625
60 0.3828125 0.95390625 0.034375 0.059375