114 0.6125 0.91953125 0.0421875 0.021875
106 0.578125 0.878125 0.0453125 0.03125
119 0.5828125 0.828125 0.03125 0.025
119 0.178125 0.615625 0.0375 0.015625
119 0.45078125 0.37578125 0.1015625 0.034375
119 0.5 0.19765625 0.0453125 0.015625
119 0.61953125 0.290625 0.0484375 0.03125
20 0.69453125 0.46328125 0.0515625 0.03125
16 0.64609375 0.4359375 0.0421875 0.0125
16 0.64609375 0.39296875 0.0453125 0.021875
20 0.48125 0.278125 0.0484375 0.028125
66 0.14296875 0.40234375 0.0515625 0.0265625
66 0.3078125 0.52890625 0.0484375 0.0375
66 0.165625 0.5328125 0.0609375 0.0171875
60 0.04296875 0.3859375 0.0578125 0.034375