60 0.02578125 0.08046875 0.05 0.06875
25 0.02109375 0.2421875 0.040625 0.090625
119 0.01875 0.40859375 0.0375 0.0734375
98 0.021875 0.57421875 0.04375 0.08125
74 0.021875 0.74765625 0.04375 0.0765625
14 0.0171875 0.88125 0.034375 0.053125
14 0.02109375 0.96640625 0.040625 0.065625
102 0.18125 0.96953125 0.046875 0.0609375
95 0.17109375 0.8359375 0.109375 0.096875
116 0.178125 0.7328125 0.1 0.0796875
8 0.19296875 0.63046875 0.0546875 0.065625
75 0.15859375 0.51328125 0.0875 0.1
99 0.16171875 0.35859375 0.1 0.09375
120 0.17265625 0.22265625 0.05625 0.0875
63 0.18359375 0.078125 0.04375 0.096875
13 0.3453125 0.078125 0.04375 0.065625
13 0.34453125 0.21875 0.0546875 0.1015625
73 0.32421875 0.35703125 0.09375 0.096875
114 0.34921875 0.63984375 0.0484375 0.08125
114 0.34296875 0.79921875 0.0546875 0.0875
100 0.321875 0.93828125 0.0875 0.0578125
151 0.47421875 0.921875 0.06875 0.0796875
130 0.4734375 0.73203125 0.0875 0.096875
11 0.475 0.640625 0.0765625 0.09375
118 0.478125 0.3640625 0.075 0.090625
16 0.4875 0.21640625 0.0375 0.1125
96 0.47734375 0.5078125 0.090625 0.0875
16 0.4921875 0.08203125 0.040625 0.08125
32 0.66796875 0.0828125 0.0515625 0.06875
32 0.665625 0.21953125 0.040625 0.115625
97 0.64140625 0.3625 0.10625 0.121875
21 0.64921875 0.6265625 0.05 0.0875
21 0.6421875 0.7515625 0.05625 0.103125
153 0.6359375 0.93359375 0.0796875 0.1265625
1 0.8140625 0.9109375 0.05 0.084375
4 0.8125 0.7546875 0.065625 0.1
108 0.79453125 0.41796875 0.053125 0.14375
109 0.81640625 0.18203125 0.096875 0.1125
109 0.8265625 0.0515625 0.0796875 0.09375
79 0.9640625 0.08359375 0.071875 0.065625
111 0.96484375 0.27578125 0.053125 0.1078125
61 0.92890625 0.5625 0.0625 0.1015625
136 0.93203125 0.81640625 0.065625 0.08125
106 0.92421875 0.9265625 0.0625 0.0578125