36 0.70625 0.4234375 0.09375 0.090625
160 0.58828125 0.41953125 0.1078125 0.103125
94 0.4734375 0.4203125 0.1109375 0.090625
158 0.36328125 0.42421875 0.1 0.078125
44 0.27578125 0.4234375 0.05625 0.046875
20 0.21328125 0.38984375 0.05 0.0390625
20 0.21640625 0.4546875 0.075 0.05
20 0.15625 0.4546875 0.065625 0.05625
20 0.15625 0.3921875 0.065625 0.046875
62 0.0765625 0.4140625 0.10625 0.084375
164 0.115625 0.69375 0.16875 0.0734375
164 0.11796875 0.76328125 0.178125 0.08125
162 0.259375 0.728125 0.08125 0.1234375
154 0.36953125 0.72578125 0.10625 0.0484375
146 0.4625 0.72890625 0.0625 0.146875
146 0.53125 0.7234375 0.0953125 0.075
17 0.6171875 0.7234375 0.065625 0.1125
70 0.70703125 0.71953125 0.0953125 0.1109375