84 0.80234375 0.26953125 0.0703125 0.071875
85 0.709375 0.2765625 0.1015625 0.0875
86 0.6203125 0.27578125 0.071875 0.08125
87 0.5453125 0.26875 0.0703125 0.075
89 0.47109375 0.26875 0.05 0.0625
90 0.39609375 0.2703125 0.05625 0.0546875
103 0.3140625 0.27109375 0.08125 0.0921875
104 0.22578125 0.275 0.0875 0.0703125
124 0.4328125 0.6046875 0.0203125 0.028125
125 0.328125 0.5984375 0.090625 0.075
126 0.146875 0.60625 0.0765625 0.0671875
143 0.13359375 0.91796875 0.0671875 0.084375
138 0.28515625 0.91953125 0.040625 0.0515625
131 0.52734375 0.9171875 0.0703125 0.0609375
129 0.63203125 0.91171875 0.075 0.0859375
128 0.72734375 0.9171875 0.059375 0.0671875
127 0.8015625 0.91484375 0.065625 0.065625