60 0.90390625 0.09375 0.06875 0.04375
25 0.75703125 0.08515625 0.065625 0.059375
119 0.61328125 0.08125 0.115625 0.078125
98 0.45546875 0.07109375 0.11875 0.1
74 0.303125 0.06875 0.103125 0.096875
14 0.17578125 0.0734375 0.0625 0.084375
14 0.090625 0.08125 0.0875 0.09375
102 0.08671875 0.2515625 0.0921875 0.065625
95 0.2109375 0.221875 0.0890625 0.103125
116 0.30703125 0.22734375 0.0671875 0.096875
8 0.4046875 0.22734375 0.071875 0.0625
75 0.50703125 0.2296875 0.103125 0.09375
95 0.6390625 0.228125 0.065625 0.1
120 0.76640625 0.2390625 0.06875 0.06875
63 0.903125 0.25 0.0640625 0.046875
13 0.89296875 0.4125 0.0796875 0.05625
13 0.74296875 0.4140625 0.0875 0.053125
73 0.61484375 0.38125 0.08125 0.084375
114 0.42734375 0.40625 0.096875 0.05625
114 0.29453125 0.40703125 0.096875 0.0515625
100 0.125 0.3828125 0.0796875 0.096875
1 0.12109375 0.52265625 0.08125 0.075
152 0.26796875 0.53046875 0.08125 0.06875
11 0.396875 0.53515625 0.10625 0.0875
130 0.49765625 0.5328125 0.09375 0.071875
118 0.64453125 0.546875 0.0796875 0.084375
16 0.76953125 0.56015625 0.08125 0.0546875
16 0.8890625 0.5640625 0.078125 0.0546875
32 0.8921875 0.71171875 0.084375 0.05625
32 0.78671875 0.71328125 0.0609375 0.040625
97 0.64140625 0.69140625 0.05625 0.1
21 0.4640625 0.69375 0.08125 0.0484375
21 0.29140625 0.696875 0.078125 0.0546875
153 0.13203125 0.69296875 0.11875 0.08125
106 0.109375 0.85546875 0.0734375 0.0640625
61 0.2484375 0.85625 0.05 0.0796875
111 0.38515625 0.8734375 0.171875 0.053125
108 0.6234375 0.88671875 0.1 0.084375
109 0.8125 0.89296875 0.06875 0.0921875
109 0.9265625 0.88515625 0.059375 0.1