102 0.0484375 0.66953125 0.0265625 0.034375
102 0.08125 0.72890625 0.015625 0.0578125
102 0.1546875 0.5484375 0.01875 0.0546875
102 0.0390625 0.09765625 0.015625 0.0578125
102 0.1875 0.0859375 0.01875 0.0484375
102 0.1875 0.01796875 0.01875 0.034375
102 0.32109375 0.0515625 0.034375 0.0671875
102 0.2890625 0.45703125 0.021875 0.0484375
102 0.40703125 0.4578125 0.028125 0.053125
102 0.2515625 0.75625 0.03125 0.0421875
102 0.21640625 0.6796875 0.0171875 0.0578125
102 0.58515625 0.82109375 0.040625 0.0484375
102 0.940625 0.78046875 0.04375 0.0875
102 0.93828125 0.49296875 0.03125 0.084375