66 0.0640625 0.1203125 0.065625 0.078125
60 0.20703125 0.13046875 0.075 0.059375
67 0.34765625 0.12265625 0.08125 0.071875
63 0.4875 0.1265625 0.071875 0.0546875
102 0.63984375 0.1265625 0.084375 0.065625
119 0.78203125 0.1203125 0.071875 0.08125
11 0.925 0.11875 0.06875 0.0875
25 0.06015625 0.365625 0.065625 0.06875
21 0.20703125 0.3640625 0.071875 0.071875
21 0.3453125 0.359375 0.08125 0.0609375
16 0.5015625 0.36171875 0.08125 0.084375
45 0.6359375 0.3734375 0.075 0.078125
50 0.7765625 0.371875 0.08125 0.06875
64 0.92109375 0.365625 0.071875 0.0875
135 0.06015625 0.60546875 0.059375 0.0921875
8 0.2 0.60625 0.0609375 0.08125
13 0.3546875 0.60078125 0.08125 0.065625
13 0.4890625 0.6015625 0.0609375 0.0578125
152 0.63359375 0.6046875 0.06875 0.10625
74 0.775 0.6015625 0.071875 0.109375
98 0.92109375 0.59921875 0.0609375 0.096875
122 0.05703125 0.846875 0.071875 0.096875
51 0.20234375 0.83828125 0.075 0.1140625
102 0.3453125 0.85 0.0625 0.0640625
1 0.50078125 0.84921875 0.08125 0.078125
4 0.63359375 0.840625 0.078125 0.084375
61 0.78125 0.8421875 0.06875 0.128125
14 0.9265625 0.84453125 0.071875 0.140625