36 0.46328125 0.7625 0.1 0.103125
160 0.459375 0.63125 0.115625 0.11875
94 0.46015625 0.503125 0.1 0.1234375
158 0.4640625 0.38125 0.0875 0.1109375
44 0.46328125 0.28359375 0.053125 0.0625
20 0.4265625 0.2140625 0.04375 0.05625
20 0.4984375 0.21796875 0.05625 0.084375
20 0.4984375 0.15078125 0.0625 0.071875
20 0.42890625 0.15078125 0.053125 0.071875
62 0.453125 0.0625 0.09375 0.11875
164 0.7640625 0.10625 0.08125 0.1875
164 0.84140625 0.10859375 0.090625 0.196875
162 0.80234375 0.265625 0.1375 0.090625
154 0.79921875 0.38828125 0.053125 0.11875
146 0.803125 0.49140625 0.1625 0.06875
146 0.796875 0.56796875 0.084375 0.10625
17 0.796875 0.66328125 0.125 0.071875
70 0.7921875 0.76328125 0.1234375 0.10625