66 0.88359375 0.08828125 0.028125 0.0171875
109 0.85859375 0.1078125 0.03125 0.0125
60 0.86953125 0.165625 0.01875 0.0171875
60 0.86796875 0.24375 0.0125 0.0125
13 0.86171875 0.30625 0.021875 0.01875
13 0.81171875 0.3328125 0.0234375 0.009375
13 0.8171875 0.35703125 0.0171875 0.0171875
102 0.62578125 0.05859375 0.03125 0.009375
3 0.67578125 0.09296875 0.025 0.0125
3 0.67421875 0.11640625 0.0203125 0.009375
13 0.6578125 0.15234375 0.028125 0.0125
13 0.60703125 0.15390625 0.0234375 0.009375
122 0.4265625 0.13203125 0.0390625 0.0125
122 0.38671875 0.13125 0.034375 0.0125
13 0.2828125 0.0921875 0.0203125 0.0171875
13 0.1765625 0.09140625 0.0125 0.0125
122 0.1625 0.21015625 0.0375 0.0125
122 0.203125 0.20859375 0.034375 0.015625
122 0.28359375 0.209375 0.0375 0.0125
122 0.31953125 0.21015625 0.03125 0.0125
13 0.3875 0.26640625 0.0203125 0.0171875
130 0.396875 0.3078125 0.0375 0.0171875
109 0.1703125 0.32734375 0.03125 0.0125
109 0.271875 0.3265625 0.03125 0.009375
119 0.2 0.34921875 0.03125 0.0125
119 0.3 0.3484375 0.0234375 0.0125
122 0.3171875 0.44375 0.03125 0.009375
21 0.37890625 0.37890625 0.01875 0.0203125
21 0.52421875 0.2109375 0.0171875 0.0125
119 0.528125 0.25390625 0.0234375 0.0125
66 0.578125 0.253125 0.0234375 0.0125
21 0.50859375 0.29765625 0.0234375 0.015625
21 0.484375 0.3390625 0.021875 0.01875
60 0.54140625 0.39609375 0.028125 0.009375
122 0.5828125 0.296875 0.0359375 0.015625
21 0.65625 0.21171875 0.015625 0.0171875
119 0.66171875 0.2515625 0.028125 0.0171875
66 0.715625 0.2890625 0.021875 0.0171875
60 0.63125 0.3296875 0.0125 0.015625
13 0.57578125 0.32265625 0.0125 0.0125
13 0.61015625 0.3828125 0.0125 0.0234375
20 0.4859375 0.37578125 0.046875 0.028125
20 0.6421875 0.27265625 0.04375 0.0234375
20 0.50546875 0.27421875 0.053125 0.0234375
20 0.37734375 0.34765625 0.05 0.028125
20 0.65 0.44921875 0.04375 0.0203125
20 0.71015625 0.4484375 0.046875 0.0234375
60 0.8125 0.44921875 0.01875 0.0171875
21 0.8640625 0.55078125 0.028125 0.0125
21 0.64765625 0.47578125 0.0203125 0.021875
60 0.6296875 0.57265625 0.0203125 0.0171875
60 0.48203125 0.5421875 0.0203125 0.015625