36 0.115625 0.953125 0.23125 0.09375
26 0.39609375 0.953125 0.215625 0.09375
94 0.6609375 0.95390625 0.15 0.0828125
158 0.92421875 0.9546875 0.1515625 0.090625
44 0.075 0.72734375 0.11875 0.075
20 0.36875 0.740625 0.2109375 0.0859375
20 0.64609375 0.74921875 0.153125 0.109375
20 0.921875 0.753125 0.15625 0.115625
20 0.1109375 0.5296875 0.221875 0.115625
62 0.36875 0.53359375 0.190625 0.13125
70 0.64765625 0.51953125 0.209375 0.096875
17 0.91484375 0.49921875 0.1703125 0.0546875
146 0.0953125 0.2875 0.190625 0.121875
146 0.36484375 0.25390625 0.2671875 0.0546875
154 0.640625 0.33046875 0.2015625 0.19375
162 0.91328125 0.2921875 0.1734375 0.1125
164 0.3640625 0.07421875 0.221875 0.1484375
164 0.10234375 0.0671875 0.2046875 0.134375