66 0.9859375 0.85859375 0.0171875 0.028125
109 0.96640625 0.8328125 0.0125 0.0328125
60 0.90703125 0.84375 0.0171875 0.01875
60 0.8265625 0.8421875 0.0125 0.015625
13 0.76328125 0.8359375 0.01875 0.021875
13 0.73515625 0.784375 0.009375 0.025
13 0.7109375 0.78984375 0.0171875 0.01875
3 0.98125 0.6453125 0.0140625 0.025
3 0.9578125 0.64375 0.009375 0.021875
13 0.9203125 0.6265625 0.0125 0.0296875
13 0.91875 0.575 0.009375 0.025
122 0.940625 0.38984375 0.015625 0.040625
122 0.9421875 0.34921875 0.0125 0.034375
13 0.98203125 0.24296875 0.0171875 0.021875
13 0.9828125 0.13359375 0.015625 0.0140625
122 0.8609375 0.11953125 0.0140625 0.0390625
122 0.8625 0.16171875 0.015625 0.034375
122 0.86171875 0.24375 0.015625 0.0390625
122 0.8609375 0.28046875 0.015625 0.03125
13 0.80390625 0.35 0.0171875 0.021875
130 0.7609375 0.359375 0.0171875 0.0375
109 0.74140625 0.12734375 0.0125 0.0328125
109 0.7421875 0.23203125 0.009375 0.03125
119 0.71875 0.1578125 0.0125 0.03125
119 0.71953125 0.26015625 0.0140625 0.025
122 0.621875 0.278125 0.0125 0.03125
21 0.68828125 0.34140625 0.021875 0.01875
21 0.86015625 0.490625 0.0125 0.0171875
119 0.815625 0.49375 0.0140625 0.025
66 0.8171875 0.5453125 0.015625 0.025
21 0.771875 0.47421875 0.015625 0.025
21 0.72890625 0.45 0.01875 0.021875
60 0.67109375 0.5078125 0.009375 0.0296875
122 0.77265625 0.55 0.015625 0.0375
21 0.859375 0.625 0.0171875 0.015625
119 0.81875 0.63125 0.0171875 0.0296875
66 0.78046875 0.6859375 0.0171875 0.021875
60 0.7390625 0.6 0.015625 0.0140625
13 0.7453125 0.5421875 0.0140625 0.0140625
13 0.684375 0.578125 0.025 0.0140625
20 0.6921875 0.45078125 0.028125 0.0484375
20 0.796875 0.6109375 0.025 0.0453125
20 0.7953125 0.4703125 0.025 0.05625
20 0.7203125 0.3390625 0.028125 0.053125
20 0.61640625 0.61875 0.021875 0.0453125
20 0.6171875 0.68046875 0.025 0.0484375
60 0.61640625 0.7859375 0.01875 0.01875
21 0.5125 0.83828125 0.0140625 0.0296875
21 0.5890625 0.61640625 0.021875 0.021875
60 0.48984375 0.5984375 0.01875 0.021875
60 0.52109375 0.446875 0.015625 0.021875