66 0.37734375 0.9453125 0.0375 0.0328125
66 0.340625 0.71171875 0.0484375 0.028125
66 0.45 0.1890625 0.034375 0.03125
66 0.43203125 0.32734375 0.0375 0.028125
66 0.51796875 0.1453125 0.040625 0.028125
66 0.54375 0.015625 0.0453125 0.025
66 0.8296875 0.725 0.034375 0.0375
66 0.94140625 0.83828125 0.0546875 0.040625
20 0.834375 0.67109375 0.075 0.0578125
20 0.58046875 0.27265625 0.0671875 0.0453125
20 0.3234375 0.840625 0.06875 0.065625
20 0.38671875 0.58203125 0.065625 0.0625
152 0.23125 0.634375 0.0453125 0.040625
152 0.22421875 0.5671875 0.0484375 0.04375
152 0.603125 0.325 0.05 0.028125
152 0.546875 0.37421875 0.0421875 0.040625