109 0.071875 0.6203125 0.14375 0.0859375
60 0.31875 0.66484375 0.0609375 0.01875
60 0.31796875 0.62109375 0.065625 0.0296875
60 0.3234375 0.5109375 0.0609375 0.028125
60 0.26015625 0.3828125 0.05 0.05625
60 0.859375 0.65625 0.059375 0.040625
60 0.8625 0.83125 0.0390625 0.046875
60 0.7671875 0.35234375 0.04375 0.0546875
60 0.81953125 0.3734375 0.05625 0.0375
60 0.7703125 0.17421875 0.046875 0.04375
60 0.2578125 0.2015625 0.04375 0.0640625
120 0.24140625 0.29453125 0.0875 0.05625
120 0.75 0.26796875 0.078125 0.071875
120 0.84453125 0.7515625 0.084375 0.0609375