60 0.03046875 0.97578125 0.04375 0.0375
1 0.090625 0.97578125 0.0625 0.040625
4 0.1671875 0.97734375 0.0625 0.04375
66 0.24375 0.97734375 0.059375 0.04375
135 0.4546875 0.975 0.065625 0.0375
135 0.53203125 0.97421875 0.065625 0.040625
8 0.740625 0.97890625 0.046875 0.028125
7 0.81171875 0.978125 0.059375 0.034375
66 0.8796875 0.9734375 0.05625 0.040625
102 0.83515625 0.81875 0.0625 0.0390625
102 0.89609375 0.821875 0.046875 0.040625
102 0.7703125 0.81875 0.05625 0.034375
14 0.70625 0.82109375 0.053125 0.040625
60 0.64921875 0.82109375 0.0375 0.034375
63 0.58984375 0.81953125 0.040625 0.0375
60 0.4015625 0.82109375 0.040625 0.0375
45 0.340625 0.8203125 0.046875 0.046875
21 0.0921875 0.8203125 0.0515625 0.040625
32 0.02890625 0.66328125 0.0578125 0.0453125
102 0.20703125 0.6625 0.0484375 0.04375
102 0.3265625 0.659375 0.053125 0.04375
13 0.39609375 0.6625 0.04375 0.0375
13 0.45703125 0.6578125 0.04375 0.0375
122 0.5640625 0.66171875 0.059375 0.0375
102 0.84921875 0.4875 0.053125 0.0421875
1 0.5765625 0.4875 0.046875 0.04375
2 0.51328125 0.484375 0.053125 0.040625
0 0.4484375 0.484375 0.053125 0.040625
13 0.0328125 0.48515625 0.028125 0.040625