60 0.79921875 0.596875 0.025 0.0390625
66 0.74296875 0.596875 0.0359375 0.05625
63 0.68046875 0.6 0.0328125 0.0453125
119 0.625 0.5984375 0.0421875 0.0515625
11 0.56640625 0.6 0.034375 0.0515625
102 0.503125 0.64453125 0.0328125 0.0484375
102 0.5015625 0.5390625 0.034375 0.0421875
16 0.4421875 0.60078125 0.034375 0.0515625
13 0.38125 0.59765625 0.03125 0.0453125
13 0.32421875 0.596875 0.0328125 0.0390625
25 0.26484375 0.60078125 0.0328125 0.0484375
45 0.184375 0.596875 0.0484375 0.046875
14 0.09453125 0.5984375 0.065625 0.040625
136 0.09453125 0.1109375 0.0625 0.08125
106 0.1609375 0.10625 0.0453125 0.059375
61 0.2265625 0.109375 0.0625 0.0453125
4 0.28515625 0.109375 0.0453125 0.03125
1 0.34453125 0.16875 0.0453125 0.0390625
1 0.34296875 0.059375 0.0375 0.0421875
51 0.40546875 0.109375 0.0515625 0.0484375
98 0.47265625 0.109375 0.059375 0.0453125
74 0.5390625 0.10625 0.046875 0.04375
152 0.6109375 0.1109375 0.059375 0.0421875
122 0.67890625 0.1078125 0.05 0.0515625
7 0.7375 0.1546875 0.05 0.0453125
7 0.74296875 0.06171875 0.034375 0.0390625
21 0.8 0.1609375 0.0328125 0.0515625
21 0.803125 0.0515625 0.0390625 0.0515625