66 0.99140625 0.16875 0.0171875 0.10625
141 0.8546875 0.178125 0.084375 0.0828125
21 0.65703125 0.17890625 0.103125 0.103125
135 0.48203125 0.17421875 0.078125 0.1375
112 0.3078125 0.19453125 0.1078125 0.15625
14 0.13984375 0.18203125 0.071875 0.1640625
61 0.1328125 0.32578125 0.071875 0.121875
8 0.484375 0.325 0.0953125 0.0921875
16 0.65546875 0.3265625 0.10625 0.0953125
60 0.98515625 0.32578125 0.028125 0.0921875
14 0.98359375 0.4671875 0.0328125 0.109375
130 0.8578125 0.478125 0.1 0.1265625
45 0.65859375 0.4671875 0.109375 0.1
13 0.48125 0.4640625 0.103125 0.109375
51 0.30390625 0.4265625 0.1078125 0.159375
102 0.13515625 0.47578125 0.1 0.1125
64 0.13671875 0.66953125 0.0828125 0.1359375
122 0.30625 0.62734375 0.0890625 0.14375
50 0.6609375 0.603125 0.1 0.0921875
25 0.8546875 0.60234375 0.1 0.08125
67 0.9890625 0.59765625 0.021875 0.0890625
63 0.984375 0.7046875 0.03125 0.0921875
21 0.85390625 0.70703125 0.1 0.0890625
114 0.6625 0.7046875 0.103125 0.084375
13 0.48203125 0.7078125 0.1078125 0.0765625
152 0.13828125 0.84375 0.0953125 0.1375
98 0.4796875 0.84609375 0.1015625 0.1265625
74 0.853125 0.84921875 0.103125 0.140625
74 0.98125 0.84453125 0.0375 0.10625