114 0.08359375 0.6203125 0.021875 0.0421875
106 0.12578125 0.5859375 0.03125 0.0453125
119 0.175 0.590625 0.025 0.03125
119 0.3875 0.18671875 0.015625 0.040625
119 0.628125 0.459375 0.034375 0.1015625
119 0.80546875 0.5078125 0.015625 0.0453125
119 0.7125 0.628125 0.03125 0.05
20 0.53984375 0.70234375 0.03125 0.053125
16 0.5671875 0.6546875 0.0125 0.040625
16 0.61015625 0.6546875 0.021875 0.0453125
20 0.725 0.48984375 0.028125 0.05
66 0.60078125 0.15078125 0.025 0.0515625
66 0.47421875 0.315625 0.040625 0.0484375
66 0.4703125 0.1734375 0.015625 0.0625
60 0.6171875 0.05078125 0.034375 0.0578125