60 0.92890625 0.91015625 0.06875 0.028125
25 0.75078125 0.91015625 0.0921875 0.0625
119 0.58671875 0.9140625 0.0765625 0.065625
101 0.4125 0.9109375 0.0828125 0.06875
72 0.240625 0.9140625 0.090625 0.065625
14 0.1015625 0.91484375 0.0515625 0.06875
14 0.0359375 0.91953125 0.071875 0.06875
116 0.06640625 0.77109375 0.0921875 0.075
8 0.23359375 0.76796875 0.059375 0.0421875
75 0.41328125 0.77421875 0.0828125 0.0515625
99 0.5859375 0.76796875 0.084375 0.059375
120 0.7546875 0.7734375 0.078125 0.0625
63 0.925 0.759375 0.075 0.0390625
13 0.92890625 0.6171875 0.078125 0.0453125
13 0.75 0.61328125 0.0796875 0.0328125
73 0.584375 0.61171875 0.1 0.06875
114 0.40546875 0.61171875 0.075 0.0390625
114 0.2359375 0.6015625 0.075 0.025
100 0.06015625 0.6078125 0.075 0.0625
130 0.0671875 0.44140625 0.0828125 0.06875
11 0.24609375 0.44140625 0.071875 0.059375
118 0.4140625 0.4421875 0.06875 0.053125
16 0.58359375 0.44453125 0.0828125 0.0328125
16 0.75234375 0.45 0.06875 0.0390625
151 0.68203125 0.29765625 0.065625 0.05625
32 0.40859375 0.2890625 0.071875 0.0328125
32 0.2390625 0.29140625 0.065625 0.03125
97 0.06484375 0.2953125 0.065625 0.059375
4 0.06015625 0.1484375 0.0796875 0.0515625
135 0.234375 0.1671875 0.053125 0.04375
109 0.38359375 0.15234375 0.053125 0.05625
109 0.45 0.15390625 0.053125 0.05625
153 0.5875 0.165625 0.096875 0.06875
21 0.75703125 0.1515625 0.09375 0.0375
21 0.92578125 0.14765625 0.071875 0.0390625
1 0.93046875 0.04296875 0.071875 0.0421875
79 0.74921875 0.0453125 0.078125 0.0484375
111 0.58671875 0.04609375 0.078125 0.0421875
61 0.4078125 0.04375 0.065625 0.0484375
136 0.2296875 0.04453125 0.0625 0.0359375
106 0.0625 0.04765625 0.059375 0.0453125
14 0.8015625 0.2890625 0.05625 0.025
102 0.92578125 0.44921875 0.06875 0.0421875