36 0.04609375 0.8875 0.090625 0.225
26 0.0453125 0.61953125 0.090625 0.203125
94 0.0453125 0.36796875 0.078125 0.1421875
158 0.04453125 0.10234375 0.0875 0.178125
44 0.259375 0.92265625 0.0703125 0.1125
20 0.246875 0.64453125 0.08125 0.2
20 0.2390625 0.38203125 0.103125 0.1453125
20 0.23671875 0.115625 0.109375 0.159375
20 0.44765625 0.8921875 0.109375 0.215625
62 0.44296875 0.64453125 0.125 0.18125
70 0.45625 0.38046875 0.090625 0.1984375
17 0.4765625 0.10390625 0.0515625 0.2078125
146 0.67734375 0.90703125 0.115625 0.1859375
146 0.7078125 0.6484375 0.0515625 0.253125
154 0.63515625 0.3875 0.1828125 0.190625
162 0.671875 0.1125 0.10625 0.1984375
164 0.88671875 0.64921875 0.15625 0.2109375
164 0.8953125 0.8984375 0.146875 0.196875