60 0.2171875 0.06953125 0.084375 0.1125
13 0.21640625 0.2203125 0.084375 0.1125
16 0.215625 0.375 0.090625 0.1125
114 0.2203125 0.5265625 0.0984375 0.10625
102 0.21171875 0.965625 0.1 0.06875
63 0.375 0.9625 0.09375 0.075
114 0.3796875 0.5265625 0.09375 0.1203125
1 0.36796875 0.071875 0.10625 0.109375
0 0.36640625 0.22578125 0.1 0.084375
3 0.53984375 0.22265625 0.1265625 0.1296875
4 0.54296875 0.07109375 0.1203125 0.1125
102 0.54765625 0.95859375 0.0859375 0.0828125
8 0.7140625 0.20234375 0.09375 0.090625
66 0.9359375 0.07109375 0.1 0.103125
119 0.92734375 0.22421875 0.1125 0.1234375
51 0.91484375 0.3734375 0.13125 0.121875