20 0.10625 0.25546875 0.040625 0.06875
20 0.38125 0.059375 0.0359375 0.0625
20 0.74921875 0.2625 0.040625 0.071875
20 0.59453125 0.6109375 0.040625 0.0625
20 0.415625 0.8953125 0.0375 0.0515625
60 0.46171875 0.8375 0.0203125 0.04375
60 0.484375 0.83359375 0.015625 0.059375
119 0.22421875 0.27890625 0.03125 0.040625
119 0.35546875 0.15234375 0.0203125 0.0359375
119 0.34296875 0.07734375 0.028125 0.0375
119 0.60703125 0.2390625 0.0375 0.04375
119 0.5671875 0.546875 0.0484375 0.0546875
119 0.715625 0.6328125 0.034375 0.0515625
119 0.61484375 0.76875 0.0203125 0.053125
13 0.50546875 0.465625 0.0328125 0.034375
13 0.5078125 0.38828125 0.025 0.034375
13 0.50546875 0.3140625 0.0359375 0.028125
21 0.784375 0.2703125 0.0203125 0.034375
106 0.153125 0.2640625 0.025 0.04375
13 0.42578125 0.06171875 0.03125 0.0515625