63 0.06484375 0.815625 0.04375 0.05625
60 0.1078125 0.778125 0.034375 0.0453125
60 0.1671875 0.81796875 0.0375 0.046875
102 0.20859375 0.77421875 0.0390625 0.0484375
102 0.36015625 0.815625 0.0453125 0.046875
102 0.40234375 0.77109375 0.06875 0.05
102 0.40703125 0.6328125 0.053125 0.071875
16 0.515625 0.775 0.034375 0.053125
16 0.5046875 0.6328125 0.05 0.06875
109 0.84140625 0.83046875 0.1 0.0578125
1 0.07578125 0.240625 0.05625 0.034375
4 0.1671875 0.24375 0.06875 0.0515625
21 0.35546875 0.240625 0.059375 0.0609375
21 0.41640625 0.19921875 0.05625 0.071875
21 0.4109375 0.05390625 0.071875 0.084375
153 0.51328125 0.23515625 0.0921875 0.06875
8 0.66953125 0.2765625 0.078125 0.084375
130 0.9359375 0.24296875 0.1015625 0.121875