60 0.38828125 0.1890625 0.040625 0.0265625
66 0.38828125 0.246875 0.0578125 0.0359375
63 0.38515625 0.31015625 0.046875 0.0328125
119 0.38671875 0.36640625 0.053125 0.04375
11 0.38515625 0.42578125 0.053125 0.034375
102 0.33984375 0.48984375 0.05 0.0328125
102 0.446875 0.49140625 0.04375 0.034375
16 0.384375 0.55234375 0.053125 0.034375
13 0.3875 0.6140625 0.046875 0.03125
13 0.38828125 0.67265625 0.040625 0.0328125
25 0.384375 0.7328125 0.05 0.0328125
45 0.38828125 0.8140625 0.046875 0.05
14 0.38671875 0.90625 0.040625 0.065625
136 0.88203125 0.90625 0.0828125 0.0625
106 0.88671875 0.83828125 0.059375 0.046875
61 0.88359375 0.77109375 0.046875 0.0625
4 0.88359375 0.71171875 0.03125 0.046875
1 0.8234375 0.6515625 0.040625 0.046875
1 0.93515625 0.65234375 0.04375 0.0375
51 0.88359375 0.5890625 0.05 0.053125
98 0.88359375 0.52109375 0.046875 0.0609375
74 0.88671875 0.45390625 0.04375 0.046875
152 0.88203125 0.38046875 0.04375 0.0609375
122 0.88515625 0.31171875 0.053125 0.05
7 0.8375 0.2515625 0.046875 0.05
7 0.93203125 0.246875 0.040625 0.034375
21 0.83203125 0.18828125 0.053125 0.0328125
21 0.9421875 0.1859375 0.053125 0.040625