20 0.134375 0.26171875 0.0390625 0.065625
20 0.396875 0.07421875 0.0328125 0.059375
20 0.74765625 0.26875 0.0390625 0.06875
20 0.6 0.60078125 0.0390625 0.059375
20 0.4296875 0.871875 0.0359375 0.05
60 0.47265625 0.8171875 0.01875 0.04375
60 0.4953125 0.81328125 0.015625 0.05625
119 0.246875 0.284375 0.0296875 0.0390625
119 0.371875 0.16328125 0.01875 0.034375
119 0.36015625 0.0921875 0.0265625 0.0359375
119 0.6125 0.24609375 0.0359375 0.04375
119 0.5734375 0.53984375 0.046875 0.053125
119 0.715625 0.621875 0.0328125 0.05
119 0.61953125 0.7515625 0.01875 0.05
13 0.51484375 0.4625 0.03125 0.0328125
13 0.5171875 0.38828125 0.021875 0.0328125
13 0.51484375 0.31796875 0.034375 0.0265625
21 0.78125 0.2765625 0.01875 0.0328125
106 0.17890625 0.26953125 0.021875 0.040625
13 0.4390625 0.07734375 0.0296875 0.05