60 0.9453125 0.97578125 0.05 0.0484375
25 0.95703125 0.82109375 0.0609375 0.0921875
119 0.9625 0.65234375 0.0640625 0.075
98 0.9625 0.48359375 0.075 0.0828125
74 0.9625 0.3078125 0.075 0.078125
14 0.9671875 0.16953125 0.065625 0.05625
14 0.9625 0.071875 0.075 0.09375
102 0.784375 0.0703125 0.046875 0.08125
95 0.7953125 0.21796875 0.1125 0.1
116 0.7890625 0.32265625 0.103125 0.08125
8 0.7734375 0.4265625 0.05625 0.0671875
75 0.80859375 0.5453125 0.090625 0.103125
99 0.8046875 0.70234375 0.1015625 0.09375
120 0.79375 0.84140625 0.0578125 0.090625
63 0.7828125 0.96953125 0.0453125 0.0609375
13 0.61796875 0.978125 0.04375 0.04375
13 0.61875 0.8453125 0.05625 0.103125
73 0.63984375 0.7046875 0.09375 0.1
114 0.61484375 0.4171875 0.05 0.0828125
114 0.62109375 0.2546875 0.05625 0.090625
100 0.6421875 0.11328125 0.0875 0.059375
151 0.4875 0.1296875 0.071875 0.0828125
130 0.48828125 0.3234375 0.090625 0.096875
11 0.48671875 0.41640625 0.0796875 0.09375
118 0.4828125 0.69765625 0.075 0.090625
16 0.4734375 0.846875 0.0375 0.115625
96 0.48359375 0.5515625 0.090625 0.0875
16 0.46953125 0.97109375 0.040625 0.0578125
32 0.2921875 0.975 0.053125 0.05
32 0.29296875 0.84453125 0.0421875 0.11875
97 0.3171875 0.69921875 0.1078125 0.1234375
21 0.309375 0.43046875 0.05 0.0875
21 0.31640625 0.303125 0.05625 0.1046875
153 0.32265625 0.11796875 0.08125 0.1296875
1 0.1421875 0.14140625 0.05 0.0859375
4 0.14375 0.3 0.0671875 0.1015625
108 0.1609375 0.64296875 0.053125 0.1453125
109 0.1390625 0.8828125 0.096875 0.115625
109 0.1296875 0.98359375 0.08125 0.0328125
79 0.0125 0.975 0.025 0.05
111 0.00859375 0.78828125 0.0171875 0.1109375
61 0.0296875 0.49609375 0.059375 0.103125
136 0.028125 0.23828125 0.05625 0.084375
106 0.03125 0.12578125 0.0625 0.059375