66 0.065625 0.38046875 0.03125 0.0375
66 0.29296875 0.3453125 0.0265625 0.046875
66 0.80078125 0.4515625 0.0296875 0.034375
66 0.66640625 0.43359375 0.028125 0.0375
66 0.84296875 0.5171875 0.028125 0.0390625
66 0.96953125 0.5421875 0.025 0.04375
66 0.2796875 0.8203125 0.0375 0.0328125
66 0.16953125 0.92890625 0.0390625 0.053125
20 0.33203125 0.825 0.05625 0.0734375
20 0.71953125 0.578125 0.04375 0.065625
20 0.1671875 0.328125 0.0640625 0.0671875
20 0.41875 0.38984375 0.0609375 0.0640625
152 0.36796875 0.2390625 0.0390625 0.04375
152 0.4328125 0.23203125 0.0421875 0.046875
152 0.66875 0.6 0.028125 0.0484375
152 0.6203125 0.5453125 0.0390625 0.040625