21 0.1734375 0.275 0.0328125 0.03125
13 0.06328125 0.275 0.0296875 0.05
13 0.06171875 0.3921875 0.015625 0.0515625
21 0.17421875 0.59765625 0.0375 0.04375
21 0.3390625 0.62578125 0.03125 0.04375
21 0.42265625 0.68828125 0.0265625 0.0390625
21 0.4984375 0.9484375 0.0375 0.04375
21 0.6859375 0.296875 0.0265625 0.0296875
21 0.5625 0.1125 0.040625 0.04375
119 0.25625 0.26875 0.0296875 0.075
119 0.25625 0.584375 0.03125 0.065625
122 0.01796875 0.82734375 0.0328125 0.0859375
122 0.0203125 0.9296875 0.025 0.0796875
13 0.27890625 0.91953125 0.0375 0.04375
130 0.36171875 0.903125 0.0359375 0.0890625
122 0.3390625 0.45234375 0.0390625 0.0875
13 0.3875 0.46328125 0.0296875 0.04375
60 0.40234375 0.33125 0.028125 0.04375
66 0.32421875 0.128125 0.0328125 0.059375
13 0.4984375 0.37734375 0.0359375 0.046875
60 0.53046875 0.5546875 0.0203125 0.059375
60 0.81875 0.696875 0.028125 0.0359375
60 0.87109375 0.33515625 0.0328125 0.034375
20 0.63203125 0.1484375 0.059375 0.09375
20 0.625 0.29375 0.0625 0.09375
20 0.48671875 0.69609375 0.0515625 0.084375
20 0.296875 0.628125 0.05 0.096875
20 0.28984375 0.3140625 0.046875 0.0953125