20 0.15 0.74609375 0.0375 0.0625
20 0.4 0.92421875 0.03125 0.05625
20 0.734375 0.7390625 0.0375 0.065625
20 0.59375 0.42265625 0.0375 0.05625
20 0.43125 0.1640625 0.034375 0.046875
60 0.47265625 0.21640625 0.01875 0.0421875
60 0.49375 0.2203125 0.0140625 0.053125
119 0.25703125 0.72421875 0.0296875 0.0359375
119 0.3765625 0.83984375 0.01875 0.0328125
119 0.36484375 0.9078125 0.025 0.0359375
119 0.60546875 0.7609375 0.0359375 0.0390625
119 0.56875 0.48046875 0.04375 0.05
119 0.70390625 0.40234375 0.03125 0.046875
119 0.6125 0.27890625 0.01875 0.0484375
13 0.5125 0.5546875 0.0296875 0.03125
13 0.51484375 0.625 0.021875 0.0328125
13 0.5125 0.6921875 0.0328125 0.025
21 0.76640625 0.73203125 0.0203125 0.03125
106 0.1921875 0.73828125 0.021875 0.0390625
13 0.440625 0.921875 0.0296875 0.046875