60 0.79609375 0.6328125 0.028125 0.040625
66 0.7375 0.6328125 0.0375 0.059375
63 0.67265625 0.6359375 0.034375 0.046875
119 0.61484375 0.634375 0.04375 0.053125
11 0.55390625 0.6359375 0.034375 0.053125
102 0.48828125 0.6828125 0.034375 0.05
102 0.48671875 0.57265625 0.034375 0.04375
16 0.425 0.63671875 0.034375 0.053125
13 0.36171875 0.63359375 0.03125 0.046875
13 0.3015625 0.6328125 0.034375 0.040625
25 0.23984375 0.63671875 0.034375 0.05
45 0.15625 0.6328125 0.05 0.05
14 0.0625 0.634375 0.0671875 0.040625
136 0.0625 0.12734375 0.0640625 0.084375
106 0.13203125 0.12265625 0.046875 0.0609375
61 0.2 0.12578125 0.0640625 0.046875
4 0.2609375 0.12578125 0.046875 0.03125
1 0.32265625 0.1875 0.046875 0.040625
1 0.321875 0.0734375 0.0390625 0.0453125
51 0.38671875 0.12578125 0.0546875 0.05
98 0.45625 0.12578125 0.0625 0.046875
74 0.525 0.12265625 0.05 0.0453125
152 0.60078125 0.12734375 0.0625 0.04375
122 0.6703125 0.12421875 0.053125 0.05625
7 0.73203125 0.1734375 0.053125 0.046875
7 0.7375 0.07578125 0.034375 0.0421875
21 0.79765625 0.17890625 0.034375 0.053125
21 0.8 0.065625 0.040625 0.053125