36 0.5765625 0.29375 0.090625 0.09375
160 0.58046875 0.41171875 0.103125 0.1078125
94 0.5796875 0.5265625 0.090625 0.1109375
158 0.57578125 0.63671875 0.078125 0.1
44 0.5765625 0.72421875 0.046875 0.05625
20 0.61015625 0.78671875 0.0390625 0.05
20 0.5453125 0.78359375 0.05 0.075
20 0.5453125 0.84375 0.05625 0.065625
20 0.6078125 0.84375 0.046875 0.065625
62 0.5859375 0.9234375 0.084375 0.10625
164 0.30625 0.884375 0.071875 0.16875
164 0.23671875 0.88203125 0.08125 0.178125
162 0.271875 0.740625 0.1234375 0.08125
154 0.27421875 0.63046875 0.0484375 0.10625
146 0.27109375 0.5375 0.146875 0.0625
146 0.2765625 0.46875 0.075 0.0953125
17 0.2765625 0.3828125 0.1125 0.065625
70 0.28046875 0.29296875 0.1109375 0.0953125