60 0.21328125 0.00703125 0.0703125 0.0125
102 0.21171875 0.0421875 0.065625 0.04375
4 0.2125 0.08828125 0.090625 0.0375
8 0.20234375 0.1234375 0.096875 0.040625
32 0.2109375 0.175 0.071875 0.04375
25 0.2078125 0.225 0.09375 0.046875
61 0.22109375 0.26484375 0.103125 0.0375
151 0.2171875 0.2984375 0.1203125 0.034375
72 0.22421875 0.3421875 0.1296875 0.0625
130 0.22734375 0.41484375 0.1296875 0.046875
119 0.228125 0.4625 0.09375 0.05
11 0.2359375 0.528125 0.1296875 0.05625
32 0.340625 0.6109375 0.08125 0.040625
32 0.346875 0.68671875 0.05625 0.0625
97 0.29921875 0.7515625 0.1484375 0.05
114 0.30390625 0.828125 0.0734375 0.040625
114 0.30390625 0.8984375 0.0625 0.04375
100 0.259375 0.9625 0.146875 0.05625
108 0.759375 0.97734375 0.084375 0.0453125
109 0.784375 0.8703125 0.1734375 0.0734375
109 0.77890625 0.8046875 0.1734375 0.0265625
151 0.7296875 0.71953125 0.121875 0.0375
11 0.72578125 0.63828125 0.1234375 0.04375
130 0.7234375 0.58359375 0.121875 0.05625
106 0.9359375 0.80234375 0.075 0.059375
136 0.940625 0.74765625 0.0796875 0.034375
61 0.940625 0.63046875 0.09375 0.05625
99 0.86484375 0.54609375 0.115625 0.053125
13 0.89296875 0.48046875 0.05 0.04375
13 0.89140625 0.4296875 0.0484375 0.0515625
102 0.89765625 0.359375 0.0453125 0.04375
95 0.88046875 0.30234375 0.1234375 0.0375
116 0.8921875 0.26015625 0.109375 0.0296875
8 0.90703125 0.2234375 0.071875 0.021875
75 0.86953125 0.18203125 0.103125 0.0375
99 0.86953125 0.12265625 0.109375 0.034375
63 0.8875 0.01796875 0.05 0.0359375
120 0.88515625 0.065625 0.0875 0.040625
13 0.5765625 0.00703125 0.065625 0.0125
21 0.5734375 0.0359375 0.0765625 0.0375
21 0.5703125 0.07578125 0.0625 0.046875
114 0.57578125 0.11171875 0.0875 0.0375
14 0.53671875 0.153125 0.0875 0.0203125
14 0.54453125 0.18984375 0.115625 0.04375
106 0.5546875 0.240625 0.096875 0.0375
118 0.48203125 0.3109375 0.121875 0.0296875
101 0.54296875 0.378125 0.109375 0.046875
136 0.584375 0.43984375 0.0796875 0.0375
108 0.5390625 0.484375 0.0625 0.034375
109 0.5515625 0.5234375 0.090625 0.0296875
109 0.565625 0.55859375 0.115625 0.040625
1 0.3890625 0.134375 0.0765625 0.040625
16 0.3953125 0.08359375 0.071875 0.040625
16 0.390625 0.04140625 0.0703125 0.03125
63 0.38984375 0.01015625 0.0875 0.0203125