36 0.1125 0.04375 0.225 0.0875
26 0.38046875 0.04296875 0.2046875 0.0859375
94 0.634375 0.040625 0.14375 0.078125
158 0.90078125 0.0421875 0.1796875 0.084375
44 0.0765625 0.25625 0.1125 0.071875
20 0.35625 0.24375 0.2015625 0.084375
20 0.6203125 0.2359375 0.146875 0.103125
20 0.88828125 0.23359375 0.159375 0.1125
20 0.1078125 0.4453125 0.215625 0.109375
62 0.35625 0.44140625 0.184375 0.125
70 0.621875 0.4546875 0.2 0.09375
17 0.89765625 0.47421875 0.2046875 0.0515625
146 0.09296875 0.67578125 0.184375 0.115625
146 0.35234375 0.7078125 0.25625 0.0515625
154 0.61484375 0.634375 0.19375 0.184375
162 0.89140625 0.67109375 0.2 0.109375
164 0.3515625 0.8875 0.2125 0.15625
164 0.10078125 0.89609375 0.1984375 0.15