13 0.54453125 0.87421875 0.009375 0.0125
13 0.54453125 0.84296875 0.0140625 0.0125
13 0.43828125 0.85078125 0.009375 0.0125
13 0.4390625 0.83359375 0.0140625 0.009375
1 0.821875 0.6109375 0.009375 0.01875
119 0.82421875 0.58203125 0.009375 0.0171875
102 0.7890625 0.5875 0.015625 0.0140625
119 0.84765625 0.484375 0.009375 0.021875
102 0.684375 0.59453125 0.00625 0.015625
102 0.66953125 0.59453125 0.0125 0.0171875
13 0.8234375 0.4140625 0.009375 0.0140625
13 0.703125 0.41328125 0.0140625 0.015625
13 0.81484375 0.38125 0.009375 0.0125
13 0.69296875 0.38203125 0.0140625 0.0125
13 0.77265625 0.31484375 0.009375 0.0125
20 0.83359375 0.31171875 0.08125 0.0625
20 0.7 0.31328125 0.0625 0.0609375
13 0.65234375 0.31640625 0.0125 0.0140625
13 0.59140625 0.64453125 0.0125 0.015625
13 0.446875 0.71015625 0.0125 0.015625
13 0.46953125 0.61171875 0.0125 0.0125
13 0.46875 0.56171875 0.0140625 0.0140625
1 0.46328125 0.428125 0.0125 0.0140625
119 0.48359375 0.41484375 0.009375 0.021875
13 0.5484375 0.440625 0.009375 0.0171875
13 0.546875 0.4625 0.009375 0.009375
13 0.47265625 0.253125 0.0140625 0.0171875
14 0.23203125 0.28125 0.0125 0.0125
119 0.18203125 0.34765625 0.0140625 0.021875
1 0.18203125 0.4875 0.009375 0.015625
1 0.109375 0.48828125 0.009375 0.0125
119 0.11015625 0.46796875 0.0125 0.021875
60 0.29140625 0.74296875 0.009375 0.0171875
13 0.20703125 0.79375 0.009375 0.009375
13 0.20703125 0.8265625 0.009375 0.009375
13 0.20625 0.74375 0.009375 0.0171875
13 0.1703125 0.69375 0.0125 0.0125