66 0.9328125 0.3765625 0.03125 0.0375
66 0.70078125 0.340625 0.028125 0.046875
66 0.18125 0.44921875 0.03125 0.034375
66 0.31875 0.43046875 0.028125 0.0375
66 0.13828125 0.515625 0.028125 0.040625
66 0.01171875 0.540625 0.0234375 0.04375
66 0.7140625 0.82578125 0.0375 0.034375
66 0.8265625 0.93671875 0.040625 0.0546875
20 0.66015625 0.83046875 0.0578125 0.075
20 0.2640625 0.578125 0.04375 0.0671875
20 0.82890625 0.32265625 0.065625 0.06875
20 0.571875 0.3859375 0.0625 0.065625
152 0.6234375 0.23125 0.040625 0.04375
152 0.5578125 0.22421875 0.04375 0.046875
152 0.31640625 0.60078125 0.028125 0.05
152 0.365625 0.54453125 0.040625 0.040625