60 0.98984375 0.23359375 0.0203125 0.0734375
102 0.9484375 0.23125 0.0453125 0.06875
4 0.90078125 0.23203125 0.0375 0.09375
8 0.86484375 0.22109375 0.04375 0.1
32 0.8109375 0.2296875 0.0453125 0.075
25 0.75859375 0.2265625 0.0484375 0.096875
61 0.7171875 0.240625 0.0375 0.1078125
151 0.68203125 0.23671875 0.0375 0.125
72 0.6359375 0.24375 0.0640625 0.134375
130 0.5609375 0.24765625 0.0484375 0.134375
119 0.5109375 0.2484375 0.053125 0.096875
11 0.44296875 0.25625 0.059375 0.134375
32 0.35703125 0.365625 0.040625 0.084375
32 0.278125 0.371875 0.0640625 0.059375
97 0.21015625 0.321875 0.053125 0.1546875
114 0.13046875 0.32734375 0.040625 0.0765625
114 0.05703125 0.32734375 0.0453125 0.065625
100 0.0109375 0.28125 0.021875 0.153125
109 0.08671875 0.82734375 0.078125 0.1796875
109 0.1546875 0.821875 0.028125 0.18125
151 0.24375 0.77109375 0.0375 0.1265625
11 0.328125 0.76640625 0.0453125 0.128125
130 0.38515625 0.7640625 0.059375 0.1265625
106 0.15703125 0.9734375 0.0609375 0.053125
136 0.2140625 0.975 0.0375 0.05
61 0.33671875 0.97109375 0.059375 0.05625
99 0.42421875 0.91171875 0.05625 0.121875
13 0.4921875 0.940625 0.0453125 0.053125
13 0.5453125 0.9390625 0.053125 0.05
102 0.61875 0.9453125 0.0453125 0.046875
95 0.678125 0.928125 0.0375 0.128125
116 0.721875 0.93984375 0.03125 0.115625
8 0.76015625 0.9546875 0.021875 0.075
75 0.80390625 0.915625 0.040625 0.1078125
99 0.865625 0.915625 0.034375 0.1125
63 0.978125 0.934375 0.04375 0.053125
120 0.92421875 0.93203125 0.040625 0.090625
13 0.990625 0.6109375 0.01875 0.06875
21 0.95546875 0.6078125 0.0375 0.0796875
21 0.9140625 0.60390625 0.0484375 0.065625
114 0.8765625 0.61015625 0.0375 0.0921875
14 0.83359375 0.56953125 0.021875 0.090625
14 0.7953125 0.57734375 0.0453125 0.11875
106 0.7421875 0.58828125 0.0375 0.1
118 0.66953125 0.5125 0.03125 0.1265625
101 0.59921875 0.5765625 0.0484375 0.115625
136 0.534375 0.61875 0.0375 0.084375
108 0.4890625 0.571875 0.034375 0.065625
109 0.44765625 0.58515625 0.03125 0.09375
109 0.41171875 0.6 0.040625 0.121875
1 0.853125 0.415625 0.04375 0.0796875
16 0.90625 0.421875 0.040625 0.075
16 0.95 0.4171875 0.0328125 0.071875
63 0.9859375 0.41640625 0.028125 0.090625