21 0.828125 0.725 0.0375 0.034375
13 0.94609375 0.725 0.03125 0.053125
13 0.94765625 0.6 0.015625 0.053125
21 0.82734375 0.38046875 0.040625 0.046875
21 0.6515625 0.35078125 0.034375 0.046875
21 0.5625 0.284375 0.028125 0.040625
21 0.48203125 0.01484375 0.040625 0.0296875
21 0.28203125 0.7015625 0.028125 0.0296875
21 0.41328125 0.8984375 0.04375 0.046875
119 0.73984375 0.73203125 0.0296875 0.0796875
119 0.73984375 0.3953125 0.034375 0.0703125
122 0.98828125 0.1359375 0.0234375 0.090625
122 0.9890625 0.034375 0.021875 0.06875
13 0.715625 0.0375 0.040625 0.046875
130 0.62734375 0.0546875 0.0375 0.09375
122 0.6515625 0.5359375 0.04375 0.09375
13 0.6 0.52421875 0.03125 0.046875
60 0.584375 0.66484375 0.0296875 0.046875
66 0.6671875 0.88203125 0.034375 0.0640625
13 0.48203125 0.615625 0.0375 0.05
60 0.44765625 0.4265625 0.0234375 0.0625
60 0.13984375 0.275 0.0296875 0.040625
60 0.084375 0.6609375 0.034375 0.0375
20 0.3390625 0.86015625 0.0625 0.1
20 0.346875 0.7046875 0.065625 0.1
20 0.49453125 0.27578125 0.05625 0.090625
20 0.696875 0.3484375 0.053125 0.103125
20 0.70390625 0.68359375 0.05 0.103125