60 0.08125 0.74296875 0.0359375 0.040625
66 0.16328125 0.7484375 0.0453125 0.05
119 0.24609375 0.75234375 0.0375 0.0625
98 0.3265625 0.76171875 0.0375 0.0703125
74 0.41328125 0.75625 0.0390625 0.0703125
141 0.496875 0.7609375 0.05 0.075
12 0.58671875 0.75390625 0.04375 0.0609375
63 0.6828125 0.9125 0.0546875 0.040625
67 0.81875 0.91171875 0.06875 0.059375
130 0.6828125 0.7578125 0.0609375 0.0765625
11 0.78125 0.75546875 0.0640625 0.0828125
40 0.925 0.7140625 0.0765625 0.0609375
43 0.92421875 0.6234375 0.0796875 0.0703125
63 0.07890625 0.58828125 0.0484375 0.0375
67 0.1625 0.59453125 0.0484375 0.04375
120 0.24921875 0.59765625 0.0578125 0.0703125
99 0.33046875 0.60703125 0.040625 0.0796875
75 0.41328125 0.60859375 0.0578125 0.0765625
14 0.49375 0.59140625 0.025 0.05625
14 0.5359375 0.58671875 0.053125 0.0625
78 0.60078125 0.5953125 0.0578125 0.08125
151 0.696875 0.60234375 0.04375 0.0609375
79 0.78046875 0.60625 0.0375 0.0765625
148 0.8296875 0.6046875 0.040625 0.08125
112 0.51953125 0.45859375 0.040625 0.0765625
51 0.60546875 0.46015625 0.046875 0.0765625
142 0.67109375 0.44296875 0.046875 0.04375
102 0.740625 0.440625 0.046875 0.034375
111 0.815625 0.440625 0.05 0.046875
6 0.41171875 0.44296875 0.0546875 0.05
95 0.3328125 0.453125 0.0375 0.0875
116 0.25 0.4390625 0.04375 0.08125
64 0.1671875 0.4359375 0.0390625 0.0671875
8 0.08125 0.43359375 0.0515625 0.0546875
13 0.08515625 0.275 0.05 0.04375
73 0.17734375 0.29765625 0.0375 0.0828125
114 0.27578125 0.27578125 0.046875 0.046875
100 0.36484375 0.29609375 0.0359375 0.0765625
16 0.453125 0.2734375 0.040625 0.04375
16 0.53359375 0.26953125 0.04375 0.0375
118 0.6140625 0.2890625 0.04375 0.071875
21 0.7 0.28359375 0.0609375 0.040625
153 0.78828125 0.28828125 0.05 0.046875
32 0.07734375 0.1203125 0.05 0.040625
32 0.14140625 0.12109375 0.040625 0.03125
97 0.2296875 0.1390625 0.034375 0.0828125
109 0.28984375 0.1296875 0.03125 0.0625
108 0.36640625 0.13203125 0.053125 0.0703125
132 0.47578125 0.1328125 0.0671875 0.05
133 0.5875 0.13671875 0.0703125 0.05
136 0.6953125 0.134375 0.0578125 0.05
61 0.7609375 0.134375 0.040625 0.0609375
106 0.81875 0.13515625 0.03125 0.05625
150 0.9265625 0.16640625 0.05 0.028125
166 0.92734375 0.26328125 0.040625 0.0375
157 0.92734375 0.36171875 0.0546875 0.040625
45 0.925 0.46015625 0.05 0.0546875