60 0.32890625 0.08359375 0.025 0.0421875
60 0.41171875 0.084375 0.034375 0.0390625
60 0.3296875 0.3703125 0.034375 0.025
60 0.44296875 0.5734375 0.028125 0.0484375
60 0.5703125 0.2796875 0.034375 0.028125
60 0.5703125 0.1578125 0.0421875 0.028125
60 0.6546875 0.1828125 0.034375 0.025
60 0.653125 0.278125 0.034375 0.028125
60 0.6546875 0.41796875 0.0375 0.021875
60 0.6515625 0.5546875 0.034375 0.028125
60 0.80625 0.3734375 0.025 0.0390625
102 0.82734375 0.309375 0.0453125 0.0484375
102 0.8296875 0.24375 0.0421875 0.034375
102 0.82734375 0.1640625 0.0421875 0.0453125
102 0.828125 0.075 0.0375 0.0421875
60 0.77734375 0.61875 0.028125 0.034375
60 0.80078125 0.61875 0.015625 0.0375
60 0.8234375 0.61875 0.021875 0.0390625
60 0.8484375 0.61953125 0.025 0.0390625
60 0.87109375 0.61953125 0.021875 0.034375
60 0.646875 0.79765625 0.028125 0.040625
60 0.5390625 0.7859375 0.0421875 0.025
60 0.4390625 0.78203125 0.0390625 0.03125
60 0.41328125 0.65625 0.04375 0.025
60 0.265625 0.7921875 0.021875 0.0421875
60 0.0140625 0.37734375 0.028125 0.0390625