21 0.17265625 0.728125 0.034375 0.03125
13 0.06171875 0.728125 0.0296875 0.05
13 0.06015625 0.61015625 0.015625 0.05
21 0.1734375 0.403125 0.0375 0.04375
21 0.33984375 0.375 0.03125 0.04375
21 0.4234375 0.31171875 0.0265625 0.0390625
21 0.5 0.05 0.0375 0.04375
21 0.6890625 0.70625 0.0265625 0.028125
21 0.56484375 0.89140625 0.040625 0.04375
119 0.25625 0.734375 0.028125 0.075
119 0.25625 0.41640625 0.03125 0.065625
122 0.01640625 0.171875 0.0328125 0.0875
122 0.01875 0.06953125 0.025 0.078125
13 0.27890625 0.0796875 0.0375 0.04375
130 0.3625 0.09609375 0.0359375 0.0875
122 0.33984375 0.54921875 0.040625 0.0875
13 0.38828125 0.53828125 0.0296875 0.04375
60 0.403125 0.67109375 0.028125 0.04375
66 0.325 0.87578125 0.0328125 0.059375
13 0.5 0.625 0.0359375 0.046875
60 0.53203125 0.446875 0.021875 0.059375
60 0.82265625 0.303125 0.028125 0.0375
60 0.875 0.6671875 0.0328125 0.034375
20 0.634375 0.85546875 0.059375 0.0953125
20 0.62734375 0.709375 0.0625 0.09375
20 0.48828125 0.30390625 0.053125 0.084375
20 0.296875 0.37265625 0.05 0.096875
20 0.28984375 0.6890625 0.046875 0.096875