102 0.79921875 0.0125 0.0671875 0.025
4 0.79765625 0.0515625 0.0921875 0.0375
8 0.8078125 0.08671875 0.1 0.04375
32 0.79921875 0.13984375 0.0734375 0.04375
25 0.803125 0.19140625 0.0953125 0.046875
61 0.7890625 0.23203125 0.10625 0.0375
151 0.79296875 0.26640625 0.121875 0.0359375
72 0.7859375 0.31171875 0.1328125 0.0625
130 0.7828125 0.3859375 0.1328125 0.046875
119 0.78125 0.434375 0.0953125 0.0515625
11 0.77421875 0.5015625 0.1328125 0.0578125
32 0.66640625 0.5859375 0.084375 0.040625
32 0.66015625 0.6640625 0.0578125 0.0625
97 0.709375 0.73046875 0.1515625 0.0515625
114 0.70390625 0.80859375 0.075 0.040625
114 0.70390625 0.88046875 0.065625 0.04375
100 0.75 0.94609375 0.15 0.059375
108 0.240625 0.96796875 0.0875 0.0640625
109 0.2125 0.8515625 0.178125 0.0765625
109 0.2171875 0.78515625 0.178125 0.028125
151 0.26796875 0.696875 0.125 0.0375
11 0.271875 0.6140625 0.1265625 0.04375
130 0.275 0.5578125 0.125 0.0578125
106 0.05703125 0.7828125 0.0765625 0.059375
136 0.05234375 0.72578125 0.08125 0.0359375
61 0.05234375 0.60703125 0.0953125 0.0578125
99 0.1296875 0.51953125 0.11875 0.0546875
13 0.10078125 0.453125 0.0515625 0.04375
13 0.10234375 0.40078125 0.05 0.053125
102 0.09609375 0.328125 0.046875 0.04375
95 0.11328125 0.2703125 0.1265625 0.0375
116 0.1015625 0.22734375 0.1125 0.03125
8 0.08671875 0.1890625 0.0734375 0.021875
75 0.12578125 0.146875 0.10625 0.0390625
99 0.12578125 0.0859375 0.1109375 0.034375
120 0.109375 0.028125 0.0890625 0.040625
21 0.428125 0.0078125 0.078125 0.015625
21 0.43203125 0.03828125 0.065625 0.046875
114 0.42578125 0.075 0.090625 0.0375
14 0.465625 0.11796875 0.0890625 0.0203125
14 0.4578125 0.15546875 0.11875 0.04375
106 0.446875 0.20703125 0.1 0.0375
118 0.521875 0.27890625 0.125 0.03125
101 0.459375 0.3484375 0.1125 0.046875
136 0.4171875 0.4109375 0.08125 0.0375
108 0.46328125 0.45625 0.065625 0.034375
109 0.45078125 0.496875 0.0921875 0.03125
109 0.4359375 0.5328125 0.11875 0.040625
1 0.6171875 0.0984375 0.078125 0.04375
16 0.6109375 0.04609375 0.0734375 0.040625
16 0.61640625 0.009375 0.071875 0.01875