36 0.96796875 0.89921875 0.0640625 0.2015625
26 0.96953125 0.63671875 0.0609375 0.2109375
94 0.971875 0.37109375 0.05625 0.15
158 0.96953125 0.09375 0.0609375 0.1875
44 0.76171875 0.94765625 0.0734375 0.1046875
20 0.7734375 0.66171875 0.0875 0.209375
20 0.78203125 0.3859375 0.1078125 0.153125
20 0.784375 0.10625 0.115625 0.1671875
20 0.5640625 0.90390625 0.115625 0.1921875
62 0.56796875 0.66171875 0.13125 0.1921875
70 0.55390625 0.384375 0.096875 0.2078125
17 0.53359375 0.10234375 0.053125 0.2046875
146 0.32265625 0.91953125 0.121875 0.1609375
146 0.28984375 0.665625 0.053125 0.2671875
154 0.36640625 0.3921875 0.1921875 0.2015625
162 0.32890625 0.10390625 0.1125 0.2078125
164 0.10234375 0.66640625 0.1640625 0.221875
164 0.0953125 0.9125 0.15625 0.175