114 0.50234375 0.0265625 0.071875 0.028125
106 0.56640625 0.09296875 0.06875 0.03125
119 0.57109375 0.1421875 0.0390625 0.03125
119 0.72578125 0.27109375 0.040625 0.034375
119 0.915625 0.28125 0.0359375 0.034375
63 0.93359375 0.39609375 0.0375 0.04375
20 0.92734375 0.334375 0.06875 0.046875
13 0.60625 0.5140625 0.040625 0.0421875
13 0.55625 0.515625 0.053125 0.0421875
13 0.49921875 0.5125 0.05625 0.0375
119 0.43671875 0.5390625 0.0375 0.040625
20 0.1125 0.4234375 0.0578125 0.040625
16 0.1828125 0.46796875 0.075 0.025
16 0.18125 0.52734375 0.084375 0.028125
119 0.23984375 0.66171875 0.0578125 0.046875
119 0.403125 0.81640625 0.071875 0.053125
20 0.4140625 0.6875 0.05 0.053125
119 0.75234375 0.61875 0.040625 0.0421875
20 0.990625 0.7140625 0.01875 0.03125