109 0.590625 0.12578125 0.075 0.1375
14 0.5765625 0.21328125 0.0375 0.053125
23 0.73046875 0.97890625 0.06875 0.0421875
23 0.234375 0.88671875 0.075 0.084375
60 0.31875 0.7890625 0.04375 0.046875
60 0.13828125 0.78515625 0.0484375 0.04375
60 0.40390625 0.68125 0.0265625 0.0546875
60 0.52265625 0.68046875 0.0296875 0.0515625
60 0.634375 0.875 0.0484375 0.03125
60 0.81953125 0.8859375 0.04375 0.0375
120 0.73515625 0.86953125 0.071875 0.090625
120 0.26171875 0.296875 0.0734375 0.115625
60 0.34609375 0.3046875 0.046875 0.0234375
60 0.16328125 0.3015625 0.0359375 0.03125
60 0.48125 0.35703125 0.028125 0.059375
60 0.6 0.36796875 0.028125 0.0546875