20 0.1484375 0.74609375 0.0390625 0.0640625
20 0.4015625 0.9265625 0.0328125 0.05625
20 0.740625 0.7390625 0.0375 0.065625
20 0.5984375 0.41875 0.0375 0.05625
20 0.43359375 0.15703125 0.0359375 0.046875
60 0.47578125 0.209375 0.01875 0.040625
60 0.496875 0.21328125 0.0140625 0.053125
119 0.25703125 0.72421875 0.028125 0.0375
119 0.378125 0.840625 0.01875 0.034375
119 0.36640625 0.91015625 0.025 0.034375
119 0.61015625 0.7609375 0.034375 0.040625
119 0.57265625 0.47734375 0.04375 0.05
119 0.709375 0.39765625 0.03125 0.046875
119 0.6171875 0.27265625 0.01875 0.05
13 0.515625 0.55234375 0.0296875 0.03125
13 0.51796875 0.6234375 0.021875 0.03125
13 0.515625 0.69140625 0.034375 0.025
21 0.77265625 0.73203125 0.01875 0.03125
106 0.19140625 0.73828125 0.021875 0.040625
13 0.44296875 0.92421875 0.028125 0.046875