60 0.040625 0.96171875 0.0734375 0.0484375
25 0.19609375 0.9703125 0.0703125 0.059375
119 0.35 0.96640625 0.1234375 0.065625
98 0.51796875 0.965625 0.1265625 0.06875
74 0.68203125 0.96796875 0.109375 0.0625
14 0.815625 0.96953125 0.065625 0.0609375
14 0.90859375 0.9625 0.09375 0.075
102 0.9125 0.79296875 0.0984375 0.0703125
95 0.7796875 0.825 0.0953125 0.109375
116 0.67734375 0.81953125 0.071875 0.1046875
8 0.5734375 0.81953125 0.0765625 0.065625
75 0.4640625 0.81640625 0.1109375 0.1
95 0.3234375 0.81796875 0.0703125 0.10625
120 0.1875 0.80703125 0.0734375 0.0734375
63 0.04140625 0.7953125 0.06875 0.0515625
13 0.05234375 0.621875 0.0859375 0.0625
13 0.2125 0.6203125 0.0921875 0.05625
73 0.34921875 0.6546875 0.0875 0.090625
114 0.54921875 0.628125 0.103125 0.059375
114 0.690625 0.62734375 0.103125 0.0546875
100 0.871875 0.653125 0.084375 0.103125
1 0.87578125 0.50390625 0.0875 0.0796875
152 0.71953125 0.49609375 0.0875 0.075
11 0.58203125 0.490625 0.1125 0.09375
130 0.47421875 0.49296875 0.1 0.078125
118 0.3171875 0.478125 0.084375 0.090625
16 0.184375 0.4640625 0.0875 0.059375
16 0.05703125 0.46015625 0.084375 0.059375
32 0.053125 0.30234375 0.090625 0.059375
32 0.165625 0.30078125 0.065625 0.04375
97 0.32109375 0.32421875 0.059375 0.10625
21 0.51015625 0.321875 0.0875 0.0515625
21 0.69453125 0.31796875 0.084375 0.059375
153 0.8640625 0.32265625 0.1265625 0.0890625
106 0.88828125 0.14921875 0.078125 0.06875
61 0.73984375 0.1484375 0.0546875 0.084375
111 0.59453125 0.1296875 0.184375 0.05625
108 0.33984375 0.115625 0.10625 0.090625
109 0.13828125 0.109375 0.0734375 0.0984375
109 0.02421875 0.11796875 0.0484375 0.10625