60 0.2609375 0.871875 0.0484375 0.040625
66 0.24609375 0.7984375 0.0578125 0.0359375
119 0.240625 0.72421875 0.0625 0.040625
98 0.2296875 0.64921875 0.09375 0.046875
74 0.23125 0.57421875 0.0796875 0.0375
141 0.23671875 0.4875 0.0765625 0.040625
12 0.2375 0.41171875 0.0796875 0.05
130 0.2296875 0.3171875 0.08125 0.0578125
11 0.240625 0.2296875 0.0765625 0.05
40 0.278125 0.1 0.0578125 0.06875
43 0.38046875 0.10625 0.0765625 0.0734375
63 0.415625 0.8796875 0.0375 0.04375
67 0.4046875 0.80546875 0.053125 0.059375
120 0.4 0.721875 0.0734375 0.05625
99 0.3953125 0.653125 0.09375 0.053125
75 0.39296875 0.56875 0.0765625 0.046875
14 0.41328125 0.49765625 0.06875 0.0234375
14 0.41640625 0.4515625 0.0796875 0.059375
78 0.4171875 0.39375 0.0796875 0.05625
152 0.39375 0.3078125 0.08125 0.059375
79 0.39921875 0.23515625 0.090625 0.0625
148 0.39140625 0.1875 0.09375 0.034375
111 0.56484375 0.1984375 0.0765625 0.040625
102 0.575 0.2640625 0.06875 0.0625
51 0.55546875 0.390625 0.08125 0.046875
112 0.5546875 0.47109375 0.103125 0.059375
6 0.56953125 0.5703125 0.0734375 0.0625
95 0.56328125 0.64375 0.1 0.0546875
116 0.56953125 0.72109375 0.0828125 0.0515625
64 0.57421875 0.78828125 0.0625 0.053125
8 0.57734375 0.871875 0.075 0.034375
13 0.7515625 0.86953125 0.0375 0.0375
73 0.725 0.78671875 0.1 0.0375
114 0.746875 0.68671875 0.040625 0.053125
100 0.72734375 0.6140625 0.0796875 0.040625
16 0.7515625 0.53359375 0.04375 0.040625
16 0.75703125 0.45625 0.04375 0.05
118 0.73984375 0.384375 0.06875 0.04375
21 0.74140625 0.30546875 0.04375 0.053125
153 0.7421875 0.21875 0.0546875 0.053125
106 0.8921875 0.19609375 0.065625 0.0484375
61 0.90078125 0.24921875 0.0625 0.034375
136 0.903125 0.3078125 0.059375 0.046875
133 0.8875 0.41015625 0.059375 0.065625
132 0.90703125 0.51015625 0.0578125 0.05625
108 0.90859375 0.61328125 0.071875 0.053125
109 0.90859375 0.68125 0.06875 0.04375
97 0.89296875 0.740625 0.09375 0.040625
32 0.9140625 0.815625 0.034375 0.0359375
32 0.9171875 0.87421875 0.040625 0.05