114 0.00390625 0.265625 0.0078125 0.071875
106 0.04609375 0.3375 0.0296875 0.06875
119 0.08203125 0.321875 0.0234375 0.059375
119 0.21640625 0.55 0.034375 0.059375
119 0.39453125 0.96796875 0.025 0.0640625
119 0.72109375 0.5234375 0.0453125 0.09375
119 0.84296875 0.26953125 0.0375 0.078125
119 0.97109375 0.4453125 0.03125 0.0734375
20 0.86640625 0.48828125 0.0453125 0.08125
20 0.00859375 0.34765625 0.0171875 0.0703125
62 0.0359375 0.72421875 0.071875 0.265625
66 0.521875 0.765625 0.03125 0.059375
20 0.60625 0.1390625 0.0390625 0.0734375
16 0.64140625 0.2203125 0.0234375 0.0734375
16 0.70859375 0.215625 0.0265625 0.09375
66 0.5109375 0.9890625 0.034375 0.021875