21 0.884375 0.72734375 0.0359375 0.034375
13 0.99375 0.72734375 0.0125 0.053125
21 0.88359375 0.37734375 0.040625 0.046875
21 0.70546875 0.346875 0.034375 0.046875
21 0.6140625 0.27890625 0.028125 0.0421875
21 0.53203125 0.01015625 0.040625 0.0203125
21 0.32890625 0.703125 0.028125 0.03125
21 0.4625 0.903125 0.04375 0.046875
119 0.79453125 0.73359375 0.03125 0.08125
119 0.79453125 0.39140625 0.034375 0.071875
13 0.7703125 0.028125 0.040625 0.046875
130 0.68046875 0.04765625 0.0390625 0.09375
122 0.70546875 0.534375 0.0421875 0.09375
13 0.65234375 0.52265625 0.03125 0.046875
60 0.63671875 0.66640625 0.03125 0.046875
66 0.72109375 0.88671875 0.0359375 0.0640625
13 0.53203125 0.61640625 0.0390625 0.05
60 0.49765625 0.4234375 0.021875 0.0640625
60 0.184375 0.26953125 0.03125 0.0390625
60 0.128125 0.66171875 0.0359375 0.0375
20 0.3875 0.8640625 0.0640625 0.1015625
20 0.39453125 0.70703125 0.06875 0.1015625
20 0.54453125 0.2703125 0.05625 0.090625
20 0.75078125 0.34375 0.053125 0.10625
20 0.75859375 0.684375 0.05 0.103125