60 0.0921875 0.925 0.0453125 0.071875
25 0.0828125 0.7734375 0.0609375 0.0671875
119 0.07890625 0.625 0.08125 0.11875
98 0.06875 0.46171875 0.103125 0.121875
74 0.06640625 0.3046875 0.1 0.10625
14 0.07109375 0.1734375 0.0875 0.065625
14 0.07890625 0.08515625 0.096875 0.090625
102 0.2546875 0.08125 0.06875 0.0953125
95 0.22421875 0.209375 0.10625 0.0921875
116 0.2296875 0.30859375 0.1 0.06875
8 0.2296875 0.409375 0.065625 0.075
75 0.23203125 0.515625 0.096875 0.10625
95 0.23046875 0.6515625 0.103125 0.06875
120 0.2421875 0.7828125 0.071875 0.071875
63 0.253125 0.92421875 0.0484375 0.065625
13 0.42109375 0.9140625 0.0578125 0.08125
13 0.42265625 0.75859375 0.0546875 0.090625
73 0.3890625 0.6265625 0.0875 0.084375
114 0.41484375 0.4328125 0.0578125 0.1
114 0.415625 0.29609375 0.053125 0.1
100 0.390625 0.12109375 0.1 0.08125
1 0.534375 0.1171875 0.078125 0.084375
152 0.54296875 0.26875 0.071875 0.084375
11 0.54765625 0.4015625 0.090625 0.109375
130 0.5453125 0.50546875 0.075 0.096875
118 0.559375 0.65703125 0.0875 0.08125
16 0.5734375 0.7859375 0.05625 0.084375
16 0.57734375 0.909375 0.05625 0.08125
32 0.7296875 0.91328125 0.0578125 0.0875
32 0.73125 0.80390625 0.0421875 0.0625
97 0.70859375 0.65390625 0.103125 0.0578125
21 0.7109375 0.47109375 0.05 0.084375
21 0.71484375 0.29296875 0.05625 0.08125
153 0.71015625 0.128125 0.084375 0.121875
106 0.878125 0.1046875 0.065625 0.0765625
61 0.87890625 0.2484375 0.08125 0.0515625
111 0.896875 0.38984375 0.0546875 0.178125
108 0.91015625 0.63515625 0.0875 0.103125
109 0.9171875 0.83046875 0.0953125 0.071875
109 0.90859375 0.9484375 0.103125 0.0609375