60 0.16796875 0.0171875 0.0890625 0.034375
13 0.171875 0.13515625 0.1125 0.125
16 0.16484375 0.28828125 0.1046875 0.1328125
114 0.16875 0.4609375 0.096875 0.140625
102 0.16015625 0.921875 0.1046875 0.1296875
63 0.3328125 0.9125 0.125 0.1375
114 0.33046875 0.43671875 0.090625 0.15625
0 0.325 0.12421875 0.1296875 0.171875
1 0.321875 0.015625 0.1125 0.03125
4 0.49765625 0.01328125 0.13125 0.0265625
3 0.50625 0.14921875 0.13125 0.140625
102 0.5078125 0.925 0.0734375 0.1328125
21 0.69375 0.0125 0.090625 0.025
8 0.6828125 0.13046875 0.103125 0.065625
109 0.68203125 0.278125 0.134375 0.1203125
66 0.92421875 0.01640625 0.0984375 0.0328125