60 0.92265625 0.9453125 0.046875 0.071875
25 0.93203125 0.790625 0.0625 0.06875
119 0.9359375 0.63984375 0.08125 0.121875
98 0.946875 0.47421875 0.10625 0.125
74 0.94921875 0.31484375 0.1015625 0.1078125
14 0.94453125 0.18125 0.090625 0.065625
14 0.9359375 0.0921875 0.0984375 0.0921875
102 0.75703125 0.0875 0.06875 0.096875
95 0.78828125 0.21796875 0.1078125 0.09375
116 0.7828125 0.31875 0.103125 0.0703125
8 0.7828125 0.42109375 0.065625 0.075
75 0.78046875 0.52890625 0.0984375 0.1078125
95 0.78203125 0.6671875 0.1046875 0.06875
120 0.7703125 0.80078125 0.071875 0.071875
63 0.759375 0.94453125 0.05 0.0671875
13 0.58828125 0.93359375 0.0609375 0.084375
13 0.58671875 0.7765625 0.05625 0.0921875
73 0.62109375 0.6421875 0.090625 0.084375
114 0.5953125 0.4453125 0.059375 0.1015625
114 0.59453125 0.30546875 0.053125 0.1015625
100 0.61953125 0.128125 0.1015625 0.084375
1 0.47265625 0.1234375 0.078125 0.084375
152 0.46484375 0.278125 0.0734375 0.084375
11 0.46015625 0.41328125 0.0921875 0.1125
130 0.4625 0.51875 0.078125 0.0984375
118 0.44765625 0.67265625 0.0875 0.084375
16 0.43359375 0.80390625 0.05625 0.084375
16 0.4296875 0.9296875 0.05625 0.08125
32 0.27421875 0.9328125 0.05625 0.0890625
32 0.27265625 0.821875 0.04375 0.0640625
97 0.29609375 0.66953125 0.1046875 0.05625
21 0.29375 0.48359375 0.05 0.084375
21 0.28984375 0.30234375 0.05625 0.08125
153 0.29453125 0.13515625 0.0875 0.125
106 0.1234375 0.11171875 0.0671875 0.078125
61 0.12265625 0.25703125 0.084375 0.053125
111 0.1046875 0.40078125 0.05625 0.18125
108 0.090625 0.65078125 0.090625 0.1046875
109 0.084375 0.84921875 0.096875 0.071875
109 0.09296875 0.96875 0.1046875 0.0625