63 0.9703125 0.1203125 0.0453125 0.059375
60 0.9234375 0.1609375 0.0375 0.0484375
60 0.86015625 0.11796875 0.040625 0.05
102 0.81484375 0.16484375 0.040625 0.053125
102 0.6515625 0.1203125 0.0484375 0.05
102 0.60703125 0.16875 0.071875 0.053125
102 0.6015625 0.3171875 0.05625 0.0796875
16 0.48515625 0.1640625 0.0375 0.05625
16 0.496875 0.3171875 0.053125 0.071875
109 0.134375 0.10390625 0.1078125 0.0625
1 0.95859375 0.73984375 0.0609375 0.0375
4 0.86015625 0.7359375 0.071875 0.05625
21 0.65703125 0.73984375 0.0625 0.065625
21 0.5921875 0.78359375 0.0609375 0.0765625
21 0.596875 0.93984375 0.078125 0.0921875
153 0.4875 0.74453125 0.1 0.071875
8 0.31953125 0.70078125 0.084375 0.090625
130 0.0421875 0.7359375 0.084375 0.13125