60 0.9734375 0.95078125 0.04375 0.05625
1 0.97578125 0.890625 0.040625 0.05625
4 0.97734375 0.81875 0.04375 0.065625
66 0.97578125 0.7421875 0.04375 0.05625
66 0.978125 0.67890625 0.04375 0.059375
135 0.97265625 0.53203125 0.0375 0.0625
8 0.9765625 0.24375 0.03125 0.059375
64 0.971875 0.115625 0.040625 0.06875
109 0.97421875 0.03671875 0.03125 0.071875
102 0.81953125 0.0375 0.03125 0.06875
102 0.82265625 0.090625 0.034375 0.05625
102 0.821875 0.1578125 0.0375 0.0625
102 0.81953125 0.21796875 0.0375 0.05
14 0.821875 0.271875 0.040625 0.040625
60 0.8203125 0.33359375 0.0375 0.046875
63 0.821875 0.39140625 0.040625 0.04375
60 0.82109375 0.5171875 0.046875 0.040625
21 0.81875 0.8859375 0.04375 0.046875
102 0.66015625 0.77265625 0.04375 0.0625
102 0.6609375 0.6515625 0.04375 0.05
13 0.6609375 0.5875 0.046875 0.04375
13 0.6640625 0.5296875 0.040625 0.05625
122 0.6625 0.41796875 0.040625 0.065625
0 0.490625 0.54140625 0.040625 0.05625
2 0.4890625 0.4703125 0.040625 0.059375
1 0.48828125 0.40234375 0.0375 0.053125
2 0.48828125 0.33515625 0.04375 0.053125
102 0.4890625 0.1375 0.04375 0.0625