84 0.16953125 0.2671875 0.0734375 0.0765625
85 0.26640625 0.27421875 0.10625 0.090625
86 0.35859375 0.2734375 0.0734375 0.084375
87 0.43671875 0.26640625 0.0734375 0.078125
89 0.5140625 0.26640625 0.053125 0.065625
90 0.59140625 0.26796875 0.059375 0.05625
103 0.6765625 0.26875 0.0859375 0.096875
104 0.76875 0.27265625 0.090625 0.0734375
124 0.55390625 0.615625 0.021875 0.028125
125 0.6625 0.60859375 0.09375 0.078125
126 0.85078125 0.6171875 0.0796875 0.06875
143 0.8640625 0.940625 0.06875 0.0875
138 0.70703125 0.9421875 0.04375 0.053125
131 0.45546875 0.93984375 0.0734375 0.0625
129 0.346875 0.934375 0.078125 0.0890625
128 0.24765625 0.93984375 0.0625 0.06875
127 0.1703125 0.9375 0.06875 0.06875