84 0.503125 0.6046875 0.115625 0.14375
127 0.36015625 0.603125 0.1140625 0.14375
87 0.2140625 0.60546875 0.1171875 0.146875
86 0.06953125 0.6 0.115625 0.140625
52 0.6453125 0.6015625 0.1171875 0.15
53 0.790625 0.60859375 0.1203125 0.153125
54 0.934375 0.6046875 0.1140625 0.1453125
83 0.93671875 0.8421875 0.1109375 0.14375
131 0.78984375 0.84375 0.1203125 0.14375
128 0.6484375 0.83984375 0.115625 0.1421875
124 0.5015625 0.84140625 0.1203125 0.146875
126 0.359375 0.8390625 0.115625 0.140625
129 0.21484375 0.8421875 0.1171875 0.140625
80 0.071875 0.840625 0.1125 0.1421875
156 0.64765625 0.36875 0.1109375 0.146875
174 0.5015625 0.3640625 0.1140625 0.1390625