1 0.990625 0.95625 0.01875 0.065625
4 0.990625 0.87734375 0.01875 0.065625
66 0.990625 0.796875 0.01875 0.0625
135 0.990625 0.575 0.01875 0.06875
135 0.98984375 0.49296875 0.0203125 0.06875
8 0.9953125 0.275 0.009375 0.05
7 0.99296875 0.2 0.0125 0.065625
66 0.9890625 0.12890625 0.021875 0.0625
102 0.83828125 0.17421875 0.040625 0.065625
102 0.84140625 0.11015625 0.04375 0.05
102 0.83828125 0.2421875 0.0375 0.0578125
14 0.840625 0.31015625 0.040625 0.0578125
60 0.840625 0.36953125 0.0375 0.0375
63 0.8390625 0.43203125 0.040625 0.04375
60 0.840625 0.6296875 0.0375 0.04375
45 0.83984375 0.69375 0.05 0.05
21 0.83984375 0.9546875 0.040625 0.0546875
102 0.6734375 0.83359375 0.04375 0.05
102 0.6703125 0.70859375 0.046875 0.0546875
13 0.6734375 0.63515625 0.040625 0.046875
13 0.66875 0.57109375 0.040625 0.046875
122 0.67265625 0.459375 0.040625 0.0625
102 0.48984375 0.16015625 0.04375 0.05625
1 0.48984375 0.44609375 0.04375 0.05
2 0.48671875 0.5125 0.04375 0.05625
0 0.48671875 0.58046875 0.04375 0.0546875