60 0.93671875 0.77734375 0.10625 0.084375
13 0.7875 0.77421875 0.1203125 0.1078125
16 0.64140625 0.78046875 0.1265625 0.1
114 0.47734375 0.77734375 0.134375 0.090625
102 0.05 0.78515625 0.1 0.1
63 0.05625 0.61953125 0.1125 0.1203125
114 0.5 0.6234375 0.1484375 0.0875
0 0.7984375 0.628125 0.1625 0.1234375
1 0.93671875 0.63046875 0.1 0.1078125
4 0.94453125 0.46328125 0.10625 0.125
3 0.77421875 0.45546875 0.134375 0.125
102 0.04921875 0.453125 0.0984375 0.0703125
21 0.93984375 0.27578125 0.09375 0.0875
8 0.7921875 0.2875 0.0625 0.0984375
109 0.6515625 0.28828125 0.115625 0.128125
66 0.9421875 0.0546875 0.115625 0.09375