4 0.271875 0.51953125 0.040625 0.021875
60 0.37421875 0.6328125 0.025 0.021875
21 0.20703125 0.64375 0.025 0.021875
21 0.63203125 0.59140625 0.04375 0.015625
21 0.70859375 0.51953125 0.03125 0.028125
20 0.79140625 0.6796875 0.0609375 0.046875
114 0.584375 0.74453125 0.046875 0.01875
114 0.52890625 0.74453125 0.040625 0.0171875
20 0.53515625 0.771875 0.040625 0.025
20 0.5890625 0.76875 0.04375 0.021875
4 0.790625 0.79453125 0.0375 0.0265625
102 0.65078125 0.8140625 0.028125 0.021875
21 0.5140625 0.85625 0.0359375 0.01875
1 0.47265625 0.91171875 0.04375 0.021875
4 0.37265625 0.9171875 0.034375 0.01875
102 0.41796875 0.93203125 0.028125 0.009375
102 0.3703125 0.940625 0.028125 0.009375
102 0.32421875 0.9296875 0.01875 0.009375
21 0.309375 0.921875 0.021875 0.0125
8 0.26875 0.83203125 0.040625 0.0203125
102 0.1375 0.8546875 0.05625 0.0265625
21 0.19375 0.71640625 0.04375 0.0140625