84 0.26953125 0.19765625 0.0734375 0.0703125
85 0.2765625 0.290625 0.0875 0.1015625
86 0.27578125 0.3796875 0.08125 0.0703125
87 0.26875 0.4546875 0.075 0.0703125
89 0.26875 0.52890625 0.0625 0.0515625
90 0.2703125 0.60390625 0.0546875 0.05625
103 0.27109375 0.6859375 0.0921875 0.0828125
104 0.275 0.77421875 0.0703125 0.0875
124 0.6046875 0.5671875 0.028125 0.0203125
125 0.5984375 0.671875 0.075 0.090625
126 0.60625 0.853125 0.0671875 0.0765625
143 0.91796875 0.86640625 0.084375 0.0671875
138 0.91953125 0.71484375 0.0515625 0.0421875
131 0.9171875 0.47265625 0.0609375 0.0703125
129 0.91171875 0.36796875 0.0859375 0.075
128 0.9171875 0.27265625 0.0671875 0.0609375
127 0.91484375 0.1984375 0.065625 0.065625