102 0.32890625 0.93359375 0.0359375 0.025
102 0.26875 0.9 0.059375 0.0125
102 0.4515625 0.8265625 0.05625 0.01875
102 0.90703125 0.9421875 0.059375 0.015625
102 0.91796875 0.79296875 0.0484375 0.01875
102 0.98515625 0.7921875 0.028125 0.01875
102 0.953125 0.65859375 0.06875 0.034375
102 0.54296875 0.68984375 0.0484375 0.01875
102 0.5421875 0.57109375 0.0515625 0.028125
102 0.24140625 0.728125 0.0421875 0.0328125
102 0.31796875 0.7640625 0.059375 0.015625
102 0.17578125 0.39140625 0.0484375 0.040625
102 0.21640625 0.0328125 0.0875 0.0421875
102 0.50703125 0.03515625 0.0859375 0.028125