20 0.078125 0.23671875 0.040625 0.06875
20 0.35625 0.0390625 0.034375 0.0625
20 0.72734375 0.24453125 0.040625 0.071875
20 0.57109375 0.59609375 0.040625 0.0625
20 0.390625 0.88359375 0.0390625 0.053125
60 0.43671875 0.82578125 0.021875 0.046875
60 0.46015625 0.82109375 0.015625 0.059375
119 0.196875 0.2609375 0.0328125 0.040625
119 0.3296875 0.1328125 0.021875 0.0375
119 0.3171875 0.05703125 0.028125 0.040625
119 0.584375 0.2203125 0.040625 0.04375
119 0.54375 0.53203125 0.0484375 0.05625
119 0.69375 0.61875 0.034375 0.053125
119 0.5921875 0.75625 0.021875 0.053125
13 0.48125 0.45 0.0328125 0.034375
13 0.48359375 0.371875 0.025 0.0375
13 0.48125 0.296875 0.0375 0.028125
21 0.76328125 0.25234375 0.021875 0.034375
106 0.125 0.2453125 0.025 0.04375
13 0.40078125 0.04140625 0.0328125 0.053125