36 0.9640625 0.1125 0.071875 0.225
26 0.9640625 0.3859375 0.071875 0.209375
94 0.9671875 0.64375 0.065625 0.146875
158 0.965625 0.91328125 0.06875 0.1734375
44 0.75390625 0.0734375 0.071875 0.115625
20 0.7671875 0.359375 0.084375 0.20625
20 0.775 0.6296875 0.10625 0.15
20 0.77734375 0.90390625 0.1125 0.1640625
20 0.5609375 0.1078125 0.1125 0.215625
62 0.56484375 0.359375 0.128125 0.1875
70 0.5515625 0.63125 0.09375 0.203125
17 0.53125 0.9046875 0.053125 0.190625
146 0.325 0.09296875 0.11875 0.1859375
146 0.29296875 0.35546875 0.053125 0.259375
154 0.3671875 0.6234375 0.1875 0.196875
162 0.3296875 0.90234375 0.109375 0.19375
164 0.10859375 0.3546875 0.1609375 0.2171875
164 0.1 0.1 0.1515625 0.2