20 0.7859375 0.121875 0.065625 0.040625
20 0.97265625 0.38828125 0.0546875 0.034375
20 0.778125 0.7453125 0.0703125 0.040625
20 0.440625 0.5953125 0.059375 0.040625
20 0.16484375 0.421875 0.05 0.0375
60 0.22109375 0.465625 0.0453125 0.0203125
60 0.225 0.48828125 0.05625 0.015625
119 0.7625 0.2359375 0.0375 0.03125
119 0.8859375 0.36328125 0.034375 0.0203125
119 0.95859375 0.35078125 0.0375 0.0265625
119 0.8015625 0.6078125 0.040625 0.0375
119 0.50234375 0.56796875 0.053125 0.046875
119 0.41953125 0.7125 0.05 0.034375
119 0.2875 0.61484375 0.0515625 0.0203125
13 0.58203125 0.50859375 0.034375 0.03125
13 0.65703125 0.5109375 0.034375 0.0234375
13 0.728125 0.50859375 0.0265625 0.034375
21 0.77109375 0.77890625 0.034375 0.021875
106 0.77734375 0.16640625 0.040625 0.0234375
13 0.9734375 0.43203125 0.05 0.03125