60 0.08125 0.24765625 0.040625 0.0375
66 0.1625 0.2375 0.05625 0.059375
119 0.25078125 0.23203125 0.046875 0.0640625
98 0.33984375 0.22734375 0.0453125 0.075
74 0.428125 0.225 0.05 0.08125
141 0.52109375 0.22265625 0.0578125 0.084375
12 0.61328125 0.23125 0.0609375 0.0640625
130 0.7203125 0.2328125 0.0578125 0.078125
11 0.82421875 0.23203125 0.0671875 0.08125
40 0.96484375 0.27421875 0.0703125 0.0640625
43 0.9703125 0.3703125 0.0578125 0.0671875
148 0.86875 0.39375 0.05 0.096875
79 0.81640625 0.3875 0.053125 0.090625
151 0.73359375 0.38828125 0.090625 0.090625
78 0.62890625 0.39921875 0.0671875 0.08125
14 0.56015625 0.403125 0.053125 0.075
14 0.51640625 0.40390625 0.03125 0.078125
112 0.54609375 0.5453125 0.05 0.084375
51 0.6265625 0.54140625 0.046875 0.078125
142 0.70234375 0.56640625 0.053125 0.053125
102 0.78046875 0.56484375 0.0578125 0.0375
111 0.86015625 0.565625 0.059375 0.0625
6 0.43359375 0.56171875 0.0625 0.0671875
95 0.35 0.55859375 0.0609375 0.1046875
116 0.2578125 0.55625 0.0609375 0.08125
64 0.17890625 0.5703125 0.0671875 0.075
8 0.08359375 0.57421875 0.059375 0.0640625
63 0.07734375 0.40625 0.05 0.0453125
67 0.165625 0.403125 0.05625 0.0578125
120 0.25703125 0.39609375 0.053125 0.071875
99 0.3453125 0.38671875 0.0453125 0.0875
75 0.4359375 0.38984375 0.04375 0.084375
13 0.08671875 0.7375 0.04375 0.053125
73 0.18046875 0.7171875 0.046875 0.0875
114 0.2875 0.73671875 0.0453125 0.0375
100 0.378125 0.71484375 0.040625 0.0828125
16 0.4703125 0.7390625 0.05 0.04375
16 0.559375 0.74140625 0.04375 0.040625
118 0.6421875 0.725 0.04375 0.075
21 0.73828125 0.72734375 0.04375 0.040625
153 0.8296875 0.72265625 0.040625 0.05
106 0.85703125 0.8859375 0.04375 0.053125
61 0.80078125 0.89140625 0.040625 0.065625
136 0.7328125 0.88828125 0.05625 0.0625
133 0.61640625 0.88203125 0.075 0.075
132 0.49609375 0.88125 0.075 0.0609375
108 0.38671875 0.8921875 0.0625 0.0640625
109 0.3046875 0.88828125 0.05 0.0671875
97 0.23671875 0.8828125 0.0390625 0.084375
97 0.14921875 0.9 0.05 0.040625