102 0.06875 0.32890625 0.025 0.034375
102 0.10078125 0.27109375 0.0140625 0.05625
102 0.171875 0.446875 0.01875 0.053125
102 0.06015625 0.88515625 0.0140625 0.05625
102 0.20390625 0.89609375 0.01875 0.046875
102 0.20390625 0.96875 0.0171875 0.0453125
102 0.33359375 0.9296875 0.0328125 0.065625
102 0.303125 0.53515625 0.0203125 0.046875
102 0.4171875 0.534375 0.028125 0.0515625
102 0.26640625 0.24453125 0.03125 0.040625
102 0.23203125 0.31875 0.015625 0.05625
102 0.590625 0.18203125 0.0390625 0.046875
102 0.9359375 0.22109375 0.0421875 0.084375
102 0.93359375 0.50078125 0.0296875 0.0828125