60 0.08125 0.265625 0.0359375 0.0390625
66 0.1609375 0.26015625 0.0453125 0.0484375
119 0.2421875 0.25625 0.0390625 0.0609375
98 0.32109375 0.246875 0.0359375 0.06875
74 0.40546875 0.25234375 0.0390625 0.06875
141 0.4875 0.24765625 0.0484375 0.0734375
12 0.57578125 0.2546875 0.0421875 0.0609375
63 0.66953125 0.1 0.0515625 0.0390625
67 0.80234375 0.10078125 0.0671875 0.0578125
130 0.66953125 0.25078125 0.059375 0.0765625
11 0.765625 0.253125 0.0625 0.0828125
40 0.90625 0.29375 0.075 0.0609375
43 0.90546875 0.38203125 0.0796875 0.0703125
63 0.07890625 0.41640625 0.0484375 0.0359375
67 0.16015625 0.4109375 0.046875 0.04375
120 0.2453125 0.4078125 0.0578125 0.06875
99 0.325 0.3984375 0.040625 0.078125
75 0.40546875 0.396875 0.05625 0.0765625
14 0.484375 0.4140625 0.025 0.0546875
14 0.52578125 0.41796875 0.0515625 0.0609375
78 0.5890625 0.41015625 0.0546875 0.0796875
151 0.6828125 0.403125 0.04375 0.0609375
79 0.76484375 0.39921875 0.0375 0.0765625
148 0.81328125 0.40078125 0.040625 0.0796875
112 0.509375 0.54375 0.0421875 0.075
51 0.59375 0.5421875 0.046875 0.075
142 0.6578125 0.55859375 0.046875 0.04375
102 0.72578125 0.5609375 0.0453125 0.034375
111 0.79921875 0.5609375 0.05 0.046875
6 0.40390625 0.55859375 0.053125 0.05
95 0.32734375 0.54921875 0.0390625 0.0859375
116 0.24609375 0.5625 0.04375 0.0796875
64 0.16484375 0.565625 0.0375 0.0671875
8 0.08125 0.56796875 0.05 0.053125
13 0.08515625 0.7234375 0.0484375 0.04375
73 0.175 0.70078125 0.0375 0.08125
114 0.27109375 0.72265625 0.046875 0.0453125
100 0.35859375 0.70234375 0.034375 0.075
16 0.44453125 0.725 0.0390625 0.0421875
16 0.5234375 0.72890625 0.0453125 0.0375
118 0.60234375 0.709375 0.0421875 0.0703125
21 0.6859375 0.71484375 0.059375 0.0421875
153 0.77265625 0.71015625 0.0515625 0.046875
32 0.07734375 0.87421875 0.0484375 0.040625
32 0.13984375 0.8734375 0.0390625 0.0296875
97 0.2265625 0.85625 0.034375 0.0828125
109 0.28515625 0.865625 0.03125 0.0609375
108 0.36015625 0.86328125 0.0515625 0.06875
132 0.4671875 0.8625 0.0671875 0.0484375
133 0.5765625 0.85859375 0.06875 0.05
136 0.68203125 0.8609375 0.0578125 0.05
61 0.74609375 0.8609375 0.0390625 0.059375
106 0.80234375 0.86015625 0.03125 0.0546875
150 0.9078125 0.8296875 0.05 0.028125
166 0.90859375 0.734375 0.0390625 0.0390625
157 0.90859375 0.63828125 0.053125 0.040625
45 0.90625 0.5421875 0.05 0.0515625