4 0.47578125 0.275 0.021875 0.040625
60 0.3609375 0.37890625 0.021875 0.025
21 0.35 0.209375 0.021875 0.025
21 0.40234375 0.63984375 0.015625 0.04375
21 0.47578125 0.7171875 0.028125 0.03125
20 0.31328125 0.8015625 0.046875 0.0625
114 0.24765625 0.59140625 0.01875 0.046875
114 0.24765625 0.5359375 0.0171875 0.040625
20 0.2203125 0.5421875 0.025 0.040625
20 0.2234375 0.596875 0.021875 0.04375
4 0.196875 0.80078125 0.0265625 0.0390625
102 0.17734375 0.659375 0.021875 0.028125
21 0.134375 0.5203125 0.01875 0.0375
1 0.078125 0.47890625 0.021875 0.04375
4 0.07265625 0.37734375 0.01875 0.034375
102 0.0578125 0.4234375 0.009375 0.028125
102 0.04921875 0.375 0.009375 0.028125
102 0.06015625 0.328125 0.009375 0.01875
21 0.06796875 0.31328125 0.0125 0.021875
8 0.159375 0.271875 0.0203125 0.040625
102 0.1359375 0.1390625 0.0265625 0.05625
21 0.27578125 0.19609375 0.0140625 0.04375