114 0.271875 0.0421875 0.06875 0.028125
106 0.33828125 0.090625 0.065625 0.025
119 0.32421875 0.125 0.05625 0.021875
119 0.53984375 0.2515625 0.05625 0.03125
119 0.93359375 0.41953125 0.059375 0.021875
119 0.5140625 0.728125 0.0875 0.04375
119 0.27421875 0.8421875 0.071875 0.0375
119 0.440625 0.96328125 0.06875 0.028125
20 0.48125 0.86484375 0.075 0.040625
20 0.3484375 0.04453125 0.065625 0.0375
62 0.703125 0.06875 0.25 0.0953125
66 0.74296875 0.53984375 0.05625 0.028125
20 0.1515625 0.61953125 0.06875 0.0359375
16 0.22890625 0.65234375 0.06875 0.021875
16 0.22421875 0.715625 0.0875 0.025
66 0.97109375 0.52734375 0.0578125 0.0328125