114 0.60625 0.903125 0.040625 0.021875
106 0.57265625 0.8625 0.04375 0.0296875
119 0.57734375 0.8140625 0.03125 0.025
119 0.184375 0.6078125 0.0375 0.015625
119 0.44921875 0.37421875 0.0984375 0.0328125
119 0.496875 0.2015625 0.04375 0.015625
119 0.61328125 0.2921875 0.046875 0.03125
20 0.6859375 0.459375 0.05 0.03125
16 0.6390625 0.4328125 0.040625 0.0125
16 0.6390625 0.39140625 0.04375 0.021875
20 0.47890625 0.2796875 0.046875 0.028125
66 0.15 0.40078125 0.05 0.025
66 0.31015625 0.5234375 0.046875 0.0375
66 0.171875 0.52734375 0.059375 0.015625
60 0.05234375 0.384375 0.05625 0.0328125