13 0.37734375 0.221875 0.009375 0.0125
13 0.37734375 0.2515625 0.0125 0.0125
13 0.47890625 0.24453125 0.009375 0.0125
13 0.478125 0.26015625 0.0125 0.009375
1 0.11328125 0.47265625 0.009375 0.01875
119 0.1109375 0.5 0.009375 0.015625
102 0.14453125 0.4953125 0.015625 0.0140625
119 0.08828125 0.59296875 0.009375 0.0203125
102 0.24453125 0.48828125 0.00625 0.015625
102 0.25859375 0.48828125 0.0125 0.015625
13 0.11171875 0.66015625 0.009375 0.0125
13 0.2265625 0.6609375 0.0125 0.015625
13 0.1203125 0.69140625 0.009375 0.0125
13 0.2359375 0.690625 0.0125 0.0125
13 0.16015625 0.7546875 0.009375 0.0125
20 0.1015625 0.7578125 0.0765625 0.0609375
20 0.22890625 0.75703125 0.0609375 0.059375
13 0.275 0.753125 0.0125 0.0125
13 0.3328125 0.440625 0.0125 0.015625
13 0.47109375 0.378125 0.0125 0.015625
13 0.44921875 0.471875 0.0125 0.0125
13 0.45 0.51953125 0.0125 0.0125
1 0.4546875 0.646875 0.0125 0.0125
119 0.4359375 0.659375 0.009375 0.021875
13 0.37421875 0.63515625 0.009375 0.015625
13 0.375 0.6140625 0.009375 0.009375
13 0.44609375 0.81328125 0.0125 0.015625
14 0.67578125 0.78671875 0.0125 0.0125
119 0.7234375 0.7234375 0.0125 0.021875
1 0.7234375 0.58984375 0.009375 0.015625
1 0.7921875 0.5890625 0.009375 0.0125
119 0.79140625 0.609375 0.0125 0.021875
60 0.61953125 0.346875 0.009375 0.015625
13 0.69921875 0.2984375 0.009375 0.009375
13 0.69921875 0.26640625 0.009375 0.009375
13 0.7 0.34609375 0.009375 0.015625
13 0.734375 0.39296875 0.0125 0.0125