60 0.73515625 0.0671875 0.0359375 0.0375
66 0.74609375 0.14609375 0.053125 0.05625
119 0.7484375 0.23125 0.0625 0.05
98 0.75078125 0.31328125 0.078125 0.0484375
74 0.753125 0.4 0.0734375 0.04375
141 0.7546875 0.490625 0.0765625 0.0453125
12 0.75234375 0.57890625 0.06875 0.040625
130 0.7515625 0.684375 0.075 0.059375
11 0.753125 0.7828125 0.0765625 0.065625
40 0.71015625 0.9203125 0.065625 0.08125
43 0.6125 0.92265625 0.06875 0.053125
148 0.59609375 0.82734375 0.0921875 0.0453125
79 0.596875 0.7703125 0.0828125 0.05625
152 0.59765625 0.696875 0.06875 0.075
78 0.5875 0.5953125 0.084375 0.05625
14 0.58046875 0.5265625 0.065625 0.059375
14 0.5796875 0.48359375 0.071875 0.0328125
112 0.4515625 0.5078125 0.0828125 0.065625
51 0.45078125 0.59609375 0.0859375 0.06875
142 0.43828125 0.6671875 0.071875 0.065625
102 0.43203125 0.7359375 0.059375 0.046875
111 0.43046875 0.81328125 0.05 0.059375
63 0.584375 0.06875 0.0453125 0.05
67 0.5890625 0.14765625 0.05625 0.06875
120 0.6 0.2359375 0.0875 0.06875
99 0.6 0.32578125 0.084375 0.059375
75 0.59921875 0.40703125 0.0890625 0.05625
6 0.43203125 0.40703125 0.075 0.06875
95 0.4375 0.32109375 0.09375 0.05625
116 0.43203125 0.24140625 0.084375 0.05
64 0.428125 0.1578125 0.071875 0.05625
8 0.42265625 0.0671875 0.05625 0.0515625
13 0.2640625 0.0734375 0.053125 0.0625
73 0.28359375 0.16015625 0.0859375 0.046875
114 0.2671875 0.2703125 0.0515625 0.0484375
100 0.278125 0.35703125 0.0796875 0.0453125
16 0.259375 0.44375 0.0390625 0.0453125
16 0.26328125 0.5265625 0.0515625 0.0515625
118 0.27578125 0.6078125 0.0734375 0.034375
21 0.2703125 0.69921875 0.05625 0.046875
153 0.27421875 0.7859375 0.04375 0.0546875
106 0.12578125 0.81328125 0.06875 0.0390625
61 0.11875 0.7546875 0.06875 0.04375
136 0.11328125 0.6953125 0.05625 0.0578125
133 0.12421875 0.58125 0.059375 0.06875
132 0.12109375 0.47265625 0.065625 0.05625
108 0.11171875 0.35859375 0.06875 0.0453125
109 0.115625 0.2765625 0.065625 0.028125
97 0.12109375 0.2203125 0.08125 0.03125
32 0.1015625 0.13359375 0.046875 0.05625
32 0.10703125 0.0625 0.0359375 0.059375