120 0.90859375 0.38203125 0.1125 0.0765625
60 0.81171875 0.3046875 0.075 0.0359375
60 0.88828125 0.27734375 0.04375 0.046875
60 0.88984375 0.478125 0.046875 0.053125
60 0.5984375 0.14921875 0.1109375 0.0390625
60 0.46484375 0.53046875 0.08125 0.0359375
60 0.07265625 0.5859375 0.084375 0.046875
60 0.05625 0.7171875 0.09375 0.040625
60 0.17734375 0.87265625 0.103125 0.0359375
60 0.24375 0.9453125 0.1140625 0.0703125
20 0.23359375 0.503125 0.23125 0.146875
106 0.82734375 0.1453125 0.065625 0.065625
106 0.4078125 0.14453125 0.1 0.0546875