66 0.8953125 0.10546875 0.028125 0.0171875
109 0.86953125 0.12578125 0.0328125 0.0125
60 0.88046875 0.18359375 0.01875 0.0171875
60 0.87890625 0.2625 0.015625 0.0125
13 0.87265625 0.325 0.021875 0.01875
13 0.82265625 0.35234375 0.025 0.009375
13 0.82734375 0.3765625 0.01875 0.0171875
102 0.63515625 0.07578125 0.03125 0.009375
3 0.68515625 0.1109375 0.025 0.0125
3 0.684375 0.13359375 0.0203125 0.009375
13 0.6671875 0.1703125 0.028125 0.0125
13 0.61640625 0.17265625 0.025 0.009375
122 0.434375 0.15 0.0390625 0.015625
122 0.39453125 0.14921875 0.034375 0.0125
13 0.28984375 0.11015625 0.0203125 0.0171875
13 0.1828125 0.109375 0.0125 0.015625
122 0.16875 0.22890625 0.0375 0.0125
122 0.21015625 0.22734375 0.034375 0.015625
122 0.290625 0.228125 0.0375 0.015625
122 0.3265625 0.22890625 0.03125 0.015625
13 0.3953125 0.28515625 0.021875 0.0171875
130 0.4046875 0.3265625 0.0375 0.0171875
109 0.1765625 0.34609375 0.0328125 0.0125
109 0.27890625 0.3453125 0.03125 0.009375
119 0.20625 0.36875 0.03125 0.0125
119 0.30703125 0.36796875 0.025 0.0125
122 0.32421875 0.4640625 0.03125 0.0125
21 0.38671875 0.3984375 0.01875 0.0203125
21 0.53359375 0.2296875 0.0171875 0.0125
119 0.53671875 0.27265625 0.025 0.0125
66 0.58671875 0.271875 0.025 0.015625
21 0.5171875 0.31640625 0.025 0.015625
21 0.49296875 0.35859375 0.021875 0.01875
60 0.55 0.415625 0.028125 0.009375
122 0.5921875 0.315625 0.0359375 0.015625
21 0.665625 0.23046875 0.015625 0.0171875
119 0.671875 0.2703125 0.028125 0.0171875
66 0.725 0.3078125 0.021875 0.0171875
60 0.640625 0.34921875 0.0125 0.015625
13 0.584375 0.3421875 0.0125 0.0125
13 0.61953125 0.40234375 0.0125 0.025
20 0.49375 0.3953125 0.046875 0.028125
20 0.6515625 0.2921875 0.04375 0.025
20 0.51328125 0.29375 0.0546875 0.025
20 0.38515625 0.3671875 0.0515625 0.028125
20 0.659375 0.46953125 0.04375 0.021875
20 0.7203125 0.46875 0.046875 0.025
60 0.8234375 0.46953125 0.01875 0.01875
21 0.87578125 0.571875 0.028125 0.0125
21 0.65703125 0.49609375 0.0203125 0.021875
60 0.6390625 0.59375 0.0203125 0.01875
60 0.490625 0.56328125 0.0203125 0.015625