114 0.75703125 0.9546875 0.0609375 0.025
20 0.696875 0.94921875 0.05625 0.0328125
106 0.70859375 0.90625 0.0609375 0.0203125
119 0.7109375 0.8703125 0.046875 0.0265625
119 0.5359375 0.7484375 0.0421875 0.028125
119 0.55390625 0.27421875 0.0515625 0.028125
119 0.7625 0.16171875 0.05 0.028125
119 0.61015625 0.0375 0.0546875 0.034375
20 0.5859375 0.13671875 0.05 0.0359375
20 0.86328125 0.38046875 0.0484375 0.040625
16 0.7953125 0.34296875 0.046875 0.028125
16 0.7953125 0.28359375 0.0515625 0.0203125
62 0.38125 0.928125 0.178125 0.1046875
119 0.19296875 0.5765625 0.0578125 0.03125
66 0.15234375 0.46796875 0.0453125 0.028125
66 0.36171875 0.46015625 0.05 0.0234375
66 0.1453125 0.3046875 0.05 0.0296875