20 0.31796875 0.31796875 0.0515625 0.034375
60 0.3671875 0.35390625 0.0453125 0.0171875
60 0.3625 0.37265625 0.0375 0.0171875
119 0.41796875 0.4828125 0.04375 0.025
119 0.5359375 0.57109375 0.05 0.028125
20 0.5515625 0.465625 0.053125 0.03125
119 0.60703125 0.45078125 0.046875 0.03125
13 0.67109375 0.390625 0.028125 0.0265625
13 0.73515625 0.390625 0.034375 0.021875
13 0.79921875 0.39296875 0.03125 0.021875
60 0.81328125 0.0296875 0.03125 0.0171875
20 0.8453125 0.053125 0.05 0.028125
106 0.83359375 0.09140625 0.0375 0.015625
119 0.82265625 0.1546875 0.034375 0.01875
119 0.92734375 0.26484375 0.0296875 0.0171875
119 0.9859375 0.25234375 0.028125 0.021875
13 0.99375 0.3234375 0.0125 0.025
119 0.8546875 0.4765625 0.04375 0.021875
20 0.8359375 0.596875 0.053125 0.03125
108 0.62265625 0.753125 0.040625 0.028125