60 0.13828125 0.2875 0.040625 0.046875
66 0.21171875 0.27265625 0.0359375 0.0578125
119 0.28515625 0.2671875 0.040625 0.0609375
98 0.359375 0.25625 0.046875 0.09375
74 0.43515625 0.2578125 0.040625 0.078125
141 0.5203125 0.26328125 0.040625 0.075
12 0.59609375 0.2640625 0.05 0.078125
130 0.68984375 0.25625 0.0578125 0.08125
11 0.7765625 0.2671875 0.05 0.078125
40 0.90625 0.3046875 0.071875 0.0578125
43 0.89921875 0.40625 0.071875 0.075
63 0.13125 0.440625 0.04375 0.0375
67 0.2046875 0.4296875 0.059375 0.053125
120 0.28828125 0.42578125 0.05625 0.075
99 0.35625 0.42109375 0.05 0.09375
75 0.43984375 0.41796875 0.046875 0.075
14 0.5109375 0.4390625 0.0234375 0.06875
14 0.55625 0.44140625 0.059375 0.078125
78 0.6140625 0.4421875 0.05625 0.078125
152 0.69921875 0.41953125 0.059375 0.08125
79 0.77109375 0.425 0.0625 0.0890625
148 0.81875 0.41640625 0.034375 0.09375
111 0.8078125 0.5890625 0.040625 0.075
102 0.7421875 0.59921875 0.0609375 0.071875
51 0.6171875 0.5796875 0.046875 0.08125
112 0.5375 0.57890625 0.059375 0.103125
6 0.43828125 0.59375 0.0640625 0.075
95 0.365625 0.5875 0.0546875 0.1
116 0.2890625 0.59375 0.05 0.0828125
64 0.221875 0.5984375 0.053125 0.0609375
8 0.13828125 0.6015625 0.03125 0.075
13 0.14140625 0.775 0.0375 0.0359375
73 0.2234375 0.7484375 0.0359375 0.1
114 0.32265625 0.76953125 0.05 0.040625
100 0.3953125 0.75078125 0.040625 0.078125
16 0.475 0.775 0.040625 0.04375
16 0.55234375 0.7796875 0.05 0.04375
118 0.62265625 0.76328125 0.04375 0.071875
21 0.7015625 0.76484375 0.0546875 0.04375
153 0.78828125 0.765625 0.0546875 0.0546875
106 0.81015625 0.9140625 0.046875 0.065625
61 0.7578125 0.9234375 0.0328125 0.0625
136 0.69921875 0.925 0.046875 0.059375
133 0.59765625 0.91015625 0.0640625 0.059375
132 0.4984375 0.92890625 0.05625 0.0578125
108 0.39609375 0.93046875 0.053125 0.071875
109 0.328125 0.93046875 0.040625 0.06875
97 0.26875 0.91484375 0.040625 0.0921875
32 0.19453125 0.93671875 0.0375 0.0328125
32 0.1359375 0.9390625 0.046875 0.040625