119 0.93828125 0.25859375 0.0375 0.034375
119 0.759375 0.475 0.03125 0.05
119 0.67421875 0.7578125 0.0234375 0.04375
119 0.37890625 0.41484375 0.0359375 0.053125
119 0.16015625 0.3609375 0.028125 0.05625
119 0.278125 0.2140625 0.0453125 0.046875
16 0.39375 0.1734375 0.025 0.071875
16 0.4515625 0.1828125 0.021875 0.059375
20 0.484375 0.1109375 0.0453125 0.059375
66 0.559375 0.6 0.028125 0.053125
66 0.5703125 0.7890625 0.025 0.040625
20 0.25546875 0.38203125 0.0296875 0.053125
60 0.4703125 0.68125 0.0234375 0.040625
66 0.41171875 0.80078125 0.0234375 0.05
60 0.46875 0.93515625 0.0125 0.04375
63 0.3921875 0.909375 0.025 0.03125
62 0.93828125 0.5625 0.0875 0.18125