13 0.41484375 0.2171875 0.0078125 0.0109375
13 0.41484375 0.2453125 0.0125 0.0109375
13 0.51015625 0.23828125 0.0078125 0.0109375
13 0.509375 0.253125 0.0125 0.009375
1 0.1671875 0.45234375 0.0078125 0.0171875
119 0.16484375 0.478125 0.0078125 0.015625
102 0.19609375 0.4734375 0.0140625 0.0125
119 0.14375 0.565625 0.009375 0.01875
102 0.28984375 0.4671875 0.00625 0.0140625
102 0.303125 0.4671875 0.0109375 0.015625
13 0.165625 0.628125 0.0078125 0.0125
13 0.2734375 0.62890625 0.0125 0.0140625
13 0.1734375 0.6578125 0.009375 0.0109375
13 0.28203125 0.65703125 0.0125 0.0109375
13 0.2109375 0.7171875 0.009375 0.0109375
20 0.15625 0.71953125 0.071875 0.05625
20 0.27578125 0.71875 0.05625 0.0546875
13 0.31875 0.715625 0.0109375 0.0125
13 0.37265625 0.42265625 0.0109375 0.0140625
13 0.50234375 0.3640625 0.0109375 0.0140625
13 0.48203125 0.4515625 0.0109375 0.0109375
13 0.4828125 0.49609375 0.0125 0.0125
1 0.4875 0.615625 0.0109375 0.0125
119 0.46953125 0.62734375 0.009375 0.0203125
13 0.41171875 0.6046875 0.0078125 0.015625
13 0.4125 0.58515625 0.009375 0.0078125
13 0.47890625 0.771875 0.0125 0.015625
14 0.69453125 0.746875 0.0109375 0.0109375
119 0.7390625 0.6875 0.0125 0.0203125
1 0.7390625 0.5625 0.0078125 0.0140625
1 0.80390625 0.56171875 0.0078125 0.0109375
119 0.803125 0.58046875 0.0109375 0.0203125
60 0.64140625 0.334375 0.0078125 0.015625
13 0.71640625 0.2890625 0.009375 0.009375
13 0.71640625 0.259375 0.009375 0.009375
13 0.7171875 0.33359375 0.0078125 0.015625
13 0.74921875 0.378125 0.0109375 0.0109375