60 0.24453125 0.421875 0.0359375 0.03125
66 0.30078125 0.4203125 0.04375 0.040625
63 0.36640625 0.41875 0.0375 0.03125
119 0.42578125 0.421875 0.04375 0.0234375
11 0.48046875 0.41953125 0.0375 0.03125
102 0.5484375 0.390625 0.0375 0.028125
102 0.5515625 0.459375 0.03125 0.028125
16 0.6109375 0.421875 0.040625 0.034375
13 0.67109375 0.421875 0.028125 0.028125
13 0.7296875 0.42109375 0.03125 0.0234375
25 0.79453125 0.42109375 0.046875 0.03125
45 0.86953125 0.42109375 0.05 0.0359375
14 0.9625 0.421875 0.071875 0.01875
136 0.96171875 0.728125 0.0609375 0.05
106 0.89609375 0.734375 0.0375 0.025
61 0.83203125 0.734375 0.0609375 0.028125
4 0.7734375 0.73359375 0.040625 0.0234375
1 0.7109375 0.6984375 0.046875 0.0234375
1 0.7140625 0.76328125 0.0375 0.028125
51 0.64375 0.7359375 0.0578125 0.03125
98 0.57734375 0.73203125 0.0578125 0.0234375
74 0.51171875 0.73359375 0.06875 0.034375
152 0.4390625 0.73359375 0.053125 0.028125
122 0.365625 0.7328125 0.053125 0.03125
7 0.3015625 0.70625 0.04375 0.0234375
7 0.30078125 0.7609375 0.0375 0.0234375
21 0.23984375 0.6984375 0.0359375 0.03125
21 0.240625 0.765625 0.0375 0.03125