21 0.26640625 0.14921875 0.0328125 0.0359375
13 0.26640625 0.03515625 0.0515625 0.03125
13 0.38828125 0.03359375 0.0515625 0.015625
21 0.6015625 0.15 0.0453125 0.0390625
21 0.63046875 0.32109375 0.0453125 0.0328125
21 0.6953125 0.40859375 0.040625 0.028125
21 0.965625 0.48671875 0.0453125 0.0390625
21 0.2890625 0.68203125 0.0296875 0.028125
21 0.09765625 0.55390625 0.0453125 0.0421875
119 0.259375 0.23515625 0.078125 0.028125
119 0.5875 0.23515625 0.06875 0.0328125
13 0.9359375 0.25859375 0.0453125 0.0390625
130 0.91875 0.3453125 0.090625 0.0359375
122 0.45078125 0.32109375 0.090625 0.0421875
13 0.46171875 0.371875 0.0453125 0.03125
60 0.325 0.3875 0.0453125 0.028125
66 0.11328125 0.30625 0.0625 0.034375
13 0.37265625 0.48671875 0.0484375 0.0375
60 0.55703125 0.5203125 0.0625 0.021875
60 0.7046875 0.81953125 0.0390625 0.028125
60 0.32890625 0.87421875 0.0359375 0.034375
20 0.134375 0.62578125 0.0984375 0.0640625
20 0.2859375 0.61875 0.096875 0.065625
20 0.70390625 0.475 0.0875 0.05625
20 0.6328125 0.27734375 0.1 0.0515625
20 0.30703125 0.2703125 0.1 0.0484375