60 0.26484375 0.02578125 0.04375 0.040625
66 0.25859375 0.1140625 0.053125 0.05
119 0.2546875 0.20390625 0.0671875 0.04375
98 0.24375 0.29140625 0.075 0.040625
74 0.25 0.38515625 0.075 0.04375
141 0.24453125 0.47578125 0.08125 0.053125
12 0.25234375 0.5734375 0.0671875 0.046875
63 0.08125 0.67734375 0.04375 0.05625
67 0.08203125 0.82421875 0.0640625 0.075
130 0.2484375 0.67734375 0.084375 0.065625
11 0.25078125 0.78359375 0.090625 0.06875
40 0.29609375 0.9390625 0.0671875 0.0828125
43 0.39375 0.93828125 0.078125 0.0875
63 0.43203125 0.025 0.040625 0.05
67 0.42578125 0.11328125 0.0484375 0.0515625
120 0.421875 0.2078125 0.075 0.0640625
99 0.41171875 0.29609375 0.0875 0.0453125
75 0.41015625 0.38515625 0.084375 0.0625
14 0.42890625 0.47265625 0.0609375 0.028125
14 0.43359375 0.51796875 0.0671875 0.05625
78 0.425 0.58828125 0.0875 0.0609375
151 0.4171875 0.6921875 0.0671875 0.0484375
79 0.4125 0.7828125 0.084375 0.040625
148 0.4140625 0.83671875 0.0875 0.0453125
112 0.57265625 0.5 0.0828125 0.046875
51 0.57109375 0.59375 0.0828125 0.0515625
142 0.5890625 0.6640625 0.0484375 0.0515625
102 0.59140625 0.73984375 0.0375 0.05
111 0.59140625 0.82109375 0.0515625 0.05625
6 0.5890625 0.38359375 0.05625 0.059375
95 0.57890625 0.2984375 0.0953125 0.04375
116 0.59375 0.20859375 0.0875 0.0484375
64 0.596875 0.11875 0.075 0.040625
8 0.59765625 0.0265625 0.0578125 0.053125
13 0.771875 0.03046875 0.0484375 0.053125
73 0.746875 0.1296875 0.090625 0.040625
114 0.77109375 0.2359375 0.05 0.0515625
100 0.7484375 0.3328125 0.0828125 0.0375
16 0.7734375 0.428125 0.046875 0.04375
16 0.77734375 0.515625 0.040625 0.05
118 0.75625 0.603125 0.078125 0.046875
21 0.7625 0.6953125 0.046875 0.065625
153 0.75703125 0.79140625 0.0515625 0.0578125
32 0.9375 0.02421875 0.0453125 0.0484375
32 0.9375 0.090625 0.0328125 0.04375
97 0.91875 0.18671875 0.090625 0.0375
109 0.92890625 0.2515625 0.0671875 0.034375
108 0.9265625 0.33515625 0.075 0.05625
132 0.92578125 0.453125 0.053125 0.075
133 0.92109375 0.57421875 0.05625 0.0765625
136 0.92421875 0.69140625 0.05625 0.0640625
61 0.92421875 0.7625 0.065625 0.04375
106 0.92265625 0.82421875 0.0609375 0.034375
150 0.8890625 0.94140625 0.03125 0.05625
166 0.78359375 0.9421875 0.04375 0.04375
157 0.67734375 0.9421875 0.0453125 0.059375
45 0.57109375 0.9390625 0.05625 0.05625