109 0.621875 0.9328125 0.084375 0.134375
60 0.6671875 0.68828125 0.01875 0.0625
60 0.62265625 0.6890625 0.0296875 0.065625
60 0.5109375 0.68359375 0.028125 0.0625
60 0.38125 0.74765625 0.05625 0.05
60 0.65859375 0.140625 0.040625 0.059375
60 0.83515625 0.1375 0.046875 0.040625
60 0.35078125 0.234375 0.05625 0.04375
60 0.371875 0.18125 0.0375 0.05625
60 0.1703125 0.23125 0.04375 0.046875
60 0.19765625 0.75 0.065625 0.04375
120 0.2921875 0.76640625 0.05625 0.0890625
120 0.26484375 0.2515625 0.071875 0.078125
120 0.7546875 0.15546875 0.0625 0.084375