84 0.6390625 0.4875 0.159375 0.128125
127 0.6375 0.646875 0.159375 0.1265625
87 0.63984375 0.809375 0.1625 0.13125
86 0.63359375 0.95234375 0.15625 0.0953125
52 0.63515625 0.3296875 0.165625 0.13125
53 0.64296875 0.16875 0.1703125 0.134375
54 0.6390625 0.0359375 0.159375 0.071875
83 0.903125 0.03359375 0.159375 0.0671875
131 0.9046875 0.16953125 0.159375 0.134375
128 0.9 0.3265625 0.1578125 0.128125
124 0.9015625 0.48984375 0.1625 0.134375
126 0.89921875 0.64765625 0.15625 0.128125
129 0.903125 0.8078125 0.15625 0.13125
80 0.9015625 0.95234375 0.1578125 0.0953125
156 0.3765625 0.32734375 0.1625 0.1234375
174 0.371875 0.48984375 0.15625 0.128125