60 0.9453125 0.7328125 0.046875 0.053125
63 0.3296875 0.903125 0.059375 0.0390625
67 0.19140625 0.91328125 0.0625 0.06875
66 0.86328125 0.7375 0.046875 0.0546875
119 0.7796875 0.7453125 0.053125 0.0703125
98 0.6953125 0.7484375 0.046875 0.0765625
74 0.6078125 0.7484375 0.053125 0.0765625
141 0.5140625 0.746875 0.0625 0.075
12 0.425 0.73984375 0.0421875 0.0703125
130 0.31953125 0.74453125 0.065625 0.0765625
11 0.2265625 0.74453125 0.075 0.0765625
63 0.946875 0.57734375 0.05 0.046875
67 0.8625 0.58203125 0.053125 0.059375
120 0.771875 0.584375 0.046875 0.06875
99 0.6890625 0.5921875 0.0421875 0.078125
75 0.60234375 0.590625 0.053125 0.0796875
14 0.525 0.57578125 0.03125 0.0796875
14 0.47734375 0.578125 0.053125 0.0796875
78 0.40859375 0.57578125 0.0640625 0.078125
151 0.31796875 0.590625 0.08125 0.078125
79 0.23203125 0.5921875 0.053125 0.096875
148 0.18359375 0.59453125 0.05 0.096875
112 0.50078125 0.44453125 0.053125 0.090625
51 0.41484375 0.44296875 0.0625 0.06875
142 0.34453125 0.4265625 0.06875 0.0625
102 0.271875 0.4234375 0.046875 0.053125
111 0.19296875 0.42265625 0.059375 0.05
40 0.08203125 0.70078125 0.06875 0.06875
43 0.0859375 0.60703125 0.053125 0.065625
45 0.08125 0.440625 0.059375 0.0375
157 0.08515625 0.34296875 0.059375 0.05
166 0.078125 0.24296875 0.0421875 0.046875
150 0.08203125 0.14375 0.0625 0.05
153 0.22578125 0.2640625 0.046875 0.053125
21 0.3078125 0.26015625 0.053125 0.0390625
136 0.30703125 0.1078125 0.0625 0.059375
61 0.2515625 0.10859375 0.0359375 0.059375
106 0.19296875 0.115625 0.046875 0.0640625
133 0.42421875 0.109375 0.078125 0.05625
132 0.54140625 0.1109375 0.05625 0.05
118 0.40078125 0.2640625 0.05 0.071875
16 0.48671875 0.2484375 0.053125 0.0421875
16 0.56875 0.25078125 0.05 0.0421875
6 0.60546875 0.43046875 0.053125 0.05625
95 0.690625 0.4296875 0.0765625 0.1078125
116 0.77421875 0.421875 0.05625 0.0875
64 0.85546875 0.41640625 0.0421875 0.0703125
8 0.94140625 0.4140625 0.053125 0.05625
13 0.93671875 0.253125 0.0421875 0.0421875
73 0.84765625 0.27421875 0.046875 0.0828125
114 0.7453125 0.253125 0.046875 0.0421875
100 0.65234375 0.27109375 0.0390625 0.0875
32 0.94921875 0.1015625 0.071875 0.05
32 0.87890625 0.09453125 0.053125 0.0421875
97 0.7921875 0.115625 0.0359375 0.09375
109 0.7296875 0.1046875 0.046875 0.071875
108 0.64921875 0.10234375 0.053125 0.06875