102 0.99140625 0.696875 0.0171875 0.0375
102 0.96171875 0.75859375 0.0125 0.0609375
102 0.884375 0.56796875 0.0203125 0.0578125
102 0.85 0.08046875 0.0203125 0.05
102 0.85078125 0.01328125 0.0203125 0.0265625
102 0.709375 0.04375 0.0359375 0.071875
102 0.7421875 0.471875 0.0203125 0.05
102 0.61875 0.47265625 0.03125 0.053125
102 0.78203125 0.7875 0.034375 0.04375
102 0.81953125 0.70703125 0.0171875 0.0609375
102 0.43046875 0.85546875 0.0421875 0.05
102 0.05625 0.8125 0.046875 0.0921875
102 0.05859375 0.509375 0.03125 0.090625