119 0.43515625 0.31640625 0.0265625 0.0609375
60 0.315625 0.44921875 0.0390625 0.0578125
14 0.20546875 0.61171875 0.0171875 0.0234375
14 0.3875 0.56328125 0.021875 0.0296875
60 0.46640625 0.52578125 0.01875 0.05625
60 0.31875 0.84296875 0.021875 0.046875
60 0.40390625 0.83125 0.0234375 0.0421875
119 0.5125 0.93515625 0.04375 0.0609375
109 0.75546875 0.28125 0.0515625 0.1359375
106 0.3890625 0.75390625 0.0265625 0.0359375
106 0.40546875 0.565625 0.028125 0.03125
106 0.7953125 0.46796875 0.0203125 0.0421875