60 0.93359375 0.8078125 0.109375 0.0875
13 0.78046875 0.8046875 0.121875 0.109375
16 0.63125 0.81171875 0.1296875 0.103125
114 0.46328125 0.8078125 0.1375 0.09375
102 0.03828125 0.815625 0.0765625 0.1015625
63 0.04453125 0.646875 0.0890625 0.1234375
114 0.48671875 0.65 0.1515625 0.0890625
0 0.7921875 0.65546875 0.1671875 0.1265625
1 0.93359375 0.6578125 0.103125 0.109375
4 0.94140625 0.48671875 0.109375 0.128125
3 0.7671875 0.47890625 0.1375 0.128125
102 0.0375 0.47578125 0.075 0.071875
21 0.93671875 0.29453125 0.0953125 0.0890625
8 0.7859375 0.30625 0.065625 0.1
109 0.64140625 0.30703125 0.11875 0.13125
66 0.940625 0.06796875 0.11875 0.0953125