119 0.55078125 0.8640625 0.05 0.028125
60 0.38984375 0.79921875 0.04375 0.021875
60 0.4140625 0.78359375 0.028125 0.021875
21 0.4125 0.759375 0.034375 0.0234375
14 0.325 0.7453125 0.0515625 0.01875
14 0.57421875 0.57890625 0.05 0.0203125
14 0.78046875 0.4953125 0.0375 0.0234375
60 0.86484375 0.49453125 0.0375 0.03125
60 0.86640625 0.434375 0.0328125 0.03125
4 0.73125 0.359375 0.04375 0.03125
4 0.3796875 0.36015625 0.04375 0.01875
60 0.228125 0.3578125 0.034375 0.0125
60 0.32421875 0.33203125 0.0296875 0.0265625
60 0.32578125 0.2796875 0.021875 0.0234375
60 0.22109375 0.18515625 0.040625 0.01875