60 0.1359375 0.7203125 0.0375 0.04375
66 0.20546875 0.734375 0.034375 0.0546875
119 0.275 0.7390625 0.0375 0.0578125
98 0.3453125 0.74921875 0.04375 0.0890625
74 0.41640625 0.7484375 0.0375 0.075
141 0.49765625 0.74296875 0.0375 0.071875
12 0.56875 0.7421875 0.046875 0.075
130 0.6578125 0.74921875 0.0546875 0.0765625
11 0.73984375 0.7390625 0.046875 0.071875
40 0.8625 0.70390625 0.065625 0.0546875
43 0.85625 0.6078125 0.06875 0.071875
63 0.12890625 0.575 0.040625 0.034375
67 0.1984375 0.58515625 0.05625 0.05
120 0.27734375 0.5890625 0.053125 0.06875
99 0.3421875 0.59375 0.05 0.0875
75 0.42109375 0.59609375 0.04375 0.071875
14 0.48828125 0.5765625 0.021875 0.0640625
14 0.53125 0.57421875 0.05625 0.075
78 0.5859375 0.5734375 0.053125 0.075
152 0.66640625 0.5953125 0.05625 0.0765625
79 0.73515625 0.58984375 0.059375 0.084375
148 0.7796875 0.59765625 0.0328125 0.0875
111 0.76953125 0.434375 0.0390625 0.071875
102 0.7078125 0.425 0.0578125 0.065625
51 0.5890625 0.44296875 0.04375 0.0765625
112 0.51328125 0.44375 0.05625 0.096875
6 0.41953125 0.4296875 0.059375 0.06875
95 0.35078125 0.4359375 0.0515625 0.09375
116 0.278125 0.4296875 0.0484375 0.078125
64 0.21484375 0.42578125 0.05 0.0578125
8 0.1359375 0.42265625 0.03125 0.06875
13 0.13828125 0.25859375 0.0359375 0.034375
73 0.21640625 0.28359375 0.034375 0.09375
114 0.31015625 0.26328125 0.05 0.0390625
100 0.37890625 0.28125 0.0375 0.075
16 0.4546875 0.25859375 0.0390625 0.0421875
16 0.52734375 0.25390625 0.046875 0.0421875
118 0.59453125 0.26953125 0.040625 0.065625
21 0.66875 0.26796875 0.05 0.0421875
153 0.75078125 0.2671875 0.05 0.0515625
106 0.771875 0.1265625 0.0453125 0.0625
61 0.721875 0.11796875 0.03125 0.059375
136 0.66640625 0.11640625 0.04375 0.05625
133 0.5703125 0.13046875 0.059375 0.05625
132 0.4765625 0.1125 0.053125 0.0546875
108 0.3796875 0.1109375 0.05 0.0671875
109 0.315625 0.1109375 0.040625 0.065625
97 0.259375 0.12578125 0.0375 0.0875
32 0.1890625 0.10546875 0.034375 0.03125
32 0.13359375 0.103125 0.046875 0.0375