114 0.525 0.03359375 0.071875 0.0296875
106 0.58984375 0.10234375 0.06875 0.03125
119 0.5953125 0.15234375 0.040625 0.03125
119 0.75234375 0.28359375 0.040625 0.034375
119 0.94609375 0.29375 0.0375 0.0375
63 0.965625 0.4109375 0.0375 0.0453125
20 0.95859375 0.3484375 0.06875 0.0484375
13 0.63046875 0.53203125 0.040625 0.040625
13 0.5796875 0.5328125 0.05625 0.04375
13 0.521875 0.53046875 0.05625 0.0375
119 0.4578125 0.55703125 0.0375 0.040625
20 0.12734375 0.4390625 0.059375 0.040625
16 0.19921875 0.484375 0.075 0.025
16 0.196875 0.5453125 0.0875 0.028125
119 0.25703125 0.6828125 0.059375 0.0453125
119 0.42421875 0.83984375 0.071875 0.05625
20 0.43515625 0.70859375 0.05 0.053125
119 0.78046875 0.63828125 0.040625 0.040625