66 0.04140625 0.06171875 0.071875 0.0828125
60 0.1953125 0.07265625 0.0796875 0.0640625
67 0.34609375 0.0640625 0.084375 0.0796875
63 0.496875 0.06875 0.0796875 0.059375
102 0.66015625 0.06875 0.090625 0.071875
119 0.81328125 0.06171875 0.0796875 0.0859375
11 0.9640625 0.059375 0.071875 0.09375
25 0.03828125 0.325 0.071875 0.075
21 0.1953125 0.3234375 0.0796875 0.075
21 0.34375 0.31875 0.0859375 0.065625
16 0.51171875 0.32109375 0.0859375 0.090625
45 0.65625 0.33359375 0.08125 0.0828125
50 0.8078125 0.33203125 0.0875 0.075
64 0.96171875 0.325 0.075 0.09375
135 0.03828125 0.5828125 0.0640625 0.096875
8 0.1875 0.58359375 0.065625 0.0859375
13 0.35390625 0.57734375 0.0859375 0.071875
13 0.4984375 0.57890625 0.065625 0.0625
152 0.65390625 0.58203125 0.075 0.1125
74 0.80546875 0.57890625 0.075 0.115625
98 0.9625 0.57578125 0.065625 0.10625
122 0.0375 0.84140625 0.075 0.1046875
51 0.18984375 0.8328125 0.078125 0.121875
102 0.34375 0.8453125 0.0671875 0.06875
1 0.5109375 0.84453125 0.090625 0.0828125
4 0.65390625 0.83515625 0.084375 0.090625
61 0.8125 0.83671875 0.075 0.140625
14 0.96484375 0.8390625 0.0703125 0.15