120 0.34375 0.89140625 0.078125 0.1109375
60 0.26796875 0.79609375 0.034375 0.0734375
60 0.240625 0.871875 0.046875 0.040625
60 0.43828125 0.8734375 0.05 0.046875
60 0.11484375 0.58671875 0.0375 0.109375
60 0.48984375 0.45546875 0.034375 0.08125
60 0.54453125 0.06953125 0.046875 0.084375
60 0.6734375 0.05390625 0.040625 0.0921875
60 0.8265625 0.17265625 0.034375 0.1
60 0.89765625 0.23828125 0.06875 0.1125
20 0.46328125 0.228125 0.14375 0.225
106 0.1109375 0.81171875 0.0640625 0.065625
106 0.11015625 0.39921875 0.053125 0.1