4 0.24609375 0.5140625 0.04375 0.0234375
60 0.3546875 0.634375 0.0265625 0.0234375
21 0.1765625 0.64609375 0.0265625 0.0234375
21 0.62890625 0.590625 0.046875 0.015625
21 0.71015625 0.5140625 0.034375 0.0296875
20 0.7984375 0.684375 0.065625 0.05
114 0.578125 0.753125 0.05 0.0203125
114 0.51875 0.753125 0.04375 0.01875
20 0.52578125 0.78203125 0.04375 0.0265625
20 0.5828125 0.77890625 0.046875 0.0234375
4 0.79765625 0.80625 0.040625 0.028125
102 0.6484375 0.82734375 0.0296875 0.0234375
21 0.503125 0.871875 0.0375 0.0203125
1 0.459375 0.93125 0.046875 0.0234375
4 0.353125 0.93671875 0.0375 0.0203125
102 0.40078125 0.95234375 0.0296875 0.0109375
102 0.35078125 0.96171875 0.0296875 0.0109375
102 0.3015625 0.95 0.0203125 0.009375
21 0.2859375 0.9421875 0.0234375 0.0125
8 0.2421875 0.84609375 0.04375 0.021875
102 0.103125 0.8703125 0.0625 0.028125
21 0.1625 0.7234375 0.046875 0.015625