63 0.0609375 0.18125 0.0421875 0.0546875
60 0.10390625 0.21796875 0.034375 0.04375
60 0.1609375 0.17890625 0.0359375 0.0453125
102 0.20234375 0.221875 0.0375 0.046875
102 0.35 0.18125 0.04375 0.0453125
102 0.390625 0.225 0.065625 0.0484375
102 0.3953125 0.359375 0.0515625 0.071875
16 0.50078125 0.22109375 0.034375 0.0515625
16 0.490625 0.359375 0.0484375 0.065625
109 0.81875 0.16640625 0.096875 0.05625
1 0.07265625 0.7421875 0.0546875 0.034375
4 0.1609375 0.7390625 0.065625 0.05
21 0.3453125 0.7421875 0.0578125 0.059375
21 0.40390625 0.78203125 0.0546875 0.071875
21 0.39921875 0.9234375 0.071875 0.084375
153 0.4984375 0.746875 0.090625 0.065625
8 0.65078125 0.70703125 0.078125 0.08125
130 0.9109375 0.73984375 0.1 0.11875