45 0.63984375 0.2984375 0.025 0.06875
45 0.59921875 0.29765625 0.028125 0.065625
45 0.51875 0.29296875 0.03125 0.065625
45 0.47265625 0.2984375 0.025 0.084375
45 0.390625 0.8703125 0.028125 0.06875
63 0.8 0.9703125 0.0484375 0.05625
45 0.7140625 0.9265625 0.0453125 0.06875
63 0.315625 0.26796875 0.0453125 0.028125
60 0.43125 0.26875 0.0375 0.046875
60 0.2 0.26171875 0.034375 0.05
60 0.91875 0.83125 0.034375 0.0359375
60 0.68046875 0.82890625 0.0359375 0.040625
60 0.1578125 0.81484375 0.0484375 0.05
119 0.2515625 0.8140625 0.0375 0.0515625
119 0.79765625 0.83203125 0.0390625 0.0484375
102 0.3546875 0.8078125 0.0515625 0.059375
8 0.5984375 0.02734375 0.0375 0.05