60 0.065625 0.04921875 0.071875 0.03125
25 0.253125 0.04921875 0.096875 0.0671875
119 0.42734375 0.04453125 0.08125 0.0703125
101 0.61171875 0.0484375 0.0875 0.071875
72 0.79375 0.04453125 0.096875 0.06875
14 0.940625 0.04375 0.0546875 0.071875
14 0.9859375 0.03828125 0.028125 0.075
116 0.96484375 0.19609375 0.0703125 0.078125
8 0.80078125 0.19921875 0.0625 0.04375
75 0.6109375 0.1921875 0.0875 0.0546875
99 0.428125 0.19921875 0.0890625 0.0625
120 0.24921875 0.19296875 0.0828125 0.0671875
63 0.06875 0.2078125 0.078125 0.040625
13 0.065625 0.359375 0.0828125 0.0484375
13 0.25390625 0.3625 0.084375 0.034375
73 0.4296875 0.3640625 0.1046875 0.071875
114 0.61875 0.3640625 0.078125 0.040625
114 0.7984375 0.37578125 0.078125 0.028125
100 0.97265625 0.36953125 0.0546875 0.065625
130 0.96640625 0.54453125 0.0671875 0.071875
11 0.7875 0.54453125 0.075 0.0625
118 0.61015625 0.54375 0.075 0.05625
16 0.43046875 0.54140625 0.0875 0.034375
16 0.2515625 0.5359375 0.071875 0.040625
151 0.3265625 0.696875 0.06875 0.059375
32 0.615625 0.70625 0.075 0.034375
32 0.79453125 0.70390625 0.06875 0.0328125
97 0.97265625 0.69921875 0.0546875 0.0625
4 0.971875 0.85546875 0.05625 0.0546875
135 0.8 0.83515625 0.05625 0.046875
109 0.64140625 0.85078125 0.05625 0.059375
109 0.571875 0.8484375 0.05625 0.059375
153 0.42578125 0.83671875 0.103125 0.071875
21 0.246875 0.8515625 0.1 0.040625
21 0.06796875 0.85546875 0.075 0.040625
1 0.06328125 0.96640625 0.075 0.04375
79 0.25546875 0.9640625 0.0828125 0.0515625
111 0.42734375 0.96328125 0.0828125 0.04375
61 0.6171875 0.965625 0.06875 0.0515625
136 0.8046875 0.96484375 0.065625 0.0375
106 0.975 0.9625 0.05 0.0484375
14 0.19921875 0.70625 0.059375 0.025
102 0.06796875 0.53671875 0.071875 0.04375