60 0.96796875 0.8484375 0.0640625 0.0875
13 0.83828125 0.84453125 0.1234375 0.109375
16 0.68984375 0.8515625 0.128125 0.1015625
114 0.52265625 0.8484375 0.1359375 0.09375
102 0.07578125 0.85703125 0.128125 0.1015625
63 0.084375 0.6890625 0.13125 0.121875
114 0.54609375 0.69140625 0.15 0.0875
0 0.84921875 0.696875 0.165625 0.125
1 0.96953125 0.7 0.0609375 0.109375
4 0.97109375 0.5296875 0.0578125 0.128125
3 0.82421875 0.52109375 0.1375 0.128125
102 0.07265625 0.51953125 0.128125 0.071875
21 0.97265625 0.3390625 0.053125 0.0875
8 0.84296875 0.35 0.0640625 0.1
109 0.7 0.35078125 0.1171875 0.13125
66 0.96875 0.115625 0.0625 0.09375