60 0.73046875 0.896875 0.046875 0.0390625
66 0.7453125 0.82421875 0.05625 0.0359375
119 0.75 0.7515625 0.059375 0.0390625
98 0.7609375 0.678125 0.09375 0.046875
74 0.76015625 0.60390625 0.078125 0.0390625
141 0.75390625 0.51875 0.075 0.0390625
12 0.753125 0.44453125 0.078125 0.05
130 0.7609375 0.3515625 0.0796875 0.05625
11 0.75 0.265625 0.075 0.05
40 0.71328125 0.1375 0.05625 0.06875
43 0.6125 0.14375 0.075 0.071875
63 0.578125 0.9046875 0.0359375 0.0421875
67 0.5890625 0.83203125 0.053125 0.059375
120 0.59296875 0.74921875 0.071875 0.05625
99 0.59765625 0.68125 0.090625 0.053125
75 0.60078125 0.59921875 0.075 0.046875
14 0.5796875 0.52890625 0.0671875 0.021875
14 0.57734375 0.48359375 0.078125 0.059375
78 0.5765625 0.4265625 0.078125 0.05625
152 0.6 0.3421875 0.0796875 0.059375
79 0.59375 0.2703125 0.0875 0.0625
148 0.60234375 0.22421875 0.090625 0.034375
111 0.43125 0.234375 0.075 0.040625
102 0.421875 0.29921875 0.06875 0.059375
51 0.440625 0.4234375 0.0796875 0.046875
112 0.44140625 0.50234375 0.1015625 0.059375
6 0.4265625 0.60078125 0.071875 0.0625
95 0.4328125 0.67265625 0.096875 0.053125
116 0.4265625 0.7484375 0.08125 0.05
64 0.42265625 0.81484375 0.059375 0.053125
8 0.41875 0.896875 0.071875 0.0328125
13 0.24765625 0.89453125 0.0359375 0.0375
73 0.2734375 0.81328125 0.096875 0.0359375
114 0.25234375 0.71484375 0.040625 0.053125
100 0.27109375 0.64296875 0.078125 0.0390625
16 0.24765625 0.5640625 0.04375 0.040625
16 0.24296875 0.4875 0.04375 0.05
118 0.259375 0.4171875 0.06875 0.0421875
21 0.25703125 0.33984375 0.04375 0.053125
153 0.25625 0.25390625 0.053125 0.053125
106 0.109375 0.23203125 0.065625 0.046875
61 0.10078125 0.284375 0.0625 0.0328125
136 0.09921875 0.3421875 0.059375 0.046875
133 0.11328125 0.44296875 0.059375 0.0625
132 0.09453125 0.540625 0.05625 0.05625
108 0.09296875 0.6421875 0.0703125 0.053125
109 0.09296875 0.709375 0.06875 0.0421875
97 0.10859375 0.76796875 0.090625 0.0390625
32 0.0875 0.84140625 0.0328125 0.0359375
32 0.08515625 0.89921875 0.0390625 0.05