60 0.1203125 0.109375 0.053125 0.04375
66 0.115625 0.18359375 0.065625 0.046875
119 0.10859375 0.25625 0.075 0.04375
98 0.1 0.33203125 0.1 0.046875
74 0.10234375 0.4046875 0.0984375 0.046875
141 0.0984375 0.4875 0.09375 0.0375
12 0.1125 0.5703125 0.0859375 0.040625
130 0.1125 0.6625 0.0890625 0.05
11 0.1046875 0.75703125 0.115625 0.0875
40 0.1546875 0.87578125 0.071875 0.071875
43 0.26953125 0.878125 0.078125 0.0734375
63 0.3125 0.109375 0.06875 0.046875
67 0.3078125 0.1875 0.065625 0.05
120 0.2984375 0.25625 0.06875 0.05625
99 0.2890625 0.33984375 0.1015625 0.0515625
75 0.28359375 0.41484375 0.1015625 0.04375
14 0.3078125 0.48203125 0.0828125 0.025
14 0.31171875 0.52265625 0.0859375 0.0453125
78 0.3078125 0.58828125 0.0921875 0.05
151 0.290625 0.66875 0.0890625 0.06875
79 0.29140625 0.7453125 0.11875 0.046875
148 0.28828125 0.78828125 0.1125 0.034375
111 0.49375 0.778125 0.075 0.05625
102 0.5015625 0.709375 0.0546875 0.04375
142 0.490625 0.64609375 0.075 0.04375
51 0.47109375 0.58671875 0.1 0.0375
112 0.465625 0.50390625 0.09375 0.05
6 0.4953125 0.4125 0.0453125 0.0484375
95 0.490625 0.3359375 0.1375 0.05625
116 0.49375 0.2671875 0.103125 0.04375
64 0.50078125 0.18984375 0.0890625 0.046875
8 0.50703125 0.11484375 0.06875 0.040625
13 0.70703125 0.11484375 0.0546875 0.04375
73 0.67578125 0.196875 0.103125 0.0375
114 0.6984375 0.2890625 0.0484375 0.046875
95 0.67421875 0.3703125 0.103125 0.03125
16 0.71171875 0.4484375 0.0453125 0.0453125
16 0.70390625 0.52109375 0.065625 0.071875
118 0.6875 0.59296875 0.09375 0.04375
21 0.7015625 0.6734375 0.053125 0.05
153 0.6890625 0.75390625 0.059375 0.0546875
32 0.89296875 0.11328125 0.06875 0.0421875
32 0.89140625 0.16328125 0.0546875 0.040625
97 0.8703125 0.24609375 0.10625 0.0296875
109 0.88828125 0.30234375 0.084375 0.0296875
108 0.8890625 0.36953125 0.071875 0.0375
132 0.88046875 0.46171875 0.065625 0.078125
133 0.87734375 0.56953125 0.05625 0.059375
136 0.8890625 0.6734375 0.0828125 0.0609375
61 0.8890625 0.7296875 0.078125 0.0234375
106 0.87265625 0.77578125 0.059375 0.0375
45 0.47734375 0.88125 0.0546875 0.065625
157 0.59140625 0.88125 0.065625 0.075
166 0.71640625 0.8765625 0.0546875 0.0734375
150 0.83515625 0.878125 0.053125 0.0984375