119 0.2546875 0.953125 0.034375 0.0390625
119 0.47578125 0.7703125 0.05 0.03125
119 0.76484375 0.6828125 0.04375 0.025
119 0.41484375 0.38125 0.0546875 0.0375
119 0.359375 0.15703125 0.0578125 0.028125
119 0.209375 0.278125 0.046875 0.046875
16 0.16796875 0.39609375 0.0734375 0.025
16 0.17734375 0.45546875 0.0609375 0.021875
20 0.10390625 0.4890625 0.0609375 0.046875
66 0.60390625 0.565625 0.0546875 0.028125
66 0.796875 0.5765625 0.040625 0.025
20 0.38125 0.2546875 0.0546875 0.03125
60 0.68671875 0.47421875 0.040625 0.025
66 0.809375 0.41484375 0.05 0.025
60 0.946875 0.47265625 0.04375 0.0125
63 0.9203125 0.39453125 0.03125 0.025
62 0.565625 0.953125 0.184375 0.090625