60 0.90625 0.90390625 0.04375 0.06875
25 0.91484375 0.75703125 0.059375 0.065625
119 0.91875 0.61328125 0.078125 0.1140625
98 0.92890625 0.45546875 0.1 0.11875
74 0.93125 0.303125 0.096875 0.103125
14 0.9265625 0.17578125 0.084375 0.0625
14 0.91875 0.090625 0.09375 0.0875
102 0.7484375 0.08671875 0.065625 0.0921875
95 0.778125 0.2109375 0.103125 0.0890625
116 0.77265625 0.30703125 0.096875 0.0671875
8 0.77265625 0.4046875 0.0625 0.071875
75 0.7703125 0.50703125 0.09375 0.103125
95 0.771875 0.6390625 0.1 0.065625
120 0.7609375 0.76640625 0.06875 0.06875
63 0.75 0.903125 0.046875 0.0640625
13 0.5875 0.89296875 0.05625 0.0796875
13 0.5859375 0.74296875 0.053125 0.0875
73 0.61875 0.61484375 0.084375 0.08125
114 0.59375 0.42734375 0.05625 0.096875
114 0.59296875 0.29453125 0.0515625 0.096875
100 0.6171875 0.125 0.096875 0.0796875
1 0.47734375 0.12109375 0.075 0.08125
152 0.46953125 0.26796875 0.06875 0.08125
11 0.46484375 0.396875 0.0875 0.10625
130 0.4671875 0.49765625 0.071875 0.09375
118 0.453125 0.64453125 0.084375 0.0796875
16 0.43984375 0.76953125 0.0546875 0.08125
16 0.4359375 0.8890625 0.0546875 0.078125
32 0.28828125 0.8921875 0.05625 0.084375
32 0.28671875 0.78671875 0.040625 0.0609375
97 0.30859375 0.64140625 0.1 0.05625
21 0.30625 0.4640625 0.0484375 0.08125
21 0.303125 0.29140625 0.0546875 0.078125
153 0.30703125 0.13203125 0.08125 0.11875
106 0.14453125 0.109375 0.0640625 0.0734375
61 0.14375 0.2484375 0.0796875 0.05
111 0.1265625 0.38515625 0.053125 0.171875
108 0.11328125 0.6234375 0.084375 0.1
109 0.10703125 0.8125 0.0921875 0.06875
109 0.11484375 0.9265625 0.1 0.059375