60 0.9140625 0.91015625 0.046875 0.0578125
66 0.83359375 0.915625 0.05 0.071875
119 0.7546875 0.9234375 0.046875 0.08125
98 0.6734375 0.9328125 0.05 0.1078125
74 0.59453125 0.9296875 0.05 0.10625
141 0.5046875 0.934375 0.040625 0.1015625
12 0.415625 0.91875 0.04375 0.09375
130 0.315625 0.91875 0.053125 0.096875
11 0.2140625 0.92734375 0.09375 0.125
40 0.08515625 0.8734375 0.078125 0.078125
43 0.0828125 0.74921875 0.0796875 0.084375
63 0.9140625 0.70234375 0.05 0.075
67 0.8296875 0.7078125 0.053125 0.071875
120 0.7546875 0.71796875 0.0609375 0.075
99 0.66484375 0.728125 0.05625 0.109375
75 0.58359375 0.73359375 0.046875 0.109375
14 0.5109375 0.7078125 0.028125 0.090625
14 0.4671875 0.70390625 0.05 0.09375
78 0.39609375 0.7078125 0.053125 0.1
151 0.309375 0.7265625 0.075 0.096875
79 0.2265625 0.72578125 0.05 0.128125
148 0.1796875 0.72890625 0.0375 0.121875
111 0.190625 0.50703125 0.0609375 0.08125
102 0.26484375 0.4984375 0.046875 0.059375
142 0.33359375 0.51015625 0.046875 0.08125
51 0.39765625 0.53125 0.040625 0.1078125
112 0.4875 0.5375 0.053125 0.1015625
6 0.5859375 0.5046875 0.053125 0.05
95 0.66875 0.51015625 0.0609375 0.1484375
116 0.74296875 0.50703125 0.046875 0.1125
64 0.8265625 0.49921875 0.05 0.096875
8 0.9078125 0.4921875 0.04375 0.075
13 0.9078125 0.2765625 0.046875 0.059375
73 0.81953125 0.31015625 0.040625 0.1125
114 0.71953125 0.28515625 0.05 0.053125
95 0.63203125 0.31171875 0.034375 0.1125
16 0.54765625 0.27109375 0.05 0.05
16 0.46875 0.2796875 0.078125 0.071875
118 0.39140625 0.29765625 0.046875 0.1015625
21 0.30390625 0.28203125 0.053125 0.0578125
153 0.2171875 0.2953125 0.059375 0.0640625
32 0.909375 0.075 0.0453125 0.075
32 0.85546875 0.0765625 0.04375 0.059375
97 0.76640625 0.1 0.03125 0.115625
109 0.70546875 0.08046875 0.03125 0.090625
108 0.6328125 0.0796875 0.040625 0.078125
132 0.5328125 0.0890625 0.084375 0.071875
133 0.41640625 0.0921875 0.0640625 0.0609375
136 0.30390625 0.0796875 0.065625 0.090625
61 0.24296875 0.0796875 0.025 0.084375
106 0.19375 0.096875 0.040625 0.0640625
45 0.0796875 0.52421875 0.071875 0.059375
157 0.0796875 0.4015625 0.08125 0.071875
166 0.084375 0.26640625 0.0796875 0.059375
150 0.0828125 0.1375 0.10625 0.0578125