60 0.9328125 0.16171875 0.1109375 0.0828125
13 0.78203125 0.1609375 0.1125 0.084375
16 0.628125 0.16015625 0.1125 0.090625
114 0.4765625 0.1640625 0.10625 0.096875
102 0.03671875 0.15625 0.0734375 0.1
63 0.03984375 0.31875 0.0796875 0.09375
114 0.4765625 0.32421875 0.11875 0.09375
1 0.93046875 0.3125 0.1078125 0.10625
0 0.7765625 0.3109375 0.084375 0.1
3 0.7796875 0.48359375 0.1296875 0.1265625
4 0.93125 0.48671875 0.1125 0.11875
102 0.04375 0.490625 0.0875 0.0875
8 0.8 0.65703125 0.090625 0.09375
66 0.93125 0.878125 0.103125 0.1
119 0.778125 0.86953125 0.121875 0.1125
51 0.6296875 0.85703125 0.121875 0.13125