60 0.20390625 0.9296875 0.084375 0.1046875
13 0.20703125 0.7828125 0.1046875 0.11875
16 0.20078125 0.6390625 0.0984375 0.121875
114 0.20390625 0.478125 0.090625 0.13125
102 0.196875 0.053125 0.0984375 0.10625
63 0.359375 0.059375 0.11875 0.11875
114 0.35546875 0.5 0.084375 0.146875
0 0.35078125 0.79375 0.121875 0.1609375
1 0.3484375 0.9296875 0.1046875 0.0984375
4 0.51328125 0.93671875 0.121875 0.1046875
3 0.5203125 0.76953125 0.121875 0.1328125
102 0.52265625 0.05234375 0.06875 0.1046875
21 0.69765625 0.9328125 0.084375 0.0921875
8 0.6859375 0.7875 0.096875 0.0625
109 0.68515625 0.64921875 0.1265625 0.1125
66 0.9140625 0.93828125 0.0921875 0.121875