119 0.06171875 0.25859375 0.0375 0.0359375
119 0.240625 0.475 0.03125 0.05
119 0.32578125 0.7578125 0.0234375 0.04375
119 0.62109375 0.41484375 0.0359375 0.053125
119 0.83984375 0.3609375 0.0296875 0.0546875
119 0.721875 0.2140625 0.0453125 0.0484375
16 0.60625 0.1734375 0.025 0.0734375
16 0.5484375 0.1828125 0.021875 0.0609375
20 0.515625 0.1109375 0.0453125 0.059375
66 0.440625 0.6 0.0296875 0.0515625
66 0.4296875 0.7890625 0.0265625 0.0421875
20 0.74453125 0.38203125 0.0296875 0.0546875
60 0.5296875 0.68125 0.0234375 0.0421875
66 0.58828125 0.80078125 0.0234375 0.05
60 0.53125 0.93515625 0.0125 0.04375
63 0.6078125 0.909375 0.025 0.0328125
62 0.06171875 0.5625 0.0875 0.18125