119 0.7953125 0.99375 0.0375 0.0125
119 0.5625 0.815625 0.053125 0.034375
119 0.25703125 0.7234375 0.046875 0.025
119 0.62734375 0.4046875 0.0578125 0.0390625
119 0.6859375 0.16796875 0.0609375 0.03125
119 0.84453125 0.2953125 0.05 0.05
16 0.88828125 0.4203125 0.078125 0.028125
16 0.878125 0.4828125 0.0640625 0.0234375
20 0.95625 0.51875 0.0640625 0.05
66 0.42734375 0.6 0.0578125 0.03125
66 0.22265625 0.61171875 0.04375 0.028125
20 0.66328125 0.27109375 0.0578125 0.03125
60 0.33984375 0.503125 0.04375 0.025
66 0.21015625 0.43984375 0.053125 0.025
60 0.06484375 0.5015625 0.046875 0.0125
63 0.09296875 0.41875 0.034375 0.028125
62 0.46796875 0.98046875 0.196875 0.0390625