119 0.88828125 0.57578125 0.03125 0.05625
60 0.81796875 0.40078125 0.0234375 0.05
60 0.80078125 0.42734375 0.025 0.03125
21 0.77421875 0.42578125 0.025 0.0375
14 0.759375 0.33046875 0.0203125 0.05625
14 0.57890625 0.60078125 0.021875 0.053125
14 0.48828125 0.82421875 0.025 0.0390625
60 0.4875 0.91640625 0.034375 0.0421875
60 0.421875 0.91796875 0.034375 0.0359375
4 0.340625 0.77109375 0.034375 0.046875
4 0.34140625 0.38984375 0.021875 0.046875
60 0.3390625 0.22578125 0.0125 0.0375
60 0.3109375 0.3296875 0.028125 0.03125
60 0.25390625 0.33125 0.025 0.0234375
60 0.1515625 0.21796875 0.021875 0.04375