60 0.2296875 0.21796875 0.0171875 0.021875
119 0.22421875 0.25859375 0.0296875 0.0265625
60 0.22578125 0.29921875 0.021875 0.0203125
60 0.22265625 0.47734375 0.025 0.0125
60 0.31171875 0.48046875 0.028125 0.0125
60 0.53671875 0.475 0.0234375 0.01875
60 0.48125 0.1921875 0.01875 0.0125
60 0.47421875 0.07421875 0.025 0.021875
60 0.45234375 0.053125 0.01875 0.01875
60 0.36171875 0.0671875 0.034375 0.01875
60 0.715625 0.1109375 0.021875 0.01875
60 0.79296875 0.20703125 0.0171875 0.021875
60 0.70234375 0.3203125 0.01875 0.0203125
60 0.70234375 0.3984375 0.01875 0.015625
60 0.78828125 0.40859375 0.028125 0.021875
60 0.6953125 0.53359375 0.021875 0.021875
60 0.7203125 0.54140625 0.025 0.0203125
60 0.70546875 0.64296875 0.021875 0.0203125
60 0.684375 0.63984375 0.025 0.021875
60 0.92109375 0.6890625 0.01875 0.0171875
60 0.9234375 0.7703125 0.01875 0.0234375
60 0.61875 0.86484375 0.0234375 0.021875
60 0.621875 0.78203125 0.021875 0.0375
60 0.56640625 0.62890625 0.01875 0.028125
60 0.5859375 0.56796875 0.0203125 0.0203125
60 0.58671875 0.5234375 0.0171875 0.021875
109 0.1984375 0.5546875 0.053125 0.040625
109 0.17265625 0.59609375 0.053125 0.03125
60 0.30625 0.63125 0.021875 0.015625
66 0.26015625 0.72109375 0.0234375 0.021875
106 0.26484375 0.6890625 0.025 0.01875
60 0.328125 0.55234375 0.034375 0.015625
66 0.26484375 0.5171875 0.0375 0.021875
106 0.621875 0.74453125 0.034375 0.021875
119 0.61640625 0.82109375 0.025 0.0234375
66 0.65234375 0.81953125 0.0375 0.021875
60 0.646875 0.7109375 0.0265625 0.015625
20 0.6921875 0.67265625 0.05625 0.03125
20 0.7015625 0.56875 0.05625 0.0375
60 0.65 0.5890625 0.028125 0.015625
66 0.7359375 0.3484375 0.025 0.025
109 0.72109375 0.175 0.053125 0.034375
109 0.69140625 0.20390625 0.053125 0.034375
66 0.2625 0.25546875 0.028125 0.025
106 0.265625 0.37109375 0.025 0.01875
119 0.26875 0.47734375 0.034375 0.025