134 0.88359375 0.0265625 0.2328125 0.053125
137 0.63359375 0.0265625 0.1484375 0.053125
137 0.340625 0.02578125 0.1875 0.0515625
121 0.07109375 0.0375 0.1421875 0.075
27 0.07109375 0.11171875 0.1421875 0.0328125
145 0.34609375 0.11328125 0.2078125 0.03125
144 0.6296875 0.11328125 0.171875 0.028125
107 0.91015625 0.11015625 0.1796875 0.0328125
121 0.87578125 0.1921875 0.2484375 0.0625
39 0.63984375 0.19140625 0.1109375 0.0625
39 0.34609375 0.19140625 0.2265625 0.05625
69 0.06328125 0.19453125 0.1265625 0.053125
37 0.06171875 0.27890625 0.121875 0.040625
33 0.33359375 0.28125 0.25 0.040625
93 0.64296875 0.26953125 0.184375 0.059375
147 0.91171875 0.2734375 0.1765625 0.059375
88 0.909375 0.353125 0.1640625 0.0640625
160 0.62421875 0.36484375 0.2078125 0.034375
34 0.33671875 0.36171875 0.3046875 0.04375
91 0.06171875 0.35703125 0.121875 0.05
35 0.915625 0.4640625 0.16875 0.0375
155 0.63359375 0.45859375 0.103125 0.05625
18 0.33984375 0.4421875 0.259375 0.075
5 0.0859375 0.45234375 0.171875 0.0609375
15 0.90390625 0.56171875 0.1921875 0.05
56 0.63046875 0.5453125 0.190625 0.071875
57 0.359375 0.54765625 0.159375 0.065625
58 0.06640625 0.54296875 0.1328125 0.0734375
159 0.921875 0.66953125 0.121875 0.05625
171 0.64375 0.653125 0.165625 0.090625
92 0.35625 0.66640625 0.171875 0.05625
77 0.0515625 0.6640625 0.103125 0.0625
113 0.928125 0.76015625 0.1375 0.06875
76 0.6546875 0.75625 0.296875 0.078125
110 0.33515625 0.759375 0.1453125 0.06875
22 0.07109375 0.76328125 0.1421875 0.059375
30 0.0609375 0.88046875 0.121875 0.059375
29 0.35 0.8640625 0.25 0.09375
28 0.63984375 0.86796875 0.2578125 0.0875
59 0.91875 0.8703125 0.1625 0.0796875
105 0.9046875 0.98203125 0.153125 0.028125
9 0.62265625 0.97421875 0.253125 0.0453125