60 0.8609375 0.2203125 0.040625 0.0484375
66 0.7859375 0.20546875 0.0375 0.059375
119 0.71015625 0.2 0.040625 0.0625
98 0.63359375 0.1890625 0.046875 0.096875
74 0.55703125 0.18984375 0.040625 0.08125
141 0.46875 0.19609375 0.040625 0.078125
12 0.39140625 0.196875 0.0515625 0.08125
130 0.29453125 0.1890625 0.059375 0.0828125
11 0.20625 0.2 0.05 0.078125
40 0.07265625 0.23828125 0.071875 0.059375
43 0.0796875 0.3421875 0.075 0.078125
63 0.86875 0.378125 0.04375 0.0375
67 0.79296875 0.3671875 0.0609375 0.053125
120 0.7078125 0.3625 0.0578125 0.075
99 0.6375 0.3578125 0.053125 0.09375
75 0.5515625 0.35546875 0.046875 0.078125
14 0.47890625 0.3765625 0.0234375 0.06875
14 0.43203125 0.37890625 0.0609375 0.08125
78 0.37265625 0.3796875 0.0578125 0.08125
152 0.2859375 0.35625 0.0609375 0.0828125
79 0.2109375 0.36171875 0.0640625 0.090625
148 0.1625 0.353125 0.0359375 0.09375
111 0.1734375 0.53046875 0.0421875 0.078125
102 0.240625 0.540625 0.0625 0.071875
51 0.36953125 0.52109375 0.046875 0.0828125
112 0.4515625 0.5203125 0.0609375 0.10625
6 0.553125 0.5359375 0.0640625 0.075
95 0.628125 0.52890625 0.05625 0.1015625
116 0.70703125 0.5359375 0.053125 0.084375
64 0.77578125 0.53984375 0.053125 0.0625
8 0.8609375 0.54296875 0.034375 0.075
13 0.85859375 0.72109375 0.0390625 0.0375
73 0.7734375 0.69375 0.0375 0.1015625
114 0.671875 0.71640625 0.053125 0.0421875
100 0.59765625 0.696875 0.040625 0.08125
16 0.515625 0.72109375 0.0421875 0.046875
16 0.43671875 0.7265625 0.05 0.046875
118 0.36328125 0.709375 0.04375 0.071875
21 0.2828125 0.7109375 0.053125 0.046875
153 0.19375 0.71171875 0.0546875 0.05625
106 0.17109375 0.8640625 0.05 0.06875
61 0.22578125 0.8734375 0.034375 0.0640625
136 0.2859375 0.87578125 0.046875 0.0609375
133 0.38984375 0.86015625 0.0640625 0.0609375
132 0.49140625 0.8796875 0.0578125 0.059375
108 0.596875 0.88125 0.0546875 0.071875
109 0.66640625 0.88125 0.04375 0.071875
97 0.72734375 0.865625 0.040625 0.09375
32 0.803125 0.8875 0.0375 0.034375
32 0.86328125 0.88984375 0.05 0.040625