114 0.97578125 0.76015625 0.025 0.0625
20 0.9703125 0.6984375 0.034375 0.0578125
106 0.9265625 0.71015625 0.021875 0.0609375
119 0.88984375 0.71328125 0.028125 0.0484375
119 0.76484375 0.53359375 0.028125 0.0421875
119 0.278125 0.55234375 0.028125 0.053125
119 0.16328125 0.76640625 0.028125 0.0515625
119 0.03515625 0.609375 0.034375 0.05625
20 0.13671875 0.584375 0.0375 0.0515625
20 0.38671875 0.86953125 0.0421875 0.0484375
16 0.3484375 0.8 0.028125 0.0484375
16 0.28828125 0.8 0.021875 0.0515625
62 0.94765625 0.37421875 0.1046875 0.184375
119 0.58828125 0.18125 0.03125 0.0578125
66 0.4765625 0.140625 0.028125 0.0453125
66 0.46875 0.3546875 0.025 0.0515625
66 0.309375 0.1328125 0.03125 0.0515625