114 0.046875 0.75546875 0.025 0.0609375
20 0.05234375 0.6953125 0.0328125 0.05625
106 0.09453125 0.70703125 0.0203125 0.059375
119 0.13046875 0.709375 0.0265625 0.046875
119 0.2515625 0.5359375 0.028125 0.040625
119 0.72265625 0.55390625 0.028125 0.0515625
119 0.834375 0.7609375 0.028125 0.05
119 0.9578125 0.609375 0.034375 0.0546875
20 0.859375 0.58515625 0.0359375 0.05
20 0.6171875 0.8609375 0.040625 0.046875
16 0.6546875 0.79375 0.028125 0.046875
16 0.71328125 0.79375 0.0203125 0.05
62 0.07265625 0.38203125 0.103125 0.178125
119 0.42265625 0.19453125 0.03125 0.05625
66 0.53046875 0.1546875 0.028125 0.04375
66 0.53828125 0.3625 0.025 0.05
66 0.6921875 0.14765625 0.0296875 0.05