63 0.18203125 0.9375 0.053125 0.040625
60 0.21796875 0.8953125 0.04375 0.034375
60 0.1796875 0.83828125 0.0453125 0.0359375
102 0.221875 0.79765625 0.046875 0.0375
102 0.18203125 0.65078125 0.0453125 0.04375
102 0.225 0.61015625 0.046875 0.065625
102 0.35859375 0.60546875 0.071875 0.0515625
16 0.22109375 0.50078125 0.0515625 0.034375
16 0.35859375 0.5109375 0.065625 0.046875
109 0.1671875 0.18515625 0.05625 0.096875
1 0.7390625 0.9265625 0.034375 0.0546875
4 0.7359375 0.83828125 0.05 0.065625
21 0.7390625 0.65546875 0.059375 0.05625
21 0.77890625 0.596875 0.06875 0.0546875
21 0.91953125 0.6015625 0.0828125 0.0703125
153 0.74375 0.503125 0.065625 0.0890625
8 0.70390625 0.3515625 0.08125 0.075
130 0.73671875 0.09296875 0.1171875 0.096875