20 0.3109375 0.296875 0.0453125 0.03125
60 0.3546875 0.32890625 0.040625 0.015625
60 0.35078125 0.3453125 0.034375 0.015625
119 0.4 0.44375 0.0390625 0.021875
119 0.50546875 0.52265625 0.04375 0.025
20 0.51953125 0.42890625 0.046875 0.028125
119 0.56875 0.415625 0.0421875 0.028125
13 0.6265625 0.36171875 0.025 0.0234375
13 0.68359375 0.36171875 0.03125 0.01875
13 0.740625 0.3640625 0.028125 0.01875
60 0.753125 0.0390625 0.028125 0.015625
20 0.78203125 0.06015625 0.0453125 0.025
106 0.771875 0.09453125 0.034375 0.0140625
119 0.76171875 0.15078125 0.03125 0.0171875
119 0.85546875 0.24921875 0.0265625 0.015625
119 0.9125 0.23828125 0.034375 0.0203125
13 0.92578125 0.3015625 0.03125 0.021875
119 0.790625 0.43828125 0.0390625 0.01875
20 0.7734375 0.54609375 0.046875 0.028125
108 0.5828125 0.6859375 0.0359375 0.025