60 0.1171875 0.7203125 0.0375 0.0453125
66 0.1890625 0.734375 0.0359375 0.05625
119 0.26015625 0.73984375 0.0375 0.059375
98 0.3328125 0.75 0.0453125 0.090625
74 0.40625 0.74921875 0.0375 0.078125
141 0.48984375 0.74375 0.0375 0.075
12 0.5625 0.74296875 0.0484375 0.078125
130 0.6546875 0.75 0.05625 0.078125
11 0.7390625 0.73984375 0.0484375 0.075
40 0.86484375 0.703125 0.0671875 0.05625
43 0.85859375 0.6046875 0.071875 0.075
63 0.11015625 0.57109375 0.0421875 0.034375
67 0.18203125 0.58125 0.0578125 0.0515625
120 0.2625 0.58515625 0.0546875 0.071875
99 0.3296875 0.58984375 0.0515625 0.090625
75 0.4109375 0.5921875 0.0453125 0.075
14 0.4796875 0.57265625 0.021875 0.065625
14 0.52421875 0.5703125 0.0578125 0.078125
78 0.58046875 0.56875 0.0546875 0.078125
152 0.66328125 0.59140625 0.0578125 0.078125
79 0.73359375 0.5859375 0.0609375 0.0875
148 0.7796875 0.59375 0.034375 0.090625
111 0.76953125 0.42578125 0.040625 0.075
102 0.70546875 0.41640625 0.059375 0.0671875
51 0.58359375 0.43515625 0.0453125 0.078125
112 0.50546875 0.4359375 0.0578125 0.1
6 0.409375 0.42109375 0.0609375 0.071875
95 0.33828125 0.42734375 0.053125 0.096875
116 0.26328125 0.42109375 0.05 0.08125
64 0.1984375 0.4171875 0.0515625 0.059375
8 0.1171875 0.4140625 0.0328125 0.071875
13 0.11953125 0.2453125 0.0375 0.0359375
73 0.2 0.27109375 0.0359375 0.096875
114 0.296875 0.25 0.0515625 0.040625
100 0.3671875 0.26875 0.0375 0.078125
16 0.4453125 0.2453125 0.040625 0.04375
16 0.5203125 0.240625 0.0484375 0.04375
118 0.5890625 0.25625 0.0421875 0.0671875
21 0.665625 0.2546875 0.0515625 0.04375
153 0.75 0.25390625 0.0515625 0.053125
106 0.771875 0.109375 0.046875 0.0640625
61 0.7203125 0.10078125 0.03125 0.0609375
136 0.66328125 0.09921875 0.0453125 0.0578125
133 0.5640625 0.11328125 0.0609375 0.0578125
132 0.46796875 0.09453125 0.0546875 0.05625
108 0.36796875 0.09296875 0.0515625 0.06875
109 0.30234375 0.09296875 0.0421875 0.0671875
97 0.24453125 0.10859375 0.0375 0.090625
32 0.171875 0.0875 0.034375 0.03125
32 0.11484375 0.08515625 0.0484375 0.0390625