66 0.9359375 0.8734375 0.078125 0.071875
60 0.79453125 0.865625 0.0796875 0.05625
67 0.64609375 0.87421875 0.090625 0.0859375
63 0.49296875 0.86171875 0.075 0.059375
102 0.3390625 0.87578125 0.06875 0.078125
119 0.19921875 0.86875 0.078125 0.06875
11 0.0453125 0.87265625 0.075 0.09375
64 0.05078125 0.625 0.06875 0.1015625
45 0.19609375 0.61875 0.078125 0.06875
45 0.34609375 0.615625 0.0859375 0.0625
16 0.48671875 0.62265625 0.0875 0.075
21 0.6390625 0.62578125 0.08125 0.0734375
21 0.78359375 0.61953125 0.0734375 0.0734375
25 0.934375 0.6203125 0.059375 0.06875
135 0.93828125 0.36953125 0.0625 0.096875
8 0.78828125 0.37109375 0.065625 0.08125
13 0.640625 0.37734375 0.08125 0.05625
13 0.49765625 0.37734375 0.065625 0.05625
152 0.34453125 0.3828125 0.06875 0.10625
74 0.19609375 0.37578125 0.075 0.115625
98 0.046875 0.38359375 0.078125 0.10625
14 0.046875 0.12421875 0.0515625 0.1375