20 0.94140625 0.04140625 0.1171875 0.0828125
134 0.934375 0.1515625 0.103125 0.096875
134 0.9359375 0.26875 0.09375 0.121875
19 0.9359375 0.3796875 0.0875 0.1046875
20 0.94375 0.4890625 0.1078125 0.1125
137 0.94140625 0.60390625 0.1171875 0.1015625
20 0.7703125 0.95078125 0.121875 0.0890625
20 0.78046875 0.84453125 0.103125 0.075
20 0.6 0.25859375 0.103125 0.08125
20 0.6015625 0.13984375 0.1328125 0.103125
20 0.59921875 0.0359375 0.1296875 0.071875
44 0.2515625 0.83671875 0.1421875 0.103125
44 0.26640625 0.95234375 0.09375 0.0953125
44 0.0796875 0.0359375 0.09375 0.071875
158 0.08359375 0.26171875 0.1359375 0.10625
62 0.42578125 0.49765625 0.125 0.1015625