20 0.31796875 0.296875 0.046875 0.03125
60 0.3625 0.3296875 0.040625 0.015625
60 0.35859375 0.346875 0.034375 0.015625
119 0.40859375 0.44765625 0.040625 0.021875
119 0.51640625 0.528125 0.04375 0.025
20 0.53125 0.43203125 0.046875 0.028125
119 0.58125 0.41875 0.04375 0.028125
13 0.640625 0.36328125 0.025 0.025
13 0.69921875 0.36328125 0.03125 0.01875
13 0.75703125 0.365625 0.028125 0.01875
60 0.7703125 0.03359375 0.028125 0.015625
20 0.79921875 0.05546875 0.046875 0.025
106 0.7890625 0.090625 0.034375 0.0140625
119 0.77890625 0.14765625 0.03125 0.0171875
119 0.87421875 0.2484375 0.028125 0.015625
119 0.9328125 0.2375 0.034375 0.021875
13 0.946875 0.3015625 0.03125 0.021875
119 0.80859375 0.44140625 0.040625 0.01875
20 0.790625 0.5515625 0.046875 0.028125
108 0.59609375 0.69453125 0.0375 0.025