60 0.93203125 0.21171875 0.1015625 0.08125
13 0.78984375 0.21484375 0.1140625 0.1015625
16 0.65078125 0.20859375 0.1203125 0.0953125
114 0.49453125 0.21171875 0.128125 0.0875
102 0.07578125 0.20390625 0.1171875 0.0953125
63 0.084375 0.3609375 0.1234375 0.1140625
114 0.515625 0.35859375 0.140625 0.0828125
0 0.8 0.35390625 0.15625 0.1171875
1 0.93203125 0.3515625 0.0953125 0.1015625
4 0.9390625 0.5109375 0.1015625 0.11875
3 0.77734375 0.51796875 0.128125 0.11875
102 0.07265625 0.51953125 0.1203125 0.065625
21 0.93515625 0.68984375 0.0890625 0.0828125
8 0.79453125 0.67890625 0.059375 0.09375
109 0.66015625 0.678125 0.109375 0.121875
66 0.940625 0.89921875 0.1171875 0.0890625