66 0.09921875 0.03828125 0.071875 0.075
60 0.10703125 0.18046875 0.0578125 0.08125
67 0.0984375 0.33203125 0.0875 0.0921875
63 0.1109375 0.4875 0.0609375 0.078125
102 0.096875 0.64375 0.078125 0.071875
119 0.10390625 0.7859375 0.06875 0.08125
11 0.1 0.9421875 0.096875 0.075
64 0.3515625 0.93671875 0.103125 0.06875
45 0.3578125 0.7890625 0.06875 0.078125
45 0.36171875 0.63671875 0.0625 0.0875
16 0.35390625 0.49375 0.075 0.0890625
21 0.35078125 0.3390625 0.075 0.0828125
21 0.35703125 0.1921875 0.075 0.075
25 0.35625 0.0390625 0.06875 0.0609375
135 0.61171875 0.034375 0.1 0.0625
8 0.609375 0.1875 0.0828125 0.065625
13 0.603125 0.3375 0.0578125 0.0828125
13 0.603125 0.4828125 0.05625 0.065625
152 0.59765625 0.63828125 0.10625 0.06875
74 0.6046875 0.7890625 0.1171875 0.075
98 0.596875 0.940625 0.109375 0.0796875
14 0.8609375 0.940625 0.140625 0.053125