60 0.2546875 0.09296875 0.034375 0.0359375
66 0.24453125 0.16875 0.0515625 0.053125
119 0.2421875 0.25078125 0.059375 0.0484375
98 0.23984375 0.3296875 0.075 0.046875
74 0.2375 0.41328125 0.0703125 0.0421875
141 0.2359375 0.5 0.0734375 0.04375
12 0.23828125 0.58515625 0.065625 0.040625
130 0.2390625 0.68671875 0.071875 0.05625
11 0.2375 0.78125 0.071875 0.0640625
40 0.27890625 0.9140625 0.0625 0.078125
43 0.37265625 0.91640625 0.0671875 0.0515625
148 0.3890625 0.82421875 0.0890625 0.04375
79 0.38828125 0.76953125 0.0796875 0.053125
152 0.3875 0.69921875 0.065625 0.071875
78 0.396875 0.60078125 0.08125 0.053125
14 0.40390625 0.53515625 0.0625 0.05625
14 0.4046875 0.49375 0.06875 0.03125
112 0.528125 0.5171875 0.0796875 0.0625
51 0.52890625 0.6015625 0.08125 0.0671875
142 0.540625 0.6703125 0.06875 0.0640625
102 0.546875 0.73671875 0.05625 0.0453125
111 0.5484375 0.8109375 0.0484375 0.05625
63 0.4 0.09453125 0.04375 0.0484375
67 0.3953125 0.1703125 0.053125 0.065625
120 0.38515625 0.25546875 0.084375 0.065625
99 0.38515625 0.34140625 0.08125 0.0578125
75 0.3859375 0.41953125 0.0859375 0.0546875
6 0.546875 0.41953125 0.071875 0.0671875
95 0.54140625 0.3375 0.090625 0.0546875
116 0.546875 0.26015625 0.08125 0.05
64 0.55078125 0.1796875 0.06875 0.053125
8 0.55546875 0.09296875 0.053125 0.05
13 0.70859375 0.0984375 0.05 0.059375
73 0.68984375 0.18203125 0.0828125 0.04375
114 0.70546875 0.28828125 0.05 0.046875
100 0.69453125 0.371875 0.0765625 0.04375
16 0.7125 0.45546875 0.0375 0.04375
16 0.709375 0.53515625 0.05 0.05
118 0.696875 0.61328125 0.06875 0.03125
21 0.70234375 0.70078125 0.053125 0.0453125
153 0.6984375 0.784375 0.0421875 0.0515625
106 0.84140625 0.8109375 0.065625 0.0375
61 0.8484375 0.7546875 0.065625 0.0421875
136 0.853125 0.69765625 0.053125 0.0546875
133 0.84296875 0.5875 0.0578125 0.065625
132 0.84609375 0.4828125 0.0625 0.053125
108 0.8546875 0.3734375 0.065625 0.04375
109 0.8515625 0.29453125 0.0625 0.028125
97 0.84609375 0.23984375 0.078125 0.028125
32 0.86484375 0.15703125 0.04375 0.0546875
32 0.859375 0.08828125 0.034375 0.05625