114 0.04453125 0.278125 0.028125 0.0671875
106 0.09296875 0.34375 0.025 0.0640625
119 0.1265625 0.3296875 0.021875 0.05625
119 0.2515625 0.5421875 0.03125 0.0546875
119 0.4171875 0.93125 0.021875 0.059375
119 0.721875 0.5171875 0.0421875 0.0875
119 0.83515625 0.28046875 0.0359375 0.071875
119 0.9546875 0.44453125 0.028125 0.06875
20 0.85703125 0.484375 0.040625 0.075
20 0.046875 0.353125 0.0375 0.065625
62 0.07109375 0.70390625 0.09375 0.246875
66 0.5359375 0.74296875 0.028125 0.05625
20 0.61484375 0.159375 0.034375 0.06875
16 0.64765625 0.23515625 0.021875 0.06875
16 0.71015625 0.23046875 0.025 0.0875
66 0.52578125 0.9703125 0.03125 0.059375