120 0.38828125 0.1453125 0.075 0.10625
60 0.3140625 0.2375 0.0328125 0.071875
60 0.28828125 0.16484375 0.0453125 0.0390625
60 0.47890625 0.16328125 0.0484375 0.0453125
60 0.16640625 0.440625 0.0359375 0.10625
60 0.52890625 0.5671875 0.034375 0.078125
60 0.58203125 0.940625 0.0453125 0.08125
60 0.7078125 0.95625 0.0390625 0.0875
60 0.8546875 0.840625 0.0328125 0.0984375
60 0.9234375 0.77734375 0.065625 0.109375
20 0.503125 0.7875 0.140625 0.2171875
106 0.1625 0.22265625 0.0625 0.0625
106 0.16171875 0.621875 0.0515625 0.096875