10 0.00859375 0.90390625 0.015625 0.184375
19 0.00859375 0.628125 0.015625 0.30625
19 0.00859375 0.359375 0.015625 0.278125
19 0.00625 0.11015625 0.0125 0.2203125
134 0.078125 0.88125 0.0578125 0.2375
137 0.078125 0.634375 0.0609375 0.14375
137 0.07890625 0.3546875 0.0546875 0.178125
121 0.08359375 0.08515625 0.0890625 0.1625
27 0.1625 0.08515625 0.03125 0.1625
145 0.1640625 0.359375 0.0296875 0.196875
144 0.1640625 0.63046875 0.0265625 0.1625
107 0.16171875 0.903125 0.03125 0.18125
121 0.2390625 0.87421875 0.059375 0.25
39 0.23828125 0.640625 0.059375 0.10625
39 0.23828125 0.359375 0.0546875 0.215625
69 0.24140625 0.07578125 0.05 0.15
37 0.32265625 0.07734375 0.040625 0.140625
33 0.32421875 0.3484375 0.040625 0.2375
93 0.31328125 0.64296875 0.05625 0.175
147 0.3171875 0.903125 0.05625 0.175
88 0.39296875 0.896875 0.0609375 0.15625
160 0.40390625 0.62578125 0.0328125 0.196875
34 0.40078125 0.35078125 0.040625 0.2921875
91 0.396875 0.0734375 0.046875 0.146875
35 0.5 0.909375 0.034375 0.171875
155 0.49375 0.63359375 0.053125 0.1
18 0.47734375 0.35390625 0.075 0.25
5 0.4875 0.096875 0.0578125 0.19375
15 0.59140625 0.896875 0.046875 0.19375
56 0.57578125 0.63125 0.071875 0.18125
57 0.578125 0.371875 0.0625 0.1515625
58 0.57421875 0.0796875 0.0703125 0.159375
159 0.69453125 0.909375 0.0546875 0.1171875
171 0.67890625 0.64375 0.0859375 0.159375
92 0.69140625 0.36953125 0.0546875 0.165625
77 0.690625 0.075 0.059375 0.109375
113 0.78125 0.91484375 0.065625 0.13125
76 0.77734375 0.65390625 0.075 0.28125
110 0.78046875 0.34921875 0.065625 0.140625
22 0.784375 0.0828125 0.0578125 0.165625
30 0.8953125 0.07265625 0.0578125 0.1453125
29 0.88046875 0.3640625 0.0890625 0.2390625
28 0.88359375 0.640625 0.0828125 0.246875
59 0.8859375 0.9140625 0.075 0.171875
105 0.9890625 0.89296875 0.021875 0.1453125
9 0.98203125 0.62421875 0.0359375 0.2421875