60 0.94453125 0.0734375 0.0484375 0.0671875
25 0.95703125 0.2296875 0.0578125 0.0875
119 0.96328125 0.390625 0.0609375 0.071875
98 0.9640625 0.55 0.071875 0.078125
74 0.9640625 0.71796875 0.071875 0.0734375
14 0.96796875 0.85 0.0640625 0.053125
14 0.9640625 0.9421875 0.071875 0.0875
102 0.79375 0.94453125 0.0453125 0.078125
95 0.80390625 0.80390625 0.1078125 0.0953125
116 0.79765625 0.70390625 0.0984375 0.078125
8 0.7828125 0.60546875 0.053125 0.0640625
75 0.815625 0.4921875 0.084375 0.0984375
99 0.8125 0.3421875 0.096875 0.090625
120 0.80234375 0.2109375 0.0546875 0.084375
63 0.7921875 0.07109375 0.04375 0.09375
13 0.63515625 0.07109375 0.0421875 0.0625
13 0.6359375 0.20625 0.053125 0.0984375
73 0.65625 0.340625 0.0875 0.09375
114 0.63203125 0.6140625 0.046875 0.078125
114 0.6375 0.76875 0.053125 0.084375
100 0.6578125 0.90390625 0.084375 0.05625
151 0.51015625 0.8875 0.0671875 0.078125
130 0.5109375 0.703125 0.084375 0.09375
11 0.509375 0.61484375 0.075 0.0875
118 0.50625 0.34765625 0.071875 0.0875
16 0.49765625 0.2046875 0.034375 0.109375
96 0.50703125 0.48671875 0.0875 0.084375
16 0.49296875 0.075 0.0375 0.078125
32 0.3234375 0.07578125 0.05 0.065625
32 0.32578125 0.20703125 0.040625 0.1125
97 0.34921875 0.3453125 0.103125 0.1171875
21 0.340625 0.6015625 0.0484375 0.084375
21 0.3484375 0.72265625 0.053125 0.1
153 0.35390625 0.8984375 0.078125 0.1234375
1 0.18203125 0.87734375 0.0484375 0.08125
4 0.18359375 0.72578125 0.0640625 0.096875
108 0.2 0.39921875 0.0515625 0.1375
109 0.17890625 0.17109375 0.09375 0.1109375
109 0.1703125 0.0453125 0.078125 0.090625
79 0.0359375 0.0765625 0.071875 0.0625
111 0.03515625 0.26171875 0.053125 0.1046875
61 0.07109375 0.5390625 0.0625 0.0984375
136 0.0671875 0.78515625 0.0640625 0.08125
106 0.075 0.8921875 0.0609375 0.05625