60 0.26640625 0.559375 0.0328125 0.028125
66 0.31796875 0.5609375 0.0390625 0.0375
63 0.378125 0.5625 0.034375 0.028125
119 0.4328125 0.559375 0.040625 0.021875
11 0.48359375 0.56171875 0.034375 0.028125
102 0.54609375 0.58828125 0.034375 0.0265625
102 0.54921875 0.525 0.028125 0.025
16 0.60390625 0.559375 0.0375 0.03125
13 0.659375 0.559375 0.0234375 0.025
13 0.71328125 0.56015625 0.028125 0.021875
25 0.7734375 0.56015625 0.0421875 0.0296875
45 0.8421875 0.56015625 0.0453125 0.0328125
14 0.928125 0.559375 0.065625 0.0171875
136 0.92734375 0.27734375 0.05625 0.046875
106 0.86640625 0.27109375 0.034375 0.0234375
61 0.8078125 0.27109375 0.0546875 0.0265625
4 0.75390625 0.271875 0.0390625 0.0234375
1 0.69609375 0.3046875 0.04375 0.021875
1 0.69921875 0.24453125 0.034375 0.0265625
51 0.634375 0.2703125 0.0546875 0.028125
98 0.57265625 0.2734375 0.0515625 0.0234375
74 0.5125 0.271875 0.0625 0.03125
152 0.4453125 0.271875 0.05 0.025
122 0.37734375 0.27265625 0.05 0.028125
7 0.31875 0.29765625 0.0390625 0.021875
7 0.31796875 0.246875 0.0328125 0.0234375
21 0.26171875 0.3046875 0.0328125 0.028125
21 0.2625 0.24296875 0.034375 0.028125