60 0.08359375 0.07421875 0.065625 0.046875
25 0.2359375 0.06171875 0.0859375 0.05625
119 0.3921875 0.05625 0.0703125 0.059375
98 0.54765625 0.053125 0.0765625 0.075
74 0.71171875 0.0515625 0.071875 0.078125
14 0.83828125 0.05 0.0515625 0.065625
14 0.92890625 0.05546875 0.0859375 0.0703125
102 0.93046875 0.22109375 0.075 0.04375
95 0.79375 0.2109375 0.0921875 0.1046875
116 0.696875 0.2171875 0.075 0.0953125
8 0.60078125 0.23125 0.0625 0.0515625
75 0.490625 0.19921875 0.0953125 0.0828125
99 0.3453125 0.20234375 0.0875 0.09375
120 0.2171875 0.2125 0.0828125 0.053125
63 0.08125 0.22265625 0.090625 0.0421875
13 0.08125 0.375 0.0609375 0.040625
13 0.21328125 0.37421875 0.0953125 0.0515625
73 0.34375 0.3546875 0.0921875 0.0859375
114 0.609375 0.378125 0.0765625 0.0453125
114 0.759375 0.37265625 0.0828125 0.0515625
100 0.890625 0.353125 0.0546875 0.08125
151 0.875 0.49609375 0.0765625 0.065625
130 0.69609375 0.4953125 0.090625 0.0828125
11 0.61015625 0.496875 0.0859375 0.0734375
118 0.35 0.5 0.084375 0.0703125
16 0.21171875 0.50859375 0.10625 0.034375
96 0.48515625 0.49921875 0.08125 0.084375
16 0.08515625 0.51328125 0.0765625 0.0375
32 0.0859375 0.678125 0.0640625 0.0484375
32 0.2140625 0.67578125 0.109375 0.0390625
97 0.3484375 0.653125 0.1140625 0.1
21 0.596875 0.6609375 0.08125 0.046875
21 0.71484375 0.65390625 0.096875 0.0515625
153 0.8859375 0.6484375 0.1203125 0.075
1 0.86484375 0.815625 0.0796875 0.046875
4 0.71796875 0.8140625 0.09375 0.0625
108 0.40078125 0.79765625 0.134375 0.05
109 0.17890625 0.81796875 0.1078125 0.090625
109 0.05625 0.82734375 0.0890625 0.075
79 0.0875 0.9578125 0.0609375 0.06875
111 0.2671875 0.9578125 0.1015625 0.0515625
61 0.53671875 0.9234375 0.0953125 0.0609375
136 0.77578125 0.9265625 0.078125 0.0625
106 0.8796875 0.91953125 0.0546875 0.059375