36 0.88125 0.02890625 0.2375 0.0578125
26 0.59609375 0.02734375 0.21875 0.053125
94 0.321875 0.025 0.153125 0.05
158 0.065625 0.02734375 0.13125 0.053125
44 0.92265625 0.2390625 0.121875 0.0765625
20 0.62109375 0.22578125 0.2171875 0.0875
20 0.33671875 0.2171875 0.1578125 0.1125
20 0.0671875 0.215625 0.134375 0.11875
20 0.88671875 0.44375 0.2265625 0.11875
62 0.62109375 0.43828125 0.196875 0.1359375
70 0.334375 0.45234375 0.215625 0.0984375
17 0.075 0.4734375 0.15 0.05625
146 0.903125 0.69296875 0.19375 0.125
146 0.62578125 0.72578125 0.275 0.05625
154 0.3421875 0.646875 0.20625 0.1984375
162 0.0765625 0.68671875 0.153125 0.115625
164 0.62734375 0.91796875 0.228125 0.1640625
164 0.89453125 0.92421875 0.209375 0.15