20 0.87578125 0.45703125 0.0625 0.04375
20 0.59609375 0.63671875 0.053125 0.04375
60 0.81640625 0.5015625 0.04375 0.021875
60 0.83046875 0.52265625 0.0625 0.021875
119 0.75234375 0.64921875 0.04375 0.028125
119 0.62109375 0.75390625 0.053125 0.025
119 0.53671875 0.61015625 0.05625 0.028125
119 0.27109375 0.2625 0.05 0.0328125
119 0.07421875 0.38046875 0.05 0.025
119 0.14765625 0.396875 0.053125 0.0328125
119 0.2265625 0.64375 0.046875 0.0328125
13 0.45625 0.5421875 0.0375 0.0328125
13 0.38125 0.5453125 0.0265625 0.021875
60 0.28828125 0.1203125 0.053125 0.0296875
106 0.265625 0.196875 0.0359375 0.01875
20 0.2484375 0.15 0.0625 0.0390625
20 0.0515625 0.42109375 0.05625 0.0359375
20 0.2515625 0.7859375 0.0640625 0.034375
21 0.26328125 0.81953125 0.0328125 0.01875
13 0.30234375 0.54609375 0.0328125 0.03125
108 0.51015625 0.96640625 0.05625 0.040625