60 0.21484375 0.9828125 0.065625 0.0328125
102 0.21328125 0.9390625 0.065625 0.0421875
4 0.2140625 0.8953125 0.0875 0.0359375
8 0.2046875 0.8625 0.090625 0.040625
32 0.2125 0.81328125 0.06875 0.040625
25 0.209375 0.765625 0.090625 0.04375
61 0.22265625 0.728125 0.1 0.0375
151 0.21953125 0.69609375 0.1140625 0.034375
72 0.22578125 0.65390625 0.1234375 0.059375
130 0.22890625 0.58515625 0.125 0.04375
119 0.2296875 0.540625 0.090625 0.046875
11 0.23671875 0.478125 0.125 0.05625
32 0.3359375 0.39921875 0.078125 0.040625
32 0.34140625 0.32734375 0.053125 0.059375
97 0.296875 0.265625 0.140625 0.046875
114 0.3015625 0.19296875 0.06875 0.0375
114 0.3015625 0.1265625 0.059375 0.040625
100 0.25859375 0.065625 0.1375 0.05625
108 0.7328125 0.0421875 0.08125 0.065625
109 0.75703125 0.153125 0.1625 0.071875
109 0.75234375 0.21484375 0.165625 0.025
151 0.70546875 0.296875 0.115625 0.0375
11 0.7015625 0.3734375 0.1171875 0.040625
130 0.69921875 0.42578125 0.115625 0.053125
106 0.90078125 0.2171875 0.071875 0.05625
136 0.90546875 0.26953125 0.075 0.034375
61 0.90546875 0.38046875 0.0875 0.053125
99 0.83359375 0.4609375 0.1109375 0.05
13 0.8609375 0.52265625 0.05 0.040625
13 0.859375 0.57109375 0.046875 0.05
102 0.86484375 0.63828125 0.04375 0.040625
95 0.84921875 0.6921875 0.1171875 0.0359375
116 0.86015625 0.7328125 0.1046875 0.028125
8 0.8734375 0.7671875 0.06875 0.0203125
75 0.8375 0.80703125 0.0984375 0.0375
99 0.8375 0.86328125 0.103125 0.03125
63 0.8546875 0.965625 0.05 0.040625
120 0.853125 0.9171875 0.08125 0.040625
13 0.559375 0.98203125 0.0625 0.028125
21 0.55703125 0.9453125 0.071875 0.0359375
21 0.55390625 0.9078125 0.0625 0.04375
114 0.559375 0.8734375 0.084375 0.0375
14 0.521875 0.83359375 0.08125 0.0203125
14 0.52890625 0.79921875 0.109375 0.040625
106 0.53984375 0.75078125 0.09375 0.034375
118 0.4703125 0.684375 0.115625 0.028125
101 0.528125 0.6203125 0.1046875 0.04375
136 0.5671875 0.56171875 0.075 0.0375
108 0.52421875 0.51953125 0.059375 0.03125
109 0.53671875 0.4828125 0.0875 0.028125
109 0.55 0.44921875 0.1109375 0.0375
1 0.38203125 0.85234375 0.071875 0.040625
16 0.3875 0.9 0.06875 0.0375
16 0.38359375 0.93984375 0.065625 0.0296875
63 0.38046875 0.98046875 0.0828125 0.0390625