114 0.946875 0.490625 0.028125 0.0703125
106 0.88125 0.55390625 0.03125 0.0671875
119 0.83203125 0.55859375 0.03125 0.0375
119 0.7046875 0.71171875 0.034375 0.040625
119 0.69453125 0.89921875 0.034375 0.0359375
63 0.58125 0.91796875 0.04375 0.0375
20 0.64140625 0.9109375 0.046875 0.0671875
13 0.4640625 0.59296875 0.040625 0.040625
13 0.46328125 0.54375 0.0421875 0.053125
13 0.465625 0.4875 0.0375 0.053125
119 0.43984375 0.425 0.040625 0.0375
20 0.55390625 0.1046875 0.040625 0.05625
16 0.51015625 0.17421875 0.025 0.0734375
16 0.4515625 0.17265625 0.0265625 0.084375
119 0.31796875 0.23046875 0.04375 0.05625
119 0.165625 0.39296875 0.053125 0.0703125
20 0.29296875 0.40390625 0.053125 0.0484375
119 0.3609375 0.73828125 0.040625 0.040625
20 0.265625 0.98203125 0.03125 0.0359375