66 0.6453125 0.76328125 0.0515625 0.028125
66 0.52890625 0.209375 0.0375 0.0328125
66 0.5484375 0.35546875 0.040625 0.03125
66 0.45703125 0.16328125 0.040625 0.03125
66 0.4296875 0.025 0.046875 0.028125
66 0.1265625 0.778125 0.034375 0.040625
66 0.01796875 0.89765625 0.0359375 0.040625
20 0.12109375 0.72109375 0.078125 0.0625
20 0.390625 0.29765625 0.071875 0.046875
20 0.6640625 0.90078125 0.0734375 0.071875
20 0.59609375 0.6265625 0.06875 0.065625
152 0.7609375 0.68203125 0.046875 0.040625
152 0.76875 0.6109375 0.0515625 0.046875
152 0.3671875 0.353125 0.053125 0.03125
152 0.4265625 0.40625 0.04375 0.04375