60 0.83515625 0.8125 0.01875 0.025
119 0.84140625 0.76875 0.0328125 0.028125
60 0.8390625 0.725 0.025 0.021875
60 0.84296875 0.53203125 0.028125 0.0140625
60 0.74609375 0.528125 0.03125 0.0140625
60 0.5015625 0.534375 0.025 0.0203125
60 0.56171875 0.84140625 0.0203125 0.0140625
60 0.56953125 0.96875 0.028125 0.025
60 0.59296875 0.99140625 0.0203125 0.0171875
60 0.69140625 0.9765625 0.0359375 0.0203125
60 0.30703125 0.9296875 0.025 0.0203125
60 0.2234375 0.825 0.01875 0.025
60 0.32109375 0.7015625 0.0203125 0.021875
60 0.32109375 0.6171875 0.0203125 0.0171875
60 0.22890625 0.60625 0.03125 0.025
60 0.32890625 0.47109375 0.025 0.025
60 0.30234375 0.4625 0.028125 0.021875
60 0.31796875 0.3515625 0.025 0.021875
60 0.34140625 0.3546875 0.028125 0.025
60 0.084375 0.3015625 0.0203125 0.01875
60 0.08125 0.21328125 0.0203125 0.025
60 0.4125 0.1109375 0.025 0.025
60 0.40859375 0.20078125 0.025 0.040625
60 0.46875 0.3671875 0.0203125 0.03125
60 0.44765625 0.4328125 0.021875 0.021875
60 0.446875 0.48125 0.01875 0.025
109 0.86875 0.44765625 0.059375 0.04375
109 0.896875 0.403125 0.059375 0.034375
60 0.7515625 0.3640625 0.025 0.0171875
66 0.8015625 0.2671875 0.025 0.025
106 0.79609375 0.3015625 0.028125 0.0203125
60 0.72734375 0.45 0.0375 0.0171875
66 0.79609375 0.48828125 0.040625 0.025
106 0.40859375 0.24140625 0.0375 0.025
119 0.41484375 0.1578125 0.028125 0.025
66 0.37578125 0.16015625 0.040625 0.025
60 0.38125 0.27734375 0.028125 0.0171875
20 0.3328125 0.31953125 0.0625 0.034375
20 0.321875 0.43203125 0.059375 0.040625
60 0.378125 0.41015625 0.03125 0.0171875
66 0.28515625 0.671875 0.028125 0.028125
109 0.3015625 0.86015625 0.059375 0.0359375
109 0.33359375 0.828125 0.05625 0.0375
66 0.79921875 0.77265625 0.03125 0.028125
106 0.7953125 0.646875 0.028125 0.0203125
119 0.7921875 0.53203125 0.0359375 0.028125