102 0.97890625 0.86484375 0.040625 0.0484375
95 0.846875 0.875 0.1 0.115625
116 0.73984375 0.86796875 0.084375 0.103125
8 0.6328125 0.85234375 0.071875 0.05625
75 0.51015625 0.88828125 0.103125 0.090625
99 0.34921875 0.884375 0.096875 0.103125
120 0.20625 0.8734375 0.090625 0.059375
63 0.05546875 0.86171875 0.1 0.046875
13 0.05546875 0.69296875 0.06875 0.0453125
13 0.20234375 0.69375 0.10625 0.05625
73 0.346875 0.715625 0.103125 0.096875
114 0.6421875 0.6890625 0.084375 0.05
114 0.809375 0.6953125 0.0921875 0.05625
100 0.9546875 0.7171875 0.059375 0.090625
151 0.9375 0.5578125 0.084375 0.071875
130 0.7390625 0.559375 0.1 0.090625
11 0.64296875 0.55703125 0.096875 0.0796875
118 0.35390625 0.55390625 0.09375 0.078125
16 0.20078125 0.54453125 0.11875 0.0375
96 0.5046875 0.5546875 0.090625 0.09375
16 0.06015625 0.5390625 0.084375 0.040625
32 0.0609375 0.35625 0.071875 0.053125
32 0.203125 0.35859375 0.121875 0.04375
97 0.35234375 0.38359375 0.1265625 0.1109375
21 0.628125 0.375 0.090625 0.053125
21 0.759375 0.3828125 0.1078125 0.059375
153 0.9421875 0.38984375 0.115625 0.0828125
1 0.9265625 0.203125 0.0875 0.053125
4 0.76328125 0.2046875 0.103125 0.06875
108 0.4109375 0.2234375 0.15 0.05625
109 0.1640625 0.20078125 0.11875 0.1
109 0.03828125 0.190625 0.0765625 0.084375
79 0.0625 0.0453125 0.06875 0.0765625
111 0.2625 0.0453125 0.1125 0.05625
61 0.56171875 0.08359375 0.10625 0.065625
136 0.82734375 0.0796875 0.0875 0.06875
106 0.94296875 0.0875 0.0609375 0.065625