60 0.79140625 0.07421875 0.08125 0.1015625
13 0.78828125 0.21640625 0.1015625 0.1140625
16 0.79453125 0.35546875 0.0953125 0.1203125
114 0.79140625 0.51171875 0.0875 0.128125
102 0.79921875 0.93125 0.0953125 0.1171875
63 0.6421875 0.921875 0.1140625 0.1234375
114 0.64453125 0.490625 0.0828125 0.140625
0 0.64921875 0.20625 0.1171875 0.15625
1 0.6515625 0.07421875 0.1015625 0.0953125
4 0.4921875 0.0671875 0.11875 0.1015625
3 0.48515625 0.2296875 0.11875 0.128125
102 0.48359375 0.93359375 0.065625 0.1203125
21 0.31328125 0.07109375 0.0828125 0.0890625
8 0.32421875 0.21171875 0.09375 0.059375
109 0.32578125 0.34609375 0.121875 0.109375
66 0.10390625 0.065625 0.0890625 0.1171875