60 0.9171875 0.26953125 0.0375 0.034375
66 0.8421875 0.26015625 0.0515625 0.0546875
119 0.76015625 0.25546875 0.04375 0.059375
98 0.678125 0.25078125 0.0421875 0.06875
74 0.59609375 0.2484375 0.0453125 0.075
141 0.51015625 0.246875 0.053125 0.078125
12 0.425 0.2546875 0.05625 0.059375
130 0.32578125 0.25625 0.053125 0.071875
11 0.2296875 0.25546875 0.0625 0.075
40 0.09375 0.2953125 0.075 0.059375
43 0.09453125 0.3828125 0.053125 0.0625
148 0.18828125 0.4046875 0.0453125 0.090625
79 0.23671875 0.39921875 0.05 0.0828125
151 0.31328125 0.4 0.0828125 0.084375
78 0.41015625 0.41015625 0.0625 0.075
14 0.47421875 0.41328125 0.05 0.0703125
14 0.51484375 0.4140625 0.0296875 0.071875
112 0.48671875 0.5453125 0.0453125 0.078125
51 0.4125 0.54140625 0.04375 0.071875
142 0.3421875 0.56484375 0.05 0.0484375
102 0.2703125 0.56328125 0.053125 0.034375
111 0.196875 0.5640625 0.0546875 0.0578125
6 0.59140625 0.56015625 0.0578125 0.0625
95 0.66875 0.55703125 0.05625 0.096875
116 0.75390625 0.55546875 0.05625 0.075
64 0.8265625 0.56796875 0.0625 0.06875
8 0.91484375 0.571875 0.0546875 0.059375
63 0.9203125 0.41640625 0.04375 0.0421875
67 0.8390625 0.41328125 0.05 0.053125
120 0.7546875 0.40703125 0.0484375 0.065625
99 0.67265625 0.3984375 0.0421875 0.08125
75 0.5890625 0.4015625 0.040625 0.078125
13 0.91171875 0.72265625 0.040625 0.0484375
73 0.825 0.70390625 0.04375 0.08125
114 0.7265625 0.721875 0.0421875 0.034375
100 0.6421875 0.7015625 0.0375 0.0765625
16 0.55703125 0.72421875 0.046875 0.040625
16 0.475 0.7265625 0.040625 0.0375
118 0.3984375 0.7109375 0.040625 0.06875
21 0.309375 0.71328125 0.040625 0.0375
153 0.225 0.709375 0.0375 0.046875
106 0.19921875 0.86015625 0.040625 0.05
61 0.2515625 0.86484375 0.0375 0.0609375
136 0.3140625 0.8625 0.0515625 0.0578125
133 0.421875 0.85625 0.0703125 0.06875
132 0.53359375 0.85546875 0.06875 0.05625
108 0.634375 0.865625 0.0578125 0.059375
109 0.71015625 0.8625 0.046875 0.0625
97 0.7734375 0.85703125 0.0359375 0.078125
97 0.85390625 0.8734375 0.046875 0.0375