60 0.78984375 0.0765625 0.0796875 0.1
13 0.78671875 0.21640625 0.1 0.1125
16 0.79296875 0.353125 0.09375 0.11875
114 0.78984375 0.50703125 0.0859375 0.125
102 0.79765625 0.91953125 0.09375 0.115625
63 0.64296875 0.9109375 0.1125 0.121875
114 0.6453125 0.4859375 0.08125 0.1390625
0 0.65 0.20625 0.115625 0.153125
1 0.65234375 0.0765625 0.1 0.09375
4 0.4953125 0.06953125 0.1171875 0.1
3 0.48828125 0.22890625 0.1171875 0.1265625
102 0.48671875 0.921875 0.065625 0.11875
21 0.31953125 0.0734375 0.08125 0.0875
8 0.33046875 0.21171875 0.0921875 0.059375
109 0.33125 0.34375 0.1203125 0.1078125
66 0.11328125 0.06796875 0.0875 0.115625