60 0.92109375 0.74609375 0.034375 0.040625
66 0.8390625 0.7515625 0.0453125 0.05
119 0.75546875 0.75546875 0.0375 0.0625
98 0.67421875 0.765625 0.0375 0.071875
74 0.5875 0.759375 0.040625 0.071875
141 0.503125 0.76484375 0.05 0.075
12 0.4125 0.75703125 0.04375 0.0609375
63 0.315625 0.91640625 0.0546875 0.040625
67 0.17890625 0.915625 0.06875 0.059375
130 0.315625 0.7609375 0.0609375 0.078125
11 0.2171875 0.75859375 0.0640625 0.084375
40 0.07265625 0.7171875 0.078125 0.0609375
43 0.0734375 0.6265625 0.08125 0.071875
63 0.9234375 0.590625 0.0484375 0.0375
67 0.83984375 0.59609375 0.0484375 0.0453125
120 0.75234375 0.6 0.0578125 0.071875
99 0.6703125 0.609375 0.0421875 0.08125
75 0.5875 0.6109375 0.0578125 0.078125
14 0.50625 0.59296875 0.025 0.05625
14 0.4640625 0.5890625 0.053125 0.0625
78 0.3984375 0.59765625 0.0578125 0.08125
151 0.30234375 0.6046875 0.0453125 0.0609375
79 0.21796875 0.60859375 0.0375 0.078125
148 0.16796875 0.60703125 0.0421875 0.08125
112 0.48046875 0.46015625 0.0421875 0.078125
51 0.39375 0.46171875 0.0484375 0.078125
142 0.328125 0.44453125 0.0484375 0.0453125
102 0.2578125 0.4421875 0.046875 0.034375
111 0.1828125 0.4421875 0.0515625 0.0484375
6 0.5890625 0.44453125 0.0546875 0.0515625
95 0.66796875 0.45390625 0.0375 0.0875
116 0.7515625 0.440625 0.0453125 0.08125
64 0.83515625 0.4375 0.0375 0.0671875
8 0.92109375 0.43515625 0.0515625 0.0546875
13 0.9171875 0.275 0.05 0.0453125
73 0.825 0.2984375 0.0375 0.084375
114 0.72578125 0.27578125 0.0484375 0.046875
100 0.6359375 0.296875 0.034375 0.078125
16 0.54765625 0.2734375 0.040625 0.04375
16 0.46640625 0.26953125 0.0453125 0.0375
118 0.38515625 0.2890625 0.04375 0.071875
21 0.29921875 0.28359375 0.0609375 0.0421875
153 0.21015625 0.28828125 0.0515625 0.0484375
32 0.925 0.11953125 0.05 0.0421875
32 0.8609375 0.1203125 0.040625 0.03125
97 0.771875 0.13828125 0.034375 0.084375
109 0.71171875 0.12890625 0.03125 0.0625
108 0.634375 0.13125 0.053125 0.071875
132 0.52421875 0.13203125 0.0671875 0.05
133 0.41171875 0.1359375 0.071875 0.0515625
136 0.303125 0.13359375 0.0578125 0.0515625
61 0.2375 0.13359375 0.040625 0.0609375
106 0.17890625 0.134375 0.03125 0.05625
150 0.07109375 0.165625 0.0515625 0.028125
166 0.0703125 0.26328125 0.040625 0.0375
157 0.0703125 0.3625 0.0546875 0.0421875
45 0.07265625 0.46171875 0.0515625 0.0546875