36 0.88359375 0.98046875 0.23125 0.0390625
26 0.6 0.98125 0.2203125 0.0375
94 0.3265625 0.984375 0.1546875 0.03125
158 0.06796875 0.98203125 0.1359375 0.0359375
44 0.928125 0.7796875 0.121875 0.0765625
20 0.6265625 0.79296875 0.2171875 0.0875
20 0.34140625 0.8015625 0.1578125 0.1125
20 0.06953125 0.80390625 0.1390625 0.1203125
20 0.8890625 0.5765625 0.221875 0.11875
62 0.6265625 0.58046875 0.196875 0.1359375
70 0.33984375 0.56640625 0.215625 0.0984375
17 0.0765625 0.54453125 0.153125 0.05625
146 0.90625 0.328125 0.1875 0.125
146 0.63046875 0.29296875 0.275 0.05625
154 0.34765625 0.371875 0.2078125 0.1984375
162 0.07890625 0.3328125 0.1578125 0.1171875
164 0.63125 0.09921875 0.2296875 0.16875
164 0.89765625 0.090625 0.2046875 0.159375