102 0.66484375 0.03515625 0.0375 0.028125
102 0.72734375 0.0703125 0.0609375 0.0125
102 0.5375 0.146875 0.0578125 0.0203125
102 0.06328125 0.0265625 0.0609375 0.015625
102 0.0515625 0.18125 0.05 0.0203125
102 0.025 0.32265625 0.05 0.0359375
102 0.44140625 0.2890625 0.05 0.0203125
102 0.4421875 0.4125 0.053125 0.03125
102 0.75625 0.24921875 0.04375 0.034375
102 0.67578125 0.21171875 0.0609375 0.0171875
102 0.8234375 0.6 0.05 0.0421875
102 0.78125 0.97265625 0.090625 0.04375
102 0.47890625 0.9703125 0.090625 0.03125