119 0.5765625 0.10234375 0.053125 0.03125
60 0.40390625 0.171875 0.046875 0.0234375
60 0.4296875 0.1890625 0.03125 0.0234375
21 0.428125 0.21484375 0.0375 0.025
14 0.33359375 0.2296875 0.05625 0.0203125
14 0.6015625 0.40859375 0.053125 0.021875
14 0.82265625 0.4984375 0.040625 0.025
60 0.91328125 0.49921875 0.040625 0.034375
60 0.915625 0.5640625 0.034375 0.034375
4 0.7703125 0.64453125 0.046875 0.034375
4 0.39296875 0.64375 0.046875 0.0203125
60 0.2296875 0.64609375 0.0375 0.0125
60 0.3328125 0.6734375 0.03125 0.028125
60 0.334375 0.7296875 0.0234375 0.025
60 0.22265625 0.83125 0.04375 0.0203125