102 0.978125 0.11875 0.04375 0.03125
102 0.9375 0.115625 0.0609375 0.0375
102 0.865625 0.11640625 0.0671875 0.040625
102 0.8015625 0.11875 0.05 0.040625
14 0.74375 0.11640625 0.04375 0.0421875
60 0.67890625 0.11796875 0.05 0.0375
63 0.6171875 0.11640625 0.046875 0.040625
60 0.4828125 0.1171875 0.0421875 0.05
21 0.09140625 0.1203125 0.05 0.046875
102 0.2109375 0.2890625 0.0671875 0.046875
102 0.340625 0.28828125 0.053125 0.04375
13 0.40859375 0.28828125 0.046875 0.046875
13 0.4703125 0.284375 0.059375 0.04375
122 0.5890625 0.2859375 0.071875 0.040625
0 0.4578125 0.46953125 0.0609375 0.04375
2 0.5328125 0.47109375 0.0640625 0.0421875
1 0.60546875 0.471875 0.0578125 0.040625
2 0.67734375 0.471875 0.0578125 0.04375
102 0.8875 0.47109375 0.0640625 0.04375