36 0.71328125 0.42578125 0.0953125 0.090625
160 0.59453125 0.421875 0.109375 0.1046875
94 0.478125 0.42265625 0.1125 0.090625
158 0.36640625 0.4265625 0.1015625 0.078125
44 0.27734375 0.42578125 0.05625 0.046875
20 0.2140625 0.39140625 0.05 0.040625
20 0.2171875 0.45703125 0.075 0.05
20 0.15703125 0.45703125 0.065625 0.059375
20 0.15703125 0.39375 0.065625 0.046875
62 0.07578125 0.41640625 0.1078125 0.084375
164 0.115625 0.69921875 0.171875 0.0734375
164 0.11796875 0.76953125 0.18125 0.0828125
162 0.2609375 0.734375 0.08125 0.125
154 0.37265625 0.73203125 0.1078125 0.05
146 0.46640625 0.73515625 0.0625 0.1484375
146 0.53671875 0.7296875 0.096875 0.075
17 0.6234375 0.7296875 0.065625 0.1140625
70 0.7140625 0.72578125 0.096875 0.1125