84 0.40390625 0.490625 0.15 0.1203125
127 0.40546875 0.6390625 0.15 0.11875
87 0.403125 0.790625 0.153125 0.121875
86 0.409375 0.93984375 0.146875 0.1203125
52 0.4078125 0.3421875 0.15625 0.121875
53 0.4 0.19140625 0.159375 0.125
54 0.403125 0.05 0.15 0.1
83 0.15703125 0.0484375 0.1484375 0.096875
131 0.15546875 0.1921875 0.15 0.125
128 0.16015625 0.3390625 0.146875 0.1203125
124 0.15859375 0.4921875 0.153125 0.125
126 0.1609375 0.63984375 0.146875 0.1203125
129 0.1578125 0.78984375 0.146875 0.121875
80 0.159375 0.93828125 0.146875 0.1171875
156 0.64921875 0.33984375 0.153125 0.115625
174 0.65390625 0.4921875 0.146875 0.1203125