84 0.18203125 0.24921875 0.0734375 0.075
85 0.2796875 0.25625 0.10625 0.090625
86 0.37265625 0.25546875 0.075 0.084375
87 0.45078125 0.2484375 0.0734375 0.078125
89 0.52890625 0.2484375 0.053125 0.065625
90 0.60703125 0.25 0.059375 0.05625
103 0.69296875 0.25078125 0.084375 0.096875
104 0.78515625 0.2546875 0.090625 0.0734375
124 0.56875 0.6 0.021875 0.0296875
125 0.678125 0.59296875 0.09375 0.078125
126 0.86796875 0.6015625 0.0796875 0.0703125
143 0.88125 0.92734375 0.0703125 0.0875
138 0.72265625 0.92890625 0.0421875 0.053125
131 0.46953125 0.9265625 0.0734375 0.0640625
129 0.36015625 0.92109375 0.078125 0.090625
128 0.2609375 0.9265625 0.0625 0.0703125
127 0.1828125 0.92421875 0.06875 0.06875