102 0.02265625 0.85234375 0.0453125 0.06875
4 0.06875 0.8515625 0.0375 0.09375
8 0.1046875 0.86171875 0.04375 0.1
32 0.1578125 0.853125 0.04375 0.075
25 0.209375 0.85625 0.0484375 0.096875
61 0.25078125 0.84296875 0.0375 0.10625
151 0.28515625 0.84609375 0.0359375 0.1234375
72 0.33046875 0.8390625 0.0625 0.134375
130 0.40546875 0.8359375 0.0484375 0.134375
119 0.4546875 0.83515625 0.0515625 0.096875
11 0.52265625 0.82734375 0.059375 0.134375
32 0.60703125 0.71875 0.040625 0.084375
32 0.6859375 0.71328125 0.0625 0.059375
97 0.75234375 0.76171875 0.0515625 0.153125
114 0.83125 0.75703125 0.040625 0.075
114 0.90390625 0.75703125 0.04375 0.065625
100 0.9703125 0.803125 0.059375 0.1515625
108 0.98125 0.28984375 0.0375 0.0875
109 0.87421875 0.26171875 0.075 0.1796875
109 0.8078125 0.2671875 0.028125 0.178125
151 0.71875 0.31796875 0.0375 0.125
11 0.6359375 0.321875 0.04375 0.128125
130 0.57890625 0.325 0.059375 0.125
106 0.8046875 0.10546875 0.0609375 0.078125
136 0.7484375 0.10078125 0.0359375 0.0828125
61 0.628125 0.10078125 0.059375 0.096875
99 0.540625 0.17890625 0.0546875 0.1203125
13 0.4734375 0.14921875 0.0453125 0.0515625
13 0.42109375 0.1515625 0.053125 0.05
102 0.34765625 0.1453125 0.04375 0.046875
95 0.28984375 0.1625 0.0375 0.128125
116 0.24609375 0.15 0.03125 0.1125
8 0.2078125 0.1359375 0.021875 0.075
75 0.16484375 0.17421875 0.040625 0.10625
99 0.10390625 0.17421875 0.034375 0.1125
63 0.00703125 0.15625 0.0140625 0.0515625
120 0.0453125 0.1578125 0.0421875 0.0890625
21 0.0171875 0.4796875 0.034375 0.078125
21 0.05546875 0.4828125 0.0484375 0.065625
114 0.09296875 0.4765625 0.0375 0.090625
14 0.1359375 0.5171875 0.0203125 0.0890625
14 0.1734375 0.509375 0.04375 0.11875
106 0.22578125 0.4984375 0.0375 0.1
118 0.2984375 0.57421875 0.03125 0.125
101 0.36796875 0.51015625 0.0484375 0.1125
136 0.43125 0.46796875 0.0375 0.0828125
108 0.4765625 0.51484375 0.034375 0.065625
109 0.5171875 0.5015625 0.03125 0.09375
109 0.553125 0.4875 0.040625 0.1203125
1 0.115625 0.66953125 0.04375 0.078125
16 0.06328125 0.66328125 0.0421875 0.075
16 0.0203125 0.6671875 0.0328125 0.071875