1 0.00625 0.0390625 0.0125 0.06875
4 0.00625 0.121875 0.0125 0.06875
66 0.00625 0.20546875 0.0125 0.0640625
135 0.00625 0.4375 0.0125 0.071875
135 0.00703125 0.52265625 0.0140625 0.071875
66 0.0078125 0.90390625 0.015625 0.0640625
102 0.1625 0.85625 0.040625 0.06875
102 0.15859375 0.92265625 0.0453125 0.053125
102 0.1625 0.784375 0.040625 0.0609375
14 0.159375 0.7140625 0.04375 0.0609375
60 0.159375 0.6515625 0.040625 0.040625
63 0.16171875 0.58671875 0.040625 0.046875
60 0.159375 0.38046875 0.040625 0.046875
45 0.1609375 0.31328125 0.053125 0.053125
21 0.1609375 0.040625 0.04375 0.05625
102 0.334375 0.16640625 0.046875 0.053125
102 0.3375 0.29765625 0.0484375 0.05625
13 0.334375 0.37421875 0.040625 0.0484375
13 0.3390625 0.440625 0.04375 0.0484375
122 0.33515625 0.5578125 0.040625 0.065625
102 0.52578125 0.8703125 0.0453125 0.059375
1 0.52578125 0.571875 0.046875 0.053125
2 0.5296875 0.50234375 0.046875 0.059375
0 0.5296875 0.43125 0.046875 0.05625