60 0.22734375 0.23203125 0.01875 0.021875
119 0.221875 0.2734375 0.03125 0.028125
60 0.2234375 0.31484375 0.0234375 0.021875
60 0.2203125 0.49765625 0.025 0.0125
60 0.31171875 0.50078125 0.028125 0.0125
60 0.5421875 0.4953125 0.025 0.01875
60 0.48515625 0.20546875 0.01875 0.0125
60 0.478125 0.084375 0.025 0.021875
60 0.45625 0.0625 0.01875 0.01875
60 0.3625 0.07734375 0.034375 0.01875
60 0.7265625 0.121875 0.021875 0.01875
60 0.80546875 0.22109375 0.01875 0.021875
60 0.7125 0.33671875 0.01875 0.021875
60 0.7125 0.4171875 0.01875 0.015625
60 0.8 0.4265625 0.028125 0.021875
60 0.70546875 0.55546875 0.021875 0.021875
60 0.73046875 0.56328125 0.025 0.021875
60 0.715625 0.66796875 0.021875 0.021875
60 0.69375 0.66484375 0.025 0.021875
60 0.93671875 0.71484375 0.01875 0.01875
60 0.9390625 0.7984375 0.01875 0.025
60 0.6265625 0.8953125 0.025 0.021875
60 0.6296875 0.81015625 0.021875 0.0390625
60 0.5734375 0.653125 0.01875 0.028125
60 0.59296875 0.590625 0.021875 0.021875
60 0.59453125 0.5453125 0.01875 0.021875
109 0.1953125 0.57734375 0.05625 0.040625
109 0.16875 0.61953125 0.05625 0.0328125
60 0.30625 0.65546875 0.021875 0.015625
66 0.25859375 0.74765625 0.025 0.021875
106 0.2640625 0.71484375 0.025 0.01875
60 0.32890625 0.575 0.0359375 0.015625
66 0.2640625 0.5390625 0.0375 0.021875
106 0.6296875 0.771875 0.0359375 0.021875
119 0.62421875 0.85078125 0.0265625 0.025
66 0.66171875 0.84921875 0.0375 0.021875
60 0.65546875 0.7375 0.028125 0.015625
20 0.70234375 0.6984375 0.059375 0.0328125
20 0.71171875 0.59140625 0.05625 0.0390625
60 0.659375 0.6125 0.028125 0.015625
66 0.746875 0.365625 0.025 0.025
109 0.73125 0.1875 0.05625 0.034375
109 0.7015625 0.2171875 0.053125 0.0359375
66 0.26171875 0.2703125 0.028125 0.025
106 0.26484375 0.3890625 0.025 0.01875
119 0.26796875 0.49765625 0.034375 0.025