4 0.48046875 0.271875 0.021875 0.040625
60 0.3671875 0.37421875 0.021875 0.025
21 0.35625 0.20703125 0.021875 0.025
21 0.40859375 0.63203125 0.015625 0.04375
21 0.48046875 0.70859375 0.028125 0.03125
20 0.3203125 0.79140625 0.046875 0.0609375
114 0.25546875 0.584375 0.01875 0.046875
114 0.25546875 0.52890625 0.0171875 0.040625
20 0.228125 0.53515625 0.025 0.040625
20 0.23125 0.5890625 0.021875 0.04375
4 0.20546875 0.790625 0.0265625 0.0375
102 0.1859375 0.65078125 0.021875 0.028125
21 0.14375 0.5140625 0.01875 0.0359375
1 0.08828125 0.47265625 0.021875 0.04375
4 0.0828125 0.37265625 0.01875 0.034375
102 0.06796875 0.41796875 0.009375 0.028125
102 0.059375 0.3703125 0.009375 0.028125
102 0.0703125 0.32421875 0.009375 0.01875
21 0.078125 0.309375 0.0125 0.021875
8 0.16796875 0.26875 0.0203125 0.040625
102 0.1453125 0.1375 0.0265625 0.0578125
21 0.28359375 0.19375 0.0140625 0.04375