114 0.0515625 0.4796875 0.028125 0.0671875
106 0.11484375 0.53984375 0.028125 0.0640625
119 0.16171875 0.54453125 0.028125 0.0375
119 0.2828125 0.68984375 0.03125 0.0375
119 0.2921875 0.86875 0.034375 0.034375
63 0.4 0.88671875 0.040625 0.0359375
20 0.34296875 0.88046875 0.04375 0.0640625
13 0.51171875 0.57734375 0.0375 0.0375
13 0.5125 0.53046875 0.040625 0.05
13 0.51015625 0.4765625 0.034375 0.05
119 0.53515625 0.41796875 0.0375 0.034375
20 0.4265625 0.1125 0.0375 0.0546875
16 0.46796875 0.17890625 0.025 0.0703125
16 0.52421875 0.17734375 0.025 0.0796875
119 0.65078125 0.2328125 0.040625 0.0546875
119 0.79609375 0.38671875 0.05 0.0671875
20 0.675 0.396875 0.05 0.046875
119 0.61015625 0.715625 0.0375 0.0375
20 0.7015625 0.95546875 0.03125 0.046875