114 0.49765625 0.9890625 0.071875 0.021875
106 0.43515625 0.9265625 0.065625 0.0328125
119 0.4296875 0.878125 0.0375 0.03125
119 0.278125 0.7515625 0.040625 0.034375
119 0.09140625 0.74140625 0.034375 0.034375
63 0.0734375 0.62890625 0.0375 0.04375
20 0.0796875 0.6890625 0.065625 0.046875
13 0.39609375 0.5125 0.040625 0.040625
13 0.4453125 0.51171875 0.053125 0.040625
13 0.50078125 0.5140625 0.0546875 0.0375
119 0.5625 0.48828125 0.0375 0.040625
20 0.88046875 0.6015625 0.05625 0.040625
16 0.81171875 0.55859375 0.0734375 0.025
16 0.81328125 0.5 0.084375 0.0265625
119 0.75546875 0.3671875 0.05625 0.0453125
119 0.5953125 0.215625 0.071875 0.053125
20 0.584375 0.3421875 0.0484375 0.0515625
119 0.2515625 0.41015625 0.040625 0.040625
20 0.01328125 0.315625 0.0265625 0.03125