84 0.1859375 0.74375 0.071875 0.0734375
85 0.28125 0.73671875 0.103125 0.090625
86 0.371875 0.7375 0.0734375 0.0828125
87 0.44921875 0.74453125 0.071875 0.0765625
89 0.525 0.74453125 0.05 0.0640625
90 0.6015625 0.74296875 0.0578125 0.05625
103 0.68515625 0.7421875 0.0828125 0.09375
104 0.77578125 0.73828125 0.090625 0.071875
124 0.5640625 0.40078125 0.021875 0.028125
125 0.67109375 0.40703125 0.09375 0.0765625
126 0.85625 0.39921875 0.078125 0.06875
143 0.86953125 0.08046875 0.06875 0.0859375
138 0.71484375 0.07890625 0.040625 0.053125
131 0.4671875 0.08125 0.071875 0.0625
129 0.36015625 0.08671875 0.0765625 0.0875
128 0.2625 0.08125 0.0609375 0.06875
127 0.18671875 0.08359375 0.0671875 0.0671875