66 0.934375 0.61953125 0.03125 0.0375
66 0.70703125 0.6546875 0.025 0.046875
66 0.19921875 0.5484375 0.0296875 0.034375
66 0.33359375 0.56640625 0.028125 0.0375
66 0.15703125 0.4828125 0.028125 0.0375
66 0.03046875 0.4578125 0.025 0.04375
66 0.7203125 0.1796875 0.0375 0.03125
66 0.83046875 0.07109375 0.0375 0.053125
20 0.66796875 0.175 0.05625 0.071875
20 0.28046875 0.421875 0.04375 0.065625
20 0.8328125 0.671875 0.065625 0.0671875
20 0.58125 0.61015625 0.0609375 0.0625
152 0.63203125 0.7609375 0.0375 0.04375
152 0.5671875 0.76796875 0.0421875 0.046875
152 0.33125 0.4 0.028125 0.0484375
152 0.3796875 0.4546875 0.0390625 0.040625