114 0.01796875 0.715625 0.03125 0.075
106 0.071875 0.6421875 0.028125 0.071875
119 0.109375 0.6578125 0.025 0.0625
119 0.2484375 0.421875 0.034375 0.0609375
119 0.43125 0.01171875 0.025 0.0234375
119 0.77109375 0.45 0.046875 0.096875
119 0.896875 0.7125 0.040625 0.0796875
20 0.92109375 0.4859375 0.0453125 0.084375
20 0.02109375 0.63203125 0.0421875 0.071875
62 0.04921875 0.24375 0.0984375 0.275
66 0.5640625 0.1984375 0.03125 0.0625
20 0.6515625 0.846875 0.0390625 0.0765625
16 0.68828125 0.76328125 0.025 0.0765625
16 0.7578125 0.76796875 0.028125 0.096875