60 0.96875 0.23515625 0.0375 0.0375
66 0.8875 0.22421875 0.05625 0.05625
119 0.79921875 0.22109375 0.053125 0.0640625
98 0.71484375 0.21875 0.05 0.08125
74 0.625 0.21640625 0.0453125 0.075
141 0.53203125 0.21484375 0.046875 0.078125
12 0.440625 0.2171875 0.04375 0.0703125
130 0.33125 0.21796875 0.059375 0.078125
11 0.2296875 0.21640625 0.06875 0.078125
40 0.0875 0.2609375 0.084375 0.0671875
43 0.084375 0.36171875 0.05625 0.071875
148 0.18359375 0.37890625 0.046875 0.0953125
79 0.2421875 0.378125 0.05625 0.0859375
152 0.31796875 0.37734375 0.078125 0.0703125
78 0.4234375 0.3875 0.05625 0.0875
14 0.49375 0.3953125 0.059375 0.0671875
14 0.53828125 0.39609375 0.034375 0.0734375
112 0.51328125 0.52890625 0.0671875 0.0859375
51 0.42265625 0.5296875 0.071875 0.0875
142 0.34921875 0.5421875 0.06875 0.0734375
102 0.27734375 0.5484375 0.0484375 0.059375
111 0.19765625 0.55 0.059375 0.053125
63 0.9671875 0.390625 0.053125 0.046875
67 0.8859375 0.3859375 0.0703125 0.05625
120 0.79453125 0.375 0.0703125 0.090625
99 0.70234375 0.375 0.0625 0.0875
75 0.61796875 0.37578125 0.059375 0.0921875
6 0.61796875 0.5484375 0.071875 0.078125
95 0.70625 0.54296875 0.059375 0.096875
116 0.7890625 0.5484375 0.053125 0.0875
64 0.87578125 0.553125 0.05625 0.0734375
8 0.96875 0.5578125 0.053125 0.05625
13 0.96328125 0.72265625 0.0640625 0.053125
73 0.8734375 0.70234375 0.046875 0.0890625
114 0.759375 0.71875 0.05 0.053125
100 0.66953125 0.70703125 0.046875 0.08125
16 0.5796875 0.7265625 0.046875 0.040625
16 0.49375 0.7234375 0.053125 0.053125
118 0.41015625 0.709375 0.034375 0.0734375
21 0.31640625 0.715625 0.0484375 0.05625
153 0.2265625 0.71171875 0.05625 0.0453125
106 0.19765625 0.86484375 0.040625 0.0703125
61 0.25859375 0.87265625 0.0453125 0.0703125
136 0.31953125 0.87734375 0.059375 0.0578125
133 0.43828125 0.86640625 0.0703125 0.0625
132 0.55 0.8703125 0.05625 0.0671875
108 0.66796875 0.87890625 0.046875 0.0703125
109 0.75234375 0.87578125 0.03125 0.0671875
97 0.8109375 0.8703125 0.03125 0.084375
32 0.9 0.88984375 0.059375 0.046875
32 0.97265625 0.88359375 0.0546875 0.0359375