20 0.5234375 0.8359375 0.0421875 0.059375
20 0.35234375 0.56953125 0.040625 0.0515625
60 0.48125 0.7796875 0.021875 0.040625
60 0.4609375 0.79296875 0.021875 0.059375
119 0.340625 0.71875 0.0265625 0.0421875
119 0.240625 0.59375 0.0234375 0.05
119 0.378125 0.51328125 0.0265625 0.053125
119 0.709375 0.26015625 0.03125 0.0484375
119 0.596875 0.07265625 0.0234375 0.046875
119 0.58125 0.1421875 0.03125 0.0515625
119 0.34609375 0.2171875 0.03125 0.04375
13 0.44296875 0.43671875 0.03125 0.0359375
13 0.43984375 0.36484375 0.021875 0.025
60 0.84453125 0.2765625 0.028125 0.05
106 0.771875 0.2546875 0.01875 0.034375
20 0.81640625 0.23828125 0.0375 0.059375
20 0.5578125 0.05078125 0.034375 0.053125
20 0.21015625 0.24140625 0.0328125 0.0609375
21 0.178125 0.25234375 0.01875 0.03125
13 0.4390625 0.28984375 0.0296875 0.03125
108 0.03828125 0.4875 0.0390625 0.053125