60 0.08359375 0.10390625 0.0578125 0.046875
66 0.078125 0.18515625 0.071875 0.0515625
119 0.07109375 0.26484375 0.08125 0.046875
98 0.06171875 0.34765625 0.109375 0.0515625
74 0.0640625 0.4265625 0.1078125 0.0515625
141 0.059375 0.5171875 0.103125 0.040625
12 0.075 0.6078125 0.09375 0.0453125
130 0.075 0.7078125 0.096875 0.0546875
11 0.06640625 0.81171875 0.1265625 0.0953125
40 0.12109375 0.94140625 0.08125 0.078125
43 0.246875 0.94375 0.0875 0.078125
63 0.29375 0.10390625 0.075 0.0515625
67 0.28828125 0.1890625 0.071875 0.05625
120 0.278125 0.26484375 0.075 0.0625
99 0.26796875 0.35546875 0.1109375 0.05625
75 0.26171875 0.4375 0.1109375 0.046875
14 0.28828125 0.5109375 0.090625 0.028125
14 0.29296875 0.55546875 0.09375 0.05
78 0.28828125 0.62734375 0.1 0.0546875
151 0.26953125 0.71484375 0.096875 0.075
79 0.2703125 0.7984375 0.1296875 0.0515625
148 0.2671875 0.8453125 0.121875 0.0375
111 0.49140625 0.834375 0.08125 0.0625
102 0.5 0.759375 0.059375 0.046875
142 0.48828125 0.690625 0.08125 0.046875
51 0.46640625 0.62578125 0.109375 0.040625
112 0.4609375 0.53515625 0.103125 0.0546875
6 0.49296875 0.43515625 0.05 0.053125
95 0.48828125 0.3515625 0.15 0.0625
116 0.49140625 0.2765625 0.1125 0.046875
64 0.49921875 0.1921875 0.096875 0.0515625
8 0.50625 0.11015625 0.075 0.04375
13 0.72421875 0.11015625 0.059375 0.046875
73 0.690625 0.2 0.1125 0.040625
114 0.71484375 0.3 0.053125 0.053125
95 0.68828125 0.3890625 0.1125 0.034375
16 0.7296875 0.47421875 0.05 0.05
16 0.72109375 0.55390625 0.071875 0.078125
118 0.703125 0.63203125 0.103125 0.046875
21 0.71875 0.7203125 0.0578125 0.0546875
153 0.7046875 0.8078125 0.065625 0.059375
32 0.92734375 0.10859375 0.075 0.046875
32 0.92578125 0.16328125 0.059375 0.04375
97 0.90234375 0.253125 0.115625 0.0328125
109 0.92265625 0.31484375 0.0921875 0.0328125
108 0.9234375 0.38828125 0.078125 0.040625
132 0.9140625 0.4890625 0.071875 0.0875
133 0.91015625 0.60703125 0.0625 0.0640625
136 0.9234375 0.7203125 0.090625 0.065625
61 0.9234375 0.78125 0.084375 0.025
106 0.90546875 0.83203125 0.065625 0.040625
45 0.4734375 0.946875 0.059375 0.071875
157 0.5984375 0.946875 0.0734375 0.0828125
166 0.734375 0.9421875 0.059375 0.08125
150 0.8640625 0.94375 0.0578125 0.1078125