60 0.7828125 0.98125 0.065625 0.03125
102 0.784375 0.93828125 0.065625 0.040625
4 0.78359375 0.89453125 0.0875 0.034375
8 0.79296875 0.86171875 0.090625 0.0390625
32 0.78515625 0.81328125 0.06875 0.040625
25 0.78828125 0.765625 0.090625 0.04375
61 0.77578125 0.728125 0.1 0.0359375
151 0.77890625 0.696875 0.1125 0.0328125
72 0.77265625 0.6546875 0.121875 0.0578125
130 0.76953125 0.58671875 0.125 0.04375
119 0.76875 0.54140625 0.090625 0.046875
11 0.76171875 0.4796875 0.125 0.0546875
32 0.6625 0.4015625 0.078125 0.0390625
32 0.65703125 0.33046875 0.053125 0.0578125
97 0.70234375 0.26875 0.140625 0.046875
114 0.69765625 0.196875 0.06875 0.0375
114 0.69765625 0.13046875 0.059375 0.040625
100 0.73984375 0.0703125 0.1375 0.0546875
108 0.26875 0.04609375 0.08125 0.065625
109 0.24453125 0.15703125 0.1625 0.071875
109 0.24921875 0.21875 0.1625 0.025
151 0.2953125 0.29921875 0.115625 0.0359375
11 0.29921875 0.37578125 0.115625 0.040625
130 0.3015625 0.42734375 0.115625 0.053125
106 0.1015625 0.22109375 0.071875 0.0546875
136 0.096875 0.27265625 0.075 0.0328125
61 0.096875 0.3828125 0.0875 0.053125
99 0.16796875 0.46328125 0.109375 0.05
13 0.14140625 0.52421875 0.0484375 0.040625
13 0.14296875 0.57265625 0.0453125 0.0484375
102 0.1375 0.6390625 0.0421875 0.0390625
95 0.153125 0.69296875 0.115625 0.034375
116 0.1421875 0.7328125 0.103125 0.028125
8 0.12890625 0.7671875 0.06875 0.0203125
75 0.1640625 0.80625 0.096875 0.0359375
99 0.1640625 0.8625 0.103125 0.03125
63 0.14765625 0.96484375 0.0484375 0.0390625
120 0.14921875 0.915625 0.08125 0.0390625
13 0.44140625 0.98046875 0.0625 0.028125
21 0.44375 0.94453125 0.071875 0.034375
21 0.446875 0.90625 0.0609375 0.04375
114 0.44140625 0.87265625 0.084375 0.0359375
14 0.478125 0.83359375 0.08125 0.0203125
14 0.47109375 0.7984375 0.109375 0.040625
106 0.4609375 0.75078125 0.09375 0.034375
118 0.5296875 0.684375 0.115625 0.028125
101 0.471875 0.62109375 0.103125 0.04375
136 0.4328125 0.56328125 0.075 0.0359375
108 0.47578125 0.52109375 0.059375 0.03125
109 0.4640625 0.484375 0.0875 0.028125
109 0.45078125 0.4515625 0.109375 0.0375
1 0.6171875 0.8515625 0.071875 0.0390625
16 0.61171875 0.89921875 0.06875 0.0375
16 0.615625 0.9390625 0.065625 0.0296875
63 0.6171875 0.9796875 0.08125 0.040625