63 0.93828125 0.85625 0.04375 0.05625
60 0.89375 0.81796875 0.0375 0.046875
60 0.8328125 0.85859375 0.0375 0.0484375
102 0.78984375 0.8140625 0.040625 0.05
102 0.63359375 0.85625 0.046875 0.0484375
102 0.590625 0.8109375 0.06875 0.05
102 0.5859375 0.66875 0.0546875 0.0765625
16 0.47421875 0.81484375 0.0375 0.0546875
16 0.48515625 0.66875 0.05 0.06875
109 0.1390625 0.871875 0.103125 0.059375
1 0.9265625 0.2640625 0.0578125 0.0375
4 0.8328125 0.2671875 0.06875 0.053125
21 0.6390625 0.2640625 0.059375 0.0625
21 0.5765625 0.221875 0.0578125 0.0734375
21 0.58125 0.071875 0.075 0.0875
153 0.4765625 0.259375 0.09375 0.06875
8 0.315625 0.3015625 0.0796875 0.0875
130 0.046875 0.26640625 0.09375 0.125