60 0.15234375 0.21640625 0.01875 0.025
119 0.14609375 0.26171875 0.034375 0.0296875
60 0.14765625 0.30625 0.025 0.021875
60 0.14453125 0.50234375 0.028125 0.0140625
60 0.24296875 0.50625 0.03125 0.0140625
60 0.49140625 0.5 0.0265625 0.021875
60 0.4296875 0.18828125 0.021875 0.0140625
60 0.421875 0.0578125 0.028125 0.025
60 0.3984375 0.034375 0.021875 0.021875
60 0.2984375 0.05 0.0375 0.021875
60 0.68984375 0.09765625 0.025 0.021875
60 0.77421875 0.2046875 0.01875 0.025
60 0.675 0.3296875 0.021875 0.021875
60 0.675 0.41640625 0.021875 0.0171875
60 0.76953125 0.4265625 0.03125 0.025
60 0.6671875 0.56484375 0.025 0.025
60 0.69375 0.5734375 0.028125 0.021875
60 0.678125 0.6859375 0.025 0.021875
60 0.6546875 0.6828125 0.028125 0.025
60 0.91640625 0.73671875 0.021875 0.01875
60 0.91875 0.8265625 0.021875 0.0265625
60 0.58203125 0.93125 0.0265625 0.025
60 0.5859375 0.8390625 0.025 0.0421875
60 0.52421875 0.6703125 0.021875 0.03125
60 0.54609375 0.603125 0.021875 0.021875
60 0.546875 0.55390625 0.01875 0.025
109 0.11796875 0.58828125 0.059375 0.04375
109 0.0890625 0.63359375 0.059375 0.034375
60 0.23671875 0.6734375 0.025 0.0171875
66 0.1859375 0.771875 0.0265625 0.025
106 0.19140625 0.73671875 0.028125 0.021875
60 0.26171875 0.5859375 0.0375 0.0171875
66 0.19140625 0.546875 0.040625 0.025
106 0.5859375 0.7984375 0.0375 0.025
119 0.5796875 0.8828125 0.028125 0.0265625
66 0.61953125 0.88125 0.040625 0.025
60 0.61328125 0.76171875 0.0296875 0.0171875
20 0.66328125 0.71875 0.0625 0.034375
20 0.67421875 0.60390625 0.0609375 0.0421875
60 0.6171875 0.6265625 0.03125 0.0171875
66 0.71171875 0.36015625 0.028125 0.028125
109 0.6953125 0.16875 0.059375 0.0375
109 0.6625 0.20078125 0.0578125 0.0375
66 0.1890625 0.2578125 0.03125 0.028125
106 0.1921875 0.38515625 0.028125 0.021875
119 0.19609375 0.50234375 0.0375 0.028125