60 0.925 0.88359375 0.065625 0.028125
25 0.75390625 0.88359375 0.0890625 0.0609375
119 0.59609375 0.8875 0.0734375 0.0640625
101 0.428125 0.884375 0.0796875 0.065625
72 0.2625 0.8875 0.0875 0.0625
14 0.12890625 0.88828125 0.05 0.065625
14 0.06015625 0.89296875 0.08125 0.0671875
116 0.0953125 0.75 0.0890625 0.071875
8 0.25625 0.746875 0.05625 0.040625
75 0.42890625 0.753125 0.0796875 0.05
99 0.5953125 0.746875 0.08125 0.0578125
120 0.7578125 0.75234375 0.075 0.0609375
63 0.921875 0.7390625 0.071875 0.0375
13 0.925 0.6015625 0.075 0.04375
13 0.753125 0.5984375 0.0765625 0.03125
73 0.59375 0.596875 0.0953125 0.065625
114 0.421875 0.596875 0.071875 0.0375
114 0.25859375 0.58671875 0.071875 0.025
100 0.0890625 0.59296875 0.071875 0.059375
130 0.09609375 0.4328125 0.0796875 0.065625
11 0.26796875 0.4328125 0.06875 0.05625
118 0.4296875 0.43359375 0.0671875 0.0515625
16 0.59296875 0.4359375 0.0796875 0.03125
16 0.75546875 0.440625 0.065625 0.0375
151 0.6875 0.29453125 0.0625 0.0546875
32 0.42421875 0.2859375 0.06875 0.03125
32 0.26171875 0.28828125 0.0625 0.0296875
97 0.09375 0.2921875 0.0625 0.05625
4 0.0890625 0.15078125 0.0765625 0.05
135 0.25703125 0.16875 0.0515625 0.0421875
109 0.40078125 0.1546875 0.0515625 0.053125
109 0.4640625 0.15625 0.0515625 0.053125
153 0.596875 0.1671875 0.09375 0.065625
21 0.76015625 0.15390625 0.090625 0.0359375
21 0.92265625 0.15 0.06875 0.0375
1 0.9265625 0.04921875 0.06875 0.040625
79 0.75234375 0.0515625 0.075 0.046875
111 0.59609375 0.05234375 0.075 0.040625
61 0.4234375 0.05 0.0625 0.046875
136 0.25234375 0.05078125 0.059375 0.034375
106 0.09140625 0.05390625 0.0578125 0.04375
14 0.803125 0.2859375 0.053125 0.0234375
102 0.92265625 0.43984375 0.065625 0.040625