36 0.11171875 0.9625 0.2234375 0.075
26 0.39140625 0.96328125 0.2203125 0.071875
94 0.66484375 0.9671875 0.1546875 0.065625
158 0.928125 0.9640625 0.14375 0.071875
44 0.06328125 0.74375 0.121875 0.0765625
20 0.365625 0.7578125 0.2171875 0.090625
20 0.65 0.76640625 0.1578125 0.1125
20 0.92578125 0.76953125 0.1484375 0.1203125
20 0.10703125 0.540625 0.2125 0.11875
62 0.365625 0.54453125 0.1984375 0.1359375
70 0.6515625 0.53046875 0.215625 0.1
17 0.91953125 0.509375 0.1609375 0.05625
146 0.090625 0.29140625 0.18125 0.1265625
146 0.3609375 0.2578125 0.2765625 0.05625
154 0.64375 0.33671875 0.209375 0.1984375
162 0.91640625 0.29765625 0.1671875 0.1171875
164 0.359375 0.075 0.228125 0.15
164 0.0984375 0.06796875 0.196875 0.1359375