60 0.03828125 0.02734375 0.0421875 0.0375
1 0.09765625 0.02734375 0.0609375 0.040625
4 0.17265625 0.02578125 0.0625 0.04375
66 0.2484375 0.02578125 0.0578125 0.0421875
135 0.45703125 0.028125 0.065625 0.0375
135 0.5328125 0.02890625 0.065625 0.0390625
8 0.7390625 0.02421875 0.046875 0.028125
7 0.809375 0.025 0.059375 0.034375
66 0.8765625 0.0296875 0.05625 0.040625
102 0.8328125 0.18203125 0.0609375 0.0375
102 0.89296875 0.17890625 0.046875 0.040625
102 0.76875 0.18203125 0.0546875 0.034375
14 0.70546875 0.1796875 0.053125 0.0375
60 0.64921875 0.1796875 0.0359375 0.034375
63 0.590625 0.18125 0.040625 0.0375
60 0.4046875 0.1796875 0.040625 0.0359375
45 0.34453125 0.18046875 0.046875 0.046875
21 0.09921875 0.18046875 0.05 0.0390625
32 0.0359375 0.33515625 0.05625 0.04375
102 0.2125 0.33671875 0.046875 0.0421875
102 0.33046875 0.33984375 0.0515625 0.04375
13 0.39921875 0.33671875 0.04375 0.0375
13 0.459375 0.34140625 0.04375 0.0375
122 0.56484375 0.3375 0.059375 0.0375
102 0.84609375 0.509375 0.053125 0.040625
1 0.57734375 0.509375 0.046875 0.0421875
2 0.51484375 0.5125 0.053125 0.040625
0 0.45078125 0.5125 0.0515625 0.040625
13 0.03984375 0.51171875 0.028125 0.040625