60 0.12109375 0.2609375 0.0421875 0.04375
66 0.1921875 0.25546875 0.053125 0.0484375
119 0.26484375 0.25078125 0.0390625 0.065625
98 0.33359375 0.24609375 0.0375 0.0734375
74 0.40859375 0.24453125 0.0453125 0.0703125
141 0.48828125 0.24609375 0.034375 0.0796875
12 0.56328125 0.24921875 0.04375 0.0578125
63 0.64921875 0.0953125 0.0515625 0.0375
67 0.765625 0.09296875 0.0515625 0.053125
11 0.73515625 0.24921875 0.0625 0.078125
130 0.6546875 0.25 0.04375 0.071875
40 0.8578125 0.2890625 0.0484375 0.0546875
43 0.859375 0.38046875 0.04375 0.059375
148 0.7734375 0.39609375 0.03125 0.084375
79 0.73125 0.3953125 0.0390625 0.075
151 0.65859375 0.3984375 0.05 0.065625
78 0.575 0.40703125 0.046875 0.0734375
14 0.51640625 0.409375 0.0421875 0.059375
14 0.48203125 0.40546875 0.0265625 0.0671875
112 0.503125 0.5328125 0.046875 0.08125
51 0.57734375 0.53359375 0.0515625 0.06875
142 0.6375 0.5546875 0.0421875 0.0515625
102 0.696875 0.5546875 0.0421875 0.0390625
111 0.76484375 0.5546875 0.0453125 0.04375
63 0.12109375 0.41015625 0.0390625 0.0421875
67 0.19140625 0.4046875 0.0421875 0.059375
120 0.265625 0.4 0.0390625 0.0609375
99 0.3390625 0.38984375 0.0390625 0.0703125
75 0.41640625 0.3921875 0.040625 0.0859375
8 0.1171875 0.56171875 0.04375 0.046875
64 0.19609375 0.55234375 0.040625 0.0671875
116 0.26796875 0.5484375 0.0375 0.065625
95 0.34140625 0.54453125 0.0375 0.0953125
6 0.41171875 0.55390625 0.05625 0.0515625
13 0.1265625 0.71484375 0.0375 0.0375
73 0.20390625 0.696875 0.0453125 0.08125
114 0.2921875 0.7140625 0.0390625 0.040625
100 0.37109375 0.69765625 0.0328125 0.0796875
16 0.44375 0.7203125 0.0375 0.0453125
16 0.5171875 0.721875 0.0421875 0.0390625
118 0.58671875 0.70390625 0.0390625 0.065625
21 0.66484375 0.709375 0.0484375 0.046875
153 0.7390625 0.7046875 0.0390625 0.05625
106 0.7671875 0.85078125 0.034375 0.0578125
61 0.7140625 0.85078125 0.03125 0.059375
136 0.6625 0.85703125 0.0453125 0.05625
133 0.56328125 0.85 0.0484375 0.0453125
132 0.46640625 0.85234375 0.0546875 0.053125
108 0.37421875 0.86015625 0.0421875 0.0671875
109 0.303125 0.8578125 0.0375 0.065625
97 0.2515625 0.8453125 0.034375 0.0828125
32 0.1765625 0.865625 0.0359375 0.03125
32 0.121875 0.86875 0.0421875 0.034375