60 0.73515625 0.98125 0.0390625 0.0375
66 0.74375 0.90078125 0.0609375 0.05625
119 0.74921875 0.81015625 0.065625 0.0484375
98 0.7546875 0.71875 0.0765625 0.046875
74 0.75703125 0.62734375 0.084375 0.05
141 0.75859375 0.53203125 0.0875 0.059375
12 0.75 0.4375 0.065625 0.0625
130 0.7484375 0.32734375 0.0796875 0.059375
11 0.74921875 0.2203125 0.084375 0.06875
40 0.7046875 0.06953125 0.065625 0.084375
43 0.6078125 0.0703125 0.06875 0.059375
148 0.58359375 0.17421875 0.1 0.05
79 0.5890625 0.228125 0.0921875 0.05625
151 0.58828125 0.31328125 0.09375 0.0921875
78 0.57734375 0.42109375 0.084375 0.06875
14 0.5734375 0.4921875 0.078125 0.05625
14 0.57265625 0.5375 0.0796875 0.0328125
112 0.42734375 0.50625 0.0875 0.05
51 0.43125 0.4234375 0.0796875 0.0484375
142 0.40546875 0.3453125 0.053125 0.05625
102 0.40703125 0.265625 0.0375 0.059375
111 0.40625 0.184375 0.0640625 0.0609375
6 0.4109375 0.62265625 0.06875 0.0640625
95 0.4140625 0.70859375 0.1078125 0.0625
116 0.415625 0.803125 0.084375 0.0625
64 0.4015625 0.88359375 0.0765625 0.06875
8 0.39765625 0.97578125 0.065625 0.0484375
63 0.5703125 0.98125 0.046875 0.0375
67 0.5734375 0.89765625 0.059375 0.05625
120 0.58046875 0.80390625 0.071875 0.053125
99 0.590625 0.7125 0.090625 0.046875
75 0.58671875 0.61953125 0.0875 0.0453125
13 0.2296875 0.97734375 0.053125 0.0453125
73 0.25078125 0.88203125 0.090625 0.0484375
114 0.23125 0.77265625 0.0375 0.046875
100 0.253125 0.67890625 0.084375 0.040625
16 0.228125 0.584375 0.0453125 0.053125
16 0.22578125 0.49296875 0.040625 0.0453125
118 0.24296875 0.4078125 0.0765625 0.0453125
21 0.240625 0.309375 0.040625 0.0453125
153 0.24453125 0.215625 0.053125 0.040625
106 0.07734375 0.18671875 0.05625 0.0453125
61 0.071875 0.24453125 0.06875 0.040625
136 0.075 0.3140625 0.0640625 0.05625
133 0.08125 0.434375 0.0765625 0.078125
132 0.0828125 0.5578125 0.0625 0.0765625
108 0.07109375 0.6703125 0.065625 0.0640625
109 0.075 0.7546875 0.06875 0.053125
97 0.08046875 0.825 0.0875 0.040625
97 0.0625 0.9140625 0.040625 0.053125