60 0.1109375 0.89375 0.053125 0.04375
66 0.10625 0.81875 0.06875 0.05
119 0.09921875 0.7453125 0.075 0.046875
98 0.08984375 0.66875 0.1015625 0.0484375
74 0.0921875 0.5953125 0.1 0.0484375
141 0.08828125 0.5109375 0.0953125 0.0375
12 0.103125 0.42734375 0.0875 0.040625
130 0.103125 0.33359375 0.090625 0.05
11 0.0953125 0.23828125 0.1171875 0.0875
40 0.1453125 0.11796875 0.075 0.071875
43 0.26171875 0.115625 0.08125 0.075
63 0.30546875 0.89375 0.06875 0.05
67 0.30078125 0.81484375 0.06875 0.053125
120 0.29140625 0.7453125 0.071875 0.05625
99 0.28203125 0.6609375 0.103125 0.053125
75 0.27578125 0.584375 0.103125 0.04375
14 0.30078125 0.51640625 0.084375 0.0265625
14 0.3046875 0.47578125 0.0875 0.046875
78 0.30078125 0.409375 0.09375 0.053125
151 0.28359375 0.32734375 0.090625 0.06875
79 0.284375 0.25 0.1203125 0.046875
148 0.28046875 0.20625 0.115625 0.0375
111 0.4890625 0.21640625 0.075 0.05625
102 0.496875 0.28671875 0.05625 0.04375
142 0.4859375 0.35078125 0.075 0.04375
51 0.465625 0.4109375 0.1015625 0.0375
112 0.46015625 0.49453125 0.0953125 0.05
6 0.490625 0.58671875 0.046875 0.05
95 0.4859375 0.66484375 0.1390625 0.05625
116 0.4890625 0.734375 0.10625 0.046875
64 0.49609375 0.8125 0.090625 0.05
8 0.50234375 0.88828125 0.071875 0.040625
13 0.7046875 0.88828125 0.05625 0.046875
73 0.6734375 0.80546875 0.10625 0.0375
114 0.69609375 0.71171875 0.05 0.05
95 0.671875 0.6296875 0.10625 0.03125
16 0.709375 0.55078125 0.046875 0.046875
16 0.7015625 0.47734375 0.065625 0.075
118 0.68515625 0.40390625 0.0953125 0.04375
21 0.69921875 0.32265625 0.053125 0.05
153 0.68671875 0.24140625 0.059375 0.05625
32 0.89296875 0.88984375 0.06875 0.04375
32 0.89140625 0.8390625 0.05625 0.040625
97 0.8703125 0.75546875 0.109375 0.0296875
109 0.88828125 0.6984375 0.084375 0.0296875
108 0.8890625 0.63046875 0.075 0.0390625
132 0.88046875 0.5375 0.06875 0.08125
133 0.87734375 0.428125 0.05625 0.059375
136 0.8890625 0.32265625 0.084375 0.059375
61 0.8890625 0.265625 0.08125 0.0234375
106 0.87265625 0.21953125 0.0625 0.0375
45 0.47265625 0.1125 0.05625 0.06875
157 0.5875 0.1125 0.06875 0.075
166 0.7140625 0.1171875 0.05625 0.075
150 0.834375 0.115625 0.053125 0.1