4 0.51796875 0.70859375 0.025 0.0421875
60 0.39453125 0.59765625 0.0234375 0.028125
21 0.3828125 0.77890625 0.025 0.028125
21 0.43984375 0.31796875 0.0171875 0.046875
21 0.51796875 0.234375 0.03125 0.0359375
20 0.34375 0.14453125 0.05 0.065625
114 0.2734375 0.36953125 0.021875 0.053125
114 0.2734375 0.4296875 0.01875 0.04375
20 0.24375 0.42265625 0.028125 0.04375
20 0.24765625 0.3640625 0.025 0.046875
4 0.21953125 0.14609375 0.028125 0.040625
102 0.1984375 0.29765625 0.025 0.03125
21 0.15234375 0.44609375 0.0203125 0.0390625
1 0.0921875 0.490625 0.0234375 0.046875
4 0.08671875 0.59921875 0.0203125 0.0375
102 0.0703125 0.55 0.0109375 0.03125
102 0.0609375 0.6015625 0.009375 0.03125
102 0.07265625 0.6515625 0.009375 0.021875
21 0.08125 0.66796875 0.0125 0.0234375
8 0.17890625 0.71171875 0.021875 0.04375
102 0.15390625 0.85390625 0.028125 0.0625
21 0.30390625 0.79296875 0.015625 0.046875