60 0.85 0.89140625 0.0890625 0.1578125
63 0.84453125 0.71015625 0.103125 0.13125
13 0.84765625 0.5703125 0.0828125 0.096875
114 0.8421875 0.40859375 0.078125 0.1125
16 0.84765625 0.2625 0.06875 0.0890625
21 0.84296875 0.06875 0.09375 0.109375
153 0.5 0.9046875 0.115625 0.13125
102 0.49453125 0.559375 0.0890625 0.1203125
111 0.49375 0.2671875 0.096875 0.1171875
79 0.490625 0.09765625 0.075 0.1953125
1 0.03515625 0.88125 0.0703125 0.14375
4 0.02734375 0.7171875 0.0546875 0.159375
8 0.025 0.55078125 0.05 0.1046875