60 0.13125 0.4375 0.028125 0.040625
66 0.19140625 0.4375 0.0375 0.059375
63 0.2578125 0.43359375 0.034375 0.0484375
119 0.31640625 0.4359375 0.04375 0.05625
11 0.378125 0.43359375 0.0359375 0.0546875
102 0.4453125 0.38671875 0.034375 0.0515625
102 0.446875 0.4984375 0.0359375 0.04375
16 0.509375 0.4328125 0.0359375 0.0546875
13 0.57421875 0.43671875 0.0328125 0.0484375
13 0.63515625 0.4375 0.0359375 0.04375
25 0.69765625 0.4328125 0.034375 0.0515625
45 0.7828125 0.4375 0.053125 0.05
14 0.878125 0.4359375 0.06875 0.04375
136 0.878125 0.95078125 0.065625 0.0859375
106 0.8078125 0.95625 0.0484375 0.0625
61 0.73828125 0.953125 0.065625 0.0484375
4 0.67578125 0.953125 0.0484375 0.0328125
1 0.61328125 0.88984375 0.0484375 0.0421875
1 0.6140625 0.99140625 0.040625 0.0171875
51 0.5484375 0.953125 0.05625 0.0515625
98 0.47734375 0.953125 0.0625 0.0484375
74 0.40703125 0.95625 0.05 0.046875
152 0.33046875 0.95078125 0.0625 0.04375
122 0.259375 0.9546875 0.053125 0.05625
7 0.196875 0.9046875 0.053125 0.05
7 0.19140625 0.990625 0.0359375 0.01875
21 0.13046875 0.8984375 0.0328125 0.05625
21 0.12734375 0.99296875 0.040625 0.0140625