102 0.11796875 0.02109375 0.03125 0.0421875
102 0.1140625 0.0609375 0.0359375 0.0609375
102 0.115625 0.1328125 0.040625 0.06875
102 0.11796875 0.19765625 0.040625 0.053125
14 0.115625 0.25546875 0.0421875 0.04375
60 0.1171875 0.3203125 0.0390625 0.05
63 0.115625 0.38203125 0.0421875 0.046875
60 0.11640625 0.5171875 0.05 0.0421875
21 0.11875 0.91015625 0.046875 0.05
102 0.28828125 0.78984375 0.046875 0.06875
102 0.2875 0.66015625 0.046875 0.053125
13 0.2875 0.59140625 0.05 0.046875
13 0.28359375 0.5296875 0.04375 0.059375
122 0.2859375 0.4109375 0.0421875 0.071875
0 0.46953125 0.5421875 0.04375 0.0609375
2 0.47109375 0.4671875 0.0421875 0.0640625
1 0.471875 0.39375 0.040625 0.05625
2 0.471875 0.321875 0.046875 0.05625
102 0.47109375 0.1109375 0.046875 0.065625