114 0.2671875 0.9625 0.071875 0.0296875
106 0.33671875 0.91171875 0.06875 0.0265625
119 0.321875 0.8765625 0.059375 0.0234375
119 0.54609375 0.74453125 0.0578125 0.0328125
119 0.95703125 0.56953125 0.0625 0.0234375
119 0.51953125 0.24765625 0.0921875 0.04375
119 0.26953125 0.128125 0.075 0.0375
119 0.4421875 0.00859375 0.071875 0.015625
20 0.48515625 0.1046875 0.078125 0.04375
20 0.346875 0.96015625 0.06875 0.040625
62 0.7171875 0.93515625 0.2609375 0.1
66 0.75859375 0.44375 0.059375 0.0296875
20 0.1421875 0.3609375 0.071875 0.0375
16 0.221875 0.32578125 0.071875 0.0234375
16 0.2171875 0.26015625 0.0921875 0.0265625
66 0.98359375 0.45546875 0.0328125 0.0328125