20 0.3234375 0.69296875 0.046875 0.0328125
60 0.36875 0.66015625 0.040625 0.015625
60 0.3640625 0.64296875 0.0375 0.015625
119 0.415625 0.540625 0.040625 0.021875
119 0.525 0.45859375 0.046875 0.028125
20 0.53984375 0.55625 0.05 0.028125
119 0.590625 0.56953125 0.04375 0.028125
13 0.65078125 0.62578125 0.025 0.025
13 0.71015625 0.62578125 0.034375 0.01875
13 0.76953125 0.6234375 0.028125 0.021875
60 0.7828125 0.9609375 0.028125 0.015625
20 0.8125 0.9390625 0.046875 0.0265625
106 0.8015625 0.903125 0.0359375 0.015625
119 0.79140625 0.8453125 0.0328125 0.01875
119 0.8890625 0.74296875 0.028125 0.015625
119 0.9484375 0.75390625 0.0359375 0.021875
13 0.96171875 0.68828125 0.0328125 0.021875
119 0.82109375 0.54609375 0.040625 0.021875
20 0.80390625 0.434375 0.05 0.028125
108 0.60546875 0.2890625 0.0375 0.028125