60 0.98125 0.2203125 0.03125 0.065625
102 0.93828125 0.21875 0.040625 0.0625
4 0.8953125 0.21953125 0.034375 0.084375
8 0.8625 0.21015625 0.0390625 0.090625
32 0.8140625 0.21796875 0.040625 0.0671875
25 0.7671875 0.21484375 0.04375 0.0875
61 0.7296875 0.22734375 0.034375 0.096875
151 0.6984375 0.22421875 0.0328125 0.1125
72 0.65703125 0.23046875 0.0578125 0.121875
130 0.5890625 0.23359375 0.04375 0.121875
119 0.54453125 0.234375 0.046875 0.0875
11 0.4828125 0.24140625 0.053125 0.121875
32 0.40546875 0.33984375 0.0375 0.0765625
32 0.334375 0.3453125 0.0578125 0.053125
97 0.2734375 0.30078125 0.046875 0.1390625
114 0.2015625 0.30546875 0.0375 0.06875
114 0.1359375 0.30546875 0.040625 0.059375
100 0.07578125 0.26328125 0.053125 0.1375
108 0.05234375 0.73125 0.0625 0.0796875
109 0.1625 0.75546875 0.06875 0.1625
109 0.2234375 0.75078125 0.025 0.1625
151 0.30390625 0.7046875 0.034375 0.1140625
11 0.3796875 0.70078125 0.040625 0.115625
130 0.43125 0.6984375 0.053125 0.1140625
106 0.22578125 0.89765625 0.0546875 0.0703125
136 0.27734375 0.90234375 0.0328125 0.075
61 0.38671875 0.90234375 0.053125 0.0875
99 0.46640625 0.83125 0.05 0.109375
13 0.52734375 0.8578125 0.040625 0.046875
13 0.575 0.85625 0.0484375 0.0453125
102 0.64140625 0.86171875 0.040625 0.0421875
95 0.69453125 0.84609375 0.034375 0.115625
116 0.734375 0.85703125 0.028125 0.103125
8 0.76875 0.8703125 0.0203125 0.0671875
75 0.8078125 0.83515625 0.0359375 0.096875
99 0.86328125 0.83515625 0.03125 0.1015625
63 0.96484375 0.8515625 0.0390625 0.046875
120 0.91640625 0.85 0.0375 0.08125
13 0.98046875 0.56015625 0.028125 0.0625
21 0.94453125 0.5578125 0.034375 0.071875
21 0.90703125 0.5546875 0.04375 0.059375
114 0.8734375 0.56015625 0.034375 0.0828125
14 0.834375 0.5234375 0.01875 0.08125
14 0.8 0.53046875 0.040625 0.1078125
106 0.75234375 0.540625 0.034375 0.090625
118 0.68671875 0.471875 0.028125 0.1140625
101 0.6234375 0.5296875 0.04375 0.103125
136 0.565625 0.56796875 0.034375 0.075
108 0.52421875 0.52578125 0.03125 0.059375
109 0.4875 0.5375 0.028125 0.084375
109 0.4546875 0.55078125 0.0375 0.109375
1 0.85234375 0.38515625 0.0390625 0.071875
16 0.9 0.390625 0.0375 0.0671875
16 0.9390625 0.38671875 0.0296875 0.065625
63 0.9796875 0.38515625 0.040625 0.08125