60 0.91640625 0.92578125 0.065625 0.046875
25 0.7640625 0.93828125 0.084375 0.05625
119 0.6078125 0.94375 0.06875 0.059375
98 0.45234375 0.946875 0.0765625 0.075
74 0.28828125 0.9484375 0.071875 0.078125
14 0.16171875 0.95 0.0515625 0.065625
14 0.07109375 0.94453125 0.0859375 0.06875
102 0.06953125 0.77890625 0.075 0.04375
95 0.20625 0.7890625 0.0921875 0.103125
116 0.303125 0.7828125 0.075 0.09375
8 0.39921875 0.76875 0.0625 0.0515625
75 0.509375 0.80078125 0.09375 0.08125
99 0.6546875 0.79765625 0.0875 0.09375
120 0.7828125 0.7875 0.08125 0.053125
63 0.91875 0.77734375 0.090625 0.0421875
13 0.91875 0.625 0.0609375 0.040625
13 0.78671875 0.62578125 0.0953125 0.0515625
73 0.65625 0.6453125 0.0921875 0.0875
114 0.390625 0.621875 0.0765625 0.0453125
114 0.240625 0.62734375 0.08125 0.0515625
100 0.109375 0.646875 0.0546875 0.08125
151 0.125 0.50390625 0.075 0.065625
130 0.30390625 0.5046875 0.090625 0.08125
11 0.38984375 0.503125 0.0875 0.071875
118 0.65 0.5 0.084375 0.0703125
16 0.78828125 0.49140625 0.10625 0.034375
96 0.51484375 0.50078125 0.08125 0.084375
16 0.91484375 0.48671875 0.0765625 0.0375
32 0.9140625 0.321875 0.0640625 0.0484375
32 0.7859375 0.32421875 0.109375 0.0390625
97 0.6515625 0.346875 0.1140625 0.1
21 0.403125 0.3390625 0.08125 0.046875
21 0.28515625 0.34609375 0.096875 0.053125
153 0.1140625 0.3515625 0.11875 0.075
1 0.13515625 0.184375 0.0796875 0.046875
4 0.28203125 0.1859375 0.09375 0.0625
108 0.59921875 0.20234375 0.134375 0.05
109 0.82109375 0.18203125 0.1078125 0.090625
109 0.94375 0.17265625 0.0875 0.075
79 0.9125 0.0421875 0.0609375 0.06875
111 0.7328125 0.0421875 0.1015625 0.05
61 0.46328125 0.0765625 0.0953125 0.059375
136 0.22421875 0.0734375 0.078125 0.0625
106 0.1203125 0.08046875 0.0546875 0.059375