60 0.353125 0.015625 0.028125 0.03125
60 0.44140625 0.015625 0.0359375 0.03125
60 0.35390625 0.31171875 0.0375 0.028125
60 0.4734375 0.5265625 0.028125 0.0515625
60 0.60859375 0.215625 0.0375 0.03125
60 0.60859375 0.08671875 0.04375 0.03125
60 0.69765625 0.11328125 0.0375 0.028125
60 0.69609375 0.2140625 0.0375 0.028125
60 0.69765625 0.36171875 0.0390625 0.025
60 0.69453125 0.50703125 0.0375 0.03125
60 0.85859375 0.31484375 0.025 0.040625
102 0.88046875 0.24765625 0.046875 0.0515625
102 0.8828125 0.17734375 0.04375 0.0375
102 0.88046875 0.09296875 0.04375 0.046875
102 0.88125 0.0109375 0.0390625 0.021875
60 0.82734375 0.57421875 0.03125 0.0359375
60 0.85234375 0.57421875 0.0171875 0.0390625
60 0.8765625 0.57421875 0.021875 0.040625
60 0.90234375 0.575 0.028125 0.040625
60 0.9265625 0.575 0.025 0.0359375
60 0.6890625 0.76328125 0.03125 0.04375
60 0.575 0.7515625 0.04375 0.028125
60 0.46953125 0.74765625 0.040625 0.0328125
60 0.4421875 0.6140625 0.046875 0.028125
60 0.2859375 0.7578125 0.025 0.04375
60 0.0171875 0.31875 0.034375 0.040625