66 0.9234375 0.9671875 0.075 0.065625
60 0.91484375 0.828125 0.059375 0.084375
67 0.92421875 0.67265625 0.090625 0.0953125
63 0.9109375 0.5109375 0.0625 0.078125
102 0.92578125 0.35 0.08125 0.0734375
119 0.91796875 0.20234375 0.071875 0.08125
11 0.92265625 0.040625 0.1 0.078125
64 0.6625 0.046875 0.1078125 0.071875
45 0.65546875 0.2 0.071875 0.08125
45 0.6515625 0.35703125 0.065625 0.090625
16 0.659375 0.50546875 0.078125 0.0921875
21 0.66328125 0.66484375 0.0765625 0.084375
21 0.65625 0.81640625 0.0765625 0.0765625
25 0.65703125 0.971875 0.071875 0.05625
135 0.39453125 0.9734375 0.103125 0.053125
8 0.3953125 0.821875 0.084375 0.06875
13 0.4015625 0.66640625 0.059375 0.084375
13 0.4015625 0.51640625 0.0578125 0.06875
152 0.4078125 0.3546875 0.1109375 0.071875
74 0.4 0.2 0.121875 0.078125
98 0.40859375 0.04296875 0.1125 0.08125
14 0.1359375 0.04296875 0.14375 0.0546875