119 0.878125 0.5484375 0.028125 0.05
60 0.81171875 0.38515625 0.021875 0.04375
60 0.79609375 0.409375 0.021875 0.028125
21 0.77109375 0.4078125 0.0234375 0.034375
14 0.75703125 0.31875 0.01875 0.053125
14 0.58828125 0.571875 0.0203125 0.05
14 0.503125 0.78203125 0.0234375 0.0375
60 0.50234375 0.8671875 0.03125 0.0375
60 0.44140625 0.86875 0.03125 0.034375
4 0.36484375 0.73203125 0.03125 0.04375
4 0.365625 0.37421875 0.01875 0.04375
60 0.36328125 0.2203125 0.0125 0.034375
60 0.3375 0.31796875 0.028125 0.03125
60 0.284375 0.31953125 0.0234375 0.021875
60 0.18828125 0.21328125 0.01875 0.040625