109 0.3796875 0.87734375 0.078125 0.146875
14 0.39453125 0.78515625 0.0390625 0.05625
23 0.75546875 0.0734375 0.078125 0.0875
60 0.6671875 0.17578125 0.046875 0.05
60 0.85703125 0.18046875 0.0515625 0.046875
60 0.5765625 0.28984375 0.028125 0.0578125
60 0.45078125 0.290625 0.03125 0.0546875
60 0.3328125 0.0859375 0.0515625 0.034375
60 0.1375 0.07421875 0.046875 0.040625
120 0.2265625 0.09140625 0.075 0.096875
120 0.7265625 0.69609375 0.0765625 0.121875
60 0.6375 0.6875 0.05 0.025
60 0.83046875 0.69140625 0.0375 0.034375
60 0.4953125 0.6328125 0.0296875 0.0625
60 0.36953125 0.62109375 0.0296875 0.0578125