60 0.109375 0.1203125 0.04375 0.053125
66 0.18359375 0.115625 0.0484375 0.0671875
119 0.25625 0.10859375 0.0453125 0.075
98 0.33203125 0.1 0.046875 0.1
74 0.4046875 0.10234375 0.046875 0.0984375
141 0.4875 0.0984375 0.0375 0.09375
12 0.5703125 0.1125 0.040625 0.0859375
130 0.6625 0.1125 0.05 0.0890625
11 0.75703125 0.1046875 0.0859375 0.115625
40 0.87578125 0.1546875 0.071875 0.0734375
43 0.878125 0.26953125 0.0734375 0.0796875
63 0.109375 0.3125 0.0484375 0.06875
67 0.1875 0.3078125 0.0515625 0.0671875
120 0.25625 0.2984375 0.05625 0.0703125
99 0.33984375 0.2890625 0.0515625 0.1015625
75 0.41484375 0.28359375 0.04375 0.1015625
14 0.48203125 0.3078125 0.0265625 0.0828125
14 0.52265625 0.31171875 0.0453125 0.0859375
78 0.58828125 0.3078125 0.0515625 0.0921875
151 0.66875 0.290625 0.0671875 0.0890625
79 0.7453125 0.29140625 0.046875 0.11875
148 0.78828125 0.28828125 0.0359375 0.1140625
111 0.778125 0.49375 0.05625 0.075
102 0.709375 0.5015625 0.04375 0.0546875
142 0.64609375 0.490625 0.04375 0.075
51 0.58671875 0.47109375 0.0359375 0.1
112 0.50390625 0.465625 0.05 0.09375
6 0.4125 0.4953125 0.0484375 0.0453125
95 0.3359375 0.490625 0.05625 0.1375
116 0.2671875 0.49375 0.0453125 0.1046875
64 0.18984375 0.50078125 0.0484375 0.0890625
8 0.11484375 0.50703125 0.040625 0.0703125
13 0.11484375 0.70703125 0.0453125 0.0546875
73 0.196875 0.67578125 0.0375 0.1046875
114 0.2890625 0.6984375 0.0484375 0.0484375
95 0.3703125 0.67421875 0.03125 0.1046875
16 0.4484375 0.71171875 0.0453125 0.0453125
16 0.52109375 0.70390625 0.0734375 0.065625
118 0.59296875 0.6875 0.04375 0.09375
21 0.6734375 0.7015625 0.05 0.053125
153 0.75390625 0.6890625 0.0546875 0.059375
32 0.11328125 0.89296875 0.0421875 0.06875
32 0.16328125 0.89140625 0.040625 0.0546875
97 0.24609375 0.8703125 0.0296875 0.1078125
109 0.30234375 0.88828125 0.0296875 0.084375
108 0.36953125 0.8890625 0.0375 0.0734375
132 0.46171875 0.88046875 0.0796875 0.0671875
133 0.56953125 0.87734375 0.059375 0.05625
136 0.6734375 0.8890625 0.059375 0.0828125
61 0.7296875 0.8890625 0.0234375 0.0796875
106 0.77578125 0.87265625 0.0359375 0.0609375
45 0.88125 0.47734375 0.0671875 0.0546875
157 0.88125 0.59140625 0.075 0.0671875
166 0.8765625 0.71640625 0.0734375 0.0546875
150 0.878125 0.83515625 0.0984375 0.053125