20 0.04453125 0.04453125 0.0890625 0.0890625
134 0.0453125 0.15859375 0.090625 0.1
134 0.0421875 0.278125 0.084375 0.1234375
19 0.040625 0.3921875 0.08125 0.10625
20 0.0421875 0.503125 0.084375 0.115625
137 0.04453125 0.62109375 0.0890625 0.103125
20 0.20703125 0.96484375 0.1265625 0.0703125
20 0.19453125 0.8671875 0.10625 0.075
20 0.3796875 0.26796875 0.10625 0.084375
20 0.378125 0.14609375 0.1359375 0.10625
20 0.3796875 0.0390625 0.13125 0.078125
44 0.7359375 0.859375 0.1453125 0.10625
44 0.721875 0.9640625 0.096875 0.071875
44 0.9109375 0.0390625 0.096875 0.078125
158 0.9078125 0.27109375 0.1375 0.109375
62 0.5578125 0.5125 0.128125 0.103125