20 0.834375 0.9078125 0.04375 0.040625
20 0.83515625 0.9421875 0.0453125 0.0265625
20 0.83515625 0.978125 0.0375 0.0375
164 0.75 0.94140625 0.078125 0.053125
70 0.659375 0.9390625 0.0625 0.0828125
164 0.571875 0.9140625 0.0796875 0.046875
164 0.5765625 0.96484375 0.075 0.05
154 0.48671875 0.9390625 0.0796875 0.065625
146 0.62578125 0.68046875 0.0484375 0.0515625
146 0.696875 0.675 0.040625 0.1375
121 0.8375 0.67734375 0.053125 0.1078125
62 0.66953125 0.425 0.084375 0.046875
155 0.234375 0.96953125 0.1 0.05
155 0.23046875 0.92109375 0.1 0.0484375