21 0.725 0.1734375 0.03125 0.034375
13 0.725 0.06328125 0.05 0.0296875
13 0.6078125 0.06171875 0.05 0.015625
21 0.40234375 0.17421875 0.04375 0.0375
21 0.37421875 0.3390625 0.04375 0.03125
21 0.31171875 0.42265625 0.0390625 0.0265625
21 0.0515625 0.4984375 0.04375 0.0375
21 0.703125 0.6859375 0.028125 0.0265625
21 0.8875 0.5625 0.04375 0.040625
119 0.73125 0.25625 0.075 0.028125
119 0.415625 0.25625 0.065625 0.03125
122 0.17265625 0.01796875 0.0859375 0.0328125
122 0.0703125 0.0203125 0.078125 0.025
13 0.08046875 0.27890625 0.04375 0.0375
130 0.096875 0.36171875 0.0875 0.034375
122 0.54765625 0.3390625 0.0875 0.040625
13 0.53671875 0.3875 0.04375 0.0296875
60 0.66875 0.40234375 0.04375 0.028125
66 0.871875 0.32421875 0.059375 0.0328125
13 0.62265625 0.4984375 0.046875 0.0359375
60 0.4453125 0.53046875 0.059375 0.021875
60 0.303125 0.81875 0.0375 0.028125
60 0.66484375 0.87109375 0.034375 0.0328125
20 0.8515625 0.63203125 0.09375 0.0609375
20 0.70625 0.625 0.09375 0.0625
20 0.30390625 0.48671875 0.084375 0.053125
20 0.371875 0.296875 0.096875 0.05
20 0.6859375 0.28984375 0.096875 0.046875