60 0.9484375 0.9953125 0.075 0.009375
66 0.6578125 0.9953125 0.05625 0.009375
63 0.35859375 0.996875 0.08125 0.00625
119 0.05 0.9953125 0.059375 0.009375
11 0.96328125 0.8671875 0.0625 0.0390625
102 0.66328125 0.8671875 0.10625 0.0421875
16 0.36640625 0.8671875 0.096875 0.034375
16 0.04765625 0.86328125 0.053125 0.028125
13 0.96484375 0.71640625 0.065625 0.0390625
13 0.6671875 0.7109375 0.10625 0.0453125
25 0.334375 0.71640625 0.10625 0.0484375
45 0.0578125 0.725 0.08125 0.04375
8 0.0453125 0.575 0.0484375 0.0359375
21 0.34453125 0.5734375 0.08125 0.0359375
21 0.6484375 0.5765625 0.090625 0.0375
50 0.96328125 0.57109375 0.06875 0.034375
64 0.95703125 0.43125 0.0453125 0.0515625
66 0.6703125 0.42890625 0.0890625 0.059375
122 0.34140625 0.42421875 0.0875 0.0484375
152 0.05859375 0.41953125 0.08125 0.05
102 0.04609375 0.29375 0.0875 0.0421875
51 0.35 0.29609375 0.0734375 0.046875
98 0.66796875 0.2953125 0.0625 0.05625
74 0.96640625 0.29296875 0.059375 0.0515625
1 0.9625 0.1703125 0.059375 0.040625
4 0.64453125 0.16875 0.1234375 0.0515625
61 0.328125 0.1671875 0.103125 0.0625
14 0.0640625 0.1796875 0.1 0.075
136 0.6703125 0.028125 0.10625 0.04375
106 0.959375 0.03046875 0.08125 0.05625