20 0.83984375 0.1234375 0.040625 0.0375
20 0.840625 0.090625 0.04375 0.025
20 0.840625 0.05625 0.0375 0.034375
164 0.75859375 0.09140625 0.075 0.05
70 0.671875 0.09375 0.0609375 0.078125
164 0.5875 0.1171875 0.0765625 0.04375
164 0.59296875 0.06875 0.0703125 0.046875
154 0.50625 0.09375 0.0765625 0.0640625
146 0.63984375 0.34140625 0.04375 0.05
146 0.7078125 0.346875 0.0375 0.13125
121 0.84296875 0.34453125 0.05 0.103125
62 0.68125 0.5859375 0.08125 0.04375
155 0.2640625 0.06484375 0.096875 0.046875
155 0.2609375 0.1109375 0.096875 0.046875