60 0.01484375 0.0625 0.0296875 0.053125
25 0.16328125 0.04921875 0.0953125 0.0625
119 0.33671875 0.04375 0.078125 0.065625
98 0.509375 0.040625 0.084375 0.08125
74 0.690625 0.040625 0.0796875 0.08125
14 0.8328125 0.03671875 0.05625 0.071875
14 0.9328125 0.0421875 0.0953125 0.078125
102 0.93515625 0.2265625 0.084375 0.0484375
95 0.7828125 0.215625 0.103125 0.115625
116 0.675 0.221875 0.084375 0.10625
8 0.56875 0.2375 0.06875 0.05625
75 0.44609375 0.20234375 0.10625 0.0921875
99 0.284375 0.20546875 0.096875 0.103125
120 0.1421875 0.2171875 0.0921875 0.059375
63 0.02109375 0.228125 0.040625 0.046875
13 0.0125 0.39765625 0.025 0.0453125
13 0.13828125 0.396875 0.10625 0.05625
73 0.2828125 0.375 0.103125 0.0953125
114 0.578125 0.40078125 0.084375 0.05
114 0.74453125 0.3953125 0.0921875 0.05625
100 0.890625 0.3734375 0.0609375 0.090625
151 0.8734375 0.53203125 0.084375 0.071875
130 0.67421875 0.53125 0.1 0.0921875
11 0.57890625 0.5328125 0.0953125 0.08125
118 0.28984375 0.53671875 0.09375 0.078125
16 0.1359375 0.54609375 0.11875 0.0375
96 0.43984375 0.5359375 0.090625 0.09375
16 0.01875 0.54921875 0.0375 0.0421875
32 0.015625 0.73359375 0.03125 0.053125
32 0.1390625 0.73203125 0.121875 0.04375
97 0.28828125 0.70625 0.1265625 0.1109375
21 0.5640625 0.715625 0.090625 0.053125
21 0.6953125 0.7078125 0.1078125 0.05625
153 0.88515625 0.7015625 0.134375 0.084375
1 0.86171875 0.8875 0.0875 0.053125
4 0.6984375 0.88515625 0.103125 0.06875
108 0.34609375 0.8671875 0.15 0.05625
109 0.1 0.88984375 0.11875 0.1
61 0.49765625 0.9859375 0.10625 0.028125
136 0.7625 0.9875 0.0875 0.025
106 0.87734375 0.984375 0.0609375 0.03125