60 0.084375 0.94609375 0.0671875 0.0484375
25 0.24140625 0.959375 0.0875 0.0578125
119 0.4015625 0.96484375 0.071875 0.0609375
98 0.5609375 0.9640625 0.078125 0.071875
74 0.72890625 0.9640625 0.0734375 0.071875
14 0.86015625 0.96875 0.0515625 0.0625
14 0.95234375 0.9640625 0.0859375 0.071875
102 0.95546875 0.7953125 0.078125 0.0453125
95 0.81484375 0.80546875 0.09375 0.10625
116 0.715625 0.79921875 0.078125 0.096875
8 0.61640625 0.784375 0.0640625 0.053125
75 0.503125 0.8171875 0.096875 0.084375
99 0.35390625 0.8140625 0.090625 0.096875
120 0.221875 0.80390625 0.084375 0.0546875
63 0.08203125 0.79375 0.09375 0.04375
13 0.08203125 0.63671875 0.0625 0.0421875
13 0.21796875 0.6375 0.0984375 0.053125
73 0.35234375 0.6578125 0.09375 0.090625
114 0.62578125 0.63359375 0.078125 0.046875
114 0.7796875 0.6390625 0.084375 0.053125
100 0.91484375 0.659375 0.05625 0.084375
151 0.8984375 0.51171875 0.078125 0.0671875
130 0.71484375 0.5125 0.09375 0.084375
11 0.6265625 0.5109375 0.090625 0.075
118 0.35859375 0.5078125 0.0875 0.071875
16 0.21640625 0.49921875 0.109375 0.034375
96 0.49765625 0.50859375 0.084375 0.0875
16 0.0859375 0.49453125 0.078125 0.0375
32 0.08671875 0.325 0.065625 0.05
32 0.21875 0.32734375 0.1125 0.040625
97 0.35703125 0.35078125 0.1171875 0.103125
21 0.6125 0.3421875 0.084375 0.0484375
21 0.73359375 0.35 0.1 0.0546875
153 0.91015625 0.35546875 0.121875 0.078125
1 0.88828125 0.18359375 0.08125 0.0484375
4 0.7375 0.18515625 0.096875 0.0640625
108 0.4109375 0.2015625 0.1375 0.0515625
109 0.1828125 0.18125 0.109375 0.09375
109 0.05625 0.17109375 0.090625 0.078125
79 0.08828125 0.03671875 0.0625 0.071875
111 0.2734375 0.03671875 0.1046875 0.0515625
61 0.55078125 0.07265625 0.0984375 0.0609375
136 0.796875 0.06875 0.078125 0.0640625
106 0.90390625 0.0765625 0.05625 0.0609375