45 0.26015625 0.378125 0.075 0.025
45 0.259375 0.421875 0.06875 0.0296875
45 0.2546875 0.5078125 0.06875 0.0328125
45 0.26015625 0.55703125 0.090625 0.025
45 0.871875 0.6453125 0.075 0.03125
63 0.9734375 0.20546875 0.053125 0.0515625
45 0.93203125 0.2984375 0.075 0.0484375
63 0.22734375 0.725 0.0296875 0.0484375
60 0.228125 0.6015625 0.05 0.040625
60 0.2203125 0.84921875 0.053125 0.0375
60 0.8296875 0.0796875 0.0375 0.0375
60 0.82734375 0.33515625 0.04375 0.0375
60 0.8125 0.89375 0.053125 0.053125
119 0.81171875 0.79375 0.05625 0.0390625
119 0.83046875 0.209375 0.053125 0.040625
102 0.8046875 0.6828125 0.0625 0.05625