20 0.94296875 0.05390625 0.1140625 0.1015625
134 0.93515625 0.1703125 0.1 0.09375
134 0.93671875 0.28359375 0.090625 0.1171875
19 0.93671875 0.39140625 0.084375 0.1015625
20 0.94375 0.496875 0.1046875 0.109375
137 0.94296875 0.609375 0.1140625 0.0984375
20 0.77578125 0.94453125 0.11875 0.0859375
20 0.7859375 0.84140625 0.1 0.071875
20 0.6109375 0.27421875 0.1 0.0796875
20 0.6125 0.15859375 0.128125 0.1
20 0.6109375 0.053125 0.125 0.08125
44 0.2734375 0.834375 0.1375 0.1
44 0.2875 0.94765625 0.090625 0.09375
44 0.10859375 0.0546875 0.090625 0.078125
158 0.1109375 0.27734375 0.13125 0.103125
62 0.4421875 0.50546875 0.1203125 0.0984375