109 0.8703125 0.378125 0.146875 0.078125
14 0.778125 0.39296875 0.05625 0.040625
23 0.06640625 0.75390625 0.0875 0.078125
60 0.16953125 0.665625 0.05 0.046875
60 0.1734375 0.85546875 0.046875 0.05
60 0.28359375 0.575 0.0578125 0.028125
60 0.284375 0.44921875 0.0546875 0.03125
60 0.07890625 0.33125 0.034375 0.053125
60 0.0671875 0.1359375 0.040625 0.046875
120 0.084375 0.225 0.096875 0.0734375
120 0.6890625 0.725 0.121875 0.0765625
60 0.68125 0.6359375 0.0265625 0.05
60 0.684375 0.82890625 0.034375 0.0375
60 0.6265625 0.49296875 0.0625 0.0296875
60 0.61484375 0.36796875 0.0578125 0.0296875