60 0.9796875 0.0484375 0.040625 0.05625
1 0.98125 0.10859375 0.0375 0.0578125
4 0.98125 0.18125 0.0375 0.065625
66 0.98046875 0.25703125 0.0390625 0.0546875
66 0.98203125 0.32109375 0.0359375 0.0609375
135 0.9796875 0.46640625 0.0375 0.0625
8 0.9828125 0.7546875 0.03125 0.059375
64 0.97890625 0.8828125 0.040625 0.06875
109 0.98125 0.96328125 0.03125 0.071875
102 0.8265625 0.9609375 0.03125 0.06875
102 0.8296875 0.9078125 0.034375 0.05625
102 0.82890625 0.840625 0.0375 0.0625
102 0.8265625 0.78046875 0.0375 0.046875
14 0.82890625 0.7265625 0.040625 0.040625
60 0.82734375 0.66484375 0.0375 0.046875
63 0.82890625 0.60703125 0.040625 0.04375
60 0.828125 0.48125 0.046875 0.040625
21 0.82578125 0.1125 0.04375 0.046875
102 0.66640625 0.22578125 0.04375 0.0625
102 0.6671875 0.346875 0.040625 0.05
13 0.6671875 0.4109375 0.04375 0.04375
13 0.6703125 0.46875 0.040625 0.05625
122 0.66875 0.58046875 0.0375 0.065625
0 0.496875 0.45703125 0.040625 0.05625
2 0.4953125 0.528125 0.040625 0.059375
1 0.49453125 0.59609375 0.0375 0.053125
2 0.49453125 0.66328125 0.040625 0.053125
102 0.4953125 0.8609375 0.04375 0.059375