60 0.1453125 0.928125 0.0875 0.109375
13 0.1484375 0.77421875 0.109375 0.1265625
16 0.14140625 0.6234375 0.103125 0.1296875
114 0.1453125 0.4546875 0.09375 0.1375
102 0.1375 0.0328125 0.103125 0.065625
63 0.30859375 0.0390625 0.1234375 0.078125
114 0.30390625 0.47734375 0.0890625 0.153125
0 0.29921875 0.78515625 0.128125 0.16875
1 0.29609375 0.928125 0.109375 0.103125
4 0.46875 0.9359375 0.128125 0.109375
3 0.4765625 0.76015625 0.128125 0.1390625
102 0.4796875 0.03203125 0.071875 0.0625
21 0.6625 0.93125 0.0890625 0.096875
8 0.65 0.77890625 0.1015625 0.065625
109 0.64921875 0.634375 0.13125 0.11875
66 0.890625 0.9375 0.096875 0.125