114 0.05859375 0.48515625 0.0265625 0.0671875
106 0.1203125 0.54375 0.0296875 0.0625
119 0.165625 0.5484375 0.0296875 0.0359375
119 0.284375 0.690625 0.03125 0.0375
119 0.29375 0.865625 0.03125 0.0328125
63 0.39921875 0.8828125 0.040625 0.034375
20 0.34296875 0.8765625 0.04375 0.0625
13 0.50859375 0.58046875 0.0390625 0.0375
13 0.509375 0.534375 0.0390625 0.05
13 0.50703125 0.48203125 0.034375 0.0515625
119 0.53125 0.42421875 0.0375 0.034375
20 0.425 0.12578125 0.0375 0.053125
16 0.465625 0.190625 0.0234375 0.06875
16 0.5203125 0.1890625 0.025 0.078125
119 0.64453125 0.24296875 0.0421875 0.053125
119 0.78671875 0.39375 0.05 0.0671875
20 0.66796875 0.40390625 0.0484375 0.0453125
119 0.6046875 0.715625 0.0390625 0.0375
20 0.69375 0.95 0.0296875 0.046875