60 0.24609375 0.97265625 0.053125 0.0484375
63 0.07265625 0.3453125 0.040625 0.059375
67 0.06171875 0.203125 0.0703125 0.0625
66 0.240625 0.8890625 0.0546875 0.046875
119 0.23359375 0.803125 0.071875 0.0546875
98 0.2296875 0.7171875 0.078125 0.046875
74 0.2296875 0.628125 0.078125 0.053125
141 0.23203125 0.5328125 0.0765625 0.0625
12 0.23828125 0.44140625 0.071875 0.04375
130 0.234375 0.334375 0.078125 0.065625
11 0.234375 0.2390625 0.078125 0.0765625
63 0.40390625 0.97421875 0.046875 0.05
67 0.4 0.88828125 0.0609375 0.0546875
120 0.39765625 0.79609375 0.0703125 0.046875
99 0.3890625 0.7109375 0.0796875 0.04375
75 0.390625 0.62265625 0.08125 0.053125
14 0.40546875 0.54453125 0.08125 0.03125
14 0.403125 0.4953125 0.08125 0.0546875
78 0.40546875 0.425 0.0796875 0.065625
151 0.390625 0.3328125 0.0796875 0.084375
79 0.3890625 0.2453125 0.0984375 0.053125
148 0.38671875 0.19609375 0.1 0.05
112 0.53984375 0.51953125 0.09375 0.053125
51 0.54140625 0.43203125 0.0703125 0.0625
142 0.55859375 0.36015625 0.0625 0.0703125
102 0.56171875 0.2859375 0.0546875 0.046875
111 0.5625 0.2046875 0.05 0.059375
40 0.278125 0.09140625 0.0703125 0.0703125
43 0.37421875 0.09609375 0.065625 0.053125
45 0.54453125 0.090625 0.0375 0.059375
157 0.64296875 0.0953125 0.05 0.059375
166 0.74609375 0.08828125 0.046875 0.04375
150 0.846875 0.09140625 0.05 0.0640625
153 0.72421875 0.23828125 0.053125 0.0484375
21 0.728125 0.32265625 0.040625 0.0546875
136 0.88359375 0.321875 0.059375 0.0640625
61 0.8828125 0.26484375 0.059375 0.0375
106 0.875 0.2046875 0.065625 0.046875
133 0.88203125 0.440625 0.05625 0.0796875
132 0.8796875 0.5609375 0.05 0.059375
118 0.72421875 0.4171875 0.0734375 0.05
16 0.73984375 0.5046875 0.04375 0.053125
16 0.7375 0.58828125 0.04375 0.05
6 0.55390625 0.62578125 0.05625 0.0546875
95 0.5546875 0.7125 0.109375 0.078125
116 0.56328125 0.7984375 0.090625 0.05625
64 0.56796875 0.88046875 0.071875 0.04375
8 0.57109375 0.96796875 0.05625 0.053125
13 0.73515625 0.9640625 0.04375 0.0453125
73 0.71328125 0.8734375 0.084375 0.0484375
114 0.73515625 0.76796875 0.04375 0.046875
100 0.71640625 0.6734375 0.090625 0.040625
32 0.890625 0.96953125 0.05 0.0609375
32 0.896875 0.9046875 0.04375 0.0546875
97 0.875 0.81640625 0.096875 0.0390625
109 0.88671875 0.75234375 0.0734375 0.046875
108 0.8890625 0.67109375 0.0703125 0.053125