60 0.97890625 0.01953125 0.0390625 0.0390625
1 0.91953125 0.0203125 0.065625 0.040625
4 0.8390625 0.0203125 0.065625 0.040625
66 0.7578125 0.01953125 0.0625 0.0390625
135 0.5359375 0.01953125 0.06875 0.0390625
135 0.45703125 0.0203125 0.06875 0.040625
8 0.2375 0.01484375 0.05 0.0296875
7 0.16171875 0.0171875 0.0640625 0.034375
66 0.09140625 0.02109375 0.059375 0.040625
102 0.1375 0.18203125 0.065625 0.040625
102 0.07421875 0.17890625 0.05 0.04375
102 0.20625 0.18203125 0.0578125 0.0375
14 0.2734375 0.1796875 0.05625 0.040625
60 0.3328125 0.1796875 0.0375 0.0375
63 0.3953125 0.18125 0.04375 0.040625
60 0.59296875 0.1796875 0.04375 0.0375
45 0.65703125 0.18046875 0.05 0.05
21 0.91796875 0.18046875 0.053125 0.040625
32 0.97734375 0.3453125 0.04375 0.046875
102 0.79765625 0.34609375 0.05 0.04375
102 0.671875 0.35 0.0546875 0.046875
13 0.59921875 0.34609375 0.046875 0.040625
13 0.53515625 0.3515625 0.046875 0.040625
122 0.42265625 0.346875 0.0625 0.040625
102 0.1234375 0.5296875 0.05625 0.04375
1 0.409375 0.5296875 0.05 0.04375
2 0.47578125 0.53359375 0.05625 0.04375
0 0.54375 0.53359375 0.0546875 0.04375
13 0.98125 0.53203125 0.0296875 0.04375