66 0.09453125 0.13125 0.015625 0.025
109 0.11328125 0.15546875 0.0109375 0.03125
60 0.16796875 0.14453125 0.015625 0.01875
60 0.24296875 0.14609375 0.0109375 0.0125
13 0.3015625 0.1515625 0.01875 0.021875
13 0.32734375 0.19921875 0.009375 0.021875
13 0.35 0.19453125 0.015625 0.015625
102 0.06640625 0.3765625 0.009375 0.028125
3 0.1 0.32890625 0.0125 0.025
3 0.12109375 0.3296875 0.009375 0.01875
13 0.15625 0.3453125 0.0109375 0.025
13 0.1578125 0.39375 0.009375 0.021875
122 0.13671875 0.56484375 0.0125 0.0375
122 0.1359375 0.603125 0.0109375 0.03125
13 0.09921875 0.70078125 0.015625 0.01875
13 0.0984375 0.80234375 0.0125 0.0125
122 0.2109375 0.81484375 0.0125 0.034375
122 0.209375 0.7765625 0.015625 0.03125
122 0.21015625 0.7 0.0125 0.034375
122 0.2109375 0.66640625 0.0125 0.028125
13 0.26328125 0.60234375 0.015625 0.01875
130 0.303125 0.59296875 0.015625 0.034375
109 0.321875 0.8078125 0.0109375 0.03125
109 0.32109375 0.71171875 0.009375 0.028125
119 0.3421875 0.7796875 0.0109375 0.028125
119 0.34140625 0.68515625 0.0125 0.021875
122 0.4328125 0.66875 0.009375 0.028125
21 0.3703125 0.61015625 0.01875 0.01875
21 0.21171875 0.471875 0.0109375 0.015625
119 0.25234375 0.46875 0.0125 0.021875
66 0.2515625 0.42109375 0.0125 0.021875
21 0.29375 0.4875 0.015625 0.021875
21 0.3328125 0.509375 0.01875 0.021875
60 0.38671875 0.45546875 0.009375 0.028125
122 0.29296875 0.41640625 0.015625 0.034375
21 0.2125 0.34765625 0.015625 0.015625
119 0.25 0.34140625 0.015625 0.025
66 0.28515625 0.290625 0.015625 0.021875
60 0.32421875 0.3703125 0.015625 0.0125
13 0.3171875 0.4234375 0.0125 0.0125
13 0.37421875 0.390625 0.021875 0.0125
20 0.3671875 0.50859375 0.025 0.0453125
20 0.2703125 0.36015625 0.021875 0.0421875
20 0.271875 0.490625 0.021875 0.0515625
20 0.340625 0.61171875 0.025 0.0484375
20 0.4375 0.353125 0.01875 0.0421875
20 0.43671875 0.29609375 0.021875 0.0453125
60 0.4375 0.1984375 0.015625 0.01875
21 0.53359375 0.14921875 0.0125 0.028125
21 0.4625 0.35546875 0.021875 0.01875
60 0.5546875 0.371875 0.015625 0.01875
60 0.52578125 0.51171875 0.015625 0.01875