60 0.59765625 0.20078125 0.0375 0.025
66 0.59765625 0.25546875 0.0546875 0.034375
63 0.60078125 0.315625 0.04375 0.03125
119 0.59921875 0.36875 0.05 0.040625
11 0.60078125 0.425 0.05 0.0328125
102 0.64375 0.4859375 0.046875 0.03125
102 0.5421875 0.4875 0.040625 0.0328125
16 0.6015625 0.54453125 0.05 0.0328125
13 0.5984375 0.603125 0.04375 0.0296875
13 0.59765625 0.65859375 0.0375 0.03125
25 0.6015625 0.715625 0.046875 0.03125
45 0.59765625 0.79296875 0.0453125 0.046875
14 0.59921875 0.8796875 0.0375 0.0625
136 0.13046875 0.8796875 0.078125 0.059375
106 0.12578125 0.815625 0.05625 0.04375
61 0.12890625 0.75234375 0.04375 0.059375
4 0.12890625 0.69609375 0.0296875 0.04375
1 0.1859375 0.6390625 0.0375 0.04375
1 0.08046875 0.63984375 0.0421875 0.0359375
51 0.12890625 0.5796875 0.046875 0.05
98 0.12890625 0.515625 0.04375 0.0578125
74 0.12578125 0.4515625 0.0421875 0.0453125
152 0.13046875 0.38203125 0.040625 0.0578125
122 0.12734375 0.3171875 0.0515625 0.0484375
7 0.17265625 0.26015625 0.04375 0.0484375
7 0.0828125 0.25546875 0.0390625 0.0328125
21 0.178125 0.2 0.05 0.03125
21 0.0734375 0.19765625 0.05 0.0375