66 0.06640625 0.12265625 0.065625 0.0765625
60 0.20859375 0.1328125 0.0734375 0.059375
67 0.3484375 0.125 0.078125 0.0734375
63 0.4875 0.12890625 0.0734375 0.0546875
102 0.6390625 0.12890625 0.0828125 0.0671875
119 0.78046875 0.12265625 0.0734375 0.0796875
11 0.92265625 0.12109375 0.06875 0.0859375
25 0.06328125 0.36640625 0.0671875 0.06875
21 0.20859375 0.36484375 0.0734375 0.0703125
21 0.34609375 0.36015625 0.0796875 0.0609375
16 0.5015625 0.3625 0.0796875 0.084375
45 0.63515625 0.37421875 0.075 0.0765625
50 0.775 0.37265625 0.08125 0.06875
64 0.91875 0.36640625 0.0703125 0.0859375
135 0.06328125 0.6046875 0.059375 0.090625
8 0.2015625 0.60546875 0.0609375 0.0796875
13 0.35546875 0.6 0.0796875 0.065625
13 0.4890625 0.60078125 0.0609375 0.0578125
152 0.6328125 0.60390625 0.06875 0.1046875
74 0.7734375 0.60078125 0.0703125 0.1078125
98 0.91875 0.5984375 0.0609375 0.0984375
122 0.06015625 0.84453125 0.0734375 0.096875
51 0.20390625 0.8359375 0.071875 0.1125
102 0.34609375 0.84765625 0.0625 0.0640625
1 0.50078125 0.846875 0.0828125 0.0765625
4 0.6328125 0.83828125 0.078125 0.084375
61 0.7796875 0.83984375 0.06875 0.1296875
14 0.92421875 0.8421875 0.0703125 0.1390625