63 0.1546875 0.959375 0.0578125 0.04375
60 0.19375 0.9140625 0.046875 0.0375
60 0.15234375 0.85234375 0.05 0.0390625
102 0.19765625 0.80859375 0.05 0.040625
102 0.1546875 0.64921875 0.05 0.046875
102 0.20078125 0.60546875 0.05 0.071875
102 0.3453125 0.60078125 0.078125 0.05625
16 0.196875 0.4875 0.05625 0.0375
16 0.3453125 0.4984375 0.071875 0.05
109 0.13828125 0.14609375 0.0609375 0.1046875
1 0.75703125 0.94765625 0.0375 0.059375
4 0.753125 0.85234375 0.053125 0.071875
21 0.75703125 0.6546875 0.0640625 0.0609375
21 0.8 0.59140625 0.075 0.059375
21 0.9515625 0.59609375 0.090625 0.075
153 0.76171875 0.48984375 0.071875 0.096875
8 0.71875 0.32578125 0.0875 0.08125
130 0.75390625 0.04921875 0.1265625 0.096875