60 0.93828125 0.78671875 0.040625 0.0390625
66 0.85390625 0.79765625 0.059375 0.0578125
119 0.76328125 0.8 0.053125 0.065625
98 0.675 0.803125 0.053125 0.084375
74 0.5828125 0.80546875 0.046875 0.078125
141 0.4859375 0.80703125 0.0484375 0.08125
12 0.39140625 0.8046875 0.0453125 0.071875
130 0.27890625 0.80390625 0.0625 0.0796875
11 0.1734375 0.80546875 0.071875 0.0796875
40 0.03515625 0.7609375 0.0703125 0.06875
43 0.0265625 0.65625 0.053125 0.075
148 0.12578125 0.6375 0.0484375 0.1
79 0.18671875 0.63828125 0.059375 0.0875
152 0.26484375 0.6390625 0.0796875 0.071875
78 0.37421875 0.628125 0.059375 0.090625
14 0.446875 0.6203125 0.0625 0.06875
14 0.49296875 0.61953125 0.034375 0.0765625
112 0.4671875 0.4828125 0.06875 0.0875
51 0.3734375 0.48203125 0.075 0.090625
142 0.296875 0.46875 0.071875 0.0765625
102 0.2234375 0.46171875 0.05 0.0625
111 0.140625 0.46015625 0.0625 0.053125
63 0.93671875 0.625 0.053125 0.0484375
67 0.85234375 0.63046875 0.071875 0.059375
120 0.7578125 0.64140625 0.071875 0.09375
99 0.6625 0.64140625 0.0640625 0.090625
75 0.57578125 0.640625 0.0609375 0.0953125
6 0.57578125 0.46171875 0.075 0.0796875
95 0.66640625 0.46796875 0.0609375 0.1
116 0.75234375 0.46171875 0.05625 0.090625
64 0.8421875 0.4578125 0.059375 0.0765625
8 0.93828125 0.45234375 0.05625 0.059375
13 0.93203125 0.28203125 0.065625 0.05625
73 0.8390625 0.303125 0.0484375 0.0921875
114 0.72109375 0.2859375 0.053125 0.05625
100 0.628125 0.29765625 0.0484375 0.084375
16 0.5359375 0.278125 0.0484375 0.040625
16 0.446875 0.28125 0.05625 0.05625
118 0.36015625 0.2953125 0.034375 0.0765625
21 0.26328125 0.2890625 0.05 0.059375
153 0.1703125 0.29375 0.05625 0.046875
106 0.140625 0.134375 0.040625 0.071875
61 0.203125 0.1265625 0.046875 0.071875
136 0.26640625 0.121875 0.0609375 0.059375
133 0.3890625 0.1328125 0.071875 0.0640625
132 0.50546875 0.1296875 0.059375 0.06875
108 0.6265625 0.11953125 0.0484375 0.071875
109 0.7140625 0.1234375 0.03125 0.06875
97 0.775 0.1296875 0.03125 0.0875
32 0.8671875 0.10859375 0.0609375 0.0484375
32 0.94375 0.11484375 0.0625 0.0375